1502361385 856715
1502361385 914720
1502361386 87118
1502361386 307696
1502361386 528200
1502361387 56462
1502361387 113771
1502361387 171833
1502361387 430293
1502361387 488583
1502361387 766324
1502361388 25637
1502361388 419430
1502361389 350578
1502361390 128318
1502361390 300771
1502361390 377952
1502361391 174728
1502361391 231666
1502361391 242067
1502361391 376226
1502361391 625734
1502361391 721948
1502361391 779116
1502361391 836292
1502361391 893474
1502361391 951488
1502361392 469704
1502361392 623020
1502361392 805458
1502361392 900774
1502361393 515139
1502361393 687584
1502361393 821893
1502361393 956127
1502361394 916406
1502361395 539706
1502361395 606921
1502361395 664104
1502361395 721453
1502361396 124349
1502361396 181390
1502361396 537090
1502361396 680758
1502361397 112517
1502361397 468231
1502361397 583460
1502361397 640638
1502361398 428308
1502361398 514553
1502361398 659089
1502361398 764166
1502361399 234289
1502361399 561167
1502361399 666260
1502361400 222548
1502361401 268883
1502361401 470325
1502361401 826048
1502361401 959740
