1502361385 856949
1502361385 914948
1502361386 87265
1502361386 307870
1502361386 528424
1502361387 56621
1502361387 113977
1502361387 171984
1502361387 430446
1502361387 488747
1502361387 766506
1502361388 25769
1502361388 419597
1502361389 350718
1502361390 128544
1502361390 300992
1502361390 378127
1502361391 174934
1502361391 242170
1502361391 376333
1502361391 625892
1502361391 722094
1502361391 779265
1502361391 836440
1502361391 893657
1502361391 951657
1502361392 469920
1502361392 623174
1502361392 805613
1502361392 901000
1502361393 515333
1502361393 687799
1502361393 822059
1502361393 956326
1502361394 916583
1502361395 539876
1502361395 607124
1502361395 664332
1502361395 721616
1502361396 124510
1502361396 181584
1502361396 537313
1502361396 680907
1502361397 112657
1502361397 468407
1502361397 583589
1502361397 640773
1502361398 428549
1502361398 514700
1502361398 659343
1502361398 764357
1502361399 234487
1502361399 561348
1502361399 666391
1502361400 222748
1502361401 268996
1502361401 470515
1502361401 826164
1502361401 959993
