1502193891 480709
1502193891 614932
1502193891 749265
1502193891 903572
1502193892 8736
1502193892 133081
1502193892 459780
1502193892 642198
1502193892 827350
1502193893 153112
1502193893 335535
1502193893 469797
1502193893 633158
1502193893 872795
1502193894 16161
1502193894 265768
1502193894 371876
1502193894 496265
1502193894 736900
1502193894 986232
1502193895 139592
1502193895 379276
1502193895 504443
1502193895 628810
1502193895 850267
1502193896 13541
1502193896 215092
1502193896 397384
1502193896 521835
1502193896 742354
1502193896 972796
1502193897 146103
1502193897 318525
1502193897 462786
1502193897 549022
1502193897 798678
1502193898 124525
1502193898 268780
1502193898 422150
1502193898 614506
1502193898 758784
1502193899 8417
1502193899 122706
1502193899 372242
1502193899 516543
1502193899 669923
1502193899 967515
1502193900 111847
1502193900 236117
1502193900 341408
1502193900 601054
1502193900 764423
1502193900 859595
1502193901 33009
1502193901 272562
1502193901 532053
1502193901 628251
1502193901 810674
1502193902 50231
1502193902 299907
1502193902 405109
1502193902 731744
1502193902 942298
1502193903 66678
1502193903 326233
1502193903 441441
1502193903 575778
1502193903 796256
1502193903 988647
1502193904 112979
1502193904 238207
1502193904 372546
1502193904 535902
1502193904 641144
1502193904 813621
1502193904 918850
1502193905 120280
1502193905 379862
1502193905 533226
1502193905 801965
1502193905 927080
1502193906 185800
1502193906 377188
1502193906 483381
1502193906 722940
1502193906 819130
1502193906 982466
1502193907 116804
1502193907 318271
1502193907 404483
1502193907 490692
1502193907 624993
1502193907 740244
1502193907 970717
1502193908 95975
1502193908 259351
1502193908 383685
