1502721660 433764
1502721660 491333
1502721660 548476
1502721660 605574
1502721660 662787
1502721660 720834
1502721660 777899
1502721660 836081
1502721660 893135
1502721660 951454
1502721661 8594
1502721661 66812
1502721661 124063
1502721661 181101
1502721661 239089
1502721661 296291
1502721661 353480
1502721661 411478
1502721661 468807
1502721661 527041
1502721661 583814
1502721661 641936
1502721661 699173
1502721661 757215
1502721661 814647
1502721661 872572
1502721661 929630
1502721661 987662
1502721662 44843
1502721662 103056
1502721662 160318
1502721662 217212
1502721662 275386
1502721662 332586
1502721662 390715
1502721662 448037
1502721662 505846
1502721662 563165
1502721662 620214
1502721662 678281
1502721662 735309
1502721662 793558
1502721662 850694
1502721662 908872
1502721662 966202
1502721663 24188
1502721663 81343
1502721663 139481
1502721663 196418
1502721663 254869
1502721663 311736
1502721663 369039
1502721663 426235
1502721663 483485
1502721663 541471
1502721663 598665
1502721663 656607
1502721663 713838
1502721663 772040
1502721663 829167
1502721663 887944
1502721663 945390
1502721664 1513
1502721664 59786
1502721664 116832
1502721664 174817
1502721664 231971
1502721664 290018
1502721664 347085
1502721664 405240
1502721664 462622
1502721664 519674
1502721664 577897
1502721664 635043
1502721664 692992
1502721664 750104
1502721664 816575
1502721664 883612
1502721664 950929
1502721665 18012
1502721665 85169
1502721665 152168
1502721665 219381
1502721665 286460
1502721665 353623
1502721665 420713
1502721665 487897
1502721665 554960
1502721665 622345
1502721665 689707
1502721665 756588
1502721665 823553
1502721665 891169
1502721665 958115
1502721666 25213
1502721666 92391
1502721666 159471
1502721666 226724
1502721666 293667
1502721666 360846
1502721666 428085
1502721666 496302
1502721666 562599
1502721666 629677
1502721666 696925
1502721666 763863
1502721666 831080
1502721666 898199
1502721666 965325
1502721667 32433
1502721667 99523
1502721667 166824
1502721667 234070
1502721667 301093
1502721667 369230
1502721667 436510
1502721667 503498
1502721667 570655
1502721667 637993
1502721667 705131
1502721667 771981
1502721667 839199
1502721667 906261
1502721667 973407
1502721668 41125
1502721668 107791
1502721668 175076
1502721668 242305
1502721668 309331
1502721668 376681
1502721668 443734
1502721668 510953
1502721668 578108
1502721668 645332
1502721668 712492
1502721668 778600
1502721668 845781
1502721668 913122
1502721668 980020
1502721669 48233
1502721669 115235
1502721669 181556
1502721669 248689
1502721669 315882
1502721669 383357
1502721669 450139
1502721669 517179
1502721669 584480
1502721669 651574
1502721669 718678
1502721669 785895
1502721669 853215
1502721669 920338
1502721669 987257
1502721670 54331
1502721670 121544
1502721670 188625
1502721670 254939
1502721670 322149
1502721670 389413
1502721670 456703
1502721670 523772
1502721670 590915
1502721670 658039
1502721670 725027
1502721670 792567
1502721670 859640
1502721670 926795
1502721670 993808
1502721671 61097
1502721671 128167
1502721671 194553
1502721671 261517
1502721671 329729
1502721671 396728
1502721671 462940
1502721671 530182
1502721671 597297
1502721671 663632
1502721671 721773
1502721671 788766
1502721671 845829
1502721671 904144
1502721671 961145
1502721672 19366
1502721672 76390
1502721672 134697
1502721672 201649
1502721672 259054
1502721672 316859
1502721672 374289
1502721672 432289
1502721672 488489
1502721672 546391
1502721672 603721
1502721672 661812
1502721672 718936
1502721672 776835
1502721672 834169
1502721672 892071
1502721672 949634
1502721673 7557
1502721673 64723
1502721673 122954
1502721673 179811
1502721673 238250
1502721673 295217
1502721673 353211
1502721673 409555
1502721673 467560
1502721673 524686
1502721673 582784
1502721673 640038
1502721673 698177
1502721673 755282
1502721673 812372
1502721673 869654
1502721673 926786
1502721673 984859
1502721674 42038
1502721674 99492
1502721674 156352
1502721674 214415
1502721674 271739
1502721674 330062
1502721674 387234
1502721674 444114
1502721674 502120
1502721674 559245
1502721674 617559
1502721674 674648
1502721674 732609
1502721674 790077
1502721674 846995
1502721674 905103
1502721674 962329
1502721675 20263
1502721675 77460
1502721675 134718
1502721675 192799
1502721675 249944
1502721675 307955
1502721675 364445
1502721675 422513
1502721675 479487
1502721675 537736
1502721675 594918
1502721675 652938
1502721675 709997
1502721675 767270
1502721675 825492
1502721675 882527
1502721675 940650
1502721675 997648
1502721676 55890
1502721676 123007
1502721676 180127
1502721676 237267
1502721676 304333
1502721676 371653
1502721676 438803
1502721676 505921
1502721676 573042
1502721676 630381
1502721676 697422
1502721676 765382
1502721676 831613
1502721676 898913
1502721850 112100
1502721850 169054
1502721850 226222
1502721850 284903
1502721850 341252
1502721850 399405
1502721850 456498
1502721850 514608
1502721850 571747
1502721850 629792
1502721850 686890
1502721850 745041
1502721850 801322
1502721850 859239
1502721850 916638
1502721850 974465
1502721851 30883
1502721851 87978
1502721851 146275
1502721851 203309
1502721851 260444
1502721851 318655
1502721851 375788
1502721851 433892
1502721851 491006
1502721851 549110
1502721851 606299
1502721851 664192
1502721851 721539
1502721851 778754
1502721851 836743
1502721851 894053
1502721851 951900
1502721852 9353
1502721852 67419
1502721852 133487
1502721852 191794
1502721852 248778
1502721852 315957
1502721852 373975
1502721852 431031
1502721852 498493
1502721852 565549
1502721852 632690
1502721852 699947
1502721852 766969
1502721852 834094
1502721852 901291
1502721852 972032
1502721853 29196
1502721853 87234
1502721853 144567
1502721853 202532
1502721853 259898
1502721853 317983
1502721853 374990
1502721853 433034
1502721853 490216
1502721853 548224
1502721853 605581
1502721853 663534
1502721853 719794
1502721853 777909
1502721853 835054
1502721853 892186
1502721853 949408
1502721854 7481
1502721854 64688
1502721854 123785
1502721854 179798
1502721854 237084
1502721854 295176
1502721854 352320
1502721854 410528
1502721854 467619
1502721854 535026
1502721854 602155
1502721854 659155
1502721854 726232
1502721854 793296
1502721854 856468
1502721854 908614
1502722225 65013
1502722225 125201
1502722225 188760
1502722225 245896
1502722225 302921
1502722225 360968
1502722225 418240
1502722225 476211
1502722225 533443
1502722225 590564
1502722225 648645
1502722225 705825
1502722225 763918
1502722225 821064
1502722225 879126
1502722225 936721
1502722225 994535
1502722226 50863
1502722226 108027
1502722226 165904
1502722226 223681
1502722226 280277
1502722226 338345
1502722226 394684
1502722226 452670
1502722226 509826
1502722226 568091
1502722226 625186
1502722226 683365
1502722226 740395
1502722226 798485
1502722226 855620
1502722226 913645
1502722226 971077
1502722227 28972
1502722227 85435
1502722227 153338
1502722227 219691
1502722227 286925
1502722227 353199
1502722227 420227
1502722227 488455
1502722227 554484
1502722227 621922
1502722227 688884
1502722227 756087
1502722227 824371
1502722227 890430
1502722227 956562
1502722228 23774
1502722228 90789
1502722228 159129
1502722228 226158
1502722228 292449
1502722228 359763
1502722228 426724
1502722228 493943
1502722228 560939
1502722228 628314
1502722228 695242
1502722228 762667
1502722287 606374
1502722287 663070
1502722287 721197
1502722287 778266
1502722287 847105
1502722287 912530
1502722287 978852
1502722288 46017
1502722288 113201
1502722288 180360
1502722288 247633
1502722288 314824
1502722288 381886
1502722288 448873
1502722288 516132
1502722288 582282
1502722288 649485
1502722288 717777
1502722288 784932
1502722288 851188
1502722288 918422
1502722288 985436
1502722289 52483
1502722289 119540
1502722289 186686
1502722289 253948
1502722289 321096
1502722289 388191
1502722289 445431
1502722289 503342
1502722289 560572
1502722289 618817
1502722289 685839
1502722289 753213
1502722289 820315
1502722289 887419
1502722289 954495
1502722290 21707
1502722290 77917
1502722290 135930
1502722290 193179
1502722290 251175
1502722290 308415
1502722290 366551
1502722290 423545
1502722290 480718
1502722290 538865
1502722290 596043
1502722290 654082
1502722290 711398
1502722290 769481
1502722290 826832
1502722290 884755
1502722290 941007
1502722290 999116
1502722291 56360
1502722291 114161
1502722291 171522
1502722291 229541
1502722291 286710
1502722291 344687
1502722291 401982
1502722291 460042
1502722291 517102
1502722291 575309
1502722291 632460
1502722291 689630
1502722291 747819
1502722291 804932
1502722291 862173
1502722291 920192
1502722291 976333
1502722292 34440
1502722292 91574
1502722292 148934
1502722292 205928
1502722292 264088
1502722292 321208
1502722292 379444
1502722292 436583
1502722292 494678
1502722292 552058
1502722292 608921
1502722292 666994
1502722292 724266
1502722292 782308
1502722292 838580
1502722292 896627
1502722292 953824
1502722293 10905
1502722293 68951
1502722293 125190
1502722293 183479
1502722293 240471
1502722293 298560
1502722293 355926
1502722293 413750
1502722293 481229
1502722293 548121
1502722293 605267
1502722293 663416
1502722293 720591
1502722293 778715
1502722293 845814
1502722293 912952
1502722293 979272
1502722294 46507
1502722294 113434
1502722294 181795
1502722294 248038
1502722294 315029
1502722294 382078
1502722294 449287
1502722294 516657
1502722294 583800
1502722294 650689
1502722294 717857
1502722294 786005
1502722294 852266
1502722294 919441
1502722294 986543
1502722295 53622
1502722295 120837
1502722295 188168
1502722295 255265
1502722295 322456
1502722295 389577
1502722295 456816
1502722295 523919
1502722295 590872
1502722295 658132
1502722295 725444
1502722295 792390
1502722295 859531
1502722295 927763
1502722295 993917
1502722296 61041
1502722296 128433
1502722296 195278
1502722296 263468
1502722296 330454
1502722296 397896
1502722296 464794
1502722296 532039
1502722296 599181
1502722296 666254
1502722296 733398
1502722296 800759
1502722296 867793
1502722296 935025
1502722297 2274
1502722297 69274
1502722297 136408
1502722297 203756
1502722297 270767
1502722297 337940
1502722297 405096
1502722297 472276
1502722297 540405
1502722297 607479
1502722297 673893
1502722297 740802
1502722297 808006
1502722297 875233
1502722297 942405
1502722298 8502
1502722298 75725
1502722298 142878
1502722298 210065
1502722298 277278
1502722298 344341
1502722298 402593
1502722298 469605
1502722298 536951
1502722298 603782
1502722298 671161
1502722298 738294
1502722298 805273
1502722298 872527
1502722298 939720
1502722299 6722
1502722299 64831
1502722299 131384
1502722299 189223
1502722299 256327
1502722299 313396
1502722299 371680
1502722299 438747
1502722299 496069
1502722299 554130
1502722299 621219
1502722299 688297
1502722299 745551
1502722299 803673
1502722299 870790
1502722299 927870
1502722299 985934
1502722300 43000
1502722300 100347
1502722300 158320
1502722300 215641
1502722300 273575
1502722300 330752
1502722300 388824
1502722300 446021
1502722300 504167
1502722300 560382
1502722300 618626
1502722300 675687
1502722300 733645
1502722300 791032
1502722300 849123
1502722300 906083
1502722300 964564
1502722301 21368
1502722301 79490
1502722301 136646
1502722301 194822
1502722301 251911
1502722301 309948
1502722301 367091
1502722301 425320
1502722301 482393
1502722301 540455
1502722301 597748
1502722301 654956
1502722301 712909
1502722301 770023
1502722301 827189
1502722301 885315
1502722301 942550
1502722302 681
1502722302 57695
1502722302 115802
1502722302 173043
1502722302 231180
1502722302 288260
1502722302 346498
1502722302 403478
1502722302 461599
1502722302 517864
1502722302 575959
1502722302 633147
1502722302 690343
1502722302 748402
1502722302 804677
1502722302 862660
1502722302 920073
1502722302 977175
1502722303 35074
1502722303 91419
1502722303 149416
1502722303 206709
1502722303 263824
1502722303 322123
1502722303 379151
1502722303 437171
1502722303 494335
1502722303 550582
1502722303 608652
1502722303 665792
1502722303 723942
1502722303 781467
1502722330 51833
1502722330 109064
1502722330 167119
1502722330 224415
1502722330 281514
1502722330 339631
1502722330 396819
1502722330 454814
1502722330 703436
1502722330 760714
1502722331 10307
1502722331 250765
1502722331 490376
1502722331 730019
1502722331 787090
1502722331 844315
1502722332 94717
1502722332 151805
1502722332 209067
1502722332 267036
1502722332 324232
1502722332 381449
1502722332 439485
1502722332 927713
1502722333 167346
1502722333 407726
1502722333 475043
1502722333 542157
1502722333 609371
1502722333 849024
1502722334 90294
1502722334 155521
1502722334 222653
1502722334 289967
1502722334 357340
1502722334 424241
1502722334 664766
1502722334 731926
1502722334 799280
1502722334 866192
1502722335 105767
1502722335 173792
1502722335 240050
1502722335 307277
1502722335 374408
1502722335 441577
1502722335 508714
1502722335 576203
1502722335 816447
1502722335 883492
1502722335 949902
1502722336 190352
1502722336 919879
1502722336 987019
1502722337 226595
1502722337 293820
1502722337 773943
1502722337 841087
1502722337 908218
1502722338 455338
1502722338 522573
1502722338 589671
1502722338 830243
1502722339 69688
1502722339 136957
1502722339 857396
1502722339 924918
1502722340 164163
1502722340 231224
1502722340 289395
1502722340 538125
1502722340 778668
1502722341 18121
1502722341 258564
1502722341 325689
1502722341 565373
1502722341 805126
1502722341 872113
1502722342 111651
1502722342 178749
1502722342 246109
1502722342 313240
1502722342 553836
1502722342 621017
1502722342 687853
1502722342 744997
1502722342 812124
1502722342 880272
1502722342 946616
1502722343 13750
1502722343 80833
1502722343 148190
1502722343 215349
1502722343 282347
1502722343 349637
1502722343 416751
1502722343 483999
1502722343 551195
1502722343 618402
1502722343 685448
1502722343 752640
1502722343 819708
1502722343 886881
