1501164604 546284
1501164604 633657
1501164604 758743
1501164604 883308
1501164605 17802
1501164605 248141
1501164605 334651
1501164605 632140
1501164605 708886
1501164605 795420
1501164605 881643
1501164605 968431
1501164606 53896
1501164606 140132
1501164606 217134
1501164606 294197
1501164606 764705
1501164607 42684
1501164607 128966
1501164607 206403
1501164607 282708
1501164607 368746
1501164607 455785
1501164607 580357
1501164607 666544
1501164607 743562
1501164607 820884
1501164607 897146
1501164607 983448
1501164608 61334
1501164608 147246
1501164608 223900
1501164608 309969
1501164608 396371
1501164608 483225
1501164608 559462
1501164608 636564
1501164608 723000
1501164608 800141
1501164608 876271
1501164608 953360
1501164609 30476
1501164609 116832
1501164609 193534
1501164609 270538
1501164609 356177
1501164609 433322
1501164609 509545
1501164609 596862
1501164609 683030
1501164609 760116
1501164609 846403
1501164609 922801
1501164610 9640
1501164610 95921
1501164610 182511
1501164610 260054
1501164610 345397
1501164610 421649
1501164610 498864
1501164610 576107
1501164610 652064
1501164610 739441
1501164610 825582
1501164610 902106
1501164610 988994
1501164611 75254
1501164611 151765
1501164611 238617
1501164611 324577
1501164611 400839
1501164611 478112
1501164611 573820
1501164611 660556
1501164611 737622
1501164611 823939
1501164611 901040
1501164611 987269
1501164612 73355
1501164612 159619
1501164612 236651
1501164612 313256
1501164612 390043
1501164612 468078
1501164612 553390
1501164612 639883
1501164612 754917
1501164612 841106
1501164612 927557
1501164613 4391
1501164613 81426
1501164613 157807
1501164613 244919
1501164613 321140
1501164613 398268
1501164613 484413
1501164613 561664
1501164613 648199
1501164613 724123
1501164613 801268
1501164613 887454
1501164613 964497
1501164614 50658
1501164614 137009
1501164614 224272
1501164614 300944
1501164614 434830
1501164614 521385
1501164614 780494
1501164614 914895
1501164614 992074
1501164615 78336
1501164615 164407
1501164615 241485
1501164615 366298
1501164615 452952
1501164615 722639
1501164615 807920
1501164615 961677
1501164616 47898
1501164616 134414
1501164616 220722
1501164616 306786
1501164616 470121
1501164616 556897
1501164616 642789
1501164616 863363
1501164617 84730
1501164617 171562
1501164617 334289
1501164617 410475
1501164617 535790
1501164617 621870
1501164617 718238
1501164617 804229
1501164617 890591
1501164617 976694
1501164618 63745
1501164618 150114
1501164618 236191
1501164618 322327
1501164618 408761
1501164618 496215
1501164618 581937
1501164618 668830
1501164618 754444
1501164618 841574
1501164618 928606
1501164619 100108
1501164619 648418
1501164619 734719
1501164619 821152
1501164619 926096
1501164620 108543
1501164620 233213
1501164620 319891
1501164620 406066
1501164620 492290
1501164620 578532
1501164620 665724
1501164620 751814
1501164620 837940
1501164620 924282
1501164621 10451
1501164621 97706
1501164621 183896
1501164621 270099
1501164621 356315
1501164621 442341
1501164621 529458
1501164621 616158
1501164621 846396
1501164621 932665
1501164622 19147
1501164622 105100
1501164622 192246
1501164622 441861
1501164622 528126
1501164622 614019
1501164622 701049
1501164622 786401
1501164622 873760
1501164622 959791
1501164623 46109
1501164623 190632
1501164623 276780
1501164623 362764
1501164623 448968
1501164623 536414
1501164623 622509
1501164623 708777
1501164623 794954
1501164623 880928
1501164623 968377
1501164624 54373
1501164624 140578
1501164624 226536
1501164624 312624
1501164624 399774
1501164624 486843
1501164624 572474
1501164624 658708
1501164624 744824
1501164624 831919
1501164624 918189
1501164625 4283
1501164625 91149
1501164625 176809
1501164625 264071
1501164625 350331
1501164625 436492
1501164625 522592
1501164625 608847
1501164625 695900
1501164625 782162
1501164625 869232
1501164626 60860
1501164626 147172
1501164626 233235
1501164626 377733
1501164626 521008
1501164626 694263
1501164626 781072
1501164626 866723
1501164626 952908
1501164627 39791
1501164627 327836
1501164627 491671
1501164627 577195
1501164627 663429
1501164627 750349
1501164627 836978
1501164627 923017
1501164628 9378
1501164628 95581
1501164628 181747
1501164628 268816
1501164628 354904
1501164628 441146
1501164628 537335
1501164628 623560
1501164628 709710
1501164628 796728
1501164628 883099
1501164629 55566
1501164629 141690
1501164629 228968
1501164629 641044
1501164629 805159
1501164629 890477
1501164630 53893
1501164630 159172
1501164630 303375
1501164630 495878
1501164630 792514
1501164630 879772
1501164630 965796
1501164631 52759
1501164631 138165
1501164631 225202
1501164631 311520
1501164631 397831
1501164631 483829
1501164631 569942
1501164631 657400
1501164631 743616
1501164631 830459
1501164631 916009
1501164632 2271
1501164632 89277
1501164632 175647
1501164632 261729
1501164632 347928
1501164632 434345
1501164632 522121
1501164632 607629
1501164632 693910
1501164632 780217
1501164632 865992
1501164632 953027
1501164633 39432
1501164633 125764
1501164633 211807
1501164633 299020
1501164633 385067
1501164633 471240
1501164633 817349
1501164633 903573
1501164634 57580
1501164634 143519
1501164634 230754
1501164634 316421
1501164634 402473
1501164634 489262
1501164634 575368
1501164634 662576
1501164634 748402
1501164634 834678
1501164634 920941
1501164635 8045
1501164635 122151
1501164635 285375
1501164635 371697
1501164635 457867
1501164635 544192
1501164635 630849
1501164635 717448
1501164635 803872
1501164635 890010
1501164635 976213
1501164636 62246
1501164636 139584
1501164636 225674
1501164636 312865
1501164636 399157
1501164636 485382
1501164636 571882
1501164636 657658
1501164636 772930
1501164636 850230
1501164636 936261
1501164637 22603
1501164637 110511
1501164637 194958
1501164637 272077
1501164637 358261
1501164637 463416
1501164637 540650
1501164637 617790
1501164637 857490
1501164638 30866
1501164638 116934
1501164638 203334
1501164638 290177
1501164638 375536
1501164638 452592
1501164638 530411
1501164638 616169
1501164638 702233
1501164638 789210
1501164638 875126
1501164638 961672
1501164639 48042
1501164639 134197
1501164639 211373
1501164639 297701
1501164639 383671
1501164639 469881
1501164639 547156
1501164639 633486
1501164639 719688
1501164639 806794
1501164639 893596
1501164639 979118
1501164640 276982
1501164640 363108
1501164640 449236
1501164640 536772
1501164640 623063
1501164640 708998
1501164640 794865
1501164640 881067
1501164640 968478
1501164641 55406
1501164641 141186
1501164641 227211
1501164641 313052
1501164641 400117
1501164641 486278
1501164641 572579
1501164641 659001
1501164641 803415
1501164641 889709
1501164641 975572
1501164642 62738
1501164642 351493
1501164642 437279
1501164642 522945
1501164642 610019
1501164642 696335
1501164642 782546
1501164642 868653
1501164642 964734
1501164643 70642
1501164643 166271
1501164643 252283
1501164643 340253
1501164643 425796
1501164643 512529
1501164643 598232
1501164643 828889
1501164643 914977
1501164644 1269
1501164644 88282
1501164644 174396
1501164644 260722
1501164644 346972
1501164644 433207
1501164644 520404
1501164644 606418
1501164644 692698
1501164644 778930
1501164644 866774
1501164644 952417
1501164645 38409
1501164645 124756
1501164645 307151
1501164645 393386
1501164645 480560
1501164645 567589
1501164645 652885
1501164645 739048
1501164645 825257
1501164645 912336
1501164645 999068
1501164646 84696
1501164646 171679
1501164646 257475
1501164646 344437
1501164646 430597
1501164646 535883
1501164646 622079
1501164646 709927
1501164646 795368
1501164646 938784
1501164647 25991
1501164647 112203
1501164647 198145
1501164647 284506
1501164647 371845
1501164647 457919
1501164647 544035
1501164647 630198
1501164647 716498
1501164647 803740
1501164647 889867
1501164647 976060
1501164648 62353
1501164648 148500
1501164648 235596
1501164648 321790
1501164648 407910
1501164648 494148
1501164648 580670
1501164648 667953
1501164648 753746
1501164648 840049
1501164648 926157
1501164649 12650
1501164649 99656
1501164649 185809
1501164649 368390
1501164649 454627
1501164649 541319
1501164649 627781
1501164649 714042
1501164649 800101
1501164649 886273
1501164649 972519
1501164650 59664
1501164650 146139
1501164650 232230
1501164650 318486
1501164650 404497
1501164650 491790
1501164650 577877
1501164650 664171
1501164650 750285
1501164650 836320
1501164650 923726
1501164651 9672
1501164651 95960
1501164651 182841
1501164651 268329
1501164651 355637
1501164651 442313
1501164651 528062
1501164651 614506
1501164651 701297
1501164651 789259
1501164651 873872
1501164651 960089
1501164652 46595
1501164652 133977
1501164652 219390
1501164652 306304
1501164652 391909
1501164652 478255
1501164652 565342
1501164652 651543
1501164652 737642
1501164652 823719
1501164652 910067
1501164652 997461
1501164653 83489
1501164653 169669
1501164653 255762
1501164653 342355
1501164653 448430
1501164653 534428
1501164653 630669
1501164653 716874
1501164653 803066
1501164653 889466
1501164653 976669
1501164654 62872
1501164654 148999
1501164654 235186
1501164654 321307
1501164654 408469
1501164654 494608
1501164654 580783
1501164654 734340
1501164654 821491
1501164654 907671
1501164655 339596
1501164655 484103
1501164655 723650
1501164655 809660
1501164655 896306
1501164655 983139
1501164656 69100
1501164656 156307
1501164656 241426
1501164656 327784
1501164656 414995
1501164656 501402
1501164656 587440
1501164656 673531
1501164656 761332
1501164656 846977
1501164656 933318
1501164657 19421
1501164657 106190
1501164657 192863
1501164657 278949
1501164657 365376
1501164657 451486
1501164657 538065
1501164657 625167
1501164657 711073
1501164657 874211
1501164658 132906
1501164658 219071
1501164658 354663
1501164658 441262
1501164658 526946
1501164658 613697
1501164658 699197
1501164658 786143
1501164658 872637
1501164659 64039
1501164659 151380
1501164659 237351
1501164659 323614
1501164659 409778
1501164659 495985
1501164659 592020
1501164659 679072
1501164659 919227
1501164660 5043
1501164660 91349
1501164660 178398
1501164660 264526
1501164660 350768
1501164660 437217
1501164660 523129
1501164660 610751
1501164660 715612
1501164660 879093
1501164661 89460
1501164661 225205
1501164661 311645
1501164661 397434
1501164661 483497
1501164661 569653
1501164661 656621
1501164661 742792
1501164661 829122
1501164661 915300
1501164662 1486
1501164662 88622
1501164662 174970
1501164662 261111
1501164662 347192
1501164662 434627
1501164662 520562
1501164662 606752
1501164662 693227
1501164662 779573
1501164662 866705
1501164662 952795
1501164663 39301
1501164663 125185
1501164663 211361
1501164663 308027
1501164663 403819
1501164663 489806
1501164663 576063
1501164663 663809
1501164663 961082
1501164664 305637
1501164664 393000
1501164664 479242
1501164664 565176
1501164664 654803
1501164664 737820
1501164664 824921
1501164664 910974
1501164664 998148
1501164665 246932
1501164665 333097
1501164665 420230
1501164665 506104
1501164665 592564
1501164665 678665
1501164665 764971
1501164665 852124
1501164665 938827
1501164666 25398
1501164666 111262
1501164666 196919
1501164666 284165
1501164666 370362
1501164666 456630
1501164666 542809
1501164666 629060
1501164666 716110
1501164666 802304
1501164666 888536
1501164666 974754
1501164667 60913
1501164667 147755
1501164667 234100
1501164667 320448
1501164667 407287
1501164667 492773
1501164667 579813
1501164667 666293
1501164667 752417
1501164667 839429
1501164667 924974
1501164668 12008
1501164668 98450
1501164668 184354
1501164668 270584
1501164668 357822
1501164668 443818
1501164668 530793
1501164668 616425
1501164668 702640
1501164668 790080
1501164668 875884
1501164668 962246
1501164669 48217
1501164669 134809
1501164669 222217
1501164669 307788
1501164669 394485
1501164669 480234
1501164669 566374
1501164669 653967
1501164669 739873
1501164669 826032
1501164670 27678
1501164670 123701
1501164670 209829
1501164670 306645
1501164670 392417
1501164670 488501
1501164670 574772
1501164670 660909
1501164670 748089
1501164670 834210
1501164670 921159
1501164671 6890
1501164671 92838
1501164671 180001
1501164671 267099
1501164671 352377
1501164671 467849
1501164671 679446
1501164671 765632
1501164671 851662
1501164671 937800
1501164672 25002
1501164672 111365
1501164672 245542
1501164672 331885
1501164672 466043
1501164672 552224
1501164672 734672
1501164672 821811
1501164672 907988
1501164673 80465
1501164673 186583
1501164673 465051
1501164673 551439
1501164673 637507
1501164673 723813
1501164673 810672
1501164673 896529
1501164673 983233
1501164674 118540
1501164674 204109
1501164674 347649
1501164674 472430
1501164674 635852
1501164674 808398
1501164674 894623
1501164674 980648
1501164675 67891
1501164675 154111
1501164675 240409
1501164675 576165
1501164675 662316
1501164675 750016
1501164675 835620
1501164675 922047
1501164676 8001
1501164676 104100
1501164676 190354
1501164676 363707
1501164676 449982
1501164676 536157
1501164676 622294
1501164676 709506
1501164676 795866
1501164676 881949
1501164676 968213
1501164677 54281
1501164677 141377
1501164677 227918
1501164677 313952
1501164677 400229
1501164677 486294
1501164677 573975
1501164677 659508
1501164677 745685
1501164677 832089
1501164677 918998
1501164678 6076
1501164678 91690
1501164678 177772
1501164678 264652
1501164678 351300
1501164678 437060
1501164678 523287
1501164678 609768
1501164678 695947
1501164678 782973
1501164678 869501
1501164678 955490
1501164679 50826
1501164679 136804
1501164679 224598
1501164679 310357
1501164679 589218
1501164679 723323
1501164679 914949
1501164680 241414
1501164680 327421
1501164680 501054
1501164680 587101
1501164680 673580
1501164680 759484
1501164680 845828
1501164680 932866
1501164681 19366
1501164681 105229
1501164681 191445
1501164681 278309
1501164681 364815
1501164681 451531
1501164681 537252
1501164681 623555
1501164681 711295
1501164681 969523
1501164682 248042
1501164682 334427
1501164682 421160
1501164682 507611
1501164682 593786
1501164682 728242
1501164682 881420
1501164683 169129
1501164683 256622
1501164683 343055
1501164683 437745
1501164683 552989
1501164683 640261
1501164683 726783
1501164683 898740
1501164683 984711
1501164684 70956
1501164684 273766
1501164684 465172
1501164684 839871
1501164685 674774
1501164685 761072
1501164685 886284
1501164686 164895
1501164686 250963
1501164686 337232
1501164686 423421
1501164686 509657
1501164686 596507
1501164686 682836
1501164686 769068
1501164687 115174
1501164687 345517
1501164687 431914
1501164687 528242
1501164687 614123
1501164687 748939
1501164687 834757
1501164687 921576
1501164688 8048
1501164688 123243
1501164688 210073
1501164688 295540
1501164688 381897
1501164688 468244
1501164688 612201
1501164688 804816
1501164688 948143
1501164689 35176
1501164689 121443
1501164689 207614
1501164689 293904
1501164689 380541
1501164689 467183
1501164689 553370
1501164689 639630
1501164689 725823
1501164689 812131
1501164689 899252
1501164689 985435
1501164690 71429
1501164690 157688
1501164690 243898
1501164690 331149
1501164690 417189
1501164690 503454
1501164690 589635
1501164690 675821
1501164690 763096
1501164690 849467
1501164690 935729
1501164691 21681
1501164691 108003
1501164691 204058
1501164691 290271
1501164691 386446
1501164691 472672
1501164691 560340
1501164691 646154
1501164691 732890
1501164691 818719
1501164691 906064
1501164691 991937
1501164692 77952
1501164692 164179
1501164692 250355
1501164692 337633
1501164692 480853
1501164692 567429
1501164692 654123
1501164692 864873
1501164692 980194
1501164693 144462
1501164693 230433
1501164693 317050
1501164693 412109
1501164693 499083
1501164693 585548
1501164693 671446
1501164693 757866
1501164693 940228
1501164694 113578
1501164694 199814
1501164694 324127
1501164694 411169
1501164694 497671
1501164694 583728
1501164694 727967
1501164694 814198
1501164694 900291
1501164695 255349
1501164695 342360
1501164695 428605
1501164695 525442
1501164695 611079
1501164695 880281
1501164695 965890
1501164696 52119
1501164696 139157
1501164696 397682
1501164696 484888
1501164696 571696
1501164696 657344
1501164696 743381
1501164696 829767
1501164697 89420
1501164697 175475
1501164697 291398
1501164697 376983
1501164697 464251
1501164697 550562
1501164697 636638
1501164697 723067
1501164697 809128
1501164697 896086
1501164697 982249
1501164698 68518
1501164698 155424
1501164698 240984
1501164698 328643
1501164698 414299
1501164698 616595
1501164698 702081
1501164698 875456
1501164698 961673
1501164699 115057
1501164699 201171
1501164699 287279
1501164699 374287
1501164699 461108
1501164699 547019
1501164699 632880
1501164699 719365
1501164699 806316
1501164699 892580
1501164699 979289
1501164700 65137
1501164700 152776
1501164700 238482
1501164700 325174
1501164700 410737
1501164700 497566
1501164700 584164
1501164700 746587
1501164700 958285
1501164701 140394
1501164701 226637
1501164701 313298
1501164701 399989
1501164701 486923
1501164701 572445
1501164701 658729
1501164701 745927
1501164701 841014
1501164702 4354
1501164702 90743
1501164702 311923
1501164702 398198
1501164702 484354
1501164702 734085
1501164702 820305
1501164702 907276
1501164702 994176
1501164703 79760
1501164703 166369
1501164703 252163
1501164703 339154
1501164703 425853
1501164703 511584
1501164703 597750
1501164703 683941
1501164703 771384
1501164703 857795
1501164704 88439
1501164704 193274
1501164704 279426
1501164704 404718
1501164704 490750
1501164704 769691
1501164704 855947
1501164704 941953
1501164705 28110
1501164705 115561
1501164705 201492
1501164705 288032
1501164705 413536
1501164705 498944
1501164705 585439
1501164705 671564
1501164705 757960
1501164705 844889
1501164705 931256
1501164706 17181
1501164706 103454
1501164706 190399
1501164706 276804
1501164706 363730
1501164706 449111
1501164706 535415
1501164706 621611
1501164706 708732
1501164706 795172
1501164706 881138
1501164707 44981
1501164707 131438
1501164707 217020
1501164707 342281
1501164707 428666
1501164707 572872
1501164707 658988
1501164707 745853
1501164707 831626
1501164707 918391
1501164708 5391
1501164708 90891
1501164708 177217
1501164708 264029
1501164708 350644
1501164708 436913
1501164708 523181
1501164708 609036
1501164708 695363
1501164708 782406
1501164708 868799
1501164708 954889
1501164709 41098
1501164709 127277
1501164709 215332
1501164709 300633
1501164709 387505
1501164709 473142
1501164709 559984
1501164709 646221
1501164709 732729
1501164709 818832
1501164709 905319
1501164709 992340
1501164710 78410
1501164710 164543
1501164710 250712
1501164710 337302
1501164710 424077
1501164710 510369
1501164710 597257
1501164710 682915
1501164710 769044
1501164710 855984
1501164710 942332
1501164711 28475
1501164711 114583
1501164711 201027
1501164711 288603
1501164711 374384
1501164711 460584
1501164711 546854
1501164711 634051
1501164711 719997
1501164711 806087
1501164711 892710
1501164711 979257
1501164712 65562
1501164712 152061
1501164712 276688
1501164712 363490
1501164712 449792
1501164712 536555
1501164712 622128
1501164712 708211
1501164712 795278
1501164712 881512
1501164713 45159
1501164713 131117
1501164713 217440
1501164713 303830
1501164713 389966
1501164713 476935
1501164713 563128
1501164713 649639
1501164713 735591
1501164713 821756
1501164713 908924
1501164713 995992
1501164714 81454
1501164714 167591
1501164714 254760
1501164714 341031
1501164714 427206
1501164714 513306
1501164714 599417
1501164714 686626
1501164715 108994
1501164715 204107
1501164715 291161
1501164715 577961
1501164715 665810
1501164715 751403
1501164715 837502
1501164715 923681
1501164716 9761
1501164716 97043
1501164716 529073
1501164716 913535
1501164716 999067
1501164717 104477
1501164717 325787
1501164717 411978
1501164717 498651
1501164717 585156
1501164717 690598
1501164717 776655
1501164717 862953
1501164717 949869
1501164718 35376
1501164718 122464
1501164718 208717
1501164718 294989
1501164718 381111
1501164718 468227
1501164718 554429
1501164718 640927
1501164718 726836
1501164718 813177
1501164719 159029
1501164719 245133
1501164719 332102
1501164719 418372
1501164719 504468
1501164719 591596
1501164719 676953
1501164719 831507
1501164719 917416
1501164720 4243
1501164720 89942
1501164720 176307
1501164720 263379
1501164720 349531
1501164720 436437
1501164720 521995
1501164720 608089
1501164720 695173
1501164720 782112
1501164720 868199
1501164720 953992
1501164721 41038
1501164721 127087
1501164721 213518
1501164721 299889
1501164721 386072
1501164721 473700
1501164721 559267
1501164721 645387
1501164721 732446
1501164721 817850
1501164721 905002
1501164721 991898
1501164722 77443
1501164722 163611
1501164722 250285
1501164722 337020
1501164722 423231
1501164722 509277
1501164722 595538
1501164722 681637
1501164722 768886
1501164722 855846
1501164722 942064
1501164723 27733
1501164723 113984
1501164723 200938
1501164723 287171
1501164723 709247
1501164723 824754
1501164723 911670
1501164723 997656
1501164724 84029
1501164724 170099
1501164724 256231
1501164724 343342
1501164724 429815
1501164724 516468
1501164724 602017
1501164724 688212
1501164724 775458
1501164724 861473
1501164724 947789
1501164725 34089
1501164725 120777
1501164725 208068
1501164725 350862
1501164725 447076
1501164725 562242
1501164725 648546
1501164725 849940
1501164725 937653
1501164726 23265
1501164726 109397
1501164726 292080
1501164726 378858
1501164726 464341
1501164726 551995
1501164726 637689
1501164726 723912
1501164726 810252
1501164727 136919
1501164727 233131
1501164727 338354
1501164727 434587
1501164727 520882
1501164727 645966
1501164727 732253
1501164727 818389
1501164727 905082
1501164728 10683
1501164728 97071
1501164728 183098
1501164728 269387
1501164728 355630
1501164728 442988
1501164728 528591
1501164728 615145
1501164728 701254
1501164728 787528
1501164728 874961
1501164728 961083
1501164729 47037
1501164729 133361
1501164729 219686
1501164729 306533
1501164729 392716
1501164729 479135
1501164729 565261
1501164729 652160
1501164729 738407
1501164729 824657
1501164729 910787
1501164729 997099
1501164730 85177
1501164730 170684
1501164730 439445
1501164730 573784
1501164730 659845
1501164730 746616
1501164730 832917
1501164730 919490
1501164731 6130
1501164731 91509
1501164731 178785
1501164731 265375
1501164731 351397
1501164731 437380
1501164731 523606
1501164731 610544
1501164731 696958
1501164731 783121
1501164731 869282
1501164731 955697
1501164732 42980
1501164732 129230
1501164732 215245
1501164732 301990
1501164732 387550
1501164732 474680
1501164732 560931
1501164732 647684
1501164732 733432
1501164732 820424
1501164732 906616
1501164732 992796
1501164733 79937
1501164733 165480
1501164733 252866
1501164733 339112
1501164733 424747
1501164733 511104
1501164733 597961
1501164733 684740
1501164733 771530
1501164733 866915
1501164733 952949
1501164734 39275
1501164734 125517
1501164734 211693
1501164734 298834
1501164734 385027
1501164734 471489
1501164734 557811
1501164734 643624
1501164734 730861
1501164734 816908
1501164734 903068
1501164735 8485
1501164735 115076
1501164735 287288
1501164735 507692
1501164735 594701
1501164735 680806
1501164735 777066
1501164735 863663
1501164735 949529
1501164736 35881
1501164736 123036
1501164736 209176
1501164736 295305
1501164736 382190
1501164736 467858
1501164736 554829
1501164736 641119
1501164736 727088
1501164736 813447
1501164736 900371
1501164736 986848
1501164737 72930
1501164737 159181
1501164737 245452
1501164737 331615
1501164737 418893
1501164737 505626
1501164737 591311
1501164737 677496
1501164737 764300
1501164737 850517
1501164737 936866
1501164738 22997
1501164738 109277
1501164738 196426
1501164738 282660
1501164738 368721
1501164738 561328
1501164738 647480
1501164738 733858
1501164738 819860
1501164738 906246
1501164738 993371
1501164739 79479
1501164739 165900
1501164739 299986
1501164739 386329
1501164739 473220
1501164739 559482
1501164739 645760
1501164739 731959
1501164739 818192
1501164739 905223
1501164739 991563
1501164740 77927
1501164740 164000
1501164740 250876
1501164740 625091
1501164740 711621
1501164740 797463
1501164740 884365
1501164740 970679
1501164741 57045
1501164741 143099
1501164741 229205
1501164741 316414
1501164741 402648
1501164741 488926
1501164741 575222
1501164741 661523
1501164741 748493
1501164741 834616
1501164741 920864
1501164742 7803
1501164742 94224
1501164742 180329
1501164742 267305
1501164742 353090
1501164742 439149
1501164742 526976
1501164742 621561
1501164742 709305
1501164742 805632
1501164742 891125
1501164742 977963
1501164743 63359
1501164743 149641
1501164743 235589
1501164743 322994
1501164743 409019
1501164743 495261
1501164743 581481
1501164743 667868
1501164743 755079
1501164743 841194
1501164743 927348
1501164744 13979
1501164744 109472
1501164744 195842
1501164744 282127
1501164744 369046
1501164744 455509
1501164744 542296
1501164744 627796
1501164744 714985
1501164744 801176
1501164744 887239
1501164744 973679
1501164745 59684
1501164745 147029
1501164745 233015
1501164745 319399
1501164745 406343
1501164745 501392
1501164745 587554
1501164745 674051
1501164745 761361
1501164745 847391
1501164745 933600
1501164746 20007
1501164746 106246
1501164746 193308
1501164746 279591
1501164746 366361
1501164746 452470
1501164746 538904
1501164746 634074
1501164746 720201
1501164746 806289
1501164746 911798
1501164747 46435
1501164747 622570
1501164747 708865
1501164748 35609
1501164748 121763
1501164748 208819
1501164748 294203
1501164748 381293
1501164748 467704
1501164748 554031
1501164748 640233
1501164748 726340
1501164748 813660
1501164748 899426
1501164748 986455
1501164749 158370
1501164749 427695
1501164749 513778
1501164749 600107
1501164749 696768
1501164749 887865
1501164750 22792
1501164750 234033
1501164750 416627
1501164750 502584
1501164750 589510
1501164750 723497
1501164750 866998
1501164750 953919
1501164751 49029
1501164751 145039
1501164751 231506
1501164751 317684
1501164751 403823
1501164751 490323
1501164751 577520
1501164751 664456
1501164751 749836
1501164751 836204
1501164751 922518
1501164752 9696
1501164752 96104
1501164752 181757
1501164752 267963
1501164752 355099
1501164752 441307
1501164752 527821
1501164752 614058
1501164752 700160
1501164752 786982
1501164752 873436
1501164752 959636
1501164753 45954
1501164753 132203
1501164753 219256
1501164753 305350
1501164753 391393
1501164753 477649
1501164753 563829
1501164753 650686
1501164753 736862
1501164753 823129
1501164753 928391
1501164754 14745
1501164754 256101
1501164754 341397
1501164754 427560
1501164754 523401
1501164754 609933
1501164754 696135
1501164754 783697
1501164754 869893
1501164754 956072
1501164755 42100
1501164755 128070
1501164755 214558
1501164755 306824
1501164755 397022
1501164755 484799
1501164755 570800
1501164755 656248
1501164755 742701
1501164755 829859
1501164756 2601
1501164756 88852
1501164756 174893
1501164756 329234
1501164756 415913
1501164756 502041
1501164756 588064
1501164756 673790
1501164756 759941
1501164756 845930
1501164756 990629
1501164757 163818
1501164757 251004
1501164757 336181
1501164757 422552
1501164757 508878
1501164757 595985
1501164757 682045
1501164757 768673
1501164757 854648
1501164757 941224
1501164758 27868
1501164758 200754
1501164758 286559
1501164758 412581
1501164758 526900
1501164758 613069
1501164758 699466
1501164758 785869
1501164758 873363
1501164758 959191
1501164759 45140
1501164759 131256
1501164759 217661
1501164759 304650
1501164759 391035
1501164759 477516
1501164759 563411
1501164759 650507
1501164759 736575
1501164759 822806
1501164759 908992
1501164759 995372
1501164760 81627
1501164760 168719
1501164760 255121
1501164760 341232
1501164760 427552
1501164760 513492
1501164760 600852
1501164760 763094
1501164761 128150
1501164761 215006
1501164761 589040
1501164761 674962
1501164761 944131
1501164762 329018
1501164762 453052
1501164762 558296
1501164762 645404
1501164762 731699
1501164762 818328
1501164762 904149
1501164763 115454
1501164763 201544
1501164763 297882
1501164763 384000
1501164763 566805
1501164763 797051
1501164764 27315
1501164764 459831
1501164764 622608
1501164764 708589
1501164764 794888
1501164764 880993
1501164764 968399
1501164765 236985
1501164765 486613
1501164765 572816
1501164765 659153
1501164765 784452
1501164765 871224
1501164765 956593
1501164766 43197
1501164766 129829
1501164766 216160
1501164766 302303
1501164766 388489
1501164766 474962
1501164766 561229
1501164766 648419
1501164766 734673
1501164766 821387
1501164766 907246
1501164766 994162
1501164767 80518
1501164767 166985
1501164767 252908
1501164767 338923
1501164767 425148
1501164767 512249
1501164767 598120
1501164767 684235
1501164767 789824
1501164767 876788
1501164767 963449
1501164768 49248
1501164768 135641
1501164768 279896
1501164768 365848
1501164768 452061
1501164768 529638
1501164768 615441
1501164768 692557
1501164768 782108
1501164768 865359
1501164768 951374
1501164769 27559
1501164769 105010
1501164769 191344
1501164769 277429
1501164769 354528
1501164769 441109
1501164769 527014
1501164769 604173
1501164769 690402
1501164769 776499
1501164769 853346
1501164769 929841
1501164770 6787
1501164770 93023
1501164770 170773
1501164770 256579
1501164770 342897
1501164770 429542
1501164770 515403
1501164770 592958
1501164770 678461
1501164770 765619
1501164770 851871
1501164770 938151
1501164771 24380
1501164771 110713
1501164771 197577
1501164771 283823
1501164771 370109
1501164771 456401
1501164771 542630
1501164771 630121
1501164771 735044
1501164771 821154
1501164771 907194
1501164771 994381
1501164772 80814
1501164772 167247
1501164772 253005
1501164772 368069
1501164772 454101
1501164772 541224
1501164772 627455
1501164772 713607
1501164772 799849
1501164772 886405
1501164772 972445
1501164773 58867
1501164773 144864
1501164773 232387
1501164773 318071
1501164773 404494
1501164773 490699
1501164773 576849
1501164773 663926
1501164773 750040
1501164773 836875
1501164773 922575
1501164774 12644
1501164774 442151
1501164774 536984
1501164774 623091
1501164774 709554
1501164774 795662
1501164774 872670
1501164774 958940
1501164775 45189
1501164775 122384
1501164775 208845
1501164775 294634
1501164775 381397
1501164775 467133
1501164775 554319
1501164775 640552
1501164775 730787
1501164775 822780
1501164775 909226
1501164776 5551
1501164776 92152
1501164776 179460
1501164776 264041
1501164776 350659
1501164776 436436
1501164776 513720
1501164776 600055
1501164776 686045
1501164776 772432
1501164776 858442
1501164776 946268
1501164777 31980
1501164777 118056
1501164777 204401
1501164777 291368
1501164777 377969
1501164777 463816
1501164777 550082
1501164777 636332
1501164777 723147
1501164777 810506
1501164777 895827
1501164777 981930
1501164778 68165
1501164778 154234
1501164778 240655
1501164778 327927
1501164778 413969
1501164778 500590
1501164778 586206
1501164778 663437
1501164778 750184
1501164778 835897
1501164778 923103
1501164779 9517
1501164779 95634
1501164779 181773
1501164779 267826
1501164779 364345
1501164779 450450
1501164779 537526
1501164779 623554
1501164779 713760
1501164779 806329
1501164779 893354
1501164779 978891
1501164780 64640
1501164780 141803
1501164780 285253
1501164780 362473
1501164780 458681
1501164780 544823
1501164780 631229
1501164780 717342
1501164780 842984
1501164780 928708
1501164781 14917
1501164781 101147
1501164781 188711
1501164781 274426
1501164781 360553
1501164781 446949
1501164781 534145
1501164781 620244
1501164781 706363
1501164781 792696
1501164781 878925
1501164781 966511
1501164782 52047
1501164782 138327
1501164782 224497
1501164782 310769
1501164782 398281
1501164782 484217
1501164782 570386
1501164782 734257
1501164782 820568
1501164782 906636
1501164782 992922
1501164783 79596
1501164783 166212
1501164783 251974
1501164783 338132
1501164783 425382
1501164783 511508
1501164783 597856
1501164783 683974
1501164783 770096
1501164783 857029
1501164783 943473
1501164784 29730
1501164784 115794
1501164784 288318
1501164784 374585
1501164784 556789
1501164784 634021
1501164784 816383
1501164784 903254
1501164784 989174
1501164785 74960
1501164785 161236
1501164785 248963
1501164785 334848
1501164785 420914
1501164785 507219
1501164785 593345
1501164785 680836
1501164785 766759
1501164785 852999
1501164785 939538
1501164786 26670
1501164786 112426
1501164786 198657
1501164786 284922
1501164786 438129
1501164786 516372
1501164786 601673
1501164786 687638
1501164786 774899
1501164786 890016
1501164786 985364
1501164787 229521
1501164787 513958
1501164787 657981
1501164787 773158
1501164787 888531
1501164787 983864
1501164788 70906
1501164788 156966
1501164788 330034
1501164788 502736
1501164788 589014
1501164788 675087
1501164788 780531
1501164788 953855
1501164789 40043
1501164789 126740
1501164789 212449
1501164789 299696
1501164789 385868
1501164789 472117
1501164789 558255
1501164789 644460
1501164789 733030
1501164789 817825
1501164789 903965
1501164789 990414
1501164790 258844
1501164790 346054
1501164790 432364
1501164790 518403
1501164790 604632
1501164790 691867
1501164790 777875
1501164790 864249
1501164791 17427
1501164791 103685
1501164791 219011
1501164791 305063
1501164791 391493
1501164791 478359
1501164791 564634
1501164791 651311
1501164791 737118
1501164791 823331
1501164791 900879
1501164791 986666
1501164792 72746
1501164792 160057
1501164792 246251
1501164792 333358
1501164792 418751
1501164792 505107
1501164792 591985
1501164792 678194
1501164792 764457
1501164792 850645
1501164792 936514
1501164793 13996
1501164793 99865
1501164793 187060
1501164793 273224
1501164793 362871
1501164793 456177
1501164793 542017
1501164793 637862
1501164793 725866
1501164793 810692
1501164793 896991
1501164793 984121
1501164794 70709
1501164794 165616
1501164794 252808
1501164794 338937
1501164794 425080
1501164794 511302
1501164794 598638
1501164794 684659
1501164794 771088
1501164794 856984
1501164794 943060
1501164795 462005
1501164795 557835
1501164795 644101
1501164795 855261
1501164795 941329
1501164796 37819
1501164796 123907
1501164796 211102
1501164796 297137
1501164796 383419
1501164796 546839
1501164796 700243
1501164796 796275
1501164796 882650
1501164797 16976
1501164797 228278
1501164797 314580
1501164797 400730
1501164797 487766
1501164797 574534
1501164797 900127
1501164798 83291
1501164798 169471
1501164798 255731
1501164798 342424
1501164798 429026
1501164798 514245
1501164798 600474
1501164798 686620
1501164798 772815
1501164798 859075
1501164798 946186
1501164799 32465
1501164799 118579
1501164799 204739
1501164799 426298
1501164799 550834
1501164799 665819
1501164799 752026
1501164799 838240
1501164799 916511
1501164800 2284
1501164800 87877
1501164800 176659
1501164800 261716
1501164800 347476
1501164800 433816
1501164800 519884
1501164800 607057
1501164800 693237
1501164800 779574
1501164800 865872
1501164800 952067
1501164801 39189
1501164801 125094
1501164801 211492
1501164801 297633
1501164801 384122
1501164801 471037
1501164801 557308
1501164801 643481
1501164801 729714
1501164801 816871
1501164801 903131
1501164801 989194
1501164802 104426
1501164802 200551
1501164802 286672
1501164802 411213
1501164802 497327
1501164802 583577
1501164802 815101
1501164802 920404
1501164803 102453
1501164803 188760
1501164803 275560
1501164803 370893
1501164803 447694
1501164803 572475
1501164803 659059
1501164803 745297
1501164803 831653
1501164803 918662
1501164804 4815
1501164804 91016
1501164804 331485
1501164804 484799
1501164804 657307
1501164804 744051
1501164804 830432
1501164804 916956
1501164805 2896
1501164805 329529
1501164805 445378
1501164805 588136
1501164805 770411
1501164806 30056
1501164806 116183
1501164806 212455
1501164806 298747
1501164806 385113
1501164806 471064
1501164806 558200
1501164806 646405
1501164806 730774
1501164806 817361
1501164806 904123
1501164806 990452
1501164807 76629
1501164807 162917
1501164807 249014
1501164807 336102
1501164807 422444
1501164807 509539
1501164807 594866
1501164807 681032
1501164807 768180
1501164807 854514
1501164807 940670
1501164808 27123
1501164808 113538
1501164808 200225
1501164808 286214
1501164808 372404
1501164808 458660
1501164808 545014
1501164808 632176
1501164808 718472
1501164808 804414
1501164808 890639
1501164808 980253
1501164809 73273
1501164809 159414
1501164809 246365
1501164809 332495
1501164809 418999
1501164809 505369
1501164809 591396
1501164809 678728
1501164809 764625
1501164809 851507
1501164809 939151
1501164810 24316
1501164810 110284
1501164810 196371
1501164810 282550
1501164810 368982
1501164810 484002
1501164810 570173
1501164810 647582
1501164810 733514
1501164810 819957
1501164810 906648
1501164810 993089
1501164811 80876
1501164811 165648
1501164811 251827
1501164811 357945
1501164811 568760
1501164811 655726
1501164811 742202
1501164811 828229
1501164811 914596
1501164812 707
1501164812 87705
1501164812 173975
1501164812 260227
1501164812 347238
1501164812 432665
1501164812 519888
1501164812 605899
1501164812 702163
1501164812 788550
1501164812 876194
1501164812 970773
1501164813 56941
1501164813 143153
1501164813 230556
1501164813 316578
1501164813 402773
1501164813 488963
1501164813 575223
1501164813 662338
1501164813 748390
1501164813 834734
1501164813 920948
1501164814 7140
1501164814 97117
1501164814 189568
1501164814 277101
1501164814 362903
1501164814 449216
1501164814 535286
1501164814 621443
1501164814 707802
1501164814 793994
1501164814 880097
1501164814 966520
1501164815 52798
1501164815 139722
1501164815 234936
1501164815 322266
1501164815 408147
1501164815 494755
1501164815 580750
1501164815 667947
1501164815 754041
1501164815 840222
1501164815 926582
1501164816 12952
1501164816 99759
1501164816 185973
1501164816 272236
1501164816 358447
1501164816 521826
1501164816 607986
1501164816 694152
1501164816 781937
1501164816 870724
1501164816 953913
1501164817 40059
1501164817 126425
1501164817 216572
1501164817 299719
1501164817 385863
1501164817 472548
1501164817 558400
1501164817 645396
1501164817 731613
1501164817 817760
1501164817 903945
1501164817 990161
1501164818 77215
1501164818 164433
1501164818 249742
1501164818 547941
1501164818 633635
1501164818 720045
1501164818 806993
1501164818 893228
1501164819 56544
1501164819 142820
1501164819 229259
1501164819 315156
1501164819 402474
1501164819 488402
1501164819 584607
1501164819 689811
1501164819 786584
1501164819 872344
1501164819 958624
1501164820 44919
1501164820 131910
1501164820 217979
1501164820 304401
1501164820 391050
1501164820 476543
1501164820 564580
1501164820 649118
1501164820 726295
1501164820 812498
1501164820 898850
1501164820 984940
1501164821 62441
1501164821 148331
1501164821 234731
1501164821 321373
1501164821 407206
1501164821 484274
1501164821 570303
1501164821 657488
1501164821 743677
1501164821 830200
1501164821 916043
1501164821 994181
1501164822 79331
1501164822 156500
1501164822 242645
1501164822 319459
1501164822 406173
1501164822 492236
1501164822 568504
1501164822 645880
1501164822 732014
1501164822 809049
1501164822 895245
1501164822 972557
1501164823 59572
1501164823 144911
1501164823 222381
1501164823 308221
1501164823 394397
1501164823 480528
1501164823 558938
1501164823 644107
1501164823 730269
1501164823 807328
1501164823 893393
1501164823 969720
1501164824 56828
1501164824 143156
1501164824 229164
1501164824 306518
1501164824 393681
1501164824 478823
1501164824 556468
1501164824 690867
1501164824 776412
1501164824 852507
1501164824 996944
1501164825 83330
1501164825 160280
1501164825 246428
1501164825 332839
1501164825 419994
1501164825 506052
1501164825 592293
1501164825 687729
1501164825 773791
1501164825 860852
1501164825 947217
1501164826 33624
1501164826 119937
1501164826 206677
1501164826 311959
1501164826 475464
1501164826 561615
1501164826 647803
1501164826 734410
1501164826 821147
1501164826 907778
1501164826 993446
1501164827 89986
1501164827 176007
1501164827 348502
1501164827 435504
1501164827 521680
1501164827 608046
1501164827 694099
1501164827 780409
1501164827 867416
1501164827 954116
1501164828 40025
1501164828 126041
1501164828 212874
1501164828 299408
1501164828 385691
1501164828 471807
1501164828 732217
1501164828 817802
1501164828 903780
1501164828 989976
1501164829 77251
1501164829 163702
1501164829 249571
1501164829 336342
1501164829 442016
1501164829 528698
1501164829 614595
1501164829 701038
1501164829 796921
1501164829 883120
1501164829 969307
1501164830 56858
1501164830 343949
1501164830 430332
1501164830 516654
1501164830 603617
1501164830 689914
1501164830 775924
1501164830 862295
1501164830 948536
1501164831 35569
1501164831 122111
1501164831 208024
1501164831 294178
1501164831 380431
1501164831 467552
1501164831 678429
1501164831 832478
1501164831 918724
1501164832 4803
1501164832 90930
1501164832 177274
1501164832 264382
1501164832 350610
1501164832 436804
1501164832 523110
1501164832 811708
1501164832 897812
1501164833 41312
1501164833 128287
1501164833 214890
1501164833 300615
1501164833 386941
1501164833 474014
1501164833 560252
1501164833 646427
1501164833 732709
1501164833 818972
1501164833 906011
1501164833 992508
1501164834 79327
1501164834 164768
1501164834 251130
1501164834 338026
1501164834 424279
1501164834 510332
1501164834 596687
1501164834 682912
1501164834 769976
1501164834 856088
1501164834 952284
1501164835 38588
1501164835 124819
1501164835 211575
1501164835 297284
1501164835 384387
1501164835 470569
1501164835 556842
1501164835 643166
1501164835 729200
1501164835 816386
1501164835 902441
1501164835 989031
1501164836 75192
1501164836 161041
1501164836 248264
1501164836 334814
1501164836 420929
1501164836 506945
1501164836 594021
1501164836 680197
1501164836 766456
1501164836 853392
1501164836 938854
1501164837 26037
1501164837 112848
1501164837 198474
1501164837 284644
1501164837 370780
1501164837 457069
1501164837 543925
1501164837 629452
1501164837 716688
1501164837 802845
1501164837 898635
1501164837 985272
1501164838 71549
1501164838 157675
1501164838 253959
1501164838 340153
1501164838 427287
1501164838 513531
1501164838 599671
1501164838 685784
1501164838 772214
1501164838 859237
1501164838 945249
1501164839 31464
1501164839 117796
1501164839 203920
1501164839 291229
1501164839 377271
1501164839 463514
1501164839 549757
1501164839 635960
1501164839 722162
1501164839 809414
1501164839 895559
1501164839 981678
1501164840 68093
1501164840 154328
1501164840 240368
1501164840 317410
1501164840 404320
1501164840 489960
1501164840 577304
1501164840 672389
1501164840 759523
1501164840 845686
1501164840 931948
1501164841 18096
1501164841 104615
1501164841 190705
1501164841 286615
1501164841 363794
1501164841 450305
1501164841 536349
1501164841 622483
1501164841 710149
1501164841 795805
1501164841 885126
1501164841 968227
1501164842 54391
1501164842 150997
1501164842 236797
1501164842 324119
1501164842 410832
1501164842 506430
1501164842 670084
1501164842 755911
1501164842 842155
1501164842 928451
1501164843 14552
1501164843 101701
1501164843 187987
1501164843 274203
1501164843 360360
1501164843 446707
1501164843 533712
1501164843 619976
1501164843 706284
1501164843 792424
1501164843 878902
1501164843 965628
1501164844 51915
1501164844 138071
1501164844 224489
1501164844 310464
1501164844 397672
1501164844 541330
1501164844 628231
1501164844 714536
1501164844 800697
1501164844 886742
1501164844 973744
1501164845 60095
1501164845 146565
1501164845 232536
1501164845 318918
1501164845 405006
1501164845 500916
1501164845 587393
1501164845 673575
1501164845 759969
1501164845 847106
1501164845 933161
1501164846 19375
1501164846 105784
1501164846 201545
1501164846 287983
1501164846 374148
1501164846 461231
1501164846 547667
1501164846 633584
1501164846 720496
1501164846 806157
1501164846 893302
1501164846 979601
1501164847 66309
1501164847 151864
1501164847 238210
1501164847 325141
1501164847 411757
1501164847 498736
1501164847 583898
1501164847 670365
1501164847 756359
1501164847 843869
1501164847 938855
1501164848 25065
1501164848 112222
1501164848 303678
1501164848 390003
1501164848 505095
1501164848 630113
1501164848 774818
1501164848 860834
1501164848 947081
1501164849 33260
1501164849 119348
1501164849 206444
1501164849 293251
1501164849 378952
1501164849 494042
1501164849 580471
1501164849 666606
1501164849 744140
1501164849 829939
1501164849 916185
1501164850 2482
1501164850 89541
1501164850 176128
1501164850 262062
1501164850 348062
1501164850 435872
1501164850 521482
1501164850 713065
1501164850 924854
1501164851 11377
1501164851 145119
1501164851 232560
1501164851 318347
1501164851 404515
1501164851 490573
1501164851 577065
1501164851 663982
1501164852 18968
1501164852 105134
1501164852 198730
1501164852 287511
1501164852 373686
1501164852 460751
1501164852 546929
1501164852 633117
1501164852 719415
1501164852 805741
1501164852 892913
1501164852 979026
1501164853 65112
1501164853 151914
1501164853 237630
1501164853 401173
1501164853 488032
1501164853 574331
1501164853 662790
1501164853 747153
1501164853 833015
1501164853 920105
1501164854 380231
1501164854 467534
1501164854 553659
1501164854 639927
1501164854 725850
1501164854 812120
1501164854 927542
1501164855 216544
1501164855 302548
1501164855 388572
1501164855 513579
1501164855 656984
1501164855 743328
1501164855 830288
1501164855 916545
1501164856 3140
1501164856 89038
1501164856 176084
1501164856 262281
1501164856 348586
1501164856 434714
1501164856 520977
1501164856 607942
1501164856 694336
1501164856 780755
1501164856 876625
1501164856 962944
1501164857 49123
1501164857 135473
1501164857 260643
1501164857 376015
1501164857 462232
1501164857 548355
1501164857 759953
1501164857 845952
1501164857 932127
1501164858 19383
1501164858 105503
1501164858 191951
1501164858 277926
1501164858 364270
1501164858 451289
1501164858 537379
1501164858 623533
1501164858 709892
1501164858 796246
1501164858 883277
1501164858 969403
1501164859 55661
1501164859 141879
1501164859 228920
1501164859 315234
1501164859 401445
1501164859 497516
1501164859 708317
1501164859 798778
1501164859 881747
1501164859 967980
1501164860 53793
1501164860 236286
1501164860 323034
1501164860 409714
1501164860 495933
1501164860 582534
1501164860 668471
1501164860 755486
1501164860 841565
1501164860 930527
1501164861 14130
1501164861 100315
1501164861 187309
1501164861 273700
1501164861 359956
1501164861 446060
1501164861 580433
1501164861 666505
1501164861 753626
1501164861 848958
1501164861 974546
1501164862 137672
1501164862 223721
1501164862 348965
1501164862 435161
1501164862 521313
1501164862 607683
1501164862 693837
1501164862 780887
1501164862 868144
1501164863 235733
1501164863 414650
1501164863 501108
1501164863 587066
1501164863 673100
1501164863 760584
1501164863 846378
1501164863 999771
1501164864 85942
1501164864 172030
1501164864 259434
1501164864 345628
1501164864 432082
1501164864 517989
1501164864 604956
1501164864 691492
1501164864 777570
1501164864 864164
1501164864 949951
1501164865 37110
1501164865 123309
1501164865 209380
1501164865 295611
1501164865 382057
1501164865 469019
1501164865 555259
1501164865 641443
1501164865 727679
1501164865 813870
1501164865 900931
1501164865 987074
1501164866 74449
1501164866 159767
1501164866 246111
1501164866 332968
1501164866 419137
1501164866 505505
1501164866 591518
1501164866 678693
1501164866 764871
1501164866 851272
1501164866 937904
1501164867 23697
1501164867 110712
1501164867 198040
1501164867 283073
1501164867 369192
1501164867 455621
1501164867 550707
1501164867 637899
1501164867 734117
1501164867 820346
1501164867 906511
1501164867 992765
1501164868 79365
1501164868 166078
1501164868 252275
1501164868 338407
1501164868 424829
1501164868 511284
1501164868 598198
1501164868 684342
1501164868 770515
1501164868 856790
1501164868 942933
1501164869 30103
1501164869 327699
1501164869 413851
1501164869 500004
1501164869 663860
1501164869 903600
1501164870 124796
1501164870 575896
1501164870 661924
1501164870 747976
1501164870 834328
1501164870 921592
1501164871 7582
1501164871 93742
1501164871 179845
1501164871 265966
1501164871 353761
1501164871 439664
1501164871 525547
1501164871 612356
1501164871 699147
1501164871 785353
1501164871 871636
1501164871 957744
1501164872 44197
1501164872 131054
1501164872 217326
1501164872 322360
1501164872 408641
1501164872 495862
1501164872 582158
1501164872 668228
1501164872 754249
1501164872 840740
1501164872 927889
1501164873 13978
1501164873 100074
1501164873 186462
1501164873 272466
1501164873 359834
1501164873 445968
1501164873 532068
1501164873 618329
1501164873 704451
1501164873 790710
1501164873 877881
1501164873 973164
1501164874 59372
1501164874 145656
1501164874 232652
1501164874 319019
1501164874 405134
1501164874 491365
1501164874 578856
1501164874 664691
1501164874 760812
1501164874 933413
1501164875 19684
1501164875 105866
1501164875 192851
1501164875 298263
1501164875 644103
1501164875 999852
1501164876 344928
1501164876 430862
1501164876 526857
1501164876 613225
1501164876 699384
1501164876 786526
1501164876 872800
1501164876 959007
1501164877 45116
1501164877 131425
1501164877 218414
1501164877 409980
1501164877 496074
1501164877 621253
1501164877 793853
1501164877 881015
1501164877 986472
1501164878 72506
1501164878 158543
1501164878 245808
1501164878 332012
1501164878 418560
1501164878 504474
1501164878 590509
1501164878 677715
1501164878 764031
1501164878 850121
1501164878 984456
1501164879 128746
1501164879 214868
1501164879 301129
1501164879 387424
1501164879 474757
1501164879 569794
1501164879 656965
1501164879 743475
1501164879 829506
1501164879 915585
1501164880 1756
1501164880 88982
1501164880 175092
1501164880 261231
1501164880 347383
1501164880 434032
1501164880 520785
1501164880 606984
1501164880 693208
1501164880 779469
1501164880 865719
1501164880 952222
1501164881 39251
1501164881 125201
1501164881 211823
1501164881 297576
1501164881 383916
1501164881 470366
1501164881 557588
1501164881 643349
1501164881 729782
1501164881 816318
1501164881 902045
1501164881 989103
1501164882 75324
1501164882 161464
1501164882 247792
1501164882 334042
1501164882 421028
1501164882 516483
1501164882 603845
1501164882 689953
1501164882 776145
1501164882 862461
1501164882 948339
1501164883 25546
1501164883 111854
1501164883 198006
1501164883 275594
1501164883 361331
1501164883 447671
1501164883 533789
1501164883 611430
1501164883 698031
1501164883 783309
1501164883 860459
1501164883 946787
1501164884 23834
1501164884 109962
1501164884 187489
1501164884 282077
1501164884 359645
1501164884 445863
1501164884 532785
1501164884 620150
1501164884 705783
1501164884 791570
1501164884 877824
1501164884 955128
1501164885 41019
1501164885 118284
1501164885 204803
1501164885 290754
1501164885 367874
1501164885 454064
1501164885 540240
1501164885 617334
1501164885 703547
1501164885 789758
1501164885 876862
1501164885 963053
1501164886 49303
1501164886 135548
1501164886 221862
1501164886 308792
1501164886 395636
1501164886 481302
1501164886 567577
1501164886 653868
1501164886 740765
1501164886 827137
1501164886 913228
1501164886 999587
1501164887 86036
1501164887 172888
1501164887 259138
1501164887 345494
1501164887 431601
1501164887 517702
1501164887 605032
1501164887 691058
1501164887 777251
1501164887 863979
1501164887 950569
1501164888 36756
1501164888 123032
1501164888 238321
1501164888 324485
1501164888 410651
1501164888 497324
1501164888 584024
1501164888 670200
1501164888 756531
1501164888 842806
1501164888 929965
1501164889 169787
1501164889 255607
1501164889 352538
1501164889 649490
1501164889 735914
1501164889 832159
1501164889 927400
1501164890 42387
1501164890 129566
1501164890 216300
1501164890 474288
1501164890 551469
1501164890 637644
1501164890 715343
1501164890 800908
1501164890 887193
1501164890 973628
1501164891 59688
1501164891 146805
1501164891 233000
1501164891 319027
1501164891 405559
1501164891 491821
1501164891 568865
1501164891 655152
1501164891 741416
1501164891 834737
1501164891 923561
1501164892 761
1501164892 87186
1501164892 173637
1501164892 269147
1501164892 356092
1501164892 441791
1501164892 518965
1501164892 605224
1501164892 692404
1501164892 778419
1501164892 864826
1501164892 950906
1501164893 37086
1501164893 123349
1501164893 210365
1501164893 354084
1501164893 441134
1501164893 757796
1501164893 930200
1501164894 123612
1501164894 217993
1501164894 332988
1501164894 419283
1501164894 525138
1501164894 620736
1501164894 707005
1501164894 784409
1501164894 870565
1501164894 956421
1501164895 42794
1501164895 129072
1501164895 215988
1501164895 302131
1501164895 388535
1501164895 474925
1501164895 560946
1501164895 657078
1501164895 743380
1501164895 839177
1501164895 926248
1501164896 12251
1501164896 98104
1501164896 175347
1501164896 261392
1501164896 347623
1501164896 434784
1501164896 520977
1501164896 607255
1501164896 693579
1501164896 779877
1501164896 866807
1501164896 952971
1501164897 39126
1501164897 125876
1501164897 211808
1501164897 298686
1501164897 385075
1501164897 471251
1501164897 557968
1501164897 646513
1501164897 730731
1501164897 816961
1501164897 903224
1501164897 989891
1501164898 76986
1501164898 162794
1501164898 248765
1501164898 335657
1501164898 421347
1501164898 507745
1501164898 594347
1501164898 680963
1501164898 767117
1501164898 853376
1501164898 939653
1501164899 25714
1501164899 103057
1501164899 189142
1501164899 275427
1501164899 352514
1501164899 439006
1501164899 525852
1501164899 612136
1501164899 698126
1501164899 784381
1501164899 870852
1501164899 958206
1501164900 44065
1501164900 149124
1501164900 235628
1501164900 322828
1501164900 495046
1501164900 648398
1501164900 897993
1501164901 23108
1501164901 109427
1501164901 195651
1501164901 281941
1501164901 387881
1501164901 474220
1501164901 724009
1501164901 809937
1501164901 896389
1501164901 973771
1501164902 59500
1501164902 136807
1501164902 222945
