1499346881 511444
1499346881 683842
1499346881 866179
1499346882 38381
1499346882 192530
1499346882 346310
1499346882 518402
1499346882 682036
1499346882 835238
1499346883 17396
1499346883 200067
1499346883 343491
1499346883 506877
1499346883 680135
1499346883 823583
1499346884 5755
1499346884 150221
1499346884 294253
1499346884 437694
1499346884 601293
1499346884 774599
1499346884 917693
1499346885 81178
1499346885 244345
1499346885 397783
1499346885 561190
1499346885 734544
1499346885 906092
1499346886 60704
1499346886 251986
1499346886 414955
1499346886 578966
1499346886 751023
1499346886 895584
