1500398538 749560
1500398538 912842
1500398539 95726
1500398539 259165
1500398539 403324
1500398539 537905
1500398539 681900
1500398539 835195
1500398540 17710
1500398540 171144
1500398540 333797
1500398540 516743
1500398540 651259
1500398540 814603
1500398540 977930
1500398541 168789
1500398541 332195
1500398541 514561
1500398541 659591
1500398541 812864
1500398541 976119
1500398542 148528
1500398542 301867
1500398542 465292
1500398542 619548
1500398542 782209
1500398542 955509
1500398543 108887
1500398543 262071
1500398543 444681
1500398543 626893
1500398543 790325
1500398543 953571
1500398544 126271
1500398544 288729
1500398544 433647
1500398544 577921
1500398544 721383
1500398544 903734
1500398545 48085
1500398545 182606
1500398545 316601
1500398545 470111
1500398545 643117
1500398545 825786
1500398545 989295
1500398546 132520
1500398546 314969
1500398546 459171
1500398546 622469
1500398546 795150
1500398546 929529
1500398547 111693
1500398547 266117
1500398547 448499
1500398547 620716
1500398547 784101
1500398547 948159
1500398548 120349
1500398548 283234
1500398548 436599
1500398548 600203
1500398548 782433
1500398548 945834
1500398549 109657
1500398549 291706
1500398549 474124
1500398549 636487
1500398549 809824
1500398549 973236
1500398550 126475
1500398550 289741
1500398550 462237
1500398550 625656
1500398550 808094
1500398550 971259
1500398551 124726
1500398551 298140
1500398551 460522
1500398551 633982
1500398551 816385
1500398551 988913
1500398552 152936
1500398552 324381
1500398552 459870
1500398552 613038
1500398552 766094
1500398552 929647
1500398553 74543
1500398553 217279
1500398553 380923
1500398553 525217
1500398553 707749
1500398553 880221
1500398554 53479
1500398554 225601
1500398554 398274
1500398554 561486
1500398554 715012
1500398554 850126
1500398554 993929
1500398555 146900
1500398555 329213
1500398555 483410
1500398555 626802
1500398555 771042
1500398555 915618
1500398556 49813
1500398556 222683
1500398556 376572
1500398556 520423
1500398556 683182
1500398556 827694
1500398556 990740
1500398557 153234
1500398557 287405
1500398557 431968
1500398557 595214
1500398557 748537
1500398557 892964
1500398558 37390
1500398558 199480
1500398558 343953
1500398558 517251
1500398558 689511
1500398558 872087
1500398559 35684
1500398559 178793
1500398559 333350
1500398559 505710
1500398559 659005
1500398559 841277
1500398560 4493
1500398560 148996
1500398560 302271
1500398560 446498
1500398560 609910
1500398560 772588
1500398560 916580
1500398561 79989
1500398561 262480
1500398561 406901
1500398561 569964
1500398561 751742
1500398561 886835
1500398562 59151
1500398562 193538
1500398562 366873
1500398562 520276
1500398562 663658
1500398562 846189
1500398563 28563
1500398563 191879
1500398563 365246
1500398563 528421
1500398563 681985
1500398563 825424
1500398563 969514
1500398564 142932
1500398564 315231
1500398564 478614
1500398564 612899
1500398564 776359
1500398564 939568
1500398565 102174
1500398565 246223
1500398565 399837
1500398565 563273
1500398565 716404
1500398565 889807
1500398566 72267
1500398566 216494
