1502377743 3673
1502377743 60674
1502377743 614332
1502377747 400455
1502377750 471974
1502377751 105587
1502377751 172555
1502377751 518553
1502377752 586451
1502377755 385368
1502377755 445552
1502377755 512768
1502377756 309860
1502377756 520685
1502377756 865334
1502377757 370950
1502377757 435288
1502377758 652169
1502377759 6003
1502377759 82397
1502377759 150830
1502377759 218098
1502377759 285382
1502377759 498622
1502377759 563994
1502377759 631474
1502377759 698299
1502377759 765542
1502377759 834139
1502377759 899215
