1500537731 59151
1500537731 347793
1500537731 535979
1500537731 671365
1500537731 806586
1500537731 984638
1500537732 133036
1500537732 302521
1500537732 474894
1500537732 617100
1500537732 793833
1500537732 973000
1500537733 113686
1500537733 276897
1500537733 425293
1500537733 588719
1500537733 736765
1500537733 902528
1500537734 66881
1500537734 245933
1500537748 823096
1500537748 991167
1500537749 301111
1500537749 686214
1500537749 850883
1500537749 997390
1500537750 141504
1500537750 315687
1500537750 480009
1500537750 650346
1500537750 783902
1500537750 953297
1500537751 103569
1500537751 258982
1500537751 428235
1500537751 596677
1500537751 754780
1500537751 891412
1500537752 46685
1500537752 193881
1500537752 358129
1500537752 493450
1500537752 645618
1500537752 809378
1500537752 972905
1500537753 124037
1500537753 297157
1500537753 466037
1500537753 612785
1500537753 750362
1500537753 884535
1500537754 36068
1500537754 197372
1500537754 360721
1500537754 542195
1500537754 711488
1500537754 889517
1500537755 34607
1500537755 200595
1500537755 362066
1500537755 508064
1500537755 692736
1500537755 849252
1500537756 19544
1500537756 190721
1500537756 346086
1500537756 498636
1500537756 637775
1500537756 775298
1500537756 930784
1500537757 68929
1500537757 246428
1500537757 384958
1500537757 558479
1500537757 738198
1500537757 918694
1500537758 56244
1500537758 227418
1500537758 413607
1500537758 594552
1500537758 770782
1500537758 976799
1500537759 252907
1500537759 428788
1500537759 599212
1500537759 800039
1500537760 41150
1500537760 237343
1500537760 528854
1500537760 704900
1500537760 876107
1500537761 47230
1500537761 278351
1500537761 554603
1500537837 573531
1500537837 731625
1500537837 907858
1500537838 63931
1500537838 238442
1500537838 382784
1500537838 548218
1500537838 708869
1500537838 881857
1500537839 44490
1500537839 192760
1500537839 357093
1500537839 533552
1500537839 680034
1500537839 839530
1500537840 14775
1500537840 156096
1500537840 313589
1500537840 457530
1500537840 642475
1500537840 807034
1500537840 982019
1500537841 168366
1500537841 351045
1500537841 520410
1500537841 678842
1500537841 856022
1500537842 31541
1500537842 190959
1500537842 379571
1500537842 550665
1500537842 686621
1500537842 828144
1500537842 981395
1500537843 125064
1500537843 274381
1500537843 443776
1500537843 594362
1500537843 746492
1500537843 904195
1500537844 77140
1500537844 226639
1500537844 367215
1500537844 525849
1500537844 672603
1500537844 853270
1500537845 12607
1500537845 167035
1500537845 318192
1500537845 496546
1500537845 663894
1500537845 826459
1500537846 2784
1500537846 187233
1500537846 354641
1500537846 507309
1500537846 678425
1500537846 863047
1500537847 19647
1500537847 187016
1500537847 367092
1500537847 503638
1500537847 677647
1500537847 853898
1500537847 989698
1500537848 158862
1500537848 315260
1500537848 456592
1500537848 608048
1500537848 777714
1500537848 948954
1500537849 113203
1500537849 280185
1500537849 428027
1500537849 591570
1500537849 758730
1500537849 927135
1500537850 77342
1500537850 239932
1500537850 412188
1500537850 559379
1500537850 735705
1500537850 883657
1500537851 48682
1500537851 197090
1500537851 373219
1500537851 543936
1500537851 732107
1500537851 888617
1500537852 65061
1500537852 214497
1500537852 399969
1500537852 553248
1500537852 720393
1500537852 869961
1500537853 37298
1500537853 212599
1500537853 383441
1500537853 558148
1500537853 693938
1500537853 851115
1500537854 10467
1500537854 158730
1500537854 324611
1500537854 474661
1500537854 645967
1500537854 785438
1500537854 924825
1500537855 94701
1500537855 262226
1500537855 413468
1500537855 572011
1500537855 751112
1500537855 935809
1500537856 78319
1500537856 248828
1500537856 423219
1500537856 595424
1500537856 742642
1500537856 922180
1500537857 89793
1500537857 246284
1500537857 427396
1500537857 592865
1500537857 756951
1500537857 937380
1500537858 114735
1500537858 290417
1500537858 467166
1500537858 635098
1500537858 823567
1500537858 962943
1500537859 124078
1500537859 288767
1500537859 443806
1500537859 609377
1500537859 746079
1500537859 904923
1500537860 75264
1500537860 220815
1500537860 402381
1500537860 590320
1500537860 766014
1500537860 915530
1500537861 98483
1500537861 250879
1500537861 401405
1500537861 578756
1500537861 757352
1500537861 895702
1500537862 52671
1500537862 241411
1500537862 379624
1500537862 519192
1500537862 686070
1500537862 859657
1500537863 41179
1500537863 195478
1500537863 367934
1500537863 550355
1500537863 729840
1500537863 901177
1500537864 61622
1500537864 233828
1500537864 395279
1500537864 546483
1500537864 695056
1500537864 872150
1500537865 33491
1500537865 182921
1500537865 364336
1500537865 541855
1500537865 690108
1500537865 832256
1500537865 981568
1500537866 143033
1500537866 314606
1500537866 487883
1500537866 654388
1500537866 816752
1500537866 979583
1500537867 124675
1500537867 273475
1500537867 420221
1500537867 601778
1500537867 788254
1500537867 964165
1500537868 149384
1500537868 328428
1500537868 488961
1500537868 662149
1500537868 828761
1500537868 996666
1500537869 145145
1500537869 322728
1500537869 477789
1500537869 650249
1500537869 794828
1500537869 938101
1500537870 104311
1500537870 275549
1500537870 430981
1500537870 582388
1500537870 719312
1500537870 903028
1500537871 50242
1500537871 189684
1500537871 350914
1500537871 514372
1500537871 697758
1500537871 882264
1500537872 28450
1500537872 174017
1500537872 326030
1500537872 502836
1500537872 681934
1500537872 838064
1500537872 992274
1500537873 154042
1500537873 288273
1500537873 469737
1500537873 647050
1500537873 829825
1500537874 16415
1500537874 153064
1500537874 336350
1500537874 485910
1500537874 656479
1500537874 814092
1500537874 956431
1500537875 122622
1500537875 299620
1500537875 446588
1500537875 622775
1500537875 776186
1500537875 917726
1500537876 76605
1500537876 247877
1500537876 427644
1500537876 611071
1500537876 760575
1500537876 920689
1500537877 98907
1500537877 263041
1500537877 407837
1500537877 563279
1500537877 717251
1500537877 869418
1500537878 40849
1500537878 197593
1500537878 349821
1500537878 513385
1500537878 670626
1500537878 841950
1500537879 8909
1500537879 169707
1500537879 317273
1500537879 502670
1500537879 683373
1500537879 854241
1500537879 994643
1500537880 185389
1500537880 357324
1500537880 511627
1500537880 702877
1500537880 854323
1500537881 17790
1500537881 150514
1500537881 284662
1500537881 461429
1500537881 613414
1500537881 762911
1500537881 892850
1500537882 59873
1500537882 245451
1500537882 400831
1500537882 565664
1500537882 712915
1500537882 864519
1500537883 16744
1500537883 172028
1500537883 329327
1500537883 502907
1500537883 631091
1500537883 776309
1500537883 913960
1500537884 57098
1500537884 198439
1500537884 369689
1500537884 509220
1500537884 680465
1500537884 836611
1500537884 970298
1500537885 138285
1500537885 308763
1500537885 458186
1500537885 624341
1500537885 798868
1500537885 936253
1500537886 117538
1500537886 277808
1500537886 447658
1500537886 580907
1500537886 754065
1500537886 899468
1500537887 67309
1500537887 236853
1500537887 412345
1500537887 558933
1500537887 718198
1500537887 866792
1500537888 23048
1500537888 163334
1500537888 305590
1500537888 477978
1500537888 627089
1500537888 777682
1500537888 950048
1500537889 110351
1500537889 263850
1500537889 442115
1500537889 576773
1500537889 722875
1500537889 908251
1500537890 83191
1500537890 264260
1500537890 432028
1500537890 606602
1500537890 772438
1500537890 944859
1500537891 80141
1500537891 243516
1500537891 416675
1500537891 554200
1500537891 729324
1500537891 906995
1500537892 86003
1500537892 242565
1500537892 398113
1500537892 547072
1500537892 709020
1500537892 855409
1500537893 36012
1500537893 187116
1500537893 345058
1500537893 497648
1500537893 668213
1500537893 828315
1500537893 978358
1500537894 124115
1500537894 261435
1500537894 439726
1500537894 610861
1500537894 778433
1500537894 936866
1500537895 116998
1500537895 282290
1500537895 427915
1500537895 573359
1500537895 726342
1500537895 897195
1500537896 62585
1500537896 208671
1500537896 370906
1500537896 525557
1500537896 676717
1500537896 820090
1500537896 990407
1500537897 159230
1500537897 316265
1500537897 457461
1500537897 605039
1500537897 786348
1500537897 968534
1500537898 110904
1500537898 295674
1500537898 458813
1500537898 599120
1500537898 760598
1500537898 942008
1500537899 113543
1500537899 298875
1500537899 451137
1500537899 636893
1500537899 773133
1500537899 924365
1500537900 74665
1500537900 258604
1500537900 403297
1500537900 547865
1500537900 709100
1500537900 866026
1500537901 12713
1500537901 166237
1500537901 317641
1500537901 490133
1500537901 669330
1500537901 825249
1500537902 4956
1500537902 170615
1500537902 320682
1500537902 501024
1500537902 659837
1500537902 795474
1500537902 974258
1500537903 156088
1500537903 301892
1500537903 439480
1500537903 613870
1500537903 786062
1500537903 961422
1500537904 120698
1500537904 296602
1500537904 454619
1500537904 615918
1500537904 758079
1500537904 903884
1500537905 67182
1500537905 206291
1500537905 361992
1500537905 514963
1500537905 671567
1500537905 855986
1500537906 14309
1500537906 157942
1500537906 325238
1500537906 484543
1500537906 664677
1500537906 824302
1500537906 998367
1500537907 135382
1500537907 324147
1500537907 498850
1500537907 676268
1500537907 843670
1500537907 992728
1500537908 176291
1500537908 321576
1500537908 492693
1500537908 670390
1500537908 836627
1500537909 4137
1500537909 181796
1500537909 368061
1500537909 507473
1500537909 650956
1500537909 817975
1500537909 999599
1500537910 146914
1500537910 294448
1500537910 472423
1500537910 640909
1500537910 808253
1500537910 963564
1500537911 140486
1500537911 306371
1500537911 457650
1500537911 596094
1500537911 737068
1500537911 911349
1500537912 56020
1500537912 204868
1500537912 388244
1500537912 543502
1500537912 704834
1500537912 880554
1500537913 41475
1500537913 192148
1500537913 359981
1500537913 528227
1500537913 657802
1500537913 835500
1500537914 18441
1500537914 174152
1500537914 346877
1500537914 512334
1500537914 662872
1500537914 791576
1500537914 929509
1500537915 108908
1500537915 285236
1500537915 447240
1500537915 607875
1500537915 753108
1500537915 889759
1500537916 66262
1500537916 245244
1500537916 393067
1500537916 550354
1500537916 684313
1500537916 859746
1500537917 10886
1500537917 145542
1500537917 278547
1500537917 427807
1500537917 560341
1500537917 719666
1500537917 894897
1500537918 34899
1500537918 214782
1500537918 355394
1500537918 534496
1500537918 721951
1500537918 887069
1500537919 69621
1500537919 252290
1500537919 437792
1500537919 618283
1500537919 755197
1500537919 887970
1500537920 71163
1500537920 212069
1500537920 348598
1500537920 491946
1500537920 675293
1500537920 838676
1500537920 974965
1500537921 141528
1500537921 276759
1500537921 421981
1500537921 583387
1500537921 717343
1500537921 859109
1500537922 23298
1500537922 191714
1500537922 367949
1500537922 527338
1500537922 688724
1500537922 858885
1500537923 9488
1500537923 164644
1500537923 336420
1500537923 479116
1500537923 613944
1500537923 771122
1500537923 912398
1500537924 76974
1500537924 245414
1500537924 424749
1500537924 591028
1500537924 746321
1500537924 929009
1500537925 96224
1500537925 250581
1500537925 405867
1500537925 576680
1500537925 755078
1500537925 903789
1500537926 81109
1500537926 217575
1500537926 393249
1500537926 573342
1500537926 762894
1500537926 910579
1500537927 62648
1500537927 238809
1500537927 413294
1500537927 553523
1500537927 710131
1500537927 881599
1500537928 43259
1500537928 212252
1500537928 382763
1500537928 527800
1500537928 677418
1500537928 840593
1500537929 24063
1500537929 209415
1500537929 346813
1500537929 527483
1500537929 678672
1500537929 856014
1500537930 34446
1500537930 205305
1500537930 360160
1500537930 511622
1500537930 656892
1500537930 840262
1500537930 980047
1500537931 139201
1500537931 300478
1500537931 449979
1500537931 620445
1500537931 785404
1500537931 968899
1500537932 117735
1500537932 279819
1500537932 445211
1500537932 628032
1500537932 781204
1500537932 927560
1500537933 72693
1500537933 218061
1500537933 381283
1500537933 533394
1500537933 674043
1500537933 832754
1500537934 10759
1500537934 172249
1500537934 356505
1500537934 520811
1500537934 681413
1500537934 825646
1500537934 995942
1500537935 179393
1500537935 366749
1500537935 508159
1500537935 666904
1500537935 835506
1500537936 18386
1500537936 186071
1500537936 334138
1500537936 514957
1500537936 695381
1500537936 837893
1500537936 992578
1500537937 140985
1500537937 298982
1500537937 474358
1500537937 612712
1500537937 788998
1500537937 937394
1500537938 115756
1500537938 262666
1500537938 416061
1500537938 582300
1500537938 758754
1500537938 913950
1500537939 95259
1500537939 256966
1500537939 414294
1500537939 555530
1500537939 722041
1500537939 893559
1500537940 73143
1500537940 251341
1500537940 384733
1500537940 528003
1500537940 683334
1500537940 861197
1500537941 33231
1500537941 182555
1500537941 332911
1500537941 492311
1500537941 661418
1500537941 832015
1500537942 3507
1500537942 153623
1500537942 322218
1500537942 470062
1500537942 638660
1500537942 809424
1500537942 948560
1500537943 123925
1500537943 280076
1500537943 428660
1500537943 593513
1500537943 735240
1500537943 885946
1500537944 67895
1500537944 226275
1500537944 383843
1500537944 559799
1500537944 732606
1500537944 921275
1500537945 72721
1500537945 249960
1500537945 421059
1500537945 583750
1500537945 726746
1500537945 896642
1500537946 51765
1500537946 197038
1500537946 363585
1500537946 538073
1500537946 723586
1500537946 876233
1500537947 15400
1500537947 174334
1500537947 342469
1500537947 489282
1500537947 643611
1500537947 814353
1500537947 992368
1500537948 165464
1500537948 312958
1500537948 452408
1500537948 588542
1500537948 739916
1500537948 911228
1500537949 62664
1500537949 219114
1500537949 402768
1500537949 574661
1500537949 745314
1500537949 895813
1500537950 40013
1500537950 208078
1500537950 378769
1500537950 517149
1500537950 678265
1500537950 814477
1500537950 972479
1500537951 148424
1500537951 283910
1500537951 454170
1500537951 630529
1500537951 802068
1500537951 981369
1500537952 157091
1500537952 326143
1500537952 480531
1500537952 625231
1500537952 795498
1500537952 935126
1500537953 103760
1500537953 261947
1500537953 432337
1500537953 568909
1500537953 719223
1500537953 893280
1500537954 63859
1500537954 219642
1500537954 353956
1500537954 518776
1500537954 670349
1500537954 812173
1500537954 983035
1500537955 134568
1500537955 275726
1500537955 450352
1500537955 618553
1500537955 788844
1500537955 950258
1500537956 105480
1500537956 272770
1500537956 430391
1500537956 569565
1500537956 708979
1500537956 857833
1500537957 15336
1500537957 150861
1500537957 285134
1500537957 461503
1500537957 608150
1500537957 784193
1500537957 950827
1500537958 106014
1500537958 278275
1500537958 459824
1500537958 632369
1500537958 799207
1500537958 950093
1500537959 130326
1500537959 309649
1500537959 464024
1500537959 603451
1500537959 750771
1500537959 882968
1500537960 63357
1500537960 234104
1500537960 401291
1500537960 553675
1500537960 696979
1500537960 853337
1500537961 9580
1500537961 167922
1500537961 327268
1500537961 486658
1500537961 658004
1500537961 831567
1500537961 993930
1500537962 158039
1500537962 335349
1500537962 519732
1500537962 695441
1500537962 857862
1500537963 25890
1500537963 211623
1500537963 354891
1500537963 528455
1500537963 685946
1500537963 861834
1500537964 36288
1500537964 205814
1500537964 377348
1500537964 542601
1500537964 724828
1500537964 900342
1500537965 36826
1500537965 200215
1500537965 375927
1500537965 562763
1500537965 733656
1500537965 917901
1500537966 83316
1500537966 253845
1500537966 403038
1500537966 574260
1500537966 758950
1500537966 936123
1500537967 73468
1500537967 247945
1500537967 404483
1500537967 566153
1500537967 733230
1500537967 908064
1500537968 89819
1500537968 245327
1500537968 388676
1500537968 527020
1500537968 691570
1500537968 867881
1500537969 29159
1500537969 180926
1500537969 320795
1500537969 498116
1500537969 658090
1500537969 819292
1500537969 987932
1500537970 167590
1500537970 319718
1500537970 451471
1500537970 622698
1500537970 758927
1500537970 904367
1500537971 79970
1500537971 245505
1500537971 402484
1500537971 573235
1500537971 716308
1500537971 861522
1500537972 37127
1500537972 172496
1500537972 328726
1500537972 471841
1500537972 611033
1500537972 768522
1500537972 942962
1500537973 109540
1500537973 285106
1500537973 458105
1500537973 599548
1500537973 740931
1500537973 908285
1500537974 92332
1500537974 238696
1500537974 393034
1500537974 553464
1500537974 693928
1500537974 847249
1500537975 3309
1500537975 187636
1500537975 326399
1500537975 498632
1500537975 674743
1500537975 813231
1500537975 950666
1500537976 125630
1500537976 289453
1500537976 459905
1500537976 602720
1500537976 775475
1500537976 955353
1500537977 145357
1500537977 322770
1500537977 473193
1500537977 648457
1500537977 820564
1500537977 993146
1500537978 182011
1500537978 359169
1500537978 506624
1500537978 681946
1500537978 862515
1500537979 43792
1500537979 205355
1500537979 366816
1500537979 528031
1500537979 680576
1500537979 869411
1500537980 20077
1500537980 185523
1500537980 347507
1500537980 489959
1500537980 661987
1500537980 813240
1500537980 955570
1500537981 114211
1500537981 254832
1500537981 429008
1500537981 615549
1500537981 749029
1500537981 904811
1500537982 46034
1500537982 226855
1500537982 398203
1500537982 557173
1500537982 735696
1500537982 889095
1500537983 66257
1500537983 209510
1500537983 354441
1500537983 499831
1500537983 670149
1500537983 812681
1500537983 998217
1500537984 161387
1500537984 332338
1500537984 483001
1500537984 672171
1500537984 840854
1500537985 21869
1500537985 184298
1500537985 343584
1500537985 493049
1500537985 637778
1500537985 809555
1500537985 974261
1500537986 156943
1500537986 307512
1500537986 483890
1500537986 621631
1500537986 796570
1500537986 982833
1500537987 139701
1500537987 311767
1500537987 463008
1500537987 618105
1500537987 779668
1500537987 944011
1500537988 110277
1500537988 266308
1500537988 435198
1500537988 595527
1500537988 770101
1500537988 936296
1500537989 111557
1500537989 286878
1500537989 433601
1500537989 606290
1500537989 793437
1500537989 948654
1500537990 107066
1500537990 282127
1500537990 447505
1500537990 634300
1500537990 813323
1500537990 988668
1500537991 159026
1500537991 324835
1500537991 464365
1500537991 639790
1500537991 784995
1500537991 936258
1500537992 78667
1500537992 244922
1500537992 401027
1500537992 572712
1500537992 740932
1500537992 890360
1500537993 50874
1500537993 209027
1500537993 361365
1500537993 531797
1500537993 689122
1500537993 833598
1500537994 12784
1500537994 160369
1500537994 336825
1500537994 490039
1500537994 656223
1500537994 815621
1500537994 949942
1500537995 115685
1500537995 256624
1500537995 401901
1500537995 566337
1500537995 728539
1500537995 905232
1500537996 68403
1500537996 241576
1500537996 406184
1500537996 566645
1500537996 746068
1500537996 885564
1500537997 47690
1500537997 210026
1500537997 359512
1500537997 517230
1500537997 690241
1500537997 849873
1500537998 5688
1500537998 182381
1500537998 349560
1500537998 502977
1500537998 673447
1500537998 850774
1500537999 15273
1500537999 191158
1500537999 351494
1500537999 505568
1500537999 652091
1500537999 803849
1500537999 966644
1500538000 124416
1500538000 297007
1500538000 466608
1500538000 626655
1500538000 782086
1500538000 948448
1500538001 91367
1500538001 242499
1500538001 403895
1500538001 549224
1500538001 713884
1500538001 872072
1500538002 20194
1500538002 185635
1500538002 322052
1500538002 471206
1500538002 642672
1500538002 815147
1500538002 962727
1500538003 117825
1500538003 277188
1500538003 413388
1500538003 579646
1500538003 730179
1500538003 873544
1500538004 9648
1500538004 187902
1500538004 336808
1500538004 504611
1500538004 680959
1500538004 831308
1500538005 120
1500538005 154277
1500538005 322607
1500538005 489994
1500538005 660033
1500538005 843611
1500538005 993265
1500538006 134540
1500538006 311017
1500538006 469480
1500538006 640265
1500538006 827296
1500538006 965790
1500538007 130619
1500538007 300924
1500538007 441698
1500538007 582693
1500538007 750625
1500538007 918015
1500538008 84148
1500538008 253318
1500538008 398971
1500538008 574405
1500538008 719548
1500538008 869162
1500538009 50599
1500538009 221417
1500538009 366038
1500538009 534902
1500538009 718826
1500538009 902150
1500538010 57934
1500538010 238897
1500538010 408794
1500538010 551661
1500538010 709156
1500538010 867589
1500538011 9081
1500538011 179844
1500538011 327516
1500538011 482180
1500538011 619415
1500538011 792310
1500538011 969803
1500538012 143444
1500538012 302644
1500538012 431949
1500538012 570269
1500538012 724600
1500538012 895238
1500538013 34723
1500538013 202837
1500538013 344372
1500538013 506449
1500538013 665845
1500538013 815035
1500538013 965499
1500538014 120154
1500538014 270036
1500538014 435496
1500538014 606090
1500538014 762000
1500538014 913629
1500538015 83021
1500538015 227558
1500538015 403671
1500538015 585070
1500538015 735294
1500538015 871845
1500538016 47090
1500538016 206626
1500538016 360963
1500538016 547424
1500538016 706811
1500538016 883400
1500538017 58533
1500538017 211869
1500538017 393311
1500538017 548575
1500538017 716313
1500538017 855738
1500538018 26088
1500538018 158750
1500538018 310086
1500538018 487168
1500538018 658621
1500538018 811070
1500538018 966367
1500538019 134719
1500538019 282595
1500538019 442012
1500538019 610383
1500538019 744041
1500538019 900109
1500538020 70768
1500538020 248617
1500538020 419573
1500538020 572523
1500538020 715929
1500538020 894303
1500538021 33442
1500538021 196989
1500538021 367764
1500538021 511841
1500538021 653941
1500538021 815442
1500538021 981881
1500538022 151829
1500538022 297504
1500538022 468447
1500538022 616223
1500538022 792013
1500538022 972522
1500538023 121429
1500538023 289702
1500538023 438916
1500538023 582355
1500538023 758681
1500538023 904995
1500538024 79634
1500538024 228788
1500538024 399405
1500538024 552484
1500538024 718748
1500538024 866148
1500538025 9578
1500538025 191064
1500538025 379563
1500538025 526626
1500538025 702419
1500538025 865636
1500538026 32756
1500538026 208389
1500538026 377541
1500538026 551999
1500538026 728071
1500538026 906654
1500538027 49990
1500538027 225976
1500538027 407786
1500538027 565533
1500538027 720040
1500538027 863935
1500538028 34871
1500538028 220761
1500538028 421325
1500538028 558846
1500538028 724025
1500538028 909365
1500538029 61795
1500538029 215993
1500538029 359797
1500538029 530445
1500538029 703711
1500538029 885050
1500538030 40987
1500538030 186403
1500538030 319253
1500538030 481148
1500538030 656460
1500538030 795009
1500538030 970822
1500538031 111827
1500538031 271356
1500538031 441518
1500538031 615826
1500538031 794246
1500538031 971752
1500538032 159169
1500538032 317234
1500538032 495960
1500538032 645401
1500538032 806645
1500538032 959170
1500538033 135383
1500538033 291759
1500538033 472028
1500538033 619469
1500538033 788789
1500538033 959863
1500538034 143643
1500538034 314350
1500538034 490234
1500538034 645884
1500538034 826193
1500538034 988978
1500538035 151739
1500538035 327804
1500538035 498467
1500538035 658371
1500538035 833790
1500538035 999492
1500538036 161955
1500538036 340971
1500538036 498307
1500538036 683543
1500538036 852347
1500538037 25277
1500538037 207050
1500538037 378289
1500538037 529626
1500538037 691637
1500538037 826497
1500538037 996951
1500538038 141209
1500538038 274371
1500538038 440855
1500538038 593162
1500538038 745643
1500538038 894965
1500538039 40986
1500538039 185554
1500538039 316809
1500538039 458019
1500538039 612113
1500538039 783010
1500538039 920036
1500538040 59436
1500538040 218806
1500538040 389217
1500538040 532453
1500538040 662986
1500538040 833623
1500538040 978485
1500538041 118826
1500538041 270101
1500538041 438293
1500538041 600790
1500538041 740160
1500538041 916036
1500538042 85925
1500538042 261681
1500538042 413076
1500538042 560839
1500538042 727492
1500538042 861842
1500538043 37739
1500538043 178414
1500538043 348696
1500538043 524464
1500538043 699438
1500538043 840804
1500538043 996131
1500538044 150399
1500538044 323794
1500538044 494672
1500538044 675628
1500538044 826214
1500538045 2542
1500538045 139774
1500538045 314605
1500538045 451500
1500538045 612823
1500538045 769582
1500538045 940735
1500538046 100920
1500538046 264470
1500538046 427873
1500538046 591437
1500538046 773012
1500538046 915499
1500538047 90908
1500538047 256106
1500538047 425202
1500538047 604573
1500538047 762147
1500538047 902472
1500538048 62457
1500538048 205437
1500538048 381215
1500538048 546457
1500538048 696331
1500538048 855013
1500538049 31319
1500538049 197835
1500538049 335416
1500538049 465647
1500538049 609974
1500538049 789366
1500538049 960981
1500538050 105168
1500538050 257464
1500538050 406174
1500538050 562228
1500538050 730425
1500538050 894776
1500538051 60374
1500538051 212956
1500538051 343240
1500538051 525321
1500538051 701274
1500538051 887640
1500538052 18953
1500538052 164618
1500538052 295517
1500538052 458086
1500538052 594786
1500538052 729009
1500538052 908362
1500538053 71014
1500538053 242432
1500538053 414566
1500538053 553852
1500538053 730089
1500538053 890873
1500538054 66709
1500538054 206222
1500538054 352737
1500538054 523953
1500538054 663358
1500538054 823795
1500538055 6319
1500538055 193634
1500538055 369392
1500538055 551517
1500538055 704892
1500538055 883066
1500538056 51376
1500538056 218102
1500538056 393810
1500538056 574138
1500538056 758383
1500538056 925871
1500538057 66257
1500538057 230098
1500538057 402513
1500538057 581977
1500538057 723500
1500538057 865748
1500538058 19105
1500538058 174307
1500538058 324429
1500538058 464788
1500538058 647327
1500538058 794032
1500538058 933373
1500538059 63352
1500538059 222634
1500538059 369396
1500538059 532243
1500538059 685644
1500538059 864310
1500538060 10533
1500538060 192895
1500538060 373075
1500538060 511480
1500538060 682571
1500538060 854437
1500538061 4751
1500538061 159025
1500538061 314339
1500538061 457583
1500538061 634822
1500538061 791482
1500538061 924604
1500538062 102333
1500538062 271254
1500538062 446931
1500538062 605232
1500538062 775519
1500538062 914330
1500538063 59947
1500538063 218247
1500538063 355153
1500538063 527842
1500538063 713492
1500538063 900563
1500538064 75764
1500538064 235875
1500538064 411592
1500538064 596284
1500538064 767174
1500538064 926817
1500538065 102182
1500538065 264548
1500538065 437942
1500538065 609349
1500538065 749940
1500538065 921921
1500538066 90532
1500538066 273149
1500538066 453334
1500538066 633702
1500538066 791364
1500538066 950624
1500538067 110989
1500538067 287020
1500538067 476505
1500538067 652858
1500538067 797250
1500538067 972072
1500538068 141289
1500538068 316539
1500538068 502369
1500538068 638598
1500538068 783929
1500538068 955673
1500538069 131212
1500538069 306995
1500538069 461260
1500538069 625798
1500538069 767272
1500538069 920639
1500538070 102944
1500538070 258448
1500538070 429742
1500538070 607975
1500538070 788705
1500538070 972172
1500538071 147759
1500538071 280773
1500538071 417379
1500538071 554260
1500538071 721570
1500538071 897802
1500538072 54623
1500538072 230047
1500538072 384378
1500538072 553452
1500538072 715026
1500538072 851199
1500538073 16982
1500538073 193185
1500538073 369113
1500538073 547866
1500538073 682391
1500538073 844453
1500538073 993784
1500538074 164850
1500538074 319792
1500538074 452853
1500538074 612108
1500538074 748454
1500538074 919755
1500538075 59229
1500538075 230350
1500538075 395887
1500538075 574108
1500538075 754718
1500538075 912017
1500538076 48102
1500538076 232599
1500538076 370438
1500538076 532276
1500538076 702700
1500538076 874134
1500538077 26851
1500538077 177923
1500538077 333280
1500538077 494626
1500538077 662315
1500538077 808397
1500538077 984085
1500538078 133252
1500538078 304396
1500538078 488115
1500538078 631400
1500538078 817250
1500538078 975230
1500538079 161873
1500538079 337419
1500538079 478225
1500538079 626702
1500538079 799192
1500538079 956737
1500538080 135834
1500538080 304584
1500538080 486020
1500538080 654488
1500538080 793292
1500538080 941898
1500538081 120656
1500538081 278949
1500538081 440009
1500538081 627815
1500538081 801941
1500538081 949679
1500538082 120442
1500538082 273022
1500538082 422240
1500538082 600681
1500538082 777169
1500538082 957335
1500538083 112892
1500538083 279116
1500538083 447372
1500538083 631091
1500538083 769482
1500538083 953093
1500538084 107283
1500538084 254901
1500538084 388876
1500538084 551175
1500538084 689668
1500538084 824737
1500538084 998096
1500538085 174502
1500538085 327049
1500538085 465329
1500538085 623479
1500538085 770977
1500538085 944479
1500538086 119892
1500538086 262238
1500538086 398322
1500538086 555847
1500538086 710126
1500538086 894356
1500538087 36538
1500538087 176889
1500538087 316597
1500538087 469602
1500538087 645286
1500538087 821546
1500538087 992434
1500538088 144236
1500538088 322833
1500538088 499219
1500538088 643628
1500538088 774864
1500538088 943913
1500538089 97228
1500538089 237978
1500538089 406276
1500538089 545136
1500538089 711567
1500538089 871003
1500538090 47103
1500538090 211198
1500538090 350101
1500538090 504822
1500538090 647776
1500538090 794306
1500538090 967565
1500538091 119173
1500538091 295350
1500538091 454626
1500538091 599015
1500538091 786072
1500538091 931384
1500538092 79723
1500538092 224459
1500538092 376946
1500538092 553151
1500538092 730389
1500538092 892026
1500538093 62979
1500538093 243849
1500538093 429787
1500538093 567514
1500538093 720858
1500538093 854530
1500538094 17612
1500538094 167368
1500538094 343293
1500538094 482790
1500538094 651935
1500538094 828204
1500538094 978950
1500538095 156927
1500538095 296501
1500538095 431708
1500538095 596056
1500538095 772090
1500538095 906875
1500538096 41174
1500538096 179844
1500538096 312761
1500538096 483133
1500538096 622529
1500538096 798403
1500538096 945164
1500538097 124471
1500538097 304856
1500538097 450320
1500538097 621648
1500538097 796110
1500538097 958583
1500538098 107727
1500538098 285936
1500538098 458507
1500538098 613851
1500538098 761152
1500538098 920932
1500538099 92160
1500538099 266787
1500538099 420716
1500538099 596940
1500538099 767967
1500538099 934956
1500538100 106773
1500538100 285995
1500538100 467136
1500538100 610623
1500538100 767009
1500538100 945122
1500538101 120648
1500538101 296611
1500538101 446436
1500538101 608935
1500538101 783620
1500538101 968434
1500538102 113532
1500538102 264363
1500538102 425922
1500538102 612509
1500538102 755822
1500538102 913541
1500538103 64726
1500538103 230891
1500538103 416305
1500538103 558732
1500538103 698110
1500538103 868377
1500538104 39231
1500538104 185989
1500538104 349049
1500538104 482832
1500538104 658372
1500538104 820364
1500538104 996446
1500538105 166516
1500538105 345070
1500538105 494341
1500538105 671670
1500538105 861709
1500538105 996106
1500538106 138851
1500538106 302405
1500538106 471039
1500538106 640847
1500538106 783339
1500538106 918711
1500538107 69445
1500538107 222338
1500538107 388054
1500538107 558863
1500538107 734397
1500538107 886704
1500538108 55294
1500538108 203055
1500538108 380978
1500538108 536942
1500538108 672378
1500538108 844210
1500538108 986624
1500538109 126703
1500538109 297959
1500538109 473667
1500538109 637102
1500538109 807700
1500538109 965811
1500538110 116856
1500538110 258009
1500538110 428010
1500538110 573093
1500538110 750764
1500538110 931052
1500538111 62295
1500538111 199185
1500538111 349021
1500538111 526508
1500538111 680909
1500538111 854388
1500538111 989420
1500538112 132795
1500538112 288216
1500538112 421361
1500538112 592610
1500538112 741165
1500538112 916683
1500538113 82134
1500538113 221106
1500538113 394544
1500538113 535758
1500538113 707132
1500538113 862589
1500538114 13308
1500538114 187242
1500538114 358307
1500538114 535039
1500538114 682439
1500538114 864878
1500538115 14504
1500538115 190413
1500538115 359080
1500538115 498611
1500538115 668654
1500538115 841345
1500538116 4709
1500538116 156117
1500538116 320375
1500538116 496560
1500538116 672083
1500538116 842975
1500538116 981481
1500538117 136271
1500538117 284142
1500538117 455828
1500538117 613074
1500538117 784108
1500538117 960175
1500538118 107652
1500538118 249517
1500538118 425716
1500538118 600185
1500538118 763199
1500538118 894095
1500538119 31309
1500538119 210790
1500538119 382134
1500538119 557519
1500538119 729092
1500538119 905480
1500538120 89240
1500538120 245243
1500538120 404414
1500538120 542642
1500538120 708026
1500538120 843304
1500538121 19661
1500538121 174183
1500538121 325521
1500538121 470861
1500538121 633076
1500538121 816237
1500538121 977076
1500538122 122211
1500538122 304754
1500538122 453094
1500538122 625431
1500538122 780092
1500538122 956010
1500538123 104598
1500538123 280250
1500538123 450451
1500538123 621036
1500538123 796839
1500538123 936313
1500538124 106328
1500538124 277008
1500538124 431493
1500538124 571612
1500538124 729073
1500538124 869527
1500538125 16708
1500538125 168411
1500538125 344028
1500538125 499631
1500538125 675821
1500538125 814306
1500538125 991498
1500538126 144084
1500538126 288008
1500538126 463493
1500538126 631503
1500538126 807271
1500538126 983478
1500538127 128820
1500538127 292064
1500538127 448799
1500538127 626886
1500538127 783170
1500538127 950450
1500538128 125044
1500538128 264394
1500538128 435447
1500538128 606128
1500538128 776698
1500538128 963005
1500538129 146455
1500538129 287313
1500538129 463074
1500538129 601341
1500538129 756541
1500538129 911173
1500538130 86417
1500538130 262378
1500538130 443230
1500538130 627231
1500538130 802616
1500538130 982966
1500538131 152381
1500538131 323382
1500538131 499301
1500538131 685165
1500538131 858501
1500538132 5387
1500538132 187758
1500538132 352171
1500538132 511364
1500538132 662792
1500538132 841176
1500538133 1470
1500538133 159554
1500538133 291618
1500538133 442502
1500538133 623433
1500538133 798866
1500538133 973582
1500538134 138427
1500538134 290682
1500538134 457959
1500538134 606589
1500538134 761037
1500538134 912369
1500538135 83572
1500538135 258098
1500538135 429401
