1501765693 552875
1501765693 744732
1501765693 912177
1501765694 97031
1501765694 237059
1501765694 347420
1501765694 576724
1501765694 831096
1501765694 942799
1501765695 177949
1501765695 325198
1501765695 555878
1501765695 816669
1501765696 69207
1501765696 313393
1501765696 580379
1501765696 807789
1501765697 70576
1501765697 291262
1501765697 536267
1501765697 679872
1501765697 926261
1501765698 67596
1501765698 175171
1501765698 298453
1501765698 447487
1501765698 674914
1501765698 851763
1501765698 964863
1501765699 67314
1501765699 196383
1501765699 285880
1501765699 389698
1501765699 639756
1501765699 744977
1501765699 832878
1501765700 32884
1501765700 216649
1501765700 296747
1501765700 425128
1501765700 586397
1501765700 767672
1501765700 884133
1501765701 65014
1501765701 175747
1501765701 274860
1501765701 416326
1501765701 544668
1501765701 691284
1501765701 943282
1501765702 139037
1501765702 340550
1501765702 608000
1501765702 697715
1501765702 933659
1501765703 191436
1501765703 410966
1501765703 493514
1501765703 645983
1501765703 811974
1501765703 969133
1501765704 203678
1501765704 355949
1501765704 467772
1501765704 737754
1501765704 898441
1501765705 39702
1501765705 153825
1501765705 365177
1501765705 558754
1501765705 756107
1501765705 921749
1501765706 163432
1501765706 295747
1501765706 423526
1501765706 614112
1501765706 769565
1501765706 856849
1501765707 75153
1501765707 319832
1501765707 503507
1501765707 715732
1501765707 843062
1501765707 985280
1501765708 87836
1501765708 319196
1501765708 543943
1501765708 711108
1501765708 919917
1501765709 6872
1501765709 127170
1501765709 254399
1501765709 474828
1501765709 726070
1501765709 927726
1501765710 57239
1501765710 155413
1501765710 245418
1501765710 485991
