1500551324 671611
1500551324 749213
1500551324 824985
1500551324 901903
1500551325 52429
1500551325 131531
1500551325 208526
1500551325 285625
1500551325 361988
1500551325 439142
1500551325 515230
1500551325 664498
1500551325 735915
1500551325 813161
1500551325 889022
1500551325 965148
1500551326 41356
1500551326 404830
1500551326 483656
1500551326 580636
1500551326 655946
1500551326 731997
1500551326 809432
1500551326 884902
1500551326 962591
1500551327 38939
1500551327 116074
1500551327 192399
1500551327 269421
1500551327 345813
1500551327 702368
1500551327 778054
1500551327 854922
1500551327 931022
1500551328 8232
1500551328 84579
1500551328 162745
1500551328 237172
1500551328 314833
1500551328 653565
1500551328 761988
1500551328 911760
1500551328 985422
1500551329 62701
1500551329 138880
1500551329 216012
1500551329 292203
1500551329 368529
1500551329 445432
1500551329 522636
1500551329 598048
1500551329 675150
1500551329 751106
1500551329 827433
1500551329 904632
1500551329 980959
1500551330 57338
1500551330 134518
1500551330 210659
1500551330 360345
1500551330 431216
1500551330 508390
1500551330 584399
1500551330 661415
1500551330 737879
1500551330 814228
1500551330 891632
1500551330 968953
1500551331 44797
1500551331 121941
1500551331 198295
1500551331 275825
1500551331 351419
1500551331 428732
1500551331 578547
1500551331 728202
1500551331 802778
1500551331 879037
1500551331 956626
1500551332 33164
1500551332 109159
1500551332 186399
1500551332 262606
1500551332 339688
1500551332 415938
1500551332 493072
1500551332 569407
1500551332 645727
1500551332 721828
1500551332 798864
1500551332 875105
1500551332 951104
1500551333 28393
1500551333 104665
1500551333 180969
1500551333 258129
1500551333 335510
1500551333 411407
1500551333 488727
1500551333 564856
1500551333 642138
1500551333 718170
1500551333 795151
1500551333 871777
1500551333 948738
1500551334 24826
1500551334 101543
1500551334 177432
1500551334 254990
1500551334 331943
1500551334 407943
1500551334 485021
1500551334 561394
1500551334 637493
1500551334 713585
1500551334 790799
1500551334 867997
1500551334 944320
1500551335 108754
1500551335 246267
1500551335 319628
1500551335 395219
1500551335 642730
1500551335 796920
1500551335 875741
1500551336 23005
1500551336 96004
1500551336 173106
1500551336 249247
1500551336 398935
1500551336 469852
1500551336 546791
1500551336 623017
1500551336 699244
1500551336 775580
1500551336 852087
1500551337 79017
1500551337 158617
1500551337 235930
1500551337 311875
1500551337 431347
1500551337 504398
1500551337 580631
1500551337 870305
1500551337 945434
1500551338 97467
1500551338 197188
1500551338 271344
1500551338 424691
1500551338 501757
1500551338 578830
1500551338 728494
1500551338 808578
1500551338 885761
1500551338 961740
1500551339 38903
1500551339 115093
1500551339 307611
1500551339 383911
1500551339 926556
1500551340 263423
1500551340 481789
1500551340 566758
1500551340 641007
1500551340 717836
1500551340 794899
1500551340 873973
1500551340 948232
1500551341 24687
1500551341 101820
1500551341 204093
1500551341 334392
1500551341 437634
1500551341 960621
1500551342 110956
1500551342 191237
1500551342 288939
1500551342 367894
1500551342 470885
1500551342 550119
1500551342 706287
1500551342 782323
1500551342 879739
1500551342 952954
1500551343 30097
1500551343 106468
1500551343 183781
1500551343 259892
1500551343 336996
1500551343 413213
1500551343 562875
1500551343 633855
1500551343 784336
1500551343 864202
1500551343 941297
1500551344 17725
1500551344 93753
1500551344 171276
1500551344 248068
1500551344 324470
1500551344 401520
1500551344 477639
1500551344 554984
1500551344 631035
1500551344 708387
1500551344 784486
1500551344 861643
1500551344 937689
1500551345 14973
1500551345 91351
1500551345 168306
1500551345 244537
1500551345 321630
1500551345 398966
1500551345 474910
1500551345 551285
1500551345 627290
1500551345 704356
1500551345 780522
1500551345 857748
1500551345 934047
1500551346 11438
1500551346 161023
1500551346 232062
1500551346 309050
1500551346 385292
1500551346 462252
1500551346 538548
1500551346 615885
1500551346 691895
1500551346 769088
1500551346 846427
1500551346 922372
1500551346 999769
1500551347 76404
1500551347 153150
1500551347 229406
1500551347 306325
1500551347 382400
1500551347 459756
1500551347 536957
1500551347 613064
1500551347 690293
1500551347 766550
1500551347 843905
1500551347 993957
1500551348 74255
1500551348 150699
1500551348 227598
1500551348 304160
1500551348 380663
1500551348 457029
1500551348 534150
1500551348 610369
1500551348 687601
1500551348 765272
1500551348 840978
1500551348 917947
1500551348 994433
1500551349 85219
1500551349 157676
1500551349 294416
1500551349 529208
1500551349 608938
1500551349 685293
1500551349 762211
1500551349 985631
1500551350 96061
1500551350 350594
1500551350 423894
1500551350 599777
1500551350 717820
1500551350 798886
1500551350 874714
1500551350 952007
1500551351 28218
1500551351 105129
1500551351 182312
1500551351 258524
1500551351 344333
1500551351 421848
1500551351 498248
1500551351 575505
1500551351 652404
1500551351 728601
1500551351 804930
1500551351 882048
1500551351 959138
1500551352 35391
1500551352 111709
1500551352 188743
1500551352 265171
1500551352 342003
1500551352 419190
1500551352 495409
1500551352 571686
1500551352 648872
1500551352 725030
1500551352 802340
1500551352 878330
1500551352 955619
1500551353 32628
1500551353 109194
1500551353 186129
1500551353 262180
1500551353 339181
1500551353 415483
1500551353 491876
1500551353 567968
1500551353 645464
1500551353 721329
1500551353 798004
1500551354 1829
1500551354 76461
1500551354 153735
1500551354 229892
1500551354 308639
1500551354 512690
1500551355 21079
1500551355 94288
1500551355 170193
1500551355 247170
1500551355 323568
1500551355 400653
1500551355 477493
1500551355 553928
1500551355 630932
1500551355 707144
1500551355 784536
1500551355 861362
1500551356 41780
1500551356 120154
1500551356 197382
1500551356 412621
1500551356 485073
1500551356 561102
1500551356 823276
1500551356 897126
1500551356 973996
1500551357 162386
1500551357 382940
1500551357 463322
1500551357 540653
1500551357 636077
1500551357 712771
1500551357 789093
1500551357 867144
1500551357 942314
1500551358 19689
1500551358 96594
1500551358 172728
1500551358 250004
1500551358 326320
1500551358 455350
1500551358 614177
1500551358 917905
1500551358 998100
1500551359 85310
1500551359 166576
1500551359 237413
1500551359 314527
1500551359 391692
1500551359 468130
1500551359 545281
1500551359 622105
1500551359 698406
1500551359 775371
1500551359 852030
1500551360 162039
1500551360 235826
1500551360 312793
1500551360 438253
1500551360 604287
1500551360 754593
1500551360 830937
1500551360 908361
1500551360 984485
1500551361 105820
1500551361 186207
1500551361 336367
1500551361 416587
1500551361 493394
1500551361 569800
1500551361 647128
1500551361 723038
1500551361 800081
1500551361 889368
1500551361 995514
1500551362 74195
1500551362 154369
1500551362 231232
1500551362 308282
1500551362 384740
1500551362 461959
1500551362 537973
1500551362 615165
1500551362 691426
1500551362 922627
1500551362 999151
1500551363 78807
1500551363 152389
1500551363 302521
1500551363 382940
1500551363 459180
1500551363 609078
1500551363 689535
1500551363 766031
1500551363 843114
1500551363 920098
1500551364 70019
1500551364 150732
1500551364 227157
1500551364 304235
1500551364 381137
1500551364 457473
1500551364 533499
1500551364 761049
1500551364 873603
1500551365 23327
1500551365 100074
1500551365 177018
1500551365 253173
1500551365 329503
1500551365 479518
1500551365 559877
1500551365 709751
1500551365 780540
1500551365 856758
1500551365 933849
1500551366 10338
1500551366 87378
1500551366 164136
1500551366 313666
1500551366 394426
1500551366 470904
1500551366 547500
1500551366 624382
1500551366 700679
1500551366 778265
1500551366 855039
1500551366 931163
1500551367 7591
1500551367 84990
1500551367 161745
1500551367 238307
1500551367 315113
1500551367 391364
1500551367 468265
1500551367 544579
1500551367 621594
1500551367 698057
1500551367 775148
1500551367 852522
1500551367 928469
1500551368 4960
1500551368 82003
1500551368 158087
1500551368 235502
1500551368 312294
1500551368 388476
1500551368 464973
1500551368 541976
1500551368 618233
1500551368 695251
1500551368 771682
1500551368 848713
1500551368 924832
1500551369 1999
1500551369 79245
1500551369 228953
1500551369 309072
1500551369 386063
1500551369 462191
1500551369 612171
1500551369 762196
1500551369 837278
1500551369 913496
1500551369 990376
1500551370 66809
1500551370 143686
1500551370 219896
1500551370 297150
1500551370 373322
1500551370 450431
1500551370 526867
1500551370 603835
1500551370 679995
1500551370 757254
1500551370 833689
1500551370 909544
1500551370 986639
1500551371 63250
1500551371 140183
1500551371 216941
1500551371 293747
1500551371 369771
1500551371 447317
1500551371 523352
1500551371 600287
1500551371 676541
1500551371 753636
1500551371 829982
1500551371 907068
1500551371 983224
1500551372 60365
1500551372 136587
1500551372 213827
1500551372 290091
1500551372 367118
1500551372 443268
1500551372 520380
1500551372 597015
1500551372 673958
1500551372 751239
1500551372 827360
1500551372 904409
1500551372 980524
1500551373 57739
1500551373 134936
1500551373 211436
1500551373 288359
1500551373 438274
1500551373 518832
1500551373 595406
1500551373 745349
1500551373 825749
1500551373 901744
1500551373 978993
1500551374 55128
1500551374 132252
1500551374 208762
1500551374 285761
1500551374 362808
1500551374 439023
1500551374 516252
1500551374 592332
1500551374 669542
1500551374 745601
1500551374 822735
1500551374 899000
1500551374 976084
1500551375 52538
1500551375 129612
1500551375 206033
1500551375 282847
1500551375 359214
1500551375 508924
1500551375 579824
1500551375 656769
1500551375 733968
1500551375 810128
1500551375 887218
1500551375 963449
1500551376 40756
1500551376 190463
1500551376 271222
1500551376 347494
1500551376 424627
1500551376 500746
1500551376 578111
1500551376 655183
1500551376 731384
1500551376 807555
1500551376 884626
1500551376 961457
1500551377 38188
1500551377 114142
1500551377 191337
1500551377 341149
1500551377 421136
1500551377 498136
1500551377 576182
1500551377 651690
1500551377 726786
1500551377 803134
1500551377 880134
1500551377 956325
1500551378 33447
1500551378 109868
1500551378 260001
1500551378 340653
1500551378 416835
1500551378 493688
1500551378 570561
1500551378 647061
1500551378 723395
1500551378 800343
1500551378 876699
1500551378 953807
1500551379 30060
1500551379 106945
1500551379 183563
1500551379 288799
1500551379 438143
1500551379 510128
1500551379 586459
1500551379 724766
1500551379 797116
1500551379 874103
1500551380 154732
1500551380 229033
1500551380 306172
1500551380 382395
1500551380 459557
1500551380 535524
1500551380 663233
1500551381 162328
1500551381 236415
1500551381 347587
1500551381 532054
1500551381 610281
1500551381 687483
1500551381 905426
1500551381 985015
1500551382 63645
1500551382 260094
1500551382 339758
1500551382 435347
1500551382 512257
1500551382 589176
1500551382 714578
1500551382 878506
1500551382 953363
1500551383 30408
1500551383 106531
1500551383 230298
1500551383 308229
1500551383 384455
1500551383 563822
1500551383 666464
1500551383 750807
1500551383 826188
1500551384 198290
1500551384 277490
1500551384 354512
1500551384 504184
1500551384 584051
1500551384 661153
1500551384 771012
1500551384 969836
1500551385 85183
1500551385 162232
1500551385 236359
1500551385 312829
1500551385 389866
1500551385 466699
1500551385 543277
1500551385 620346
1500551385 975744
1500551386 52520
1500551386 129403
1500551386 205870
1500551386 325339
1500551386 397135
1500551386 474392
1500551386 550646
1500551386 627777
1500551386 703997
1500551386 781113
1500551386 858158
1500551387 83237
1500551387 244505
1500551387 318592
1500551387 395598
1500551387 493050
1500551387 567943
1500551387 644225
1500551387 721142
1500551387 797554
1500551387 874733
1500551387 951019
1500551388 27807
1500551388 104272
1500551388 181514
1500551388 257542
1500551388 407136
1500551388 479134
1500551388 555364
1500551388 632609
1500551388 708704
1500551388 785613
1500551388 863049
1500551388 939439
1500551389 16221
1500551389 92673
1500551389 169587
1500551389 245819
1500551389 323172
1500551389 399124
1500551389 476685
1500551389 552706
1500551389 629855
1500551389 780213
1500551389 860474
1500551390 10370
1500551390 90051
1500551390 167251
1500551390 244132
1500551390 320389
1500551390 397677
1500551390 473694
1500551390 550752
1500551390 627353
1500551390 703289
1500551390 780467
1500551390 856826
1500551390 933695
1500551391 10063
1500551391 86921
1500551391 236270
1500551391 307767
1500551391 383891
1500551391 460880
1500551391 537505
1500551391 614449
1500551391 690878
1500551391 767938
1500551391 843826
1500551391 921210
1500551391 997395
1500551392 74462
1500551392 150555
1500551392 226867
1500551392 303297
1500551392 380416
1500551392 456641
1500551392 533668
1500551392 610103
1500551392 759682
1500551392 909711
1500551392 984014
1500551393 61160
1500551393 137286
1500551393 214302
1500551393 291508
1500551393 367689
1500551393 443947
1500551393 520983
1500551393 597288
1500551393 673620
1500551393 750557
1500551393 826874
1500551393 904000
1500551393 980328
1500551394 57338
1500551394 133621
1500551394 210795
1500551394 287063
1500551394 364364
1500551394 440462
1500551394 517738
1500551394 598305
1500551394 670884
1500551394 747103
1500551394 823224
1500551394 900610
1500551394 976657
1500551395 52895
1500551395 130292
1500551395 207502
1500551395 283450
1500551395 360571
1500551395 436646
1500551395 513132
1500551395 590165
1500551395 666268
1500551395 743572
1500551395 820756
1500551395 896844
1500551395 974030
1500551396 50633
1500551396 127665
1500551396 204607
1500551396 280829
1500551396 357908
1500551396 434307
1500551396 511239
1500551396 587773
1500551396 664633
1500551396 741059
1500551396 818205
1500551396 894499
1500551396 971408
1500551397 48467
1500551397 198056
1500551397 279041
1500551397 355590
1500551397 431447
1500551397 508586
1500551397 658236
1500551397 729102
1500551397 806263
1500551397 882601
1500551397 959689
1500551398 36003
1500551398 112118
1500551398 189377
1500551398 266724
1500551398 342741
1500551398 419735
1500551398 496005
1500551398 645799
1500551398 725598
1500551398 802997
1500551398 879009
1500551398 956227
1500551399 33439
1500551399 109666
1500551399 187323
1500551399 263092
1500551399 340273
1500551399 417400
1500551399 493385
1500551399 570674
1500551399 720719
1500551399 800396
1500551399 877239
1500551399 953706
1500551400 30837
1500551400 107703
1500551400 257828
1500551400 337370
1500551400 413577
1500551400 490789
1500551400 567863
1500551400 644210
1500551400 721453
1500551400 797295
1500551400 874821
1500551400 950871
1500551401 27809
1500551401 104463
1500551401 180626
1500551401 257629
1500551401 333943
1500551401 411081
1500551401 487214
1500551401 564496
1500551401 640700
1500551401 717762
1500551401 794824
1500551401 944584
1500551402 25295
1500551402 101553
1500551402 178777
1500551402 328194
1500551402 408328
1500551402 485909
1500551402 561601
1500551402 638724
1500551402 715892
1500551402 792277
1500551402 869337
1500551402 945388
1500551403 21721
1500551403 171548
1500551403 243753
1500551403 319758
1500551403 396675
1500551403 472925
1500551403 550831
1500551403 626830
1500551403 702336
1500551403 779431
1500551403 855643
1500551403 932739
1500551404 9050
1500551404 85530
1500551404 459657
1500551404 605810
1500551404 731747
1500551404 805156
1500551404 882213
1500551404 958313
1500551405 35443
1500551405 111612
1500551405 188715
1500551405 264976
1500551405 342309
1500551405 419382
1500551405 495629
1500551405 645750
1500551405 725428
1500551405 802485
1500551405 878566
1500551405 955619
1500551406 31932
1500551406 108999
1500551406 185301
1500551406 261757
1500551406 338494
1500551406 510270
1500551406 600082
1500551406 674512
1500551406 752187
1500551406 902277
1500551406 981323
1500551407 131153
1500551407 201878
1500551407 278963
1500551407 355990
1500551407 432137
1500551407 508393
1500551407 585697
1500551407 661673
1500551407 738977
1500551407 815505
1500551407 892358
1500551407 968638
1500551408 118024
1500551408 198112
1500551408 275799
1500551408 352642
1500551408 428995
1500551408 505295
1500551408 582070
1500551408 658374
1500551408 735411
1500551408 885141
1500551408 965880
1500551409 42221
1500551409 191877
1500551409 272889
1500551409 348862
1500551409 498821
1500551409 569442
1500551409 646796
1500551409 723259
1500551409 799811
1500551409 875977
1500551409 953226
1500551410 29638
1500551410 106622
1500551410 263827
1500551410 337179
1500551410 413678
1500551410 489643
1500551410 567076
1500551410 643152
1500551410 720221
1500551410 796951
1500551410 872585
1500551411 225320
1500551411 304498
1500551411 440333
1500551411 516119
1500551411 592414
1500551411 670012
1500551411 819883
1500551411 900142
1500551411 976400
1500551412 53282
1500551412 129640
1500551412 206652
1500551412 359829
1500551412 441301
1500551412 532383
1500551412 789431
1500551412 868274
1500551413 226317
1500551413 446243
1500551413 574030
1500551413 723858
1500551413 799475
1500551413 876532
1500551413 952531
1500551414 29705
1500551414 105991
1500551414 183045
1500551414 378581
1500551414 451766
1500551414 527852
1500551414 604157
1500551414 682071
1500551414 757561
1500551414 834793
1500551414 911151
1500551415 60462
1500551415 210640
1500551415 284069
1500551415 361339
1500551415 437178
1500551415 514575
1500551415 590662
1500551415 740412
1500551415 811210
1500551415 888389
1500551415 964601
1500551416 41760
1500551416 117779
1500551416 194987
1500551416 344962
1500551416 424683
1500551416 501811
1500551416 578209
1500551416 654942
1500551416 731283
1500551416 808667
1500551416 958250
1500551417 38271
1500551417 115190
1500551417 191439
1500551417 268002
1500551417 344811
1500551417 421227
1500551417 497243
1500551417 812890
1500551417 890577
1500551417 967715
1500551418 44054
1500551418 121090
1500551418 251472
1500551418 360569
1500551418 668075
1500551418 744435
1500551418 820717
1500551418 897492
1500551419 47500
1500551419 127300
1500551419 204576
1500551419 280908
1500551419 357583
1500551419 434045
1500551419 511157
1500551419 587391
1500551419 663478
1500551419 739749
1500551419 816862
1500551419 893101
1500551419 970406
1500551420 46264
1500551420 123782
1500551420 273443
1500551420 353195
1500551420 430445
1500551420 507095
1500551420 583512
1500551420 660629
1500551420 736856
1500551420 813235
1500551420 890055
1500551420 966947
1500551421 43747
1500551421 120003
1500551421 196093
1500551421 272407
1500551421 349630
1500551421 425749
1500551421 502269
1500551421 579418
1500551421 655588
1500551421 732694
1500551421 809200
1500551421 886111
1500551421 962329
1500551422 39293
1500551422 189328
1500551422 269031
1500551422 346081
1500551422 422365
1500551422 498930
1500551422 575515
1500551422 651933
1500551422 728502
1500551422 806027
1500551422 882494
1500551423 28614
1500551423 572034
1500551423 649384
1500551423 966204
1500551424 43220
1500551424 173568
1500551424 253676
1500551424 330722
1500551424 406853
1500551424 645493
1500551424 724452
1500551424 879957
1500551424 997216
1500551425 122845
1500551425 215384
1500551425 289989
1500551425 366620
1500551425 516296
1500551425 587879
1500551425 663980
1500551425 740112
1500551425 817246
1500551425 893469
1500551425 970299
1500551426 46059
1500551426 123191
1500551426 199301
1500551426 275770
1500551426 352750
1500551426 428787
1500551426 506159
1500551426 582355
1500551426 659505
1500551426 735727
1500551426 812697
1500551426 888759
1500551427 38311
1500551427 118622
1500551427 195760
1500551427 272233
1500551427 348192
1500551427 425174
1500551427 503034
1500551427 732260
1500551427 882246
1500551427 962194
1500551428 112097
1500551428 192214
1500551428 268898
1500551428 345431
1500551428 422123
1500551428 498839
1500551428 648514
1500551428 729025
1500551428 805470
1500551428 966242
1500551429 45927
1500551429 194945
1500551429 275897
1500551429 352656
1500551429 427994
1500551429 505293
1500551429 581457
1500551429 658159
1500551429 734729
1500551429 811229
1500551429 889077
1500551429 964495
1500551430 40849
1500551430 117687
1500551430 193937
1500551430 270376
1500551430 346589
1500551430 422622
1500551430 572096
1500551430 644063
1500551430 719669
1500551430 795957
1500551430 946112
1500551431 26225
1500551431 102653
1500551431 178785
1500551431 254969
1500551431 404737
1500551431 484690
1500551431 561699
1500551431 638071
1500551431 714576
1500551431 791557
1500551431 867632
1500551431 944594
1500551432 20931
1500551432 97744
1500551432 174023
1500551432 250102
1500551432 326717
1500551432 403539
1500551432 554340
1500551432 650448
1500551432 730420
1500551432 805840
1500551432 920297
1500551433 124743
1500551433 199078
1500551433 275234
1500551433 352310
1500551433 428525
1500551433 504833
1500551433 599804
1500551433 831599
1500551433 908409
1500551433 983861
1500551434 60954
1500551434 137646
1500551434 214616
1500551434 290590
1500551434 366799
1500551434 443155
1500551434 592815
1500551434 673615
1500551434 749490
1500551434 826437
1500551434 902979
1500551434 979742
1500551435 56424
1500551435 132676
1500551435 208758
1500551435 285430
1500551435 362020
1500551435 439320
1500551435 515386
1500551435 591535
1500551435 668711
1500551435 745183
1500551435 820949
1500551435 898649
1500551436 22767
1500551436 226867
1500551436 300464
1500551436 450588
1500551436 530299
1500551436 607086
1500551436 973506
1500551437 48265
1500551437 444458
1500551437 594534
1500551437 670958
1500551437 747340
1500551437 824064
1500551437 900579
1500551437 976325
1500551438 222198
1500551438 293705
1500551438 425068
1500551438 504720
1500551438 621226
1500551438 983022
1500551439 178418
1500551439 327268
1500551439 405875
1500551439 487577
1500551439 558992
1500551439 812181
1500551439 961570
1500551440 38714
1500551440 115038
1500551440 191994
1500551440 268070
1500551440 344381
1500551440 465410
1500551440 595698
1500551440 670412
1500551440 952386
1500551441 25670
1500551441 279582
1500551441 597625
1500551441 707423
1500551441 983090
1500551442 61995
1500551442 138468
1500551442 214825
1500551442 291073
1500551442 367421
1500551442 443569
1500551442 520525
1500551442 597678
1500551442 673086
1500551442 749940
1500551442 826344
1500551442 902887
1500551442 979445
1500551443 128935
1500551443 199946
1500551443 276610
1500551443 426225
1500551443 506392
1500551443 583388
1500551443 659790
1500551443 736224
1500551443 812883
1500551443 889244
1500551443 965907
1500551444 42368
1500551444 118623
1500551444 267767
1500551444 338322
1500551444 414580
1500551444 491207
1500551444 567356
1500551444 645035
1500551444 721083
1500551444 797725
1500551444 873409
1500551444 950724
1500551445 27036
1500551445 104238
1500551445 180375
1500551445 256515
1500551445 332504
1500551445 410041
1500551445 487281
1500551445 562658
1500551445 638811
1500551445 714940
1500551445 791769
1500551445 868327
1500551445 944585
1500551446 21144
1500551446 97266
1500551446 173426
1500551446 250173
1500551446 327573
1500551446 402936
1500551446 479304
1500551446 556023
1500551446 631817
1500551446 708732
1500551446 785209
1500551446 861234
1500551446 937628
1500551447 14699
1500551447 91004
1500551447 168024
1500551447 244171
1500551447 320752
1500551447 397636
1500551447 473658
1500551447 563555
1500551447 636509
1500551447 712957
1500551447 998705
1500551448 399529
1500551448 471209
1500551448 621184
1500551448 701077
1500551448 776932
1500551448 853620
1500551448 929965
1500551449 7341
1500551449 83477
1500551449 160768
1500551449 237123
1500551449 313420
1500551449 389601
1500551449 465754
1500551449 542076
1500551449 618192
1500551449 694626
1500551449 770897
1500551449 847072
1500551449 923198
1500551450 72665
1500551450 152917
1500551450 229781
1500551450 306063
1500551450 381963
1500551450 459319
1500551450 535562
1500551450 611749
1500551450 761089
1500551450 832497
1500551450 909488
1500551451 73117
1500551451 149360
1500551451 225841
1500551451 387738
1500551451 465468
1500551451 691554
1500551451 762654
1500551451 839024
1500551451 915198
1500551451 992259
1500551452 365473
1500551452 442417
1500551452 558378
1500551452 754557
1500551452 825606
1500551452 951927
1500551453 26989
1500551453 103288
1500551453 179689
1500551453 375765
1500551453 522211
1500551454 231995
1500551454 329803
1500551454 400119
1500551454 532371
1500551454 601561
1500551454 668515
1500551454 735630
1500551454 885496
1500551455 125996
1500551455 491481
1500551455 561756
1500551455 711655
1500551455 782159
1500551455 849240
1500551455 916197
1500551456 42148
1500551456 117880
1500551456 187245
1500551456 389545
1500551456 514460
1500551456 625673
1500551456 732810
1500551456 854320
1500551456 989234
1500551457 58894
1500551457 141505
1500551457 212300
1500551457 289347
1500551457 365553
1500551457 513418
1500551457 709218
1500551457 789037
1500551457 885538
1500551458 80724
1500551458 230061
1500551458 307469
1500551458 384006
1500551458 460219
1500551458 537285
1500551458 658816
1500551458 738825
1500551458 815896
1500551458 965587
1500551459 46197
1500551459 122544
1500551459 198818
1500551459 302201
1500551459 379928
1500551459 457308
1500551459 533639
1500551459 609433
1500551459 686870
1500551459 837106
1500551459 916436
1500551460 92462
1500551460 184967
1500551460 261799
1500551460 338504
1500551460 413646
1500551460 563138
1500551460 635041
1500551460 712012
1500551460 787942
1500551460 864178
1500551460 940291
1500551461 89836
1500551461 169952
1500551461 246191
1500551461 321764
1500551461 399258
1500551461 548888
1500551461 629277
1500551461 705279
1500551461 810846
1500551461 936700
1500551462 12585
1500551462 88239
1500551462 165307
1500551462 306284
1500551462 386098
1500551462 462051
1500551462 539241
1500551462 615403
1500551462 692546
1500551462 768997
1500551462 845100
1500551462 921175
1500551462 996905
1500551463 146668
1500551463 218426
1500551463 295296
1500551463 371541
1500551463 447742
1500551463 523926
1500551463 600321
1500551463 675873
1500551463 753715
1500551463 829696
1500551463 905525
1500551463 982194
1500551464 59366
1500551464 135440
1500551464 212963
1500551464 289923
1500551464 476834
1500551464 626523
1500551464 701501
1500551464 769235
1500551464 836178
1500551464 903325
1500551464 971010
1500551465 37746
1500551465 104814
1500551465 254439
1500551465 326423
1500551465 393506
1500551465 543668
1500551465 614012
1500551465 681154
1500551465 748146
1500551465 815432
1500551465 882536
1500551465 949606
1500551466 99098
1500551466 170258
1500551466 237411
1500551466 306073
1500551466 372696
1500551466 439834
1500551466 589667
1500551466 660396
1500551466 727626
1500551466 794513
1500551466 999323
1500551467 73345
1500551467 140398
1500551467 207438
1500551467 275017
1500551467 357627
1500551467 428065
1500551467 495281
1500551467 562313
1500551467 629685
1500551467 696731
1500551467 767303
1500551467 841116
1500551467 918267
1500551467 994381
1500551468 71574
1500551468 148795
1500551468 224675
1500551468 318142
1500551468 388122
1500551468 465389
1500551468 875037
1500551469 24852
1500551469 99149
1500551469 176066
1500551469 252184
1500551469 430019
1500551469 510880
1500551469 587373
1500551469 664528
1500551469 740827
1500551469 936343
1500551470 9104
1500551470 285402
1500551470 364121
1500551470 640789
1500551470 718848
1500551470 843239
1500551470 920209
1500551470 996388
1500551471 72710
1500551471 209751
1500551471 344248
1500551471 417649
1500551471 494742
1500551471 645396
1500551471 724268
1500551471 800507
1500551471 876761
1500551471 953936
1500551472 30061
1500551472 106130
1500551472 182110
1500551472 331585
1500551472 403321
1500551472 480412
1500551472 556658
1500551472 633703
1500551472 709968
1500551472 786022
1500551472 863131
1500551472 939427
1500551473 15170
1500551473 91904
1500551473 168906
1500551473 244857
1500551473 321222
1500551473 398643
1500551473 474745
1500551473 550999
1500551473 628206
1500551473 704017
1500551473 781407
1500551473 857790
1500551473 934258
1500551474 11029
1500551474 87376
1500551474 164693
1500551474 240625
1500551474 316912
1500551474 394200
1500551474 471292
1500551474 547626
1500551474 697820
1500551474 778138
1500551474 854448
1500551474 930348
1500551475 7725
1500551475 83466
1500551475 161286
1500551475 238201
1500551475 314416
1500551475 390628
1500551475 467905
1500551475 617697
1500551475 698482
1500551475 774578
1500551475 851002
1500551475 928277
1500551476 4458
1500551476 81346
1500551476 157487
1500551476 234022
1500551476 310926
1500551476 386591
1500551476 470934
1500551476 734202
1500551476 862045
1500551477 12042
1500551477 87113
1500551477 164351
1500551477 231941
1500551477 447811
1500551477 519763
1500551477 596767
1500551477 663952
1500551477 731011
1500551477 798335
1500551477 865413
1500551477 932407
1500551477 999931
1500551478 66764
1500551478 216386
1500551478 287385
1500551478 354859
1500551478 421959
1500551478 488871
1500551478 556014
1500551478 624199
1500551478 700151
1500551478 767532
1500551478 918272
1500551478 988951
1500551479 56159
1500551479 123635
1500551479 190518
1500551479 257298
1500551479 324534
1500551479 897108
1500551480 47220
1500551480 121760
1500551480 197784
1500551480 264915
1500551480 332754
1500551480 462818
1500551480 534789
1500551480 610669
1500551480 677587
1500551480 744966
1500551480 812125
1500551480 880211
1500551480 956472
1500551481 33676
1500551481 210848
1500551481 283503
1500551481 359472
1500551481 436275
1500551481 513594
1500551481 590032
1500551481 667042
1500551481 744156
1500551481 820406
1500551481 897481
1500551481 973814
1500551482 80306
1500551482 185834
1500551482 335191
1500551482 415587
1500551482 493085
1500551482 569172
1500551482 646224
1500551482 722416
1500551482 798801
1500551482 876039
1500551482 951983
1500551483 29154
1500551483 105229
1500551483 182594
1500551483 258191
1500551483 335827
1500551483 877352
1500551484 60965
1500551484 239341
1500551484 348737
1500551484 435241
1500551484 543878
1500551484 783831
1500551484 933214
1500551485 5182
1500551485 82135
1500551485 158285
1500551485 235230
1500551485 311435
1500551485 387926
1500551485 464825
1500551485 541302
1500551485 618182
1500551485 768312
1500551485 847962
1500551485 925056
1500551486 1287
1500551486 78497
1500551486 154447
1500551486 230778
1500551486 307918
1500551486 385173
1500551486 461283
1500551486 537339
1500551486 613727
1500551486 802008
1500551486 943106
1500551487 18338
1500551487 464833
1500551487 555644
1500551487 631146
1500551487 707308
1500551487 784640
1500551488 86274
1500551488 236595
1500551488 312037
1500551488 469168
1500551488 542507
1500551488 619223
1500551488 695890
1500551488 772755
1500551488 848910
1500551488 925231
1500551489 2295
1500551489 78328
1500551489 154815
1500551489 231219
1500551489 469233
1500551489 562729
1500551489 664865
1500551489 739503
1500551490 4580
1500551490 85242
1500551490 538299
1500551490 613642
1500551490 763966
1500551490 842987
1500551490 920272
1500551490 996357
1500551491 73557
1500551491 151568
1500551491 226914
1500551491 303023
1500551491 380078
1500551491 457085
1500551491 533287
1500551491 610688
1500551491 760714
1500551491 840331
1500551491 917434
1500551491 994413
1500551492 70561
1500551492 147123
1500551492 223192
1500551492 300100
1500551492 377453
1500551492 453773
1500551492 530796
1500551492 607182
1500551492 684212
1500551492 760631
1500551492 910685
1500551492 991035
1500551493 140932
1500551493 221428
1500551493 297638
1500551493 374652
1500551493 452030
1500551493 601841
1500551493 681826
1500551493 758671
1500551493 834907
1500551493 911046
1500551493 988193
1500551494 64165
1500551494 141445
1500551494 217728
1500551494 293982
1500551494 371498
1500551494 446874
1500551494 524589
1500551494 600889
1500551494 677962
1500551494 754205
1500551494 830819
1500551494 907716
1500551494 985072
1500551495 61173
1500551495 137182
1500551495 214211
1500551495 290018
1500551495 367640
1500551495 443733
1500551495 520250
1500551495 597350
1500551495 673683
1500551495 750542
1500551495 827651
1500551495 903916
1500551495 980220
1500551496 57306
1500551496 133457
1500551496 209740
1500551496 285851
1500551496 363079
1500551496 439282
1500551496 515617
1500551496 592837
1500551496 669194
1500551496 745174
1500551496 821596
1500551496 898600
1500551496 974727
1500551497 51254
1500551497 127535
1500551497 243908
1500551497 318305
1500551497 476950
1500551497 549336
1500551497 784246
1500551498 126152
1500551498 202119
1500551498 352942
1500551498 431343
1500551498 508488
1500551498 584917
1500551498 817395
1500551498 904738
1500551499 82552
1500551499 161074
1500551499 311415
1500551499 391564
1500551499 467818
1500551499 544031
1500551499 621228
1500551499 697230
1500551499 773470
1500551499 911399
1500551499 984011
1500551500 61220
1500551500 137499
1500551500 214535
1500551500 290984
1500551500 367106
1500551500 443620
1500551500 520413
1500551500 596723
1500551500 673866
1500551500 750258
1500551500 854999
1500551500 932595
1500551501 9759
1500551501 108217
1500551501 181520
1500551501 258511
1500551501 334648
1500551501 547967
1500551501 676198
1500551501 764411
1500551501 842635
1500551501 918942
1500551502 24992
1500551502 175350
1500551502 255681
1500551502 331709
1500551502 408163
1500551502 484199
1500551502 561621
1500551502 637825
1500551502 714902
1500551502 791265
1500551502 868038
1500551502 944549
1500551503 21625
1500551503 97925
1500551503 175278
1500551503 252355
1500551503 328734
1500551503 404442
1500551503 480879
1500551503 557725
1500551503 634176
1500551503 711269
1500551503 787635
1500551503 864611
1500551503 940885
1500551504 17036
1500551504 94304
1500551504 170568
1500551504 247480
1500551504 323776
1500551504 401043
1500551504 477838
1500551504 554295
1500551504 630438
1500551504 706972
1500551504 782868
1500551504 859168
1500551504 935557
1500551505 12559
1500551505 88918
1500551505 166033
1500551505 242258
1500551505 319243
1500551505 395451
1500551505 471723
1500551505 621059
1500551505 702192
1500551505 778460
1500551505 855631
1500551505 932217
1500551506 9159
1500551506 85178
1500551506 235287
1500551506 315074
1500551506 391977
1500551506 468162
1500551506 544398
1500551506 621694
1500551506 697508
1500551506 774326
1500551506 851252
1500551506 927494
1500551507 3755
1500551507 79831
1500551507 155987
1500551507 232197
1500551507 309455
1500551507 385767
1500551507 462762
1500551507 538765
1500551507 615115
1500551507 691686
1500551507 768607
1500551507 918449
1500551507 999258
1500551508 75490
1500551508 152367
1500551508 228257
1500551508 306021
1500551508 382102
1500551508 457988
1500551508 535485
1500551508 611827
1500551508 687920
1500551508 837264
1500551508 918449
1500551508 994499
1500551509 70988
1500551509 148159
1500551509 224355
1500551509 374014
1500551509 454780
1500551509 532140
1500551509 608132
1500551509 685499
1500551509 835884
1500551509 916013
1500551509 992069
1500551510 68179
1500551510 218276
1500551510 297821
1500551510 374322
1500551510 450399
1500551510 527700
1500551510 603691
1500551510 680728
1500551510 757027
1500551510 833268
1500551510 909418
1500551510 985712
1500551511 62015
1500551511 138082
1500551511 214834
1500551511 291700
1500551511 367898
1500551511 443936
1500551511 520823
1500551511 598510
1500551511 674455
1500551511 824050
1500551511 905252
1500551511 981544
1500551512 131625
1500551512 211791
1500551512 288101
1500551512 364463
1500551512 441484
1500551512 517754
1500551512 593891
1500551512 671145
1500551512 821319
1500551512 901590
1500551512 977989
1500551513 53926
1500551513 130271
1500551513 207306
1500551513 283784
1500551513 360609
1500551513 437391
1500551513 513183
1500551513 590376
1500551513 666638
1500551513 742644
1500551513 818944
1500551513 896250
1500551513 972538
1500551514 112471
1500551514 192957
1500551514 269054
1500551514 346288
1500551514 421867
1500551514 833086
1500551514 922589
1500551515 4174
1500551515 316429
1500551515 391903
1500551515 459688
1500551515 526919
1500551515 594034
1500551515 661165
1500551515 728366
1500551515 878304
1500551515 949021
1500551516 16213
1500551516 83499
1500551516 233009
1500551516 304525
1500551516 454190
1500551516 525175
1500551516 592492
1500551516 659581
1500551516 726756
1500551516 793746
1500551516 860765
1500551516 928515
1500551516 995357
1500551517 62402
1500551517 129612
1500551517 196704
1500551517 263921
1500551517 330952
1500551517 399122
1500551517 549319
1500551517 619884
1500551517 687054
1500551517 754100
1500551517 873643
1500551517 945424
1500551518 13545
1500551518 158150
1500551518 309470
1500551518 421812
1500551518 583360
1500551518 656042
1500551518 770889
1500551518 838410
1500551518 905660
1500551518 972894
1500551519 39754
1500551519 189865
1500551519 261370
1500551519 337646
1500551519 414566
1500551519 491774
1500551519 567944
1500551519 645181
1500551519 722175
1500551519 798862
1500551519 875714
1500551519 951828
1500551520 28969
1500551520 106187
1500551520 182453
1500551520 259444
1500551520 336818
1500551520 421315
1500551520 499344
1500551520 576243
1500551520 660551
1500551520 792644
1500551520 921767
1500551521 12561
1500551521 162505
1500551521 311745
1500551521 391327
1500551521 467498
1500551521 543642
1500551521 619904
1500551521 696109
1500551521 772527
1500551521 848335
1500551521 924755
1500551522 1171
1500551522 78075
1500551522 154351
1500551522 230747
1500551522 307824
1500551522 383988
1500551522 460011
1500551522 537375
1500551522 614063
1500551522 690674
1500551522 767214
1500551522 843279
1500551522 920391
1500551522 996773
1500551523 358947
1500551523 810920
1500551523 890140
1500551523 965929
1500551524 43246
1500551524 118888
1500551524 195578
1500551524 271607
1500551524 347762
1500551524 424032
1500551524 500347
1500551524 577069
1500551524 653707
1500551524 730367
1500551524 807066
1500551524 884140
1500551524 960632
1500551525 37997
1500551525 295617
1500551525 395597
1500551525 652451
1500551525 802630
1500551525 882014
1500551525 957289
1500551526 25126
1500551526 101452
1500551526 177786
1500551526 246362
1500551526 313483
1500551526 380688
1500551526 447616
1500551526 514900
1500551526 664617
1500551526 735651
1500551526 802672
1500551526 886776
1500551526 956154
1500551527 23414
1500551527 173390
1500551527 244721
1500551527 311901
1500551527 378902
1500551527 446126
1500551527 513173
1500551527 580561
1500551527 647634
1500551527 714863
1500551527 781752
1500551527 848922
1500551527 916146
1500551527 983516
1500551528 50537
1500551528 117630
1500551528 184865
1500551528 334801
1500551528 406219
1500551528 473420
1500551528 623634
1500551528 694022
1500551528 761102
1500551528 828328
1500551528 965619
1500551529 39780
1500551529 106931
1500551529 186088
1500551529 265075
1500551529 337315
1500551529 404411
1500551529 471700
1500551529 538871
1500551529 605883
1500551529 673041
1500551529 740226
1500551529 890110
1500551529 964194
1500551530 96881
1500551530 301006
1500551530 373823
1500551530 557287
1500551530 642776
1500551530 792678
1500551530 942804
1500551531 17348
1500551531 94593
1500551531 170803
1500551531 247746
1500551531 324832
1500551531 400985
1500551531 478130
1500551531 554427
1500551531 631467
1500551531 709169
1500551531 785061
1500551531 862114
1500551531 939300
1500551532 16050
1500551532 92844
1500551532 195721
1500551532 422143
1500551532 508294
1500551532 657982
1500551532 735226
1500551532 811402
1500551532 887326
1500551532 964490
1500551533 40843
1500551533 116997
1500551533 193231
1500551533 282330
1500551533 398191
1500551533 470973
1500551533 600355
1500551533 693210
1500551533 767878
1500551533 844022
1500551533 920428
1500551533 997515
1500551534 123164
1500551534 197896
1500551534 274477
1500551534 351243
1500551534 427926
1500551534 504439
1500551534 580732
1500551534 657714
1500551534 734025
1500551534 810381
1500551535 44837
1500551535 117400
1500551535 220863
1500551535 395731
1500551535 591998
1500551535 878076
1500551535 951750
1500551536 28793
1500551536 104090
1500551536 180978
1500551536 715364
1500551536 915538
1500551536 996921
1500551537 111916
1500551537 188533
1500551537 264497
1500551537 341903
1500551537 417865
1500551537 494924
1500551537 571050
1500551537 647354
1500551537 724425
1500551537 874140
1500551537 954364
1500551538 31503
1500551538 181487
1500551538 260792
1500551538 340482
1500551538 414152
1500551538 491374
1500551538 567766
1500551538 644544
1500551539 189245
1500551539 268399
1500551539 418444
1500551539 499090
1500551539 616288
1500551539 690107
1500551539 790133
1500551539 910699
1500551539 988076
1500551540 114659
1500551540 189526
1500551540 265543
1500551540 341861
1500551540 497720
1500551540 638364
1500551540 716888
1500551540 792889
1500551540 869291
1500551540 946219
1500551541 22655
1500551541 99629
1500551541 176477
1500551541 252786
1500551541 352810
1500551541 541741
1500551541 616732
1500551541 775141
1500551541 925550
1500551542 37
1500551542 76921
1500551542 227050
1500551542 307791
1500551542 383911
1500551542 459966
1500551542 536327
1500551542 612275
1500551542 688713
1500551542 765789
1500551542 842119
1500551542 918090
1500551542 995208
1500551543 71822
1500551543 147804
1500551543 225118
1500551543 301186
1500551543 377423
1500551543 454432
1500551543 530621
1500551543 607620
1500551543 684188
1500551543 760771
1500551543 837584
1500551543 914620
1500551544 11864
1500551544 575908
1500551544 726072
1500551544 806745
1500551544 883965
1500551545 68304
1500551545 142735
1500551545 219919
1500551545 295317
1500551545 406647
1500551545 557331
1500551545 747412
1500551545 897611
1500551545 967419
1500551546 117257
1500551546 266922
1500551546 332393
1500551546 400495
1500551546 467253
1500551546 534486
1500551546 601928
1500551546 668960
1500551546 735868
1500551546 885572
1500551546 956612
1500551547 23638
1500551547 90803
1500551547 158769
1500551547 225118
1500551547 292274
1500551547 359341
1500551547 426503
1500551547 494557
1500551547 561914
1500551547 629270
1500551547 696009
1500551547 763317
1500551547 830279
1500551547 897573
1500551547 964832
1500551548 31953
1500551548 99090
1500551548 166314
1500551548 233396
1500551548 300536
1500551548 367630
1500551548 434777
1500551548 501918
1500551548 569099
1500551548 636578
1500551548 703510
1500551548 770485
1500551548 838908
1500551548 915007
1500551548 982026
1500551549 59228
1500551549 135598
1500551549 212650
1500551549 289699
1500551549 373412
1500551549 443171
1500551549 520253
1500551549 596911
1500551549 673767
1500551549 750608
1500551549 827019
1500551549 961481
1500551550 268163
1500551550 439347
1500551550 518661
1500551550 594715
1500551550 714519
1500551550 863932
1500551550 985943
1500551551 66142
1500551551 142067
1500551551 292289
1500551551 372694
1500551551 449602
1500551551 658099
1500551551 737443
1500551551 813647
1500551551 889799
1500551552 12039
1500551552 91189
1500551552 205837
1500551552 290049
1500551552 475000
1500551552 551485
1500551552 628713
1500551552 704811
1500551552 780966
1500551552 858031
1500551552 934196
1500551553 11179
1500551553 87392
1500551553 164684
1500551553 240947
1500551553 317214
1500551553 393725
1500551553 470590
1500551553 546642
1500551553 634597
1500551553 762231
1500551553 905387
1500551554 90197
1500551554 224467
1500551554 302994
1500551554 379982
1500551554 456321
1500551554 533293
1500551554 609482
1500551554 686645
1500551554 763496
1500551554 839005
1500551554 915406
1500551554 991170
1500551555 68002
1500551555 144628
1500551555 220997
1500551555 297146
1500551555 458378
1500551555 536926
1500551555 613021
1500551555 763003
1500551555 843105
1500551555 919812
1500551555 995993
1500551556 72367
1500551556 260568
1500551556 367821
1500551556 445477
1500551556 595708
1500551556 676591
1500551556 751978
1500551556 828746
1500551556 905488
1500551556 981759
1500551557 57857
1500551557 134900
1500551557 211198
1500551557 287553
1500551557 364336
1500551557 440751
1500551557 517434
1500551557 594111
1500551557 670511
1500551557 747144
1500551557 824074
1500551557 899998
1500551557 977057
1500551558 52911
1500551558 128812
1500551558 205031
1500551558 281218
1500551558 358423
1500551558 434495
1500551558 510944
1500551558 586953
1500551558 663955
1500551558 740282
1500551558 816712
1500551558 892973
1500551558 969609
1500551559 46260
1500551559 122196
1500551559 198857
1500551559 275850
1500551559 351958
1500551559 428874
1500551559 505732
1500551559 581658
1500551559 657848
1500551559 734212
1500551559 883701
1500551559 963681
1500551560 39876
1500551560 116473
1500551560 193037
1500551560 271228
1500551560 388715
1500551560 460925
1500551560 627720
1500551560 716150
1500551560 941612
1500551561 388996
1500551561 467443
1500551561 864368
1500551561 938057
1500551562 14269
1500551562 90984
1500551562 167598
1500551562 244311
1500551562 320003
1500551562 397417
1500551562 473597
1500551562 549984
1500551562 626917
1500551562 774816
1500551563 23788
1500551563 206860
1500551563 410055
1500551563 489484
1500551563 565641
1500551563 715709
1500551563 795932
1500551563 945675
1500551564 25741
1500551564 101908
1500551564 178725
1500551564 328448
1500551564 408584
1500551564 485217
1500551564 561769
1500551564 711199
1500551564 792580
1500551564 867882
1500551564 944607
1500551565 21376
1500551565 97304
1500551565 174669
1500551565 250745
1500551565 327257
1500551565 404194
1500551565 480308
1500551565 556309
1500551565 633492
1500551565 710185
1500551565 786884
1500551565 862679
1500551565 940385
1500551566 16570
1500551566 93354
1500551566 170241
1500551566 319789
1500551566 399492
1500551566 476240
1500551566 552714
1500551566 628832
1500551566 706341
1500551566 783273
1500551566 860044
1500551567 9757
1500551567 90272
1500551567 166332
1500551567 243875
1500551567 320293
1500551567 396994
1500551567 473060
1500551567 549210
1500551567 626752
1500551567 702464
1500551567 779680
1500551567 855920
1500551567 933171
1500551568 8705
1500551568 85199
1500551568 235127
1500551568 315769
1500551568 391521
1500551568 468241
1500551568 545042
1500551568 622301
1500551568 698468
1500551568 776141
1500551568 851349
1500551568 928480
1500551568 995751
1500551569 71718
1500551569 140431
1500551569 207401
1500551569 274614
1500551569 341754
1500551569 491184
1500551569 562404
1500551569 629404
1500551569 696450
1500551569 763930
1500551569 916973
1500551569 984135
1500551570 51309
1500551570 119556
1500551570 186796
1500551570 254188
1500551570 321012
1500551570 468647
1500551570 541365
1500551570 688215
1500551570 762058
1500551571 51161
1500551571 157957
1500551571 232916
1500551571 383199
1500551571 453616
1500551571 520632
1500551571 587825
1500551571 665149
1500551571 746904
1500551571 818360
1500551571 895571
1500551571 971791
1500551572 48944
1500551572 198582
1500551572 269462
1500551572 346617
1500551572 422553
1500551572 500008
1500551572 576974
1500551572 653121
1500551572 730118
1500551572 936828
1500551573 9015
1500551573 84995
1500551573 162180
1500551573 238606
1500551573 388746
1500551573 468476
1500551573 544898
1500551573 622288
1500551573 698053
1500551573 775607
1500551573 851639
1500551573 929311
1500551574 5538
1500551574 88931
1500551574 170865
1500551574 244555
1500551574 321899
1500551574 418582
1500551574 520470
1500551574 598823
1500551574 829191
1500551574 972167
1500551575 223124
1500551575 299745
1500551575 375770
1500551575 464759
1500551575 538485
1500551575 623766
1500551575 701632
1500551575 777336
1500551576 411939
1500551576 487886
1500551576 612247
1500551576 688688
1500551576 764802
1500551576 841273
1500551576 918096
1500551577 53297
1500551577 129322
1500551577 278513
1500551577 359873
1500551577 435440
1500551577 513052
1500551577 662965
1500551577 742507
1500551577 818543
1500551577 895307
1500551577 971754
1500551578 49087
1500551578 125226
1500551578 202955
1500551578 278778
1500551578 355504
1500551578 432057
1500551578 508058
1500551578 585804
1500551578 661672
1500551578 738344
1500551578 815092
1500551578 891491
1500551578 968077
1500551579 44999
1500551579 121127
1500551579 197438
1500551579 274195
1500551579 350783
1500551579 427508
1500551579 503603
1500551579 581252
1500551579 657658
1500551579 733515
1500551579 809450
1500551579 890386
1500551579 977211
1500551580 50218
1500551580 126434
1500551580 202027
1500551580 278665
1500551580 356046
1500551580 496671
1500551580 883159
1500551580 960069
1500551581 36021
1500551581 112486
1500551581 311438
1500551581 390970
1500551581 466638
1500551581 543898
1500551581 627097
1500551581 706692
1500551581 782323
1500551581 989146
1500551582 157254
1500551582 318181
1500551582 396865
1500551582 473417
1500551582 638146
1500551582 726538
1500551582 799473
1500551582 878803
1500551582 951487
1500551583 28565
1500551583 104502
1500551583 182191
1500551583 258258
1500551583 334522
1500551583 410499
1500551583 520441
1500551583 669971
1500551583 746799
1500551583 823015
1500551583 898561
1500551583 976107
1500551584 57392
1500551584 197070
1500551584 398562
1500551584 572160
1500551585 26757
1500551585 107197
1500551585 184353
1500551585 260210
1500551585 423690
1500551585 839621
1500551585 923174
1500551586 26319
1500551586 179772
1500551586 292361
1500551586 372707
1500551586 449615
1500551586 599256
1500551586 680196
1500551586 747743
1500551586 814656
1500551586 882141
1500551586 949435
1500551587 16498
1500551587 87202
1500551587 160829
1500551587 227721
1500551587 295441
1500551587 445165
1500551587 515512
1500551587 665229
1500551587 736072
1500551587 804233
1500551587 871283
1500551587 938352
1500551588 5335
1500551588 72488
1500551588 140032
1500551588 207476
1500551588 357302
1500551588 427629
1500551588 494744
1500551588 644103
1500551588 715184
1500551588 783105
1500551588 850404
1500551588 917548
1500551589 92728
1500551589 167361
1500551589 243403
1500551589 310502
1500551589 377719
1500551589 444849
1500551589 609567
1500551589 685481
1500551589 835224
1500551589 905858
1500551589 983178
1500551590 59124
1500551590 136084
1500551590 213332
1500551590 289488
1500551590 366793
1500551590 444012
1500551590 519942
1500551590 597216
1500551590 673275
1500551590 750661
1500551590 900564
1500551590 981252
1500551591 57326
1500551591 134753
1500551591 211417
1500551591 287741
1500551591 363872
1500551591 441238
1500551591 521357
1500551591 593546
1500551591 845652
1500551591 938853
1500551592 15500
1500551592 92964
1500551592 168683
1500551592 245973
1500551592 322442
1500551592 398511
1500551592 473766
1500551592 550601
1500551592 627213
1500551592 704538
1500551592 782450
1500551592 856676
1500551593 5926
1500551593 87785
1500551593 163741
1500551593 313095
1500551593 393061
1500551593 470441
1500551593 619830
1500551593 700486
1500551593 775909
1500551593 852258
1500551593 928618
1500551594 137346
1500551594 216406
1500551594 292261
1500551594 572970
1500551594 647623
1500551594 723416
1500551594 800979
1500551594 950302
1500551595 30976
1500551595 107375
1500551595 183843
1500551595 259080
1500551595 336073
1500551595 485293
1500551595 565378
1500551595 642937
1500551595 718816
1500551595 795326
1500551595 872242
1500551595 949867
1500551596 25705
1500551596 103270
1500551596 179487
1500551596 255274
1500551596 331610
1500551596 407878
1500551596 483985
1500551596 561424
1500551596 637092
1500551596 714768
1500551596 791027
1500551596 867251
1500551596 943217
1500551597 19747
1500551597 95797
1500551597 172024
1500551597 249380
1500551597 325053
1500551597 426953
1500551597 506954
1500551597 584306
1500551597 659937
1500551598 51741
1500551598 130601
1500551598 227811
1500551598 302880
1500551598 452076
1500551598 533586
1500551598 609167
1500551598 686308
1500551598 762797
1500551598 840160
1500551598 916381
1500551598 992331
1500551599 69831
1500551599 145930
1500551599 223135
1500551599 298712
1500551599 596301
1500551599 674305
1500551599 795691
1500551599 875746
1500551599 951815
1500551600 27516
1500551600 105227
1500551600 181518
1500551600 256882
1500551600 333850
1500551600 410348
1500551600 485443
1500551600 562543
1500551600 639940
1500551600 715722
1500551600 793130
1500551600 869296
1500551600 945730
1500551601 23028
1500551601 99217
1500551601 175770
1500551601 243006
1500551601 319028
1500551601 386668
1500551601 454194
1500551601 520799
1500551601 587974
1500551601 655168
1500551601 722618
1500551601 790510
1500551601 939977
1500551602 11021
1500551602 160523
1500551602 232025
1500551602 298669
1500551602 365741
1500551602 433026
1500551602 500112
1500551602 567149
1500551602 716395
1500551602 789266
1500551602 865107
1500551602 932110
1500551602 999403
1500551603 66551
1500551603 134495
1500551603 284365
1500551603 355336
1500551603 505344
1500551603 575734
1500551603 652833
1500551603 728991
1500551603 805973
1500551603 883205
1500551603 959508
1500551604 36669
1500551604 113652
1500551604 189798
1500551604 267104
1500551604 343663
1500551604 420655
1500551604 497686
1500551604 573883
1500551604 723993
1500551604 802571
1500551604 879487
1500551604 955452
1500551605 31808
1500551605 108127
1500551605 184541
1500551605 261679
1500551605 347465
1500551605 425120
1500551605 509930
1500551605 598483
1500551605 672756
1500551605 749472
1500551605 898973
1500551605 980827
1500551606 56663
1500551606 132683
1500551606 209214
1500551606 286238
1500551606 362707
1500551606 512533
1500551606 593105
1500551606 669383
1500551606 819388
1500551606 899891
1500551606 975643
1500551607 53077
1500551607 129279
1500551607 206763
1500551607 282650
1500551607 359819
1500551607 435751
1500551607 503289
1500551607 570331
1500551607 637977
1500551607 704782
1500551607 771751
1500551607 838938
1500551607 924307
1500551608 88335
1500551608 157046
1500551608 232996
1500551608 382543
1500551608 453476
1500551608 602852
1500551608 674861
1500551608 742309
1500551608 818202
1500551608 967809
1500551609 39693
1500551609 115823
1500551609 193419
1500551609 270356
1500551609 346495
1500551609 423421
1500551609 500664
1500551609 642154
1500551609 721363
1500551609 797459
1500551609 874525
1500551609 951767
1500551610 27872
1500551610 103989
1500551610 181445
1500551610 258460
1500551610 334333
1500551610 412088
1500551610 487830
1500551610 565204
1500551610 641320
1500551610 731486
1500551610 804967
1500551610 881068
1500551610 956814
1500551611 33941
1500551611 101806
1500551611 168710
1500551611 235754
1500551611 302744
1500551611 370312
1500551611 519880
1500551611 631604
1500551611 713376
1500551611 783065
1500551611 850126
1500551611 917422
1500551612 67140
1500551612 137827
1500551612 229562
1500551612 532759
1500551612 788942
1500551612 866548
1500551612 934995
1500551613 2144
1500551613 70018
1500551613 296450
1500551613 367144
1500551613 434981
1500551613 511110
1500551613 660992
1500551613 731794
1500551613 947818
1500551614 122851
1500551614 248789
1500551614 420761
1500551614 647198
1500551614 720823
1500551614 797907
1500551614 874164
1500551614 951344
1500551615 28304
1500551615 104486
1500551615 181765
1500551615 258029
1500551615 335220
1500551615 412216
1500551615 505186
1500551615 584775
1500551615 959766
1500551616 121197
1500551616 407236
1500551616 690579
1500551616 819145
1500551616 899839
1500551616 975958
1500551617 94167
1500551617 168606
1500551617 246186
1500551617 321804
1500551617 446737
1500551617 596760
1500551617 676607
1500551617 752643
1500551617 829341
1500551617 905920
1500551618 87357
1500551618 179117
1500551618 260360
1500551618 337094
1500551618 413560
1500551618 563649
1500551618 644052
1500551618 720330
1500551618 870614
1500551618 949803
1500551619 25892
1500551619 101847
1500551619 179578
1500551619 287086
1500551619 361094
1500551619 536761
1500551619 763872
1500551619 841169
1500551619 928376
1500551620 78429
1500551620 156959
1500551620 232970
1500551620 308773
1500551620 385480
1500551620 462599
1500551620 538768
1500551620 615256
1500551621 483163
1500551621 556475
1500551621 669805
1500551621 819166
1500551621 918815
1500551621 997142
1500551622 73412
1500551622 223501
1500551622 303561
1500551622 371211
1500551622 438449
