1501771210 569876
1501771210 675316
1501771210 799662
1501771210 904726
1501771211 46
1501771211 230623
1501771211 306876
1501771211 382995
1501771211 546374
1501771211 622590
1501771211 948401
1501771212 24668
1501771212 100787
1501771212 178031
1501771212 254232
1501771212 330493
1501771212 406658
1501771212 473819
1501771212 540996
1501771212 675292
1501771212 752497
1501771212 828699
1501771212 905754
1501771212 972091
1501771213 49211
1501771213 125376
1501771213 202545
1501771213 268793
1501771213 335988
1501771213 403973
1501771213 470236
1501771213 700777
1501771213 767961
1501771213 922250
1501771214 103699
1501771214 315138
1501771214 459476
1501771214 527901
1501771214 823392
1501771214 890491
1501771215 92867
1501771215 217218
1501771215 283466
1501771215 350610
1501771215 475835
1501771215 542248
1501771215 667317
1501771215 733586
1501771215 800802
1501771215 887838
1501771216 88513
1501771216 155693
1501771216 222733
1501771216 288961
1501771216 394251
1501771216 490495
1501771216 652885
1501771216 797171
1501771216 864375
1501771216 931468
1501771216 997730
1501771217 64971
1501771217 132965
1501771217 199211
1501771217 266377
1501771217 334406
1501771217 401008
1501771217 525886
1501771217 688374
1501771217 755496
1501771217 821818
1501771217 908922
1501771217 976030
1501771218 42336
1501771218 110322
1501771218 186583
1501771218 263042
1501771218 339183
1501771218 416224
1501771218 492384
1501771218 559499
1501771218 626760
1501771218 771079
1501771218 847311
1501771218 924367
1501771218 990758
1501771219 57791
1501771219 144904
1501771219 269269
1501771219 336392
1501771219 585053
1501771219 710338
1501771219 786565
1501771219 862779
1501771220 207667
1501771220 322851
1501771220 438130
1501771220 534511
1501771220 601489
1501771220 735875
1501771221 244161
1501771221 320199
1501771221 541643
1501771221 752229
1501771221 885578
1501771222 231424
1501771222 307518
1501771222 393743
1501771222 883057
1501771222 998194
1501771223 102553
1501771223 169635
1501771223 236818
1501771223 304876
1501771223 372007
1501771223 438285
1501771223 525482
1501771223 592620
1501771223 659704
1501771223 725986
1501771223 794044
1501771223 861200
1501771223 927442
1501771223 995483
1501771224 61734
1501771224 225269
1501771224 292243
1501771224 358531
1501771224 426640
1501771224 493739
1501771224 560033
1501771224 628026
1501771224 694303
1501771224 762331
1501771224 828645
1501771224 896654
1501771224 962944
1501771225 31022
1501771225 97251
1501771225 165298
1501771225 232458
1501771225 299558
1501771225 365801
1501771225 442980
1501771225 510149
1501771225 576372
1501771225 644425
1501771225 710925
1501771225 787843
1501771225 864134
1501771225 931225
1501771225 998401
1501771226 65528
1501771226 132754
1501771226 199876
1501771226 266980
1501771226 334116
1501771226 429425
1501771226 496608
1501771226 563749
1501771226 630876
1501771226 698070
1501771226 765226
1501771226 833278
1501771226 909487
1501771227 14791
1501771227 82003
1501771227 158185
1501771227 349738
1501771227 416862
1501771227 483963
1501771227 550222
1501771228 59439
1501771228 126472
1501771228 193651
1501771228 260769
1501771228 375175
1501771228 443181
1501771228 509410
1501771228 577527
1501771228 644620
1501771228 710913
1501771228 778976
1501771228 846145
1501771228 941411
1501771229 8581
1501771229 75761
1501771229 142896
1501771229 210036
1501771229 278120
1501771229 345223
1501771229 603888
1501771229 728533
1501771229 967807
1501771230 246472
1501771230 313548
1501771230 380789
1501771230 447892
1501771230 515075
1501771230 582178
1501771230 649356
1501771230 716482
1501771230 783661
1501771230 965292
1501771231 33233
1501771231 100453
1501771231 167715
1501771231 243962
1501771231 310941
1501771231 378107
1501771231 445273
1501771231 531476
1501771231 598618
1501771231 665754
1501771231 732922
1501771231 800089
1501771231 867335
1501771232 116902
1501771232 183936
1501771232 289222
1501771232 442600
1501771232 518801
1501771232 585986
1501771232 653135
1501771232 720284
1501771232 787398
1501771232 854587
1501771232 921748
1501771232 988006
1501771233 55153
1501771233 122301
1501771233 189500
1501771233 256781
1501771233 323765
1501771233 467230
1501771233 534334
1501771233 601473
1501771233 668607
1501771233 735820
1501771233 802963
1501771233 870114
1501771234 254033
1501771234 321175
1501771234 388281
1501771234 455466
1501771234 522540
1501771234 589872
1501771234 656894
1501771234 724058
1501771234 791195
1501771234 877401
1501771235 68912
1501771235 193270
1501771235 586178
1501771235 701489
1501771235 825772
1501771235 892921
1501771235 960072
1501771236 27194
1501771236 94391
1501771236 208784
1501771236 411167
1501771236 478266
1501771236 688941
1501771236 842254
1501771236 909332
1501771236 976459
1501771237 43633
1501771237 110792
1501771237 216086
1501771237 283222
1501771237 350413
1501771237 417519
1501771237 484767
1501771237 551848
1501771237 618989
1501771237 686137
1501771237 753343
1501771237 820473
1501771237 887609
1501771237 954810
1501771238 22007
1501771238 89083
1501771238 156205
1501771238 223370
1501771238 290575
1501771238 357738
1501771238 424851
1501771238 492051
1501771238 559175
1501771238 626333
1501771238 693482
1501771238 760651
1501771238 827828
1501771238 895029
1501771238 962127
1501771239 48349
1501771239 124719
1501771239 191701
1501771239 258881
1501771239 326031
1501771239 393154
1501771239 460367
1501771239 527470
1501771239 594632
1501771239 661777
1501771239 728926
1501771239 911426
1501771239 978672
1501771240 45672
1501771240 112832
1501771240 179977
1501771240 256215
1501771240 380553
1501771240 543020
1501771240 649186
1501771240 716330
1501771240 783439
1501771240 850675
1501771240 917855
1501771240 984951
1501771241 52075
1501771241 147392
1501771241 214577
1501771241 281735
1501771241 348905
1501771241 503154
1501771241 570279
1501771241 637449
1501771241 704613
1501771241 771745
1501771241 838884
1501771241 906095
1501771241 973340
1501771242 40350
1501771242 126601
1501771242 193747
1501771242 260913
1501771242 337158
1501771242 480612
1501771242 585800
1501771242 758226
1501771242 920823
1501771243 583208
1501771243 659393
1501771243 726546
1501771243 793674
1501771243 861683
1501771243 928883
1501771243 996062
1501771244 63263
1501771244 130504
1501771244 197520
1501771244 264661
1501771244 331832
1501771244 907348
1501771244 974353
1501771245 41474
1501771245 108632
1501771245 175882
1501771245 367287
1501771245 443530
1501771245 510689
1501771245 577828
1501771245 644964
1501771245 712159
1501771245 999858
1501771246 124275
1501771246 383006
1501771246 574345
1501771246 689584
1501771246 784847
1501771246 861959
1501771246 938167
1501771247 14509
1501771247 90845
1501771247 167968
1501771247 254045
1501771247 321174
1501771247 388311
1501771247 455458
1501771247 522614
1501771247 589835
1501771247 656998
1501771247 724113
1501771247 791253
1501771247 858367
1501771247 925583
1501771247 992727
1501771248 59864
1501771248 127112
1501771248 193324
1501771248 260467
1501771248 327585
1501771248 394752
1501771248 461980
1501771248 529042
1501771248 596187
1501771248 663350
1501771248 730585
1501771248 797658
1501771248 989183
1501771249 55445
1501771249 122535
1501771249 237867
1501771249 381195
1501771249 448323
1501771249 515477
1501771249 582702
1501771249 649819
1501771249 716979
1501771249 784135
1501771249 851311
1501771249 918423
1501771249 985711
1501771250 52742
1501771250 119980
1501771250 187135
1501771250 254210
1501771250 321399
1501771250 388541
1501771250 455674
1501771250 522868
1501771250 589973
1501771250 657177
1501771250 724298
1501771250 791487
1501771251 12159
1501771251 434042
1501771251 501113
1501771251 568266
1501771251 635474
1501771251 702674
1501771251 769773
1501771251 836886
1501771251 904059
1501771251 971220
1501771252 38358
1501771252 105472
1501771252 172701
1501771252 239977
1501771252 306987
1501771252 374153
1501771252 441375
1501771252 508475
1501771252 575597
1501771252 642745
1501771252 709967
1501771252 892368
1501771252 959530
1501771253 26677
1501771253 93798
1501771253 161025
1501771253 228142
1501771253 295270
1501771253 362429
1501771253 429579
1501771253 496746
1501771253 563900
1501771253 659217
1501771253 726420
1501771253 794431
1501771253 861563
1501771253 928698
1501771253 995852
1501771254 72193
1501771254 148385
1501771254 215486
1501771254 291747
1501771254 598656
1501771254 703744
1501771254 770884
1501771254 838036
1501771254 905199
1501771255 173907
1501771255 432569
1501771255 701115
1501771255 787261
1501771255 854484
1501771255 921613
1501771256 104051
1501771256 171162
1501771256 238282
1501771256 305442
1501771256 564126
1501771256 688444
1501771256 764684
1501771256 840910
1501771256 917173
1501771256 993408
1501771257 69622
1501771257 145806
1501771257 222104
1501771257 356415
1501771257 432691
1501771257 508938
1501771257 585052
1501771257 662197
1501771257 738441
1501771257 930818
1501771257 998034
1501771258 65165
1501771258 132271
1501771258 199405
1501771258 266594
1501771258 333777
1501771258 400934
1501771258 468063
1501771258 535182
1501771258 602343
1501771258 669507
1501771258 736675
1501771258 803803
1501771258 870954
1501771258 938160
1501771259 5307
1501771259 72433
1501771259 139576
1501771259 206761
1501771259 274036
1501771259 350168
1501771259 417300
1501771259 868511
1501771260 386549
1501771260 453716
1501771260 520957
1501771260 588005
1501771260 655208
1501771260 722409
1501771260 789513
1501771260 980975
1501771261 86283
1501771261 249712
1501771261 344871
1501771261 412015
1501771261 584461
1501771261 660835
1501771261 727822
1501771261 938378
1501771262 129920
1501771262 196969
1501771262 264200
1501771262 379640
1501771262 446584
1501771262 513713
1501771262 580930
1501771262 648012
1501771262 715172
1501771262 782340
1501771262 849503
1501771262 916665
1501771263 156260
1501771263 223402
1501771263 299630
1501771263 597347
1501771263 664542
1501771263 731643
1501771263 798801
1501771263 990281
1501771264 57427
1501771264 124704
1501771264 191691
1501771264 316007
1501771264 613721
1501771264 680944
1501771264 748026
1501771264 815159
1501771264 882300
1501771264 949602
1501771265 16758
1501771265 83780
1501771265 150922
1501771265 218136
1501771265 285309
1501771265 352380
1501771265 419562
1501771265 486734
1501771265 592095
1501771265 851573
1501771265 956807
1501771266 91151
1501771266 158292
1501771266 378917
1501771266 446014
1501771266 513085
1501771266 580270
1501771266 676471
1501771266 743583
1501771266 819801
1501771266 886974
1501771267 193820
1501771267 405298
1501771267 510435
1501771267 606715
1501771267 673842
1501771267 740963
1501771267 808078
1501771268 335390
1501771268 488765
1501771268 574983
1501771268 766445
1501771268 833575
1501771268 900778
1501771268 967935
1501771269 44189
1501771269 149502
1501771269 226553
1501771269 331838
1501771269 408083
1501771269 619568
1501771269 695737
1501771269 771969
1501771269 848211
1501771269 924439
1501771270 698
1501771270 76932
1501771270 153165
1501771270 230256
1501771270 306610
1501771270 383605
1501771270 459914
1501771270 537111
1501771270 613376
1501771270 690412
1501771270 766670
1501771270 843789
1501771270 919943
1501771270 996236
1501771271 72499
1501771271 149573
1501771271 225865
1501771271 302931
1501771271 379157
1501771271 455486
1501771271 532552
1501771271 608812
1501771271 685908
1501771271 762126
1501771271 838367
1501771271 915504
1501771271 991764
1501771272 68090
1501771272 145128
1501771272 221415
1501771272 432811
1501771272 509006
1501771272 681409
1501771272 757702
1501771272 834961
1501771272 911060
1501771272 988186
1501771273 102585
1501771273 362100
1501771273 438410
1501771273 515432
1501771273 591670
1501771273 668832
1501771273 745067
1501771273 822166
1501771273 898433
1501771273 965584
1501771274 32715
1501771274 99832
1501771274 167091
1501771274 234206
1501771274 301382
1501771274 368524
1501771274 435611
1501771274 502829
1501771274 570003
1501771274 637094
1501771274 704254
1501771274 876681
1501771274 952968
1501771275 30126
1501771275 192724
1501771275 355880
1501771275 432982
1501771275 682666
1501771276 56523
1501771276 286992
1501771276 373134
1501771276 497579
1501771276 574684
1501771276 708954
1501771276 785239
1501771276 862451
1501771276 938602
1501771277 5673
1501771277 72993
1501771277 140103
1501771277 207274
1501771277 274316
1501771277 341474
1501771277 408712
1501771277 485826
1501771277 553039
1501771277 620074
1501771277 687282
1501771277 754444
1501771277 821543
1501771277 888746
1501771277 955890
1501771278 23049
1501771278 128327
1501771278 195458
1501771278 502201
1501771278 569423
1501771278 636499
1501771278 703701
1501771278 770795
1501771278 838027
1501771278 905109
1501771278 972236
1501771279 39393
1501771279 163778
1501771279 230916
1501771279 298038
1501771279 365218
1501771279 432386
1501771279 499625
1501771279 566668
1501771279 633849
1501771279 701000
1501771279 854406
1501771280 113940
1501771280 266374
1501771280 333565
1501771280 400680
1501771280 467826
1501771280 535047
1501771280 602360
1501771280 669337
1501771280 736457
1501771280 803598
1501771280 870786
1501771280 938001
1501771281 5078
1501771281 177600
1501771281 311879
1501771281 398160
1501771281 465211
1501771281 532329
1501771281 599505
1501771281 666635
1501771281 733833
1501771281 800948
1501771281 868136
1501771281 935276
1501771282 12470
1501771282 79581
1501771282 309168
1501771282 386297
1501771282 462531
1501771282 529725
1501771282 596844
1501771282 961780
1501771283 28828
1501771283 96023
1501771283 163320
1501771283 230347
1501771283 297425
1501771283 643251
1501771283 719502
1501771283 786739
1501771283 901835
1501771284 36288
1501771284 305088
1501771284 535339
1501771284 602473
1501771284 669733
1501771284 736774
1501771284 803911
1501771284 890126
1501771284 957250
1501771285 24575
1501771285 91604
1501771285 158732
1501771285 225921
1501771285 293132
1501771285 360256
1501771285 427454
1501771285 494528
1501771285 561723
1501771285 628858
1501771285 696100
1501771285 763088
1501771285 830280
1501771285 897433
1501771285 964618
1501771286 31730
1501771286 98964
1501771286 166148
1501771286 233261
1501771286 300415
1501771286 367547
1501771286 434701
1501771286 501835
1501771286 568975
1501771286 636338
1501771286 703348
1501771286 914914
1501771287 202456
1501771287 269622
1501771287 336773
1501771287 403915
1501771287 509197
1501771287 662654
1501771287 729721
1501771287 796840
1501771287 864076
1501771287 931246
1501771287 998306
1501771288 65473
1501771288 132658
1501771288 199823
1501771288 267035
1501771288 334107
1501771288 401276
1501771288 497483
1501771288 564659
1501771288 631778
1501771288 900390
1501771289 351442
1501771289 418571
1501771289 485780
1501771289 582002
1501771289 649196
1501771289 812488
1501771290 368786
1501771290 435889
1501771290 503068
1501771290 570224
1501771290 790766
1501771290 857912
1501771290 925092
1501771290 992432
1501771291 59365
1501771291 212699
1501771291 279863
1501771291 347107
1501771291 414241
1501771291 491443
1501771291 558490
1501771291 663853
1501771291 730948
1501771291 798104
1501771291 865290
1501771292 18586
1501771292 85794
1501771292 345333
1501771292 412531
1501771292 546800
1501771292 613973
1501771292 681099
1501771292 882570
1501771292 949717
1501771293 16816
1501771293 84015
1501771293 151167
1501771293 218381
1501771293 285486
1501771293 352679
1501771293 419897
1501771293 486919
1501771293 554134
1501771293 621298
1501771293 688460
1501771293 755563
1501771293 822737
1501771293 889853
1501771293 957023
1501771294 158539
1501771294 225741
1501771294 292806
1501771294 359967
1501771294 427131
1501771294 494294
1501771294 628586
1501771294 734054
1501771294 821049
1501771294 955301
1501771295 22533
1501771295 89714
1501771295 156773
1501771295 281142
1501771295 463557
1501771295 530748
1501771295 597836
1501771295 828404
1501771295 923612
1501771296 772
1501771296 96027
1501771296 345591
1501771296 431819
1501771296 796642
1501771296 921859
1501771297 75288
1501771297 612462
1501771297 958276
1501771298 380256
1501771298 524590
1501771298 591737
1501771298 658902
1501771298 725965
1501771298 793180
1501771298 870281
1501771298 937578
1501771299 4720
1501771299 71764
1501771299 138936
1501771299 225125
1501771299 311433
1501771299 378490
1501771299 638086
1501771299 705262
1501771299 772357
1501771299 839517
1501771299 906712
1501771299 973839
1501771300 40942
1501771300 108142
1501771300 175293
1501771300 242451
1501771300 309625
1501771300 376821
1501771300 578564
1501771300 665382
1501771300 732600
1501771301 20225
1501771301 87305
1501771301 154452
1501771301 221645
1501771301 288799
1501771301 355913
1501771301 787967
1501771301 855042
1501771301 922263
1501771301 989386
1501771302 56521
1501771302 123707
1501771302 190836
1501771302 257990
1501771302 325132
1501771302 392280
1501771302 459456
1501771302 526639
1501771302 660899
1501771302 814308
1501771302 881483
1501771302 948597
1501771303 15764
1501771303 82957
1501771303 150127
1501771303 217207
1501771303 284359
1501771303 351519
1501771303 418678
1501771303 485850
1501771303 955995
1501771304 23103
1501771304 90224
1501771304 157382
1501771304 224540
1501771304 291745
1501771304 358840
1501771304 445069
1501771304 512227
1501771304 675595
1501771304 780851
1501771304 847992
1501771304 915167
1501771304 982325
1501771305 49455
1501771305 116644
1501771305 183799
1501771305 250931
1501771305 318050
1501771305 385271
1501771305 452443
1501771305 519566
1501771305 586694
1501771305 653849
1501771305 721070
1501771305 788172
1501771305 931703
1501771306 8680
1501771306 94912
1501771306 162170
1501771306 229259
1501771306 296407
1501771306 411676
1501771306 565039
1501771306 766561
1501771306 843607
1501771306 920834
1501771307 7000
1501771307 83247
1501771307 160418
1501771307 236675
1501771307 313748
1501771307 390906
1501771307 467210
1501771307 544467
1501771307 620662
1501771307 697770
1501771307 774870
1501771307 851013
1501771307 928172
1501771308 5321
1501771308 81534
1501771308 321043
1501771308 436401
1501771308 618827
1501771308 695947
1501771308 772072
1501771308 849380
1501771308 925488
1501771309 2678
1501771309 78962
1501771309 156095
1501771309 424803
1501771309 501854
1501771309 578644
1501771309 655178
1501771309 732314
1501771310 10142
1501771310 87091
1501771310 529027
1501771310 682453
1501771310 759503
1501771310 854793
1501771310 970113
1501771311 133775
1501771311 276874
1501771311 469207
1501771311 545561
1501771311 622650
1501771311 699826
1501771311 775969
1501771311 853113
1501771311 929337
1501771312 6467
1501771312 82787
1501771312 159823
1501771312 236957
1501771312 313232
1501771312 390471
1501771312 466610
1501771312 543725
1501771312 619938
1501771312 697088
1501771312 783388
1501771312 860529
1501771312 937152
1501771313 13989
1501771313 91022
1501771313 244305
1501771313 320618
1501771313 541969
1501771313 618160
1501771313 695394
1501771313 771594
1501771313 848729
1501771313 925855
1501771314 2070
1501771314 79195
1501771314 161723
1501771314 232594
1501771314 308912
1501771314 386120
1501771314 463061
1501771314 539327
1501771314 616441
1501771314 683592
1501771314 750763
1501771314 817904
1501771314 885057
1501771314 952206
1501771315 19402
1501771315 86539
1501771315 201908
1501771315 268918
1501771315 566575
1501771315 633747
1501771315 874301
1501771315 941379
1501771316 334390
1501771316 421463
1501771316 497720
1501771316 564829
1501771316 632021
1501771316 699166
1501771316 766291
1501771316 833465
1501771316 910615
1501771316 977865
1501771317 44914
1501771317 112045
1501771317 189224
1501771317 275448
1501771317 428831
1501771317 707412
1501771317 793621
1501771317 860759
1501771317 927956
1501771317 995079
1501771318 62331
1501771318 129395
1501771318 196560
1501771318 263679
1501771318 330885
1501771318 552274
1501771318 628639
1501771318 695730
1501771318 762866
1501771318 859032
1501771319 108581
1501771319 175821
1501771319 252098
1501771319 473452
1501771319 549645
1501771319 616793
1501771319 684001
1501771319 751200
1501771319 847308
1501771319 914464
1501771320 77842
1501771320 289492
1501771320 365591
1501771320 432643
1501771320 499789
1501771320 625029
1501771321 27981
1501771321 95155
1501771321 162325
1501771321 229435
1501771321 363757
1501771321 565319
1501771321 680515
1501771321 853803
1501771322 93482
1501771322 160526
1501771322 256702
1501771322 323854
1501771322 400989
1501771322 477230
1501771322 554405
1501771322 621581
1501771322 707755
1501771322 976391
1501771323 43566
1501771323 178077
1501771323 254990
1501771323 332276
1501771323 408385
1501771323 552709
1501771323 629855
1501771323 706114
1501771323 783280
1501771323 866532
1501771323 946591
1501771324 22997
1501771324 99861
1501771324 177094
1501771324 253278
1501771324 330403
1501771324 407628
1501771324 483799
1501771324 560888
1501771324 637104
1501771324 704351
1501771324 771447
1501771324 848587
1501771324 915868
1501771324 982992
1501771325 50087
1501771325 117259
1501771325 184374
1501771325 251527
1501771325 318766
1501771325 385836
1501771325 453014
1501771325 530166
1501771325 597359
1501771325 664424
1501771325 731586
1501771325 817854
1501771325 981136
1501771326 48389
1501771326 115478
1501771326 182619
1501771326 249822
1501771326 316964
1501771326 384197
1501771326 452107
1501771326 519420
1501771326 586510
1501771326 662718
1501771326 739878
1501771326 806992
1501771326 922258
1501771326 989443
1501771327 56628
1501771327 123689
1501771327 190938
1501771327 258077
1501771327 325257
1501771327 402388
1501771327 469418
1501771327 536577
1501771327 603741
1501771327 670910
1501771327 738042
1501771327 805211
1501771327 872387
1501771327 939576
1501771328 6668
1501771328 73922
1501771328 141016
1501771328 208212
1501771328 285333
1501771328 361553
1501771328 428781
1501771328 495856
1501771328 563060
1501771328 630160
1501771328 726410
1501771328 793482
1501771329 120238
1501771329 206459
1501771329 379011
1501771329 648409
1501771329 753785
1501771329 839949
1501771329 907027
1501771330 3248
1501771330 70346
1501771330 137556
1501771330 309952
1501771330 636666
1501771330 703804
1501771330 809103
1501771330 876229
1501771331 193031
1501771331 471547
1501771331 538909
1501771331 653957
1501771331 721185
1501771331 788365
1501771332 143986
1501771332 287457
1501771332 354582
1501771332 421791
1501771332 488874
1501771332 556117
1501771332 623204
1501771332 690366
1501771333 209584
1501771333 535319
1501771333 727655
1501771333 794802
1501771333 861037
1501771333 928210
1501771333 995362
1501771334 62452
1501771334 129656
1501771334 196760
1501771334 263954
1501771334 331075
1501771334 398307
1501771334 475427
1501771334 541664
1501771334 608803
1501771334 675947
1501771334 743114
1501771334 810294
1501771334 916495
1501771334 983616
1501771335 98842
1501771335 165085
1501771335 242238
1501771335 338485
1501771335 481938
1501771335 578034
1501771335 645210
1501771335 712421
1501771335 779612
1501771335 846722
1501771335 990921
1501771336 58101
1501771336 125222
1501771336 192377
1501771336 288623
1501771336 374792
1501771336 441973
1501771336 509079
1501771336 576258
1501771336 816793
1501771336 893048
1501771336 960137
1501771337 104505
1501771337 170702
1501771337 237929
1501771337 373040
1501771337 497392
1501771337 776100
1501771337 862286
1501771338 15592
1501771338 82704
1501771338 149920
1501771338 217080
1501771338 447530
1501771338 514735
1501771338 629938
1501771338 697100
1501771338 764313
1501771338 831442
1501771338 898609
1501771338 965722
1501771339 148537
1501771339 263407
1501771339 369726
1501771339 435838
1501771339 502995
1501771339 570189
1501771339 733598
1501771339 800660
1501771339 867783
1501771339 935075
1501771340 12095
1501771340 79245
1501771340 155638
1501771340 232661
1501771340 309786
1501771340 578380
1501771340 693612
1501771340 818003
1501771341 77504
1501771341 211822
1501771341 278086
1501771341 345250
1501771341 412361
1501771341 479532
1501771341 575772
1501771341 642885
1501771341 729080
1501771341 835246
1501771341 969571
1501771342 45883
1501771342 132968
1501771342 200065
1501771342 420645
1501771342 506849
1501771342 583957
1501771342 660205
1501771342 737329
1501771342 814474
1501771342 890802
1501771342 967938
1501771343 45026
1501771343 121227
1501771343 198500
1501771343 274582
1501771343 447998
1501771343 525077
1501771343 601292
1501771343 678413
1501771343 754679
1501771343 831760
1501771344 100416
1501771344 244781
1501771344 436271
1501771344 743831
1501771344 810981
1501771344 993450
1501771345 60552
1501771345 127788
1501771345 194863
1501771345 261996
1501771345 329209
1501771345 396412
1501771345 463523
1501771345 530635
1501771345 597831
1501771345 665903
1501771345 732988
1501771345 809239
1501771345 876375
1501771345 943567
1501771346 17734
1501771346 87862
1501771346 154979
1501771346 222181
1501771346 289338
1501771346 356484
1501771346 423615
1501771346 490803
1501771346 596972
1501771346 664117
1501771346 731338
1501771347 191371
1501771347 422091
1501771347 508074
1501771347 575266
1501771347 642408
1501771347 767601
1501771347 834813
1501771347 901932
1501771347 969083
1501771348 45332
1501771348 113450
1501771348 180540
1501771348 247684
1501771348 314835
1501771348 382024
1501771348 525470
1501771348 890525
1501771348 957414
1501771349 25509
1501771349 92582
1501771349 159758
1501771349 226877
1501771349 716070
1501771349 783267
1501771349 984690
1501771350 99895
1501771350 186141
1501771350 675359
1501771350 848599
1501771350 982948
1501771351 50082
1501771351 117222
1501771351 184351
1501771351 251556
1501771351 318695
1501771351 385866
1501771351 453007
1501771351 520179
1501771351 587329
1501771351 654466
1501771351 741603
1501771351 817849
1501771351 884996
1501771351 952148
1501771352 211710
1501771352 316962
1501771352 384215
1501771352 509364
1501771352 576802
1501771352 672726
1501771352 778012
1501771352 855119
1501771352 931370
1501771353 8579
1501771353 85609
1501771353 161975
1501771353 248043
1501771353 325221
1501771353 450421
1501771353 622968
1501771353 700019
1501771353 776298
1501771353 853357
1501771353 930513
1501771354 151158
1501771354 256550
1501771354 429658
1501771354 505853
1501771354 583036
1501771354 660120
1501771354 736382
1501771354 889805
1501771354 966908
1501771355 44033
1501771355 120455
1501771355 197391
1501771355 274530
1501771355 350739
1501771355 456944
1501771355 543160
1501771355 619381
1501771355 686522
1501771355 763668
1501771355 840805
1501771355 917040
1501771355 984218
1501771356 51314
1501771356 118535
1501771356 185662
1501771356 253734
1501771356 368180
1501771356 436103
1501771356 503238
1501771356 570455
1501771356 637576
1501771356 704742
1501771356 771922
1501771356 839054
1501771356 906295
1501771356 973356
1501771357 40500
1501771357 107686
1501771357 357302
1501771357 424411
1501771357 520690
1501771357 597742
1501771357 894528
1501771358 221207
1501771358 335522
1501771358 402696
1501771358 470798
1501771358 537954
1501771358 662238
1501771358 729360
1501771358 921799
1501771359 132583
1501771359 199564
1501771359 295685
1501771359 362838
1501771359 507137
1501771359 574283
1501771359 641433
1501771359 708612
1501771359 775783
1501771359 958246
1501771360 25316
1501771360 92482
1501771360 159661
1501771360 226812
1501771360 293964
1501771360 361086
1501771360 429152
1501771360 496324
1501771360 563538
1501771360 630625
1501771360 697774
1501771360 764920
1501771360 832109
1501771360 928315
1501771361 33541
1501771361 100702
1501771361 167838
1501771361 264058
1501771361 331263
1501771361 408353
1501771361 522781
1501771361 637968
1501771361 705072
1501771361 772277
1501771361 840326
1501771361 907473
1501771361 974674
1501771362 41789
1501771362 176306
1501771362 243329
1501771362 310420
1501771362 377566
1501771362 444727
1501771362 511853
1501771362 579138
1501771362 646179
1501771362 742412
1501771362 809642
1501771362 876675
1501771362 962930
1501771363 30087
1501771363 97239
1501771363 164598
1501771363 251484
1501771363 520142
1501771363 587320
1501771363 711655
1501771363 778791
1501771363 855917
1501771363 933048
1501771364 9320
1501771364 86446
1501771364 163561
1501771364 239763
1501771364 326055
1501771364 403150
1501771364 480272
1501771364 556514
1501771364 633647
1501771364 710762
1501771364 787059
1501771364 864141
1501771364 931349
1501771364 998521
1501771365 65601
1501771365 132730
1501771365 199916
1501771365 267071
1501771365 334308
1501771365 401410
1501771365 468555
1501771365 535687
1501771365 602844
1501771365 670014
1501771365 737195
1501771365 948607
1501771366 25753
1501771366 284459
1501771366 351548
1501771366 418711
1501771366 486753
1501771366 573000
1501771366 649212
1501771366 726397
1501771366 803496
1501771366 879729
1501771366 956898
1501771367 34073
1501771367 110317
1501771367 187395
1501771367 263631
1501771367 340737
1501771367 513151
1501771367 590297
1501771367 830785
1501771367 907026
1501771367 984197
1501771368 60393
1501771368 137513
1501771368 204651
1501771368 271845
1501771368 338984
1501771368 406180
1501771368 473318
1501771368 540432
1501771368 607616
1501771368 819100
1501771368 886240
1501771368 953481
1501771369 20531
1501771369 116761
1501771369 183854
1501771369 251020
1501771369 318173
1501771369 385326
1501771369 452484
1501771369 519653
1501771369 586805
1501771369 653963
1501771369 769217
1501771369 836345
1501771369 904447
1501771369 971591
1501771370 38758
1501771370 173035
1501771370 240224
1501771370 309645
1501771370 374525
1501771370 441634
1501771370 508855
1501771370 575989
1501771370 643118
1501771370 710266
1501771370 777457
1501771370 844604
1501771370 911750
1501771370 978900
1501771371 75123
1501771371 142301
1501771371 209426
1501771371 507225
1501771371 603291
1501771371 670451
1501771371 766699
1501771371 949065
1501771372 198642
1501771372 265809
1501771372 332938
1501771372 745871
1501771373 4595
1501771373 81622
1501771373 264040
1501771373 474689
1501771373 628848
1501771373 830340
1501771374 2813
1501771374 69903
1501771374 137095
1501771374 204203
1501771374 271384
1501771374 338503
1501771374 406558
1501771374 473773
1501771374 540887
1501771374 608032
1501771374 675168
1501771374 866733
1501771374 933826
1501771375 1003
1501771375 68165
1501771375 136201
1501771375 203331
1501771375 270526
1501771375 337659
1501771375 404808
1501771375 471986
1501771375 558208
1501771375 721595
1501771375 788704
1501771376 9244
1501771376 268789
1501771376 835113
1501771376 902251
1501771376 969339
1501771377 36522
1501771377 344199
1501771377 411338
1501771377 621886
1501771377 689057
1501771377 756177
1501771377 823322
1501771377 890532
1501771377 957626
1501771378 24810
1501771378 91933
1501771378 160012
1501771378 227235
1501771378 303464
1501771378 485909
1501771378 649186
1501771378 716285
1501771378 783492
1501771378 994068
1501771379 215462
1501771379 282655
1501771379 368822
1501771379 435940
1501771379 503123
1501771379 570311
1501771379 637424
1501771379 704589
1501771379 771770
1501771379 838918
1501771379 906074
1501771380 88535
1501771380 155624
1501771380 338045
1501771380 511469
1501771380 616691
1501771380 827222
1501771380 894385
1501771381 67683
1501771381 134794
1501771381 201994
1501771381 288213
1501771381 355344
1501771381 422509
1501771381 489629
1501771381 585851
1501771381 653009
1501771381 720161
1501771381 787299
1501771381 854462
1501771381 921636
1501771381 988821
1501771382 94224
1501771382 171222
1501771382 238436
1501771382 353665
1501771382 420751
1501771382 555157
1501771382 622311
1501771382 708484
1501771382 785600
1501771382 861899
1501771382 938953
1501771383 16129
1501771383 92463
1501771383 169501
1501771383 245724
1501771383 322844
1501771383 399972
1501771383 476184
1501771383 553321
1501771383 630593
1501771383 706716
1501771383 783997
1501771383 860078
1501771383 937212
1501771384 14452
1501771384 90691
1501771384 157762
1501771384 224901
1501771384 292996
1501771384 360110
1501771384 427335
1501771384 494429
1501771384 561554
1501771384 628746
1501771384 695902
1501771384 763038
1501771384 830174
1501771384 897340
1501771384 964502
1501771385 41671
1501771385 108926
1501771385 175956
1501771385 243115
1501771385 310262
1501771385 377414
1501771385 444541
1501771385 511722
1501771385 578914
1501771385 646012
1501771385 713177
1501771385 780357
1501771385 847590
1501771385 914689
1501771385 981835
1501771386 48989
1501771386 212472
1501771386 279487
1501771386 663433
1501771386 798602
1501771386 990050
1501771387 57249
1501771387 182486
1501771387 249571
1501771387 316783
1501771387 383921
1501771387 451060
1501771387 518215
1501771387 585423
1501771387 652541
1501771387 719676
1501771387 786809
1501771387 854009
1501771387 921172
1501771387 988413
1501771388 55440
1501771388 122656
1501771388 189840
1501771388 256935
1501771388 325056
1501771388 392173
1501771388 459303
1501771388 526447
1501771388 593643
1501771388 660783
1501771388 728040
1501771388 795074
1501771388 862274
1501771388 939392
1501771389 6532
1501771389 73676
1501771389 159901
1501771389 237027
1501771389 313235
1501771389 390517
1501771389 466749
1501771389 543793
1501771389 621014
1501771389 697146
1501771389 774448
1501771389 907812
1501771389 984874
1501771390 147358
1501771390 243469
1501771390 464946
1501771391 2172
1501771391 117404
1501771391 251749
1501771391 328959
1501771391 405159
1501771391 482244
1501771391 645639
1501771391 721825
1501771391 798942
1501771391 895149
1501771392 86640
1501771392 163769
1501771392 336194
1501771392 509584
1501771392 585828
1501771392 662995
1501771392 739989
1501771392 816243
1501771392 893443
1501771392 970543
1501771393 46794
1501771393 123906
1501771393 200158
1501771393 277260
1501771393 354407
1501771393 430635
1501771393 507905
1501771393 574893
1501771393 652069
1501771393 719219
1501771393 786521
1501771393 853579
1501771394 304567
1501771394 371707
1501771394 438884
1501771394 506060
1501771394 755674
1501771394 841828
1501771394 957167
1501771395 24236
1501771395 91387
1501771395 158479
1501771395 225703
1501771395 293742
1501771395 360870
1501771395 428023
1501771395 495235
1501771395 562371
1501771395 629508
1501771395 696659
1501771395 821013
1501771395 888149
1501771395 984357
1501771396 137727
1501771396 292047
1501771396 359136
1501771396 512607
1501771396 637740
1501771396 704889
1501771396 772087
1501771396 839238
1501771397 49762
1501771397 145964
1501771397 213138
1501771397 280271
1501771397 347542
1501771397 414637
1501771397 674188
1501771397 856571
1501771398 173301
1501771398 240432
1501771398 307597
1501771398 374756
1501771398 442039
1501771398 509071
1501771398 653393
1501771398 768631
1501771398 912942
1501771399 8210
1501771399 95294
1501771399 162443
1501771399 229783
1501771399 296778
1501771399 364763
1501771399 431156
1501771399 498204
1501771399 565372
1501771399 632546
1501771399 699676
1501771399 766850
1501771399 834017
1501771399 901162
1501771399 968438
1501771400 35510
1501771400 102627
1501771400 169792
1501771400 236944
1501771400 304979
1501771400 372142
1501771400 439294
1501771400 506490
1501771400 573723
1501771400 659797
1501771400 736977
1501771400 813219
1501771400 890650
1501771400 966569
1501771401 43725
1501771401 120850
1501771401 197092
1501771401 274244
1501771401 351528
1501771401 427625
1501771401 504813
1501771401 581011
1501771401 658095
1501771401 735231
1501771401 811473
1501771401 888616
1501771401 965732
1501771402 41973
1501771402 119071
1501771402 195316
1501771402 272452
1501771402 349618
1501771402 425849
1501771402 493011
1501771402 560145
1501771402 628211
1501771402 695382
1501771402 762519
1501771402 829639
1501771403 12151
1501771403 79386
1501771403 146407
1501771403 213578
1501771403 309761
1501771403 376882
1501771403 444082
1501771403 511242
1501771403 654640
1501771403 721802
1501771403 789864
1501771403 856991
1501771403 924118
1501771403 991312
1501771404 77501
1501771404 144671
1501771404 211968
1501771404 278949
1501771404 346118
1501771404 547574
1501771404 739994
1501771404 912420
1501771404 979611
1501771405 46771
1501771405 113899
1501771405 181008
1501771405 248179
1501771405 315363
1501771405 382491
1501771405 478711
1501771405 545819
1501771405 613008
1501771405 680178
1501771405 747487
1501771405 843532
1501771406 121288
1501771406 246422
1501771406 437941
1501771406 764704
1501771406 831800
1501771406 918066
1501771407 5119
1501771407 100416
1501771407 177549
1501771407 254673
1501771407 331001
1501771407 417160
1501771407 494245
1501771407 571408
1501771407 647696
1501771407 724785
1501771407 802006
1501771407 878130
1501771407 945258
1501771408 12464
1501771408 79638
1501771408 146750
1501771408 214818
1501771408 282002
1501771408 349150
1501771408 416271
1501771408 483417
1501771408 550604
1501771408 617758
1501771408 684897
1501771408 752064
1501771408 819221
1501771408 886383
1501771408 953542
1501771409 20668
1501771409 87835
1501771409 154986
1501771409 222156
1501771409 289280
1501771409 356467
1501771409 423648
1501771409 490766
1501771409 557934
1501771409 626030
1501771409 693156
1501771409 760314
1501771409 855603
1501771409 923665
1501771409 990805
1501771410 57974
1501771410 125091
1501771410 192244
1501771410 268480
1501771410 335645
1501771410 402802
1501771410 469987
1501771410 538069
1501771410 614380
1501771410 681427
1501771410 748572
1501771410 815693
1501771410 882901
1501771410 950052
1501771411 17176
1501771411 85246
1501771411 161482
1501771411 228736
1501771411 343892
1501771411 411063
1501771411 660645
1501771411 727755
1501771411 794940
1501771412 16405
1501771412 92581
1501771412 159729
1501771412 226907
1501771412 361308
1501771412 448306
1501771412 524519
1501771412 591783
1501771412 765062
1501771412 956573
1501771413 23700
1501771413 90922
1501771413 157998
1501771413 226103
1501771413 302330
1501771413 369486
1501771413 436606
1501771413 503883
1501771413 570999
1501771413 648048
1501771413 725212
1501771413 801425
1501771413 878547
1501771413 955715
1501771414 99156
1501771414 367847
1501771414 444846
1501771414 521981
1501771414 598190
1501771414 675375
1501771414 857790
1501771414 935008
1501771415 88305
1501771415 164544
1501771415 346896
1501771415 424311
1501771415 529389
1501771415 606454
1501771415 683647
1501771415 759823
1501771415 836984
1501771415 914220
1501771415 990374
1501771416 67493
1501771416 403419
1501771416 480398
1501771416 556811
1501771416 633815
1501771416 710899
1501771416 883382
1501771416 960437
1501771417 151982
1501771417 334376
1501771417 632025
1501771417 785388
1501771417 862501
1501771417 958699
1501771418 34949
1501771418 112041
1501771418 189215
1501771418 265458
1501771418 342675
1501771418 419720
1501771418 554069
1501771418 630267
1501771418 860825
1501771419 53166
1501771419 129392
1501771419 196522
1501771419 263747
1501771419 331794
1501771419 399001
1501771419 485107
1501771419 552317
1501771419 782874
1501771419 849990
1501771419 917099
1501771419 984302
1501771420 51460
1501771420 118573
1501771420 300970
1501771420 368110
1501771420 435299
1501771420 502443
1501771420 569593
1501771420 636740
1501771420 819136
1501771421 49733
1501771421 116852
1501771421 183989
1501771421 347447
1501771421 414538
1501771421 481671
1501771421 548777
1501771421 673161
1501771421 807447
1501771421 875515
1501771421 942672
1501771422 201307
1501771422 268453
1501771422 489003
1501771422 671431
1501771422 738576
1501771422 863864
1501771422 930978
1501771422 998088
1501771423 65204
1501771423 170499
1501771423 237678
1501771423 304835
1501771423 371978
1501771423 439121
1501771423 506274
1501771423 602640
1501771423 669666
1501771423 736809
1501771423 803982
1501771423 871095
1501771423 938311
1501771424 34531
1501771424 361236
1501771424 428338
1501771424 495536
1501771424 562669
1501771424 629780
1501771424 696911
1501771424 764086
1501771424 965593
1501771425 52665
1501771425 119866
1501771425 493754
1501771425 560904
1501771425 628043
1501771425 973918
1501771426 127193
1501771426 194380
1501771426 309621
1501771426 703516
1501771426 808752
1501771426 875876
1501771427 68274
1501771427 163617
1501771427 230700
1501771427 413136
1501771427 480265
1501771427 547413
1501771427 614611
1501771427 681750
1501771427 748870
1501771427 816050
1501771427 883222
1501771427 950366
1501771428 17511
1501771428 84657
1501771428 151841
1501771428 218977
1501771428 286126
1501771428 353275
1501771428 420477
1501771428 487606
1501771428 555811
1501771428 622849
1501771428 689993
1501771428 757141
1501771428 987696
1501771429 54792
1501771429 121971
1501771429 189074
1501771429 256235
1501771429 323450
1501771429 447799
1501771429 514892
1501771429 582136
1501771429 649196
1501771429 908860
1501771429 975044
1501771430 42180
1501771430 109323
1501771430 176580
1501771430 243688
1501771430 464179
1501771430 531307
1501771430 598485
1501771430 666580
1501771430 857998
1501771431 88665
1501771431 155663
1501771431 222808
1501771431 290081
1501771431 424280
1501771431 539582
1501771431 606688
1501771431 702908
1501771431 770045
1501771431 837232
1501771431 904346
1501771431 971511
1501771432 105875
1501771432 355432
1501771432 422626
1501771432 489816
1501771432 556831
1501771432 624055
1501771432 691160
1501771432 758326
1501771432 825526
1501771432 892669
1501771432 959782
1501771433 65158
1501771433 247502
1501771433 314611
1501771433 381801
1501771433 448898
1501771433 583259
1501771433 650399
1501771433 717509
1501771433 784801
1501771433 851853
1501771433 919098
1501771433 986238
1501771434 53397
1501771434 120512
1501771434 187629
1501771434 254933
1501771434 322029
1501771434 389097
1501771434 456237
1501771434 523423
1501771434 590638
1501771434 657748
1501771434 724886
1501771434 792137
1501771434 859222
1501771434 926393
1501771434 993543
1501771435 60655
1501771435 127858
1501771435 291197
1501771435 357471
1501771435 424639
1501771435 539845
1501771435 646030
1501771435 713168
1501771435 799402
1501771435 866570
1501771435 952778
1501771436 135267
1501771436 279485
1501771436 768633
1501771436 893834
1501771436 960992
1501771437 181590
1501771437 373994
1501771437 441046
1501771437 508226
1501771437 575340
1501771437 700585
1501771437 766838
1501771437 834014
1501771437 901214
1501771437 968314
1501771438 150792
1501771438 217939
1501771438 285020
1501771438 362262
1501771438 438464
1501771438 505616
1501771438 678083
1501771438 745212
1501771438 812337
1501771438 879511
1501771438 947569
1501771439 13906
1501771439 263401
1501771439 484805
1501771439 619064
1501771439 685345
1501771439 752486
1501771439 819747
1501771439 886820
1501771439 953930
1501771440 21120
1501771440 88268
1501771440 155405
1501771440 222539
1501771440 289752
1501771440 356860
1501771440 424011
1501771440 491309
1501771440 558344
1501771440 625523
1501771440 692659
1501771440 759820
1501771440 826966
1501771440 895149
1501771440 962154
1501771441 29357
1501771441 96541
1501771441 163651
1501771441 230841
1501771441 298014
1501771441 365115
1501771441 432304
1501771441 499472
1501771441 662774
1501771441 729059
1501771441 796190
1501771441 863331
1501771441 931359
1501771441 998637
1501771442 171048
1501771442 458687
1501771442 525815
1501771442 592986
1501771442 660117
1501771442 890657
1501771442 957809
1501771443 24966
1501771443 351780
1501771443 544205
1501771443 611206
1501771443 774555
1501771443 841706
1501771443 908827
1501771443 976026
1501771444 43215
1501771444 110418
1501771444 177484
1501771444 244704
1501771444 311828
1501771444 378977
1501771444 446066
1501771444 513262
1501771444 580407
1501771444 791905
1501771444 859045
1501771444 926172
1501771444 993285
1501771445 60499
1501771445 127746
1501771445 213865
1501771445 280994
1501771445 348127
1501771445 415319
1501771445 656023
1501771445 761213
1501771445 847459
1501771445 914550
1501771446 394678
1501771446 471670
1501771446 548799
1501771446 625027
1501771446 702134
1501771446 779355
1501771446 855542
1501771446 932663
1501771447 28863
1501771447 105093
1501771447 182232
1501771447 258549
1501771447 335615
1501771447 412848
1501771447 488980
1501771447 767744
1501771447 844722
1501771447 920966
1501771447 998084
1501771448 75215
1501771448 151425
1501771448 314780
1501771448 391966
1501771448 564430
1501771448 641561
1501771448 833051
1501771449 82575
1501771449 159863
1501771449 236882
1501771449 543572
1501771449 812464
1501771449 899391
1501771450 157999
1501771450 235087
1501771450 311299
1501771450 388461
1501771450 503717
1501771450 705278
1501771450 820565
1501771450 897611
1501771451 89091
1501771451 251597
1501771451 328667
1501771451 405772
1501771451 645427
1501771451 722552
1501771452 115507
1501771452 192673
1501771452 269796
1501771452 345966
1501771452 423067
1501771452 643628
1501771452 720727
1501771452 797934
1501771453 56555
1501771453 249028
1501771453 325217
1501771453 402345
1501771453 479420
1501771453 622880
1501771453 911389
1501771454 73859
1501771454 151033
1501771454 324329
1501771454 390562
1501771454 457829
1501771454 524870
1501771454 631049
1501771454 707241
1501771454 899656
1501771454 966824
1501771455 62128
1501771455 129278
1501771455 196436
1501771455 263605
1501771455 349791
1501771455 456010
1501771455 571228
1501771455 667442
1501771455 762745
1501771455 849869
1501771455 917045
1501771455 983243
1501771456 50379
1501771456 117489
1501771456 280906
1501771456 406241
1501771456 472410
1501771456 540428
1501771456 607616
1501771456 674721
1501771456 760925
1501771456 933361
1501771457 539
1501771457 67729
1501771457 432650
1501771457 518755
1501771457 585882
1501771457 653065
1501771457 720196
1501771457 787332
1501771458 65987
1501771458 219339
1501771458 814678
1501771458 881858
1501771458 949040
1501771459 16111
1501771459 83298
1501771459 150424
1501771459 217615
1501771459 284718
1501771459 351878
1501771459 419059
1501771459 486210
1501771459 553438
1501771459 620499
1501771459 688569
1501771459 764795
1501771459 841957
1501771459 918187
1501771459 995300
1501771460 72454
1501771460 148703
1501771460 225861
1501771460 302941
1501771460 379194
1501771460 465457
1501771460 542556
1501771460 619760
1501771460 695910
1501771460 773066
1501771460 850212
1501771460 926457
1501771461 3521
1501771461 79808
1501771461 156919
1501771461 234125
1501771461 310313
1501771461 387443
1501771461 464607
1501771461 540829
1501771461 617951
1501771461 694152
1501771461 771333
1501771462 69013
1501771462 146187
1501771462 222356
1501771462 299486
1501771462 376660
1501771462 452959
1501771462 529952
1501771462 597162
1501771462 673347
1501771462 760540
1501771462 932015
1501771463 422140
1501771463 498282
1501771463 719765
1501771463 795991
1501771463 873102
1501771463 949302
1501771464 131732
1501771464 305130
1501771464 381282
1501771464 573741
1501771464 650794
1501771464 718003
1501771464 785137
1501771464 861346
1501771465 91911
1501771465 169099
1501771465 246204
1501771465 322366
1501771465 389507
1501771465 456690
1501771465 630067
1501771465 821495
1501771465 907705
1501771465 994834
1501771466 81070
1501771466 148248
1501771466 387808
1501771466 714535
1501771466 829768
1501771466 896951
1501771466 964064
1501771467 146478
1501771467 213626
1501771467 280756
1501771467 376957
1501771467 444170
1501771467 511329
1501771467 578542
1501771467 645574
1501771467 712714
1501771467 779913
1501771467 847087
1501771467 914221
1501771467 981354
1501771468 48542
1501771468 115691
1501771468 182822
1501771468 249975
1501771468 317277
1501771468 384328
1501771468 451453
1501771468 518636
1501771468 585770
1501771468 652936
1501771468 720110
1501771468 787260
1501771468 854441
1501771468 921569
1501771468 988688
1501771469 55856
1501771469 123010
1501771469 190219
1501771469 257303
1501771469 324465
1501771469 391661
1501771469 458917
1501771469 525964
1501771469 593083
1501771469 660264
1501771469 727427
1501771469 794551
1501771469 861728
1501771469 928918
1501771469 996079
1501771470 361000
1501771470 437995
1501771470 505172
1501771470 572300
1501771470 639557
1501771470 706617
1501771470 773782
1501771470 918091
1501771470 984332
1501771471 51446
1501771471 128605
1501771471 281990
1501771471 560567
1501771471 627730
1501771471 694890
1501771471 762051
1501771471 829187
1501771471 896361
1501771471 963494
1501771472 30649
1501771472 97809
1501771472 164970
1501771472 232131
1501771472 299286
1501771472 366428
1501771472 433663
1501771472 500775
1501771472 567929
1501771472 635116
1501771472 702226
1501771472 769381
1501771472 836540
1501771472 903692
1501771473 18956
1501771473 105160
1501771473 172333
1501771473 528051
1501771473 594301
1501771473 661479
1501771473 728595
1501771473 795775
1501771473 862987
1501771473 930109
1501771473 997250
1501771474 64366
1501771474 131542
1501771474 198697
1501771474 265908
1501771474 333068
1501771474 400136
1501771474 467371
1501771474 534485
1501771474 601700
1501771474 794047
1501771474 861152
1501771475 14593
1501771475 81767
1501771475 148855
1501771475 216009
1501771475 283196
1501771475 378529
1501771475 445601
1501771475 512768
1501771475 579932
1501771475 647941
1501771475 715164
1501771475 782302
1501771476 147142
1501771476 300490
1501771476 366732
1501771476 511033
1501771476 674507
1501771477 221726
1501771477 365900
1501771477 432128
1501771477 528316
1501771477 719900
1501771477 787013
1501771477 854231
1501771477 921281
1501771477 988417
1501771478 296207
1501771478 362417
1501771478 429501
1501771478 496611
1501771478 563777
1501771478 630952
1501771478 698122
1501771478 794360
1501771478 861437
1501771478 928615
1501771479 43874
1501771479 111010
1501771479 341672
1501771479 658318
1501771479 725434
1501771479 869713
1501771479 935969
1501771480 157408
1501771480 320732
1501771480 387909
1501771480 455010
1501771480 560283
1501771480 627427
1501771480 800822
1501771480 867968
1501771480 935199
1501771481 21332
1501771481 97606
1501771481 174665
1501771481 251904
1501771481 328092
1501771481 405233
1501771481 482412
1501771481 558640
1501771481 635713
1501771481 712871
1501771481 789150
1501771481 866280
1501771481 942458
1501771482 19601
1501771482 96702
1501771482 172928
1501771482 250113
1501771482 327202
1501771482 394503
1501771482 489744
1501771482 595841
1501771482 672123
1501771482 749218
1501771482 826360
1501771482 893491
1501771482 969727
1501771483 46901
1501771483 133154
1501771483 200263
1501771483 277394
1501771483 344523
1501771483 411702
1501771483 478996
1501771483 546083
1501771483 613183
1501771483 680329
1501771483 747479
1501771483 814649
1501771483 891730
1501771483 959005
1501771484 64264
1501771484 323729
1501771484 477142
1501771484 544264
1501771484 611388
1501771484 678574
1501771484 745722
1501771484 812874
1501771484 880012
1501771484 947169
1501771485 14338
1501771485 81524
1501771485 157750
1501771485 224862
1501771485 292041
1501771485 359226
1501771485 427272
1501771485 561663
1501771485 637850
1501771485 753020
1501771485 820217
1501771485 887353
1501771485 954594
1501771486 21711
1501771486 88915
1501771486 156947
1501771486 224078
1501771486 291287
1501771486 367456
1501771486 434596
1501771486 501764
1501771486 568900
1501771486 636091
1501771486 703248
1501771486 905596
1501771486 972738
1501771487 39888
1501771487 193269
1501771487 260472
1501771487 519976
1501771487 711569
1501771487 912981
1501771487 980075
1501771488 47256
1501771488 325843
1501771488 547280
1501771488 614471
1501771488 776937
1501771488 997411
1501771489 64592
1501771489 275998
1501771489 592821
1501771489 727017
1501771489 794155
1501771490 43803
1501771490 120913
1501771490 696316
1501771490 811523
1501771490 878641
1501771490 945904
1501771491 22929
1501771491 100080
1501771491 167283
1501771491 387776
1501771491 454959
1501771491 915963
1501771492 107463
1501771492 279897
1501771492 347049
1501771492 415074
1501771492 482236
1501771492 549769
1501771492 634697
1501771492 701846
1501771492 768139
1501771492 836091
1501771492 912345
1501771492 979541
1501771493 171003
1501771493 238210
1501771493 363440
1501771493 430621
1501771493 718297
1501771493 785427
1501771493 852563
1501771493 919686
1501771493 987767
1501771494 64022
1501771494 131173
1501771494 207410
1501771494 275425
1501771494 351665
1501771494 428845
1501771494 505070
1501771494 582202
1501771494 783734
1501771494 918102
1501771495 100377
1501771495 177480
1501771495 369018
1501771495 446187
1501771495 532331
1501771495 830053
1501771495 907129
1501771495 984265
1501771496 60482
1501771496 137721
1501771496 213999
1501771496 291054
1501771496 387246
1501771496 463474
1501771496 568855
1501771496 876407
1501771497 10703
1501771497 308406
1501771497 384690
1501771497 471711
1501771497 547909
1501771497 625054
1501771497 701337
1501771497 778427
1501771497 855521
1501771497 931814
1501771498 8948
1501771498 76078
1501771498 143222
1501771498 210395
1501771498 277560
1501771498 344708
1501771498 459968
1501771498 527138
1501771498 594272
1501771498 661448
1501771498 728590
1501771498 795766
1501771498 862874
1501771498 930911
1501771498 998127
1501771499 65268
1501771499 132425
1501771499 199536
1501771499 266755
1501771499 333908
1501771499 401040
1501771499 583435
1501771499 784997
1501771499 929176
1501771499 996396
1501771500 63569
1501771500 130751
1501771500 197834
1501771500 265013
1501771500 343090
1501771500 409300
1501771500 476396
1501771500 543619
1501771500 619847
1501771500 686990
1501771500 754126
1501771500 821291
1501771500 889387
1501771500 956550
1501771501 23634
1501771501 397619
1501771501 464699
1501771501 541819
1501771501 762417
1501771501 829527
1501771502 156272
1501771502 223401
1501771502 290515
1501771502 357680
1501771502 424874
1501771502 492045
1501771502 655393
1501771502 808721
1501771503 240664
1501771503 346895
1501771503 423076
1501771503 538406
1501771503 797933
1501771503 865104
1501771504 37597
1501771504 200838
1501771504 268067
1501771504 335143
1501771504 402340
1501771504 469478
1501771504 536609
1501771504 603788
1501771504 670952
1501771504 738977
1501771504 806124
1501771504 873255
1501771504 940477
1501771505 7607
1501771505 74789
1501771505 141905
1501771505 218114
1501771505 285302
1501771505 362445
1501771505 438681
1501771505 515829
1501771505 592003
1501771505 659209
1501771505 736347
1501771505 841657
1501771505 918761
1501771506 33116
1501771506 100214
1501771506 167444
1501771506 282698
1501771506 388022
1501771506 455117
1501771506 599382
1501771506 666525
1501771506 733668
1501771506 800877
1501771506 925180
1501771506 992324
1501771507 59519
