1502202121 333584
1502202121 458778
1502202121 679751
1502202121 890620
1502202121 987021
1502202122 63137
1502202122 160223
1502202122 299338
1502202122 423129
1502202122 546846
1502202122 638710
1502202122 762711
1502202122 840185
1502202122 935336
1502202123 21611
1502202123 107587
1502202123 203982
1502202123 280152
1502202123 404832
1502202123 519884
1502202123 595958
1502202123 682260
1502202123 758913
1502202123 845444
1502202123 979796
1502202124 103917
1502202124 228507
1502202124 305746
1502202124 391351
1502202124 459158
1502202124 564020
1502202124 650640
1502202124 747698
1502202124 843047
1502202124 920748
1502202125 44389
1502202125 111647
1502202125 208530
1502202125 313033
1502202125 409478
1502202125 514529
1502202125 601593
1502202125 706947
1502202125 812155
1502202125 927499
1502202126 53565
1502202126 177045
1502202126 263374
1502202126 389217
1502202126 474796
1502202126 685230
1502202126 791458
1502202126 897509
1502202126 992851
1502202127 108092
1502202127 223237
1502202127 309731
1502202127 444016
1502202127 539145
1502202127 645222
1502202127 826466
1502202127 971071
1502202128 191281
1502202128 286931
1502202128 448528
1502202128 645850
1502202128 767250
1502202128 852799
1502202128 919971
1502202128 997110
