1502722410 104189
1502722410 353137
1502722410 775371
1502722410 871304
1502722410 957546
1502722411 217190
1502722411 399552
1502722411 581923
1502722411 764206
1502722411 908577
1502722412 23974
1502722412 110386
1502722412 292869
1502722412 523866
1502722412 647366
1502722412 762561
1502722412 944965
1502722413 165669
1502722413 425305
1502722413 674714
1502722413 837937
1502722414 68875
1502722414 145614
1502722414 366346
1502722414 567543
1502722414 769045
1502722414 903438
1502722415 153073
1502722415 374291
1502722415 498714
1502722415 710392
1502722415 834550
1502722416 16853
1502722416 161381
1502722416 333605
1502722416 487890
1502722416 574340
1502722416 832902
1502722416 948005
1502722417 59027
1502722417 576916
1502722417 711276
1502722417 960859
1502722418 191360
1502722418 421969
1502722418 556293
1502722418 815576
1502722419 84210
1502722419 218724
1502722419 354519
1502722419 526803
1502722419 612880
1502722419 776056
1502722419 938422
1502722420 159995
1502722420 275060
1502722420 543621
1502722420 725954
1502722420 826931
1502722420 984594
1502722421 186123
1502722421 292139
1502722421 500771
1502722421 752387
1502722421 848431
1502722421 934690
1502722422 175370
1502722422 405612
1502722422 654826
1502722422 741801
1502722422 951986
1502722423 163534
1502722423 394119
1502722423 529777
1502722423 748934
1502722423 969650
1502722424 209810
1502722424 440341
1502722424 670137
1502722424 929384
1502722425 112005
1502722425 227471
1502722425 466905
1502722425 583240
1502722425 813768
