1502193277 817337
1502193278 71368
1502193278 326936
1502193278 539691
1502193278 664951
1502193278 814208
1502193279 51950
1502193279 288076
1502193279 443631
1502193279 561005
1502193279 790312
1502193279 900722
1502193280 22015
1502193280 177274
1502193280 258781
1502193280 377757
1502193280 580086
1502193280 757514
1502193280 852942
1502193281 32116
1502193281 160552
1502193281 309682
1502193281 421197
1502193281 665380
1502193281 879121
1502193282 59549
1502193282 169933
1502193282 426066
1502193282 504585
1502193282 731801
1502193282 914335
1502193283 156736
1502193283 258361
1502193283 430524
1502193283 632991
1502193283 882432
1502193284 65914
1502193284 218375
1502193284 335701
1502193284 475007
1502193284 730061
1502193284 856743
1502193285 24086
1502193285 186851
1502193285 440031
1502193285 671682
1502193285 914004
1502193286 91518
1502193286 186880
1502193286 330961
1502193286 492664
1502193286 715756
1502193286 834527
1502193286 964694
1502193287 138019
1502193287 365210
1502193287 499709
1502193287 592149
1502193287 729168
1502193287 819658
1502193287 941886
1502193288 54231
1502193288 159330
1502193288 408819
1502193288 715910
1502193289 17413
1502193289 212602
1502193289 446145
1502193289 662594
1502193289 903195
1502193290 40781
1502193290 173012
1502193290 297349
1502193290 530773
1502193290 710260
1502193290 859582
1502193290 989001
1502193291 108142
1502193291 298461
1502193291 520898
1502193291 603282
1502193291 716538
1502193291 968867
1502193292 86389
1502193292 240758
1502193292 490165
1502193292 691809
1502193292 948067
1502193293 161608
1502193293 256134
1502193293 502366
1502193293 651946
1502193293 901316
1502193294 1009
1502193294 103032
1502193294 256222
1502193294 452638
1502193294 698399
1502193294 929548
1502193295 190207
1502193295 437627
