1502368072 616297
1502368072 865418
1502368073 355684
1502368073 489753
1502368073 615116
1502368073 816904
1502368074 151878
1502368074 814354
1502368075 439272
1502368075 659746
1502368075 716550
1502368076 140184
1502368076 561949
1502368077 51728
1502368077 925057
1502368077 982905
1502368078 39847
1502368078 415075
1502368078 731739
1502368078 971322
1502368079 29168
1502368079 423067
1502368080 94703
1502368080 469511
1502368080 680025
1502368080 929612
1502368081 179317
1502368081 285654
1502368081 457728
1502368081 679173
1502368082 91257
1502368082 533064
1502368082 591099
1502368082 792555
1502368082 859732
1502368083 3054
1502368083 61202
1502368083 483411
1502368083 598422
1502368084 357263
1502368084 472398
1502368084 626143
1502368084 990729
1502368085 57852
1502368085 124969
1502368085 384393
1502368085 470133
1502368085 566948
1502368085 720413
1502368086 344118
1502368086 892060
1502368087 122445
1502368087 419589
1502368087 812948
1502368087 889981
1502368087 947333
1502368088 43782
1502368088 523453
1502368088 687202
1502368089 89822
1502368089 204928
1502368089 263073
1502368089 473580
1502368089 618006
1502368090 1917
