1499967385 460946
1499967385 643237
1499967385 796995
1499967385 941120
1499967386 305198
1499967386 631102
1499967387 178208
1499967387 322434
1499967387 485737
1499967387 850746
1499967388 13063
1499967388 196854
1499967388 368917
1499967388 513179
1499967388 666636
1499967389 12203
1499967389 549560
1499967389 732011
1499967389 895133
1499967390 67781
1499967390 211830
1499967390 365209
1499967390 547977
1499967390 730430
1499967390 893423
1499967391 46917
1499967392 380943
1499967392 544218
1499967392 726876
1499967392 909176
1499967393 91583
1499967393 263906
1499967393 456295
1499967393 620321
1499967393 811378
1499967394 137892
1499967394 320180
1499967394 819582
1499967395 146170
1499967395 328581
1499967395 491944
1499967395 654389
1499967395 836798
1499967396 28300
1499967396 373958
1499967396 537285
1499967396 709992
1499967396 873231
1499967397 17272
1499967397 199814
1499967397 353873
1499967397 506449
1499967397 688903
1499967398 14745
1499967398 187240
1499967398 340573
1499967398 503906
1499967398 657244
1499967398 811628
1499967398 983953
1499967399 319975
1499967399 493150
1499967399 646540
1499967399 809780
1499967399 963432
1499967400 117371
1499967400 300274
1499967400 472169
1499967400 635697
1499967400 817886
1499967400 981247
1499967401 144875
1499967401 336393
1499967401 509528
1499967401 691821
1499967401 835061
1499967402 8459
1499967402 200024
1499967402 363313
1499967402 536697
1499967402 862440
