1501001970 640943
1501001970 776165
1501001970 910450
1501001971 44482
1501001971 177781
1501001971 312039
1501001971 446349
1501001971 580607
1501001971 715085
1501001971 849484
1501001971 983631
1501001972 117987
1501001972 253529
1501001972 386813
1501001972 520944
1501001972 655309
1501001972 789649
1501001972 923806
1501001973 58261
1501001973 192610
1501001973 327733
1501001973 461090
1501001973 596213
1501001973 730731
1501001973 864867
1501001973 998289
1501001974 132353
1501001974 267756
1501001974 402227
1501001974 536427
1501001974 670898
1501001974 805098
1501001974 939446
1501001975 73659
1501001975 207995
1501001975 341417
1501001975 475719
1501001975 610133
1501001975 744401
1501001975 878804
1501001976 13065
1501001976 148254
1501001976 281432
1501001976 415868
1501001976 550259
1501001976 684664
1501001976 818964
1501001976 953192
1501001977 87396
1501001977 220910
1501001977 355199
1501001977 489444
1501001977 623968
1501001977 759097
1501001977 892330
1501001978 27677
1501001978 160975
1501001978 295325
1501001978 429640
1501001978 564145
1501001978 699250
1501001978 832668
1501001978 966604
1501001979 91954
1501001979 226729
1501001979 361047
1501001979 494956
1501001979 630832
1501001979 763695
1501001979 897898
1501001980 32258
1501001980 166647
1501001980 302211
1501001980 436506
1501001980 570425
1501001980 704669
1501001980 838263
1501001980 972469
1501001981 106660
1501001981 241980
1501001981 376378
1501001981 510653
1501001981 645010
1501001981 778608
1501001981 913712
1501001982 47929
1501001982 181366
1501001982 316511
1501001982 450179
1501001982 584209
1501001982 719265
1501001982 852826
1501001982 986986
1501001983 122214
1501001983 256557
1501001983 390973
1501001983 525387
1501001983 658739
1501001983 793018
1501001983 927309
1501001984 61706
1501001984 195938
1501001984 330223
1501001984 464568
1501001984 598055
1501001984 733120
1501001984 866765
1501001985 1223
1501001985 135240
1501001985 270554
1501001985 404053
1501001985 538136
1501001985 672716
1501001985 807003
1501001985 941013
1501001986 75290
1501001986 208776
1501001986 343003
1501001986 478180
1501001986 612532
1501001986 746226
1501001986 880409
1501001987 15549
1501001987 149903
1501001987 283564
1501001987 417566
1501001987 551951
1501001987 686231
1501001987 820514
1501001987 954917
1501001988 89125
1501001988 223503
1501001988 357821
1501001988 491928
1501001988 626413
1501001988 760739
1501001988 895185
1501001989 28488
1501001989 163642
1501001989 297961
1501001989 432112
1501001989 565656
1501001989 699927
1501001989 834378
1501001989 968602
1501001990 103774
1501001990 237289
1501001990 372457
1501001990 506722
1501001990 640917
1501001990 774462
1501001990 908826
1501001991 43927
1501001991 177373
1501001991 312542
1501001991 446336
1501001991 580224
1501001991 714711
1501001991 849819
1501001991 984123
1501001992 117376
1501001992 252731
1501001992 387015
1501001992 520300
1501001992 654606
1501001992 789150
1501001992 923386
1501001993 56678
1501001993 191156
1501001993 325424
1501001993 460703
1501001993 594950
1501001993 729199
1501001993 862509
1501001993 997879
1501001994 131176
1501001994 265634
1501001994 399816
1501001994 534404
1501001994 668436
1501001994 793750
1501001994 927960
1501001995 62481
1501001995 196628
1501001995 331018
1501001995 465247
1501001995 590549
1501001995 724901
1501001995 859215
1501001995 993696
1501001996 127726
1501001996 262366
1501001996 396479
1501001996 531099
1501001996 665972
1501001996 800073
1501001996 934505
1501001997 68841
1501001997 203079
1501001997 337369
1501001997 471748
1501001997 606202
1501001997 740400
1501001997 865741
1501001997 999788
1501001998 134113
1501001998 268529
1501001998 402827
1501001998 528097
1501001998 662706
1501001998 796809
1501001998 930944
1501001999 65836
1501001999 199670
1501001999 333981
1501001999 459075
1501001999 593693
1501001999 727736
1501001999 853060
1501001999 987622
1501002000 121700
1501002000 255965
1501002000 390501
1501002000 524726
1501002000 659284
1501002000 793355
1501002000 927580
1501002001 52796
1501002001 187319
1501002001 321413
1501002001 455424
1501002001 580921
1501002001 715349
1501002001 849723
1501002001 984294
1501002002 118111
1501002002 243359
1501002002 377884
1501002002 512054
1501002002 646678
1501002002 780958
1501002002 915388
1501002003 49466
1501002003 183704
1501002003 317852
1501002003 443182
1501002003 577792
1501002003 711620
1501002003 837277
1501002003 971339
1501002004 104639
1501002004 239859
1501002004 373470
1501002004 507532
1501002004 641760
1501002004 767336
1501002004 902098
1501002005 35969
1501002005 170066
1501002005 304264
1501002005 438661
1501002005 573050
1501002005 706705
1501002005 842010
1501002005 976028
1501002006 110445
1501002006 244630
1501002006 378996
1501002006 513120
1501002006 647454
1501002006 781920
1501002006 916061
1501002007 50499
1501002007 184840
1501002007 319970
1501002007 453483
1501002007 588167
1501002007 722082
1501002007 856314
1501002007 991556
1501002008 124905
1501002008 259434
1501002008 393869
1501002008 527944
1501002008 662120
1501002008 796479
1501002008 930778
1501002009 65237
1501002009 199517
1501002009 334636
1501002009 468996
1501002009 603430
1501002009 736735
1501002009 871907
1501002010 5321
1501002010 140746
1501002010 273953
1501002010 408388
1501002010 543537
1501002010 677714
1501002010 812127
1501002010 946741
1501002011 80784
1501002011 215039
1501002011 348797
1501002011 483784
1501002011 618146
1501002011 752480
1501002011 886574
1501002012 20996
1501002012 154246
1501002012 289490
1501002012 423790
1501002012 558150
1501002012 692313
1501002012 826869
1501002012 961167
1501002013 95400
1501002013 229686
1501002013 364218
1501002013 498323
1501002013 632908
1501002013 767057
1501002013 901359
1501002014 36534
1501002014 170771
1501002014 304180
1501002014 438484
1501002014 572674
1501002014 707156
1501002014 841386
1501002014 975707
1501002015 109979
1501002015 244299
1501002015 378726
1501002015 513028
1501002015 647277
1501002015 781651
1501002015 915972
1501002016 50197
1501002016 184438
1501002016 318998
1501002016 454079
1501002016 588470
1501002016 722663
1501002016 857167
1501002016 991458
1501002017 125586
1501002017 260096
1501002017 394328
1501002017 528656
1501002017 662859
1501002017 797201
1501002017 931398
1501002018 65841
1501002018 200131
1501002018 334430
1501002018 468712
1501002018 604071
1501002018 738240
1501002018 872839
1501002019 6844
1501002019 141212
1501002019 274698
1501002019 408992
1501002019 544040
1501002019 678476
1501002019 811830
1501002019 946457
1501002020 80513
1501002020 214528
1501002020 349896
1501002020 484226
1501002020 617873
1501002020 752911
1501002020 887267
1501002021 21627
1501002021 155903
1501002021 289192
1501002021 423389
1501002021 558586
1501002021 693182
1501002021 827372
1501002021 960693
1501002022 95959
1501002022 230301
1501002022 363733
1501002022 497942
1501002022 632381
1501002022 766726
1501002022 901194
1501002023 35589
1501002023 169598
1501002023 303920
1501002023 438484
1501002023 572633
1501002023 707878
1501002023 841949
1501002023 976403
1501002024 110576
1501002024 245036
1501002024 379326
1501002024 512553
1501002024 646940
1501002024 781290
1501002024 915610
1501002025 50080
1501002025 184436
1501002025 318589
1501002025 452966
1501002025 588071
1501002025 722608
1501002025 856908
1501002025 991052
1501002026 125278
1501002026 259639
1501002026 393863
1501002026 528142
1501002026 662551
1501002026 796826
1501002026 931286
1501002027 65456
1501002027 200668
1501002027 334952
1501002027 469403
1501002027 603752
1501002027 737963
1501002027 872398
1501002028 6632
1501002028 140918
1501002028 275267
1501002028 409562
1501002028 543988
1501002028 678175
1501002028 812494
1501002028 946793
1501002029 81118
1501002029 215350
1501002029 350594
1501002029 484774
1501002029 619222
1501002029 752622
1501002029 886877
1501002030 22208
1501002030 156554
1501002030 290744
1501002030 425082
1501002030 559479
1501002030 693854
1501002030 828067
1501002030 962187
1501002031 96876
1501002031 231379
1501002031 365391
1501002031 499659
1501002031 633911
1501002031 768414
1501002031 902493
1501002032 36770
1501002032 171042
1501002032 306397
1501002032 440661
1501002032 575027
1501002032 709346
1501002032 843532
1501002032 977957
1501002033 112277
1501002033 246471
1501002033 379877
1501002033 514250
1501002033 648487
1501002033 782938
1501002033 918053
1501002034 52257
1501002034 186476
1501002034 320166
1501002034 455455
1501002034 589898
1501002034 723866
1501002034 858281
1501002034 992561
1501002035 127083
1501002035 261328
1501002035 395486
1501002035 529821
1501002035 664201
1501002035 799518
1501002035 933966
1501002036 67976
1501002036 202269
1501002036 336630
1501002036 470966
1501002036 605128
1501002036 739490
1501002036 873867
1501002037 8099
1501002037 142472
1501002037 276769
1501002037 411070
1501002037 545454
1501002037 679701
1501002037 814086
1501002037 948293
1501002038 83419
1501002038 217863
1501002038 352052
1501002038 486772
1501002038 620816
1501002038 755046
1501002038 889365
1501002039 23644
1501002039 158087
1501002039 292424
1501002039 426735
1501002039 560998
1501002039 695519
1501002039 829630
1501002039 963813
1501002040 99045
1501002040 233335
1501002040 367800
1501002040 501999
1501002040 636354
1501002040 770543
1501002040 904939
1501002041 39170
1501002041 173533
1501002041 307885
1501002041 442151
1501002041 576418
1501002041 710798
1501002041 845182
1501002041 979458
1501002042 113834
1501002042 248813
1501002042 383374
1501002042 517626
1501002042 651917
1501002042 786328
1501002042 920666
1501002043 54942
1501002043 189208
1501002043 323506
1501002043 458024
1501002043 592310
1501002043 726471
1501002043 860586
1501002043 995015
1501002044 130161
1501002044 264827
1501002044 398803
1501002044 533205
1501002044 667603
1501002044 801827
1501002044 936257
1501002045 70399
1501002045 204825
1501002045 339037
1501002045 473298
1501002045 607605
1501002045 742061
1501002045 876357
1501002046 11523
1501002046 145772
1501002046 280266
1501002046 414437
1501002046 548811
1501002046 683179
1501002046 817778
1501002046 951849
1501002047 85996
1501002047 220245
1501002047 354997
1501002047 489894
1501002047 624164
1501002047 758445
1501002047 892765
1501002048 27020
1501002048 161300
1501002048 295635
1501002048 429008
1501002048 564189
1501002048 698592
1501002048 832936
1501002048 967235
1501002049 101606
1501002049 235898
1501002049 370315
1501002049 504565
1501002049 638946
1501002049 773139
1501002049 908232
1501002050 42712
1501002050 176780
1501002050 311573
1501002050 445632
1501002050 580061
1501002050 714313
1501002050 848655
1501002050 983067
1501002051 117153
1501002051 251549
1501002051 385748
1501002051 519906
1501002051 655234
1501002051 789589
1501002051 923826
1501002052 58210
1501002052 192478
1501002052 327146
1501002052 461262
1501002052 595709
1501002052 729758
1501002052 864026
1501002052 998567
1501002053 132688
1501002053 267021
1501002053 401311
1501002053 535588
1501002053 670799
1501002053 805221
1501002053 939497
1501002054 74243
1501002054 208114
1501002054 342343
1501002054 476689
1501002054 611062
1501002054 745533
1501002054 879563
1501002055 13889
1501002055 148170
1501002055 282515
1501002055 416940
1501002055 552075
1501002055 686319
1501002055 820713
1501002055 954959
1501002056 89205
1501002056 223814
1501002056 357802
1501002056 492293
1501002056 626675
1501002056 760979
1501002056 895274
1501002057 29689
1501002057 163693
1501002057 298233
1501002057 432406
1501002057 566710
1501002057 702008
1501002057 836289
1501002057 970613
1501002058 104803
1501002058 239299
1501002058 373656
1501002058 507909
1501002058 642393
1501002058 776454
1501002058 910632
1501002059 45245
1501002059 179445
1501002059 313957
1501002059 448964
1501002059 583445
1501002059 717755
1501002059 851805
1501002059 986168
1501002060 120543
1501002060 254721
1501002060 389219
1501002060 523445
1501002060 657902
1501002060 793213
1501002060 927273
1501002061 61782
1501002061 195877
1501002061 330401
1501002061 464464
1501002061 598838
1501002061 733300
1501002061 867449
1501002062 1740
1501002062 136105
1501002062 271387
1501002062 405651
1501002062 539999
1501002062 674172
1501002062 808302
1501002062 942767
1501002063 77407
1501002063 211424
1501002063 345765
1501002063 480406
1501002063 614305
1501002063 749592
1501002063 883966
1501002064 18044
1501002064 152448
1501002064 286746
1501002064 421155
1501002064 555580
1501002064 689804
1501002064 824111
1501002064 958649
1501002065 92957
1501002065 226913
1501002065 361271
1501002065 495472
1501002065 629852
1501002065 765069
1501002065 899728
1501002066 33797
1501002066 168091
1501002066 302695
1501002066 436702
1501002066 571060
1501002066 705165
1501002066 839569
1501002066 973939
1501002067 108112
1501002067 242750
1501002067 376984
1501002067 511168
1501002067 645676
1501002067 779856
1501002067 915109
1501002068 49446
1501002068 183892
1501002068 318094
1501002068 452400
1501002068 586706
1501002068 721067
1501002068 855402
1501002068 989567
1501002069 123836
1501002069 259007
1501002069 393298
1501002069 527700
1501002069 661892
1501002069 796429
1501002069 930504
1501002070 64938
1501002070 199357
1501002070 333589
1501002070 468080
1501002070 602431
1501002070 736541
1501002070 870702
1501002071 5928
1501002071 140317
1501002071 274948
1501002071 408938
1501002071 543335
1501002071 677423
1501002071 811790
1501002071 946140
1501002072 80461
1501002072 214744
1501002072 349242
1501002072 483463
1501002072 617634
1501002072 753054
1501002072 887345
1501002073 21590
1501002073 155766
1501002073 290130
1501002073 424450
1501002073 559099
1501002073 693093
1501002073 827397
1501002073 961755
1501002074 96004
1501002074 230374
1501002074 364691
1501002074 499009
1501002074 633374
1501002074 767551
1501002074 901977
1501002075 37130
1501002075 171439
1501002075 305958
1501002075 440032
1501002075 574370
1501002075 708619
1501002075 843065
1501002075 977322
1501002076 111593
1501002076 245984
1501002076 380978
1501002076 515748
1501002076 649726
1501002076 784244
1501002076 918469
1501002077 52755
1501002077 187003
1501002077 321211
1501002077 455448
1501002077 589898
1501002077 725235
1501002077 859513
1501002077 993945
1501002078 128167
1501002078 262429
1501002078 396699
1501002078 530976
1501002078 665264
1501002078 799564
1501002078 933972
1501002079 68298
1501002079 202544
1501002079 336801
1501002079 471354
1501002079 605598
1501002079 740674
1501002079 875049
1501002080 9305
1501002080 143675
1501002080 278075
1501002080 412213
1501002080 546529
1501002080 680869
1501002080 815260
1501002080 949724
1501002081 83600
1501002081 218971
1501002081 353427
1501002081 487783
1501002081 621907
1501002081 756306
1501002081 890718
1501002082 24956
1501002082 159260
1501002082 293660
1501002082 427882
1501002082 562183
1501002082 696506
1501002082 830827
1501002082 965116
1501002083 100226
1501002083 234546
1501002083 369033
1501002083 503248
1501002083 637493
1501002083 771898
1501002083 906170
1501002084 40550
1501002084 174802
1501002084 309146
1501002084 443358
1501002084 578810
1501002084 712915
1501002084 847408
1501002084 981601
1501002085 115891
1501002085 250386
1501002085 384558
1501002085 518880
1501002085 653127
1501002085 787572
1501002085 921795
1501002086 57007
1501002086 191410
1501002086 325510
1501002086 459986
1501002086 594321
1501002086 728635
1501002086 862891
1501002086 997242
1501002087 131726
1501002087 265855
1501002087 400928
1501002087 535443
1501002087 669546
1501002087 803899
1501002087 938385
1501002088 72539
1501002088 206704
1501002088 341059
1501002088 475452
1501002088 609747
1501002088 744042
1501002088 878365
1501002089 13735
1501002089 148006
1501002089 282195
1501002089 416437
1501002089 551094
1501002089 685367
1501002089 819521
1501002089 953735
1501002090 88123
1501002090 222443
1501002090 357617
1501002090 491987
1501002090 626314
1501002090 760584
1501002090 894798
1501002091 29400
1501002091 163377
1501002091 297696
1501002091 432191
1501002091 566408
1501002091 701980
1501002091 835968
1501002091 970295
1501002092 104562
1501002092 238805
1501002092 373293
1501002092 507566
1501002092 641789
1501002092 776136
1501002092 910700
1501002093 44692
1501002093 179992
1501002093 314251
1501002093 448646
1501002093 582783
1501002093 717204
1501002093 851451
1501002093 985765
1501002094 120183
1501002094 254380
1501002094 388715
1501002094 522967
1501002094 658288
1501002094 792553
1501002094 927138
1501002095 61408
1501002095 195611
1501002095 329993
1501002095 464309
1501002095 598605
1501002095 733194
1501002095 867145
1501002096 2553
1501002096 136639
1501002096 271098
1501002096 405414
1501002096 539628
1501002096 673997
1501002096 808265
1501002096 942441
1501002097 76835
1501002097 211297
1501002097 346381
1501002097 480610
1501002097 615092
1501002097 749287
1501002097 883457
1501002098 17784
1501002098 152161
1501002098 286448
1501002098 420777
1501002098 555218
1501002098 689545
1501002098 824877
1501002098 958990
1501002099 93694
1501002099 227928
1501002099 361779
1501002099 496130
1501002099 630641
1501002099 764955
1501002099 899203
1501002100 33527
1501002100 168660
1501002100 302917
1501002100 437279
1501002100 571501
1501002100 705887
1501002100 840102
1501002100 974636
1501002101 108931
1501002101 243087
1501002101 377526
1501002101 512082
1501002101 647321
1501002101 781345
1501002101 915596
1501002102 49936
1501002102 184212
1501002102 318500
1501002102 452922
1501002102 587361
1501002102 721587
1501002102 855909
1501002102 991090
1501002103 125343
1501002103 259641
1501002103 393918
1501002103 528272
1501002103 662528
1501002103 796708
1501002103 931188
1501002104 65443
1501002104 199748
1501002104 334915
1501002104 469278
1501002104 603678
1501002104 737855
1501002104 872442
1501002105 6602
1501002105 141120
1501002105 275156
1501002105 409482
1501002105 543613
1501002105 679148
1501002105 813336
1501002105 947598
1501002106 81872
1501002106 216322
1501002106 350565
1501002106 484939
1501002106 619558
1501002106 753782
1501002106 887850
1501002107 23075
1501002107 157473
1501002107 291700
1501002107 425883
1501002107 560217
1501002107 694357
1501002107 828956
1501002107 963129
1501002108 97677
1501002108 231806
1501002108 366125
1501002108 500604
1501002108 635011
1501002108 769068
1501002108 904242
1501002109 38742
1501002109 173004
1501002109 307378
1501002109 441482
1501002109 575970
1501002109 709989
1501002109 844530
1501002109 978720
1501002110 113904
1501002110 248380
1501002110 382856
1501002110 516966
1501002110 651301
1501002110 785391
1501002110 919719
1501002111 54028
1501002111 188344
1501002111 322909
1501002111 457341
1501002111 592256
1501002111 726703
1501002111 860871
1501002111 995240
1501002112 129574
1501002112 264129
1501002112 398037
1501002112 532353
1501002112 666887
1501002112 801988
1501002112 936221
1501002113 70946
1501002113 204967
1501002113 339288
1501002113 473570
1501002113 607967
1501002113 742143
1501002113 876543
1501002114 10913
1501002114 145899
1501002114 280392
1501002114 414652
1501002114 549060
1501002114 683151
1501002114 817536
1501002114 951728
1501002115 86113
1501002115 220576
1501002115 355058
1501002115 490320
1501002115 624577
1501002115 758741
1501002115 892964
1501002116 27309
1501002116 161673
1501002116 295863
1501002116 430438
1501002116 564532
1501002116 698808
1501002116 834279
1501002116 968453
1501002117 102647
1501002117 237000
1501002117 371225
1501002117 505570
1501002117 639944
1501002117 774090
1501002117 908518
1501002118 42852
1501002118 178025
1501002118 312531
1501002118 446510
1501002118 580945
1501002118 715308
1501002118 849662
1501002118 983876
1501002119 118226
1501002119 252682
1501002119 387094
1501002119 521219
1501002119 656360
1501002119 790616
1501002119 924892
1501002120 59361
1501002120 193664
1501002120 328009
1501002120 462383
1501002120 596681
1501002120 730858
1501002120 865114
1501002121 461
1501002121 134793
1501002121 269271
1501002121 403416
1501002121 537703
1501002121 671881
1501002121 806302
1501002121 940637
1501002122 74826
1501002122 210147
1501002122 344402
1501002122 478816
1501002122 613325
1501002122 747454
1501002122 881650
1501002123 16067
1501002123 150201
1501002123 284636
1501002123 418921
1501002123 554164
1501002123 688371
1501002123 822945
1501002123 957248
1501002124 91469
1501002124 225706
1501002124 360077
1501002124 494317
1501002124 628605
1501002124 763030
1501002124 897347
1501002125 32562
1501002125 166706
1501002125 301039
1501002125 435364
1501002125 569848
1501002125 703999
1501002125 838380
1501002125 972534
1501002126 106901
1501002126 242192
1501002126 376524
1501002126 510822
1501002126 645094
1501002126 779452
1501002126 913878
1501002127 48344
1501002127 182282
1501002127 316580
1501002127 450985
1501002127 585309
1501002127 720384
1501002127 854677
1501002127 989370
1501002128 123501
1501002128 257578
1501002128 391994
1501002128 526302
1501002128 660593
1501002128 795083
1501002128 929176
1501002129 64605
1501002129 198753
1501002129 332944
1501002129 467341
1501002129 601988
1501002129 736089
1501002129 870297
1501002130 4727
1501002130 139219
1501002130 273288
1501002130 408872
1501002130 542775
1501002130 677135
1501002130 811483
1501002130 945902
1501002131 80171
1501002131 214431
1501002131 348610
1501002131 483105
1501002131 617291
1501002131 752442
1501002131 886795
1501002132 21329
1501002132 155518
1501002132 289805
1501002132 423992
1501002132 558346
1501002132 692646
1501002132 827364
1501002132 961301
1501002133 96592
1501002133 230874
1501002133 365436
1501002133 499603
1501002133 633951
1501002133 768129
1501002133 902545
1501002134 37185
1501002134 171045
1501002134 305459
1501002134 440489
1501002134 574914
1501002134 709332
1501002134 843291
1501002134 977812
1501002135 112002
1501002135 246312
1501002135 380680
1501002135 515290
1501002135 649462
1501002135 784554
1501002135 918928
1501002136 53249
1501002136 187538
1501002136 321828
1501002136 456453
1501002136 590464
1501002136 724728
1501002136 859005
1501002136 993395
1501002137 127734
1501002137 262863
1501002137 397083
1501002137 531485
1501002137 665629
1501002137 800001
1501002137 934564
1501002138 68678
1501002138 203095
1501002138 337587
1501002138 471828
1501002138 607033
1501002138 741201
1501002138 875561
1501002139 10083
1501002139 144137
1501002139 278220
1501002139 412560
1501002139 547094
1501002139 681731
1501002139 815738
1501002139 951086
1501002140 85289
1501002140 219688
1501002140 354170
1501002140 488288
1501002140 622426
1501002140 757144
1501002140 891023
1501002141 25369
1501002141 159693
1501002141 295123
1501002141 429213
1501002141 563426
1501002141 697961
1501002141 832226
1501002141 966380
1501002142 100748
1501002142 235154
1501002142 369605
1501002142 503766
1501002142 638949
1501002142 773321
1501002142 907686
1501002143 42019
1501002143 176207
1501002143 310252
1501002143 444757
1501002143 579167
1501002143 713364
1501002143 847345
1501002143 982640
1501002144 117113
1501002144 251484
1501002144 386005
1501002144 520317
1501002144 654577
1501002144 788657
1501002144 923529
1501002145 57413
1501002145 191813
1501002145 326902
1501002145 461362
1501002145 595651
1501002145 729912
1501002145 864075
1501002145 998580
1501002146 132960
1501002146 267137
1501002146 401656
1501002146 535685
1501002146 670043
1501002146 805386
1501002146 939601
1501002147 74163
1501002147 208262
1501002147 342540
1501002147 476817
1501002147 611414
1501002147 745631
1501002147 879796
1501002148 14109
1501002148 149283
1501002148 283671
1501002148 417924
1501002148 552273
1501002148 686623
1501002148 820844
1501002148 955234
1501002149 89580
1501002149 224012
1501002149 358243
1501002149 493436
1501002149 627845
1501002149 761899
1501002149 896251
1501002150 30687
1501002150 164815
1501002150 299140
1501002150 433507
1501002150 567773
1501002150 702055
1501002150 837309
1501002150 971820
1501002151 105845
1501002151 240309
1501002151 374631
1501002151 508948
1501002151 643338
1501002151 777584
1501002151 911922
1501002152 46222
1501002152 181407
1501002152 315988
1501002152 449994
1501002152 584418
1501002152 718818
1501002152 853265
1501002152 987371
1501002153 121790
1501002153 255818
1501002153 390270
1501002153 524470
1501002153 659725
1501002153 794125
1501002153 928248
1501002154 62803
1501002154 196758
1501002154 331335
1501002154 465670
1501002154 600059
1501002154 734357
1501002154 868587
1501002155 3640
1501002155 137900
1501002155 272221
1501002155 406878
1501002155 541125
1501002155 675314
1501002155 809613
1501002155 943946
1501002156 78178
1501002156 212398
1501002156 347822
1501002156 481998
1501002156 616398
1501002156 750651
1501002156 884953
1501002157 19272
1501002157 153692
1501002157 287922
1501002157 422184
1501002157 556589
1501002157 691991
1501002157 826110
1501002157 960304
1501002158 94697
1501002158 229186
1501002158 363560
1501002158 497700
1501002158 632014
1501002158 766180
1501002158 900510
1501002159 35786
1501002159 170126
1501002159 304352
1501002159 438681
1501002159 573361
1501002159 707549
1501002159 841612
1501002159 975803
1501002160 110391
1501002160 244682
1501002160 379716
1501002160 514120
1501002160 648424
1501002160 782738
1501002160 917031
1501002161 51364
1501002161 185651
1501002161 320017
1501002161 454342
1501002161 588665
1501002161 723942
1501002161 858315
1501002161 992377
1501002162 126673
1501002162 260921
1501002162 395424
1501002162 529692
1501002162 664052
1501002162 798246
1501002162 932411
1501002163 67824
1501002163 202253
1501002163 336531
1501002163 470746
1501002163 604992
1501002163 739450
1501002163 873658
1501002164 8214
1501002164 142340
1501002164 276716
1501002164 411792
1501002164 546156
1501002164 680314
1501002164 814722
1501002164 948864
1501002165 83251
1501002165 217725
1501002165 352034
1501002165 486326
1501002165 620566
1501002165 755854
1501002165 890210
1501002166 24453
1501002166 158804
1501002166 293233
1501002166 427271
1501002166 561647
1501002166 695954
1501002166 830365
1501002166 964718
1501002167 100041
1501002167 234161
1501002167 368452
1501002167 502656
1501002167 637083
1501002167 771443
1501002167 905658
1501002168 40091
1501002168 174449
1501002168 308606
1501002168 443870
1501002168 577996
1501002168 712543
1501002168 846813
1501002168 981160
1501002169 115343
1501002169 249724
1501002169 383969
1501002169 518252
1501002169 652587
1501002169 787888
1501002169 922339
1501002170 56576
1501002170 190858
1501002170 325106
1501002170 459501
1501002170 593861
1501002170 728093
1501002170 862347
1501002170 996639
1501002171 131786
1501002171 266211
1501002171 400428
1501002171 534735
1501002171 669326
1501002171 803332
1501002171 937880
1501002172 72380
1501002172 206455
1501002172 340548
1501002172 475782
1501002172 610329
1501002172 744582
1501002172 878908
1501002173 13319
1501002173 147748
1501002173 281826
1501002173 416223
1501002173 550664
1501002173 684802
1501002173 819833
1501002173 954282
1501002174 88697
1501002174 223014
1501002174 357164
1501002174 491390
1501002174 625778
1501002174 760202
1501002174 894487
1501002175 28658
1501002175 163817
1501002175 298331
1501002175 432651
1501002175 566931
1501002175 701377
1501002175 835489
1501002175 969818
1501002176 103957
1501002176 238419
1501002176 372671
1501002176 507772
1501002176 642321
1501002176 776572
1501002176 910976
1501002177 45164
1501002177 179537
1501002177 313767
1501002177 448162
1501002177 582676
1501002177 716807
1501002177 851957
1501002177 986235
1501002178 120626
1501002178 254792
1501002178 389231
1501002178 523427
1501002178 657757
1501002178 792147
1501002178 926361
1501002179 60706
1501002179 195253
1501002179 330255
1501002179 464378
1501002179 598821
1501002179 733348
1501002179 867541
1501002180 1843
1501002180 136072
1501002180 270332
1501002180 404741
1501002180 539031
1501002180 674304
1501002180 808641
1501002180 943074
1501002181 77390
1501002181 211633
1501002181 345936
1501002181 480153
1501002181 614556
1501002181 748703
1501002181 883523
1501002182 18307
1501002182 152693
1501002182 286946
1501002182 421362
1501002182 555519
1501002182 689801
1501002182 824333
1501002182 958463
1501002183 92865
1501002183 227471
1501002183 362314
1501002183 496584
1501002183 631189
1501002183 765547
1501002183 899822
1501002184 33952
1501002184 168284
1501002184 302415
1501002184 436776
1501002184 571263
1501002184 706334
1501002184 840617
1501002184 974932
1501002185 109289
1501002185 243599
1501002185 377738
1501002185 512099
1501002185 646417
1501002185 780820
1501002185 915164
1501002186 50303
1501002186 184789
1501002186 319168
1501002186 453243
1501002186 587540
1501002186 721692
1501002186 856287
1501002186 990494
1501002187 124826
1501002187 259211
1501002187 394356
1501002187 528735
1501002187 663066
1501002187 797276
1501002187 931497
1501002188 65939
1501002188 200450
1501002188 334538
1501002188 468775
1501002188 603351
1501002188 738264
1501002188 872859
1501002189 7237
1501002189 141481
1501002189 275685
1501002189 409962
1501002189 544359
1501002189 678869
1501002189 812968
1501002189 947469
1501002190 82586
1501002190 216901
1501002190 350953
1501002190 485338
1501002190 619749
1501002190 754033
1501002190 888145
1501002191 22631
1501002191 156957
1501002191 291136
1501002191 426432
1501002191 560714
1501002191 695158
1501002191 829291
1501002191 963607
1501002192 97952
1501002192 232169
1501002192 366606
1501002192 501045
1501002192 635237
1501002192 770532
1501002192 904789
1501002193 39090
1501002193 173501
1501002193 307645
1501002193 442133
1501002193 576215
1501002193 710547
1501002193 845112
1501002193 979256
1501002194 114449
1501002194 249066
1501002194 383041
1501002194 517488
1501002194 651695
1501002194 785971
1501002194 920271
1501002195 54676
1501002195 188933
1501002195 323213
1501002195 458403
1501002195 592708
1501002195 727431
1501002195 861668
1501002195 995539
1501002196 129926
1501002196 264180
1501002196 398668
1501002196 532979
1501002196 667405
1501002196 802538
1501002196 936706
1501002197 71075
1501002197 205685
1501002197 339754
1501002197 474100
1501002197 608378
1501002197 742653
1501002197 876954
1501002198 11506
1501002198 146499
1501002198 280876
1501002198 415183
1501002198 549562
1501002198 683639
1501002198 818160
1501002198 952489
1501002199 86571
1501002199 220979
1501002199 355358
1501002199 490550
1501002199 624974
1501002199 758959
1501002199 893620
1501002200 27918
1501002200 162208
1501002200 296339
1501002200 430804
1501002200 564993
1501002200 699233
1501002200 834716
1501002200 968826
1501002201 103166
1501002201 237629
1501002201 371710
1501002201 505975
1501002201 640180
1501002201 774690
1501002201 909179
1501002202 43433
1501002202 178684
1501002202 312845
1501002202 447190
1501002202 581422
1501002202 715766
1501002202 850052
1501002202 984452
1501002203 118650
1501002203 253135
1501002203 387539
1501002203 522604
1501002203 656759
1501002203 791170
1501002203 925422
1501002204 59872
1501002204 194131
1501002204 328432
1501002204 462562
1501002204 597043
1501002204 731407
1501002204 866633
1501002205 796
1501002205 135291
1501002205 269627
1501002205 403847
1501002205 538096
1501002205 672686
1501002205 806748
1501002205 941041
1501002206 75384
1501002206 210574
1501002206 344870
1501002206 479403
1501002206 613476
1501002206 747782
1501002206 882084
1501002207 16680
1501002207 150888
1501002207 285153
1501002207 419448
1501002207 554613
1501002207 688784
1501002207 823138
1501002207 957483
1501002208 91788
1501002208 226277
1501002208 360453
1501002208 494624
1501002208 629140
1501002208 763476
1501002208 898677
1501002209 32924
1501002209 167309
1501002209 301586
1501002209 435930
1501002209 570206
1501002209 704489
1501002209 839041
1501002209 972971
1501002210 107340
1501002210 242629
1501002210 376914
1501002210 511382
1501002210 645462
1501002210 779858
1501002210 914130
1501002211 48353
1501002211 182852
1501002211 317214
1501002211 451401
1501002211 586726
1501002211 721045
1501002211 855347
1501002211 989705
1501002212 123864
1501002212 258216
1501002212 392466
1501002212 526825
1501002212 661202
1501002212 795436
1501002212 930603
1501002213 65155
1501002213 199211
1501002213 333488
1501002213 467780
1501002213 602224
1501002213 736495
1501002213 870875
1501002214 5268
1501002214 139463
1501002214 274649
1501002214 409316
1501002214 543402
1501002214 677545
1501002214 811886
1501002214 946340
1501002215 80301
1501002215 214794
1501002215 349093
1501002215 483362
1501002215 618745
1501002215 752751
1501002215 887408
1501002216 21590
1501002216 155812
1501002216 290209
1501002216 424572
1501002216 559116
1501002216 693226
1501002216 827566
1501002216 961921
1501002217 96913
1501002217 231410
1501002217 365685
1501002217 499994
1501002217 634326
1501002217 768599
1501002217 902955
1501002218 37408
1501002218 171448
1501002218 305953
1501002218 440920
1501002218 575449
1501002218 709741
1501002218 844074
1501002218 978419
1501002219 112763
1501002219 246950
1501002219 381276
1501002219 515533
1501002219 649765
1501002219 785082
1501002219 919656
1501002220 53571
1501002220 187830
1501002220 322346
1501002220 456570
1501002220 590893
1501002220 725218
1501002220 859588
1501002220 993929
1501002221 129095
1501002221 263420
1501002221 397792
1501002221 532068
1501002221 666265
1501002221 800632
1501002221 934803
1501002222 69204
1501002222 203490
1501002222 337776
1501002222 473068
1501002222 607404
1501002222 741616
1501002222 875980
1501002223 10284
1501002223 144724
1501002223 279128
1501002223 413378
1501002223 547588
1501002223 681847
1501002223 817069
1501002223 951474
1501002224 85683
1501002224 219978
1501002224 354352
1501002224 488588
1501002224 622896
1501002224 757283
1501002224 891732
1501002225 25797
1501002225 161105
1501002225 314495
1501002225 448830
1501002225 583149
1501002225 717580
1501002225 851883
1501002225 986132
1501002226 120270
1501002226 254646
1501002226 389901
1501002226 524190
1501002226 658506
1501002226 792815
1501002226 927035
1501002227 61649
1501002227 195739
1501002227 329916
1501002227 464443
1501002227 598681
1501002227 734029
1501002227 868094
1501002228 2617
1501002228 136719
1501002228 271173
1501002228 405363
1501002228 539541
1501002228 674136
1501002228 808334
1501002228 942543
1501002229 77913
1501002229 212175
1501002229 346533
1501002229 480730
1501002229 615142
1501002229 749580
1501002229 883782
1501002230 18028
1501002230 152281
1501002230 286598
1501002230 420905
1501002230 556103
1501002230 690373
1501002230 824765
1501002230 959121
1501002231 93416
1501002231 227665
1501002231 361988
1501002231 496356
1501002231 630821
1501002231 765905
1501002231 900290
1501002232 34462
1501002232 168762
1501002232 303166
1501002232 437569
1501002232 571679
1501002232 706178
1501002232 840389
1501002232 974589
1501002233 108961
1501002233 244095
1501002233 378527
1501002233 512740
1501002233 647105
1501002233 781423
1501002233 915686
1501002234 50287
1501002234 184483
1501002234 318650
1501002234 453107
1501002234 588485
1501002234 722584
1501002234 856845
1501002234 991143
1501002235 125455
1501002235 259801
1501002235 394108
1501002235 528328
1501002235 662855
1501002235 796958
1501002235 932336
1501002236 66707
1501002236 200869
1501002236 335150
1501002236 469412
1501002236 603668
1501002236 738273
1501002236 872446
1501002237 6742
1501002237 140966
1501002237 276509
1501002237 410670
1501002237 544830
1501002237 679330
1501002237 813615
1501002237 947785
1501002238 82148
1501002238 216414
1501002238 350646
1501002238 484963
1501002238 620211
1501002238 754465
1501002238 889184
1501002239 23257
1501002239 157528
1501002239 292064
1501002239 426046
1501002239 560394
1501002239 694658
1501002239 829197
1501002239 964285
1501002240 99021
1501002240 233003
1501002240 367462
1501002240 501575
1501002240 635906
1501002240 770275
1501002240 904587
1501002241 38750
1501002241 173310
1501002241 307404
1501002241 441961
1501002241 576163
1501002241 710440
1501002241 844688
1501002241 978990
1501002242 113216
1501002242 248486
1501002242 382707
1501002242 517181
1501002242 651384
1501002242 785827
1501002242 920092
1501002243 54612
1501002243 188699
1501002243 323058
1501002243 457211
1501002243 592329
1501002243 726746
1501002243 861302
1501002243 995344
1501002244 129880
1501002244 264036
1501002244 398385
1501002244 532749
1501002244 666977
1501002244 801108
1501002244 935769
1501002245 70876
1501002245 205113
1501002245 339226
1501002245 473673
1501002245 608098
1501002245 742352
1501002245 876670
1501002246 11058
1501002246 145457
1501002246 279641
1501002246 414760
1501002246 549142
1501002246 683568
1501002246 817666
1501002246 952047
1501002247 86552
1501002247 220921
1501002247 355135
1501002247 489614
1501002247 623821
1501002247 758052
1501002247 893096
1501002248 27635
1501002248 161822
1501002248 296134
1501002248 430363
1501002248 564700
1501002248 699067
1501002248 833374
1501002248 967772
1501002249 102227
1501002249 236388
1501002249 371517
1501002249 504799
1501002249 640354
1501002249 773534
1501002249 907774
1501002250 42244
1501002250 176648
1501002250 310871
1501002250 445361
1501002250 579317
1501002250 713781
1501002250 847869
1501002250 982273
1501002251 117688
1501002251 252016
1501002251 386083
1501002251 520569
1501002251 654834
1501002251 789311
1501002251 923447
1501002252 57989
1501002252 191955
1501002252 326394
1501002252 461565
1501002252 595777
1501002252 730194
1501002252 864582
1501002252 998795
1501002253 133273
1501002253 267377
1501002253 401791
1501002253 535917
1501002253 670449
1501002253 804650
1501002253 939989
1501002254 74275
1501002254 208321
1501002254 342712
1501002254 476984
1501002254 611438
1501002254 745774
1501002254 880114
1501002255 14334
1501002255 148631
1501002255 282846
1501002255 418155
1501002255 552632
1501002255 686693
1501002255 821197
1501002255 955473
1501002256 89989
1501002256 224099
1501002256 358397
1501002256 492725
1501002256 626920
1501002256 761280
1501002256 896543
1501002257 30877
1501002257 165075
1501002257 299806
1501002257 433735
1501002257 568219
1501002257 702511
1501002257 836582
1501002257 970932
1501002258 105235
1501002258 240751
1501002258 375021
1501002258 509125
1501002258 643497
1501002258 777951
1501002258 912115
1501002259 46565
1501002259 180642
1501002259 315019
1501002259 449457
1501002259 584552
1501002259 718730
1501002259 853133
1501002259 987424
1501002260 121665
1501002260 256301
1501002260 390388
1501002260 524662
1501002260 658990
1501002260 793552
1501002260 928523
1501002261 62914
1501002261 197103
1501002261 331616
1501002261 465731
1501002261 600009
1501002261 734422
1501002261 868965
1501002262 3070
1501002262 137526
1501002262 272484
1501002262 406771
1501002262 541132
1501002262 675412
1501002262 809949
1501002262 944045
1501002263 78464
1501002263 212873
1501002263 346857
1501002263 481275
1501002263 616517
1501002263 750915
1501002263 885625
1501002264 19463
1501002264 153758
1501002264 288239
1501002264 422465
1501002264 556760
1501002264 690878
1501002264 825348
1501002264 960840
1501002265 95196
1501002265 229344
1501002265 363411
1501002265 497676
1501002265 632079
1501002265 766435
1501002265 900756
1501002266 35180
1501002266 169501
1501002266 303671
1501002266 438608
1501002266 573187
1501002266 707625
1501002266 841945
1501002266 976111
1501002267 110739
1501002267 244821
1501002267 379148
1501002267 513413
1501002267 647701
1501002267 783171
1501002267 917635
1501002268 51624
1501002268 186086
1501002268 320134
