1502375564 544450
1502375564 882366
1502375565 477989
1502375565 550300
1502375565 791363
1502375565 852822
1502375567 113585
1502375567 166746
1502375567 360077
1502375567 646519
1502375568 809035
1502375569 79557
1502375569 662097
1502375569 880460
1502375569 942027
1502375570 528051
1502375570 742540
1502375570 948141
1502375571 274331
1502375571 343771
1502375571 510696
1502375571 776066
1502375572 424996
1502375572 520719
1502375572 598348
1502375573 3456
1502375573 260656
1502375573 375245
1502375573 552946
1502375573 690259
1502375573 972444
1502375574 348766
1502375574 405076
1502375574 553519
1502375575 347783
1502375575 615583
1502375575 944446
1502375576 681215
1502375576 951817
1502375577 27969
1502375577 254171
1502375577 509988
1502375578 20698
1502375578 166598
1502375578 225755
1502375579 155837
1502375579 242291
1502375579 520706
1502375579 703095
1502375580 434341
1502375580 932575
1502375581 573428
1502375581 781392
