1502119192 896925
1502119193 32417
1502119193 204841
1502119193 454340
1502119193 666149
1502119193 800098
1502119193 934393
1502119194 98071
1502119194 240893
1502119194 328378
1502119194 490728
1502119194 693058
1502119194 827527
1502119194 980950
1502119195 240362
1502119195 346687
1502119195 441769
1502119195 568112
1502119195 624235
1502119195 778713
1502119195 854712
1502119195 930879
1502119196 175
1502119196 75201
1502119196 172601
1502119196 190539
1502119196 364893
1502119196 392165
1502119196 547403
1502119196 641495
1502119196 794811
1502119196 815994
1502119197 6462
1502119197 36754
1502119197 161729
1502119197 246761
1502119197 334170
1502119197 467997
1502119197 515454
1502119197 698939
1502119197 717924
1502119197 870503
1502119197 967007
1502119198 23737
1502119198 149428
1502119198 226486
1502119198 235105
1502119198 350772
1502119198 488127
1502119198 533270
1502119198 696117
1502119198 801840
1502119198 859467
1502119199 41416
1502119199 99002
1502119199 233980
1502119199 348663
1502119199 396284
1502119199 511954
1502119199 607743
1502119199 646187
1502119199 713075
1502119199 905798
1502119199 972632
1502119199 992099
1502119200 107229
1502119200 289217
1502119200 308735
1502119200 442607
1502119200 539245
1502119200 625030
1502119200 673511
1502119200 797457
1502119200 933096
1502119200 971038
1502119201 134611
1502119201 210405
1502119201 239825
1502119201 316902
1502119201 411927
1502119201 441320
1502119201 614670
1502119201 642315
1502119201 738522
1502119201 834788
1502119201 844142
1502119202 55616
1502119202 103428
1502119202 161909
1502119202 342970
1502119202 391531
1502119202 516287
1502119202 602928
1502119202 669672
1502119202 737189
1502119202 765981
1502119202 862512
1502119202 919294
1502119202 986759
1502119203 158782
1502119203 207334
1502119203 235928
1502119203 322534
1502119203 456375
1502119203 466785
1502119203 609828
1502119203 668328
1502119203 821294
1502119203 869762
1502119204 22717
1502119204 33087
1502119204 118684
1502119204 139397
1502119204 225562
1502119204 349586
1502119204 456023
1502119204 521863
1502119204 619491
1502119204 705690
1502119204 771419
1502119204 888072
1502119204 915736
1502119205 108529
1502119205 165268
1502119205 213765
1502119205 366824
1502119205 444249
1502119205 463012
1502119205 569565
1502119205 673432
1502119205 712847
1502119205 809079
1502119206 30734
1502119206 47387
1502119206 222020
1502119206 326163
1502119206 423547
1502119206 498349
1502119206 634047
1502119206 760396
1502119206 883671
1502119206 987548
1502119207 153125
1502119207 159887
1502119207 316563
1502119207 333254
1502119207 421722
1502119207 524816
1502119207 604197
1502119207 719430
1502119207 765259
1502119207 891996
1502119207 966685
1502119208 141527
1502119208 187235
1502119208 228758
1502119208 283407
1502119208 372012
1502119208 436722
1502119208 628359
1502119208 631466
1502119208 772579
1502119208 861904
1502119209 12141
1502119209 111466
1502119209 252723
1502119209 274981
1502119209 361120
1502119209 406024
1502119209 569437
1502119209 581762
1502119209 696961
1502119209 818910
1502119209 822067
1502119209 956556
1502119210 61964
1502119210 125741
1502119210 244231
1502119210 330320
1502119210 366117
1502119210 529584
1502119210 570731
1502119210 691923
1502119210 768390
1502119210 810339
1502119210 912479
1502119211 8680
1502119211 59988
1502119211 113943
1502119211 219213
1502119211 251584
1502119211 305422
1502119211 327623
1502119211 468793
1502119211 529138
1502119211 702398
1502119211 708347
1502119211 807721
1502119211 833559
1502119211 952019
1502119212 86350
1502119212 140303
1502119212 306877
1502119212 313662
1502119212 441174
1502119212 547461
1502119212 563272
1502119212 767811
1502119212 821831
1502119213 36418
1502119213 61463
1502119213 161796
1502119213 214749
1502119213 286083
1502119213 339992
1502119213 439365
1502119213 464273
1502119213 660946
1502119213 675794
1502119213 862299
1502119213 925406
1502119214 11555
1502119214 92844
1502119214 117813
1502119214 265350
1502119214 357371
1502119214 505929
1502119214 568053
1502119214 591938
1502119214 645119
1502119214 817535
1502119214 860577
1502119214 975916
1502119214 990817
1502119215 129279
1502119215 192290
1502119215 263630
1502119215 369823
1502119215 393741
1502119215 533091
1502119215 605126
1502119215 734379
1502119215 806630
1502119215 808946
1502119216 49679
1502119216 56205
1502119216 231856
1502119216 257686
1502119216 375224
1502119216 391896
1502119216 490522
1502119216 603514
1502119216 691999
1502119216 843867
1502119216 884350
1502119216 930122
1502119217 25398
1502119217 37656
1502119217 143899
1502119217 198702
1502119217 239121
1502119217 352171
1502119217 457480
1502119217 489646
1502119217 696913
1502119217 739185
1502119217 908619
1502119217 940562
1502119218 71898
1502119218 151298
1502119218 244243
1502119218 286576
1502119218 417530
1502119218 516100
1502119218 619060
1502119218 772394
1502119218 775605
1502119218 900734
1502119219 11908
1502119219 54200
1502119219 140381
1502119219 242478
1502119219 390057
1502119219 486201
1502119219 492085
1502119219 626367
1502119219 735788
1502119219 760691
1502119219 924036
1502119219 985255
1502119220 163672
1502119220 186708
1502119220 350002
1502119220 384259
1502119220 503437
1502119220 557448
1502119220 609755
1502119220 685993
1502119220 748926
1502119220 826037
1502119220 849316
1502119220 912237
1502119221 31792
1502119221 171720
1502119221 213978
1502119221 396392
1502119221 440373
1502119221 482657
1502119221 568776
1502119221 651838
1502119221 694090
1502119221 834279
1502119221 857424
1502119221 939527
1502119222 107134
1502119222 202292
1502119222 237214
1502119222 442811
1502119222 486840
1502119222 538977
1502119222 583036
1502119222 697359
1502119222 759799
1502119222 908758
1502119222 960988
1502119223 168291
1502119223 191493
1502119223 344917
1502119223 417901
1502119223 489186
1502119223 609357
1502119223 652561
1502119223 772741
1502119223 902091
1502119224 17308
1502119224 22270
1502119224 112594
1502119224 198758
1502119224 242769
1502119224 305052
1502119224 415132
1502119224 511381
1502119224 516552
1502119224 607546
1502119224 688827
1502119224 702832
1502119224 813237
1502119225 15570
1502119225 154857
1502119225 236057
1502119225 394426
1502119225 437578
1502119225 595918
1502119225 697140
1502119225 821506
1502119225 845426
1502119226 9004
1502119226 80989
1502119226 277501
1502119226 320633
1502119226 364550
1502119226 397723
1502119226 459978
1502119226 599237
1502119226 633168
1502119226 704416
1502119226 748610
1502119226 838763
1502119226 843743
1502119226 953991
1502119226 968944
1502119227 127368
1502119227 131429
1502119227 227492
1502119227 270741
1502119227 406033
1502119227 429082
1502119227 664557
1502119227 678507
1502119227 760820
1502119227 856997
1502119227 976336
1502119228 58381
1502119228 182749
1502119228 215824
1502119228 312037
1502119228 408207
1502119228 452265
1502119228 580634
1502119228 643778
1502119228 676879
1502119228 750023
1502119228 935678
1502119229 29712
1502119229 107840
1502119229 251910
1502119229 357498
1502119229 367118
1502119229 481950
1502119229 511399
1502119229 569481
1502119229 654843
1502119229 702377
1502119229 904471
1502119229 941923
1502119230 163983
1502119230 210638
1502119230 375290
1502119230 383816
1502119230 479981
1502119230 557855
1502119230 662606
1502119230 692065
1502119230 826352
1502119230 931245
1502119230 998881
1502119231 161644
1502119231 162145
1502119231 267515
1502119231 353076
1502119231 478801
1502119231 583599
1502119231 661369
1502119231 785252
1502119231 881595
1502119231 892903
1502119231 997269
1502119232 131087
1502119232 179390
1502119232 226958
1502119232 371888
1502119232 380439
1502119232 458061
1502119232 495641
1502119232 563335
1502119232 668069
1502119232 774772
1502119232 879585
1502119232 957185
1502119233 4716
1502119233 110537
1502119233 196723
1502119233 235207
1502119233 340998
1502119233 446320
1502119233 474911
1502119233 561249
1502119233 580631
1502119233 666797
1502119233 685642
1502119233 800662
1502119233 820212
1502119233 925865
1502119233 974517
1502119234 89748
1502119234 194465
1502119234 271597
1502119234 291153
1502119234 473074
1502119234 521659
1502119234 703674
1502119234 704261
1502119234 779890
1502119234 828437
1502119234 915022
1502119234 915143
1502119235 1323
1502119235 183269
1502119235 202859
1502119235 327553
1502119235 454316
1502119235 606146
1502119235 644570
1502119235 692293
1502119235 787944
1502119235 883898
1502119235 999085
1502119236 18827
1502119236 152870
1502119236 153497
1502119236 325946
1502119236 412400
1502119236 488768
1502119236 508207
1502119236 565940
1502119236 594654
1502119236 642904
1502119236 767200
1502119236 843998
1502119236 940531
1502119237 45990
1502119237 93714
1502119237 190213
1502119237 218003
1502119237 362667
1502119237 400439
1502119237 486667
1502119237 566688
1502119237 611832
1502119237 794220
1502119237 823496
1502119237 903466
1502119237 918496
1502119238 130282
1502119238 341745
1502119238 398738
1502119238 418881
1502119238 532904
1502119238 591445
1502119238 763765
1502119238 792380
1502119239 13403
1502119239 42216
1502119239 128580
1502119239 271690
1502119239 386788
1502119239 388133
1502119239 473958
1502119239 569321
1502119239 636801
1502119239 704489
1502119239 818944
1502119239 819284
1502119239 925425
1502119240 40302
1502119240 108024
1502119240 241735
1502119240 347131
1502119240 347562
1502119240 433617
1502119240 586599
1502119240 654946
1502119240 787953
1502119240 827534
1502119240 874162
1502119241 56657
1502119241 86996
1502119241 259382
1502119241 268224
1502119241 354291
1502119241 480822
1502119241 603896
1502119241 738264
1502119241 835796
1502119241 949640
1502119241 988907
1502119242 170231
1502119242 248555
1502119242 353960
1502119242 362571
1502119242 431264
1502119242 515927
1502119242 536261
1502119242 746505
1502119242 756692
1502119242 948082
1502119242 987263
1502119243 101345
1502119243 131553
1502119243 265800
1502119243 312728
1502119243 371169
1502119243 495159
1502119243 544516
1502119243 600447
1502119243 707822
1502119243 821134
1502119243 907160
1502119243 928300
1502119244 51517
1502119244 81906
1502119244 262095
1502119244 274119
1502119244 465674
1502119244 531581
1502119244 580766
1502119244 742245
1502119244 801444
1502119244 876392
1502119244 993813
1502119245 39762
1502119245 119050
1502119245 232122
1502119245 356629
1502119245 368519
1502119245 463890
1502119245 500796
1502119245 589176
1502119245 769402
1502119245 790645
1502119245 913669
1502119245 953774
1502119246 9855
1502119246 117287
1502119246 278539
1502119246 308678
1502119246 409465
1502119246 463096
1502119246 556196
1502119246 558283
1502119246 709511
1502119246 731772
1502119246 807849
1502119246 872853
1502119247 38723
1502119247 103438
1502119247 189543
1502119247 275744
1502119247 297858
1502119247 384018
1502119247 429283
1502119247 640634
1502119247 700849
1502119247 794040
1502119247 816052
1502119247 921410
1502119248 5510
1502119248 159991
1502119248 190895
1502119248 254984
1502119248 344290
1502119248 389318
1502119248 475494
1502119248 497639
1502119248 612873
1502119248 696087
1502119248 699046
1502119248 820620
1502119248 945710
1502119249 25763
1502119249 195355
1502119249 256364
1502119249 300485
1502119249 476793
1502119249 550175
1502119249 650121
1502119249 793628
1502119249 809544
1502119249 908719
1502119250 2090
1502119250 126247
1502119250 139245
1502119250 385793
1502119250 388767
1502119250 542277
1502119250 606365
1502119250 715619
1502119250 817816
1502119250 965060
1502119251 86620
1502119251 99598
1502119251 233698
1502119251 287805
1502119251 368047
1502119251 393181
1502119251 556547
1502119251 598447
1502119251 703877
1502119251 738961
1502119251 864168
1502119251 972471
1502119252 132852
1502119252 145822
1502119252 325178
1502119252 337313
1502119252 478526
1502119252 510556
1502119252 702097
1502119252 747209
1502119252 874529
1502119252 900540
1502119253 37886
1502119253 150096
1502119253 239293
1502119253 335454
1502119253 380573
1502119253 534085
1502119253 556061
1502119253 642244
1502119253 802561
1502119254 52044
1502119254 55103
1502119254 138362
1502119254 285682
1502119254 330767
1502119254 435730
1502119254 516169
1502119254 550986
1502119254 660425
1502119254 800611
1502119254 919045
1502119254 954271
1502119255 82483
1502119255 107600
1502119255 232044
1502119255 332066
1502119255 347247
1502119255 466347
1502119255 553433
1502119255 615842
1502119255 706822
1502119255 865497
1502119255 937330
1502119256 95942
1502119256 138768
1502119256 191800
1502119256 311167
1502119256 374212
1502119256 503637
1502119256 585070
1502119256 728444
1502119256 949033
1502119256 973658
1502119257 99004
1502119257 102553
1502119257 281486
1502119257 323735
1502119257 472870
1502119257 525308
1502119257 626203
1502119257 697705
1502119257 837640
1502119257 880138
1502119258 1100
1502119258 96249
1502119258 129640
1502119258 274003
1502119258 437298
1502119258 528306
1502119258 682481
1502119258 705926
1502119258 878429
1502119258 893006
1502119258 989235
1502119259 12733
1502119259 114608
1502119259 233069
1502119259 305924
1502119259 431233
1502119259 454513
1502119259 587961
1502119259 622605
1502119259 728041
1502119259 815066
1502119259 857414
1502119259 968411
1502119260 58241
1502119260 154240
1502119260 169866
1502119260 240431
1502119260 266057
1502119260 438579
1502119260 490034
1502119260 688054
1502119260 691467
1502119260 787669
1502119260 794237
1502119260 966608
1502119261 46424
1502119261 187191
1502119261 200638
1502119261 321590
1502119261 354026
1502119261 427653
1502119261 488296
1502119261 593712
1502119261 629152
1502119261 843264
1502119261 859641
1502119261 996466
1502119262 109300
1502119262 256014
1502119262 329698
1502119262 361254
1502119262 486605
1502119262 541210
1502119262 636548
1502119262 697996
1502119262 803310
1502119262 847609
1502119262 972336
1502119263 71859
1502119263 125698
1502119263 177248
1502119263 273508
1502119263 327104
1502119263 499529
1502119263 541994
1502119263 662864
1502119263 791534
1502119263 902589
1502119263 945788
1502119264 152009
1502119264 166372
1502119264 252651
1502119264 353457
1502119264 502064
1502119264 545879
1502119264 675484
1502119264 766541
1502119264 780705
1502119264 843549
1502119264 953231
1502119265 44997
1502119265 198368
1502119265 202668
1502119265 452289
1502119265 486072
1502119265 687641
1502119265 701939
1502119265 788135
1502119265 927980
1502119265 989495
1502119266 52404
1502119266 95911
1502119266 230011
1502119266 301909
1502119266 354463
1502119266 460542
1502119266 494315
1502119266 691027
1502119266 733901
1502119266 811107
1502119266 892556
1502119266 955245
1502119267 35905
1502119267 137634
1502119267 180177
1502119267 304510
1502119267 377467
1502119267 400696
1502119267 511603
1502119267 553988
1502119267 655932
1502119267 727339
1502119267 751204
1502119267 947879
1502119267 952814
1502119268 58943
1502119268 168490
1502119268 221449
1502119268 302879
1502119268 317770
1502119268 476178
1502119268 480833
1502119268 581339
1502119268 720421
1502119268 782781
1502119268 797503
1502119268 907136
1502119268 990166
1502119269 76208
1502119269 137679
1502119269 277517
1502119269 349034
1502119269 450906
1502119269 464382
1502119269 594274
1502119269 665837
1502119269 804888
1502119269 838211
1502119269 997180
1502119270 30500
1502119270 222144
1502119270 256743
1502119270 477354
1502119270 490831
1502119270 664084
1502119270 727104
1502119270 855553
1502119270 928317
1502119270 999025
1502119271 85221
1502119271 120735
1502119271 293302
1502119271 344616
1502119271 466486
1502119271 479131
1502119271 680492
1502119271 716038
1502119271 852893
1502119271 907646
1502119271 978146
1502119272 160500
1502119272 167025
1502119272 263236
1502119272 303893
1502119272 448084
1502119272 454826
1502119272 570030
1502119272 685404
1502119272 687873
1502119272 821802
1502119272 828655
1502119272 908374
1502119273 50079
1502119273 80795
1502119273 167196
1502119273 289845
1502119273 330339
1502119273 462264
1502119273 464623
1502119273 664516
1502119273 732863
1502119273 905665
1502119273 923047
1502119274 106788
1502119274 134550
1502119274 241156
1502119274 278782
1502119274 480258
1502119274 481063
1502119274 652773
1502119274 701573
1502119274 787813
1502119274 883237
1502119274 970233
1502119275 94834
1502119275 171654
1502119275 180902
1502119275 277044
1502119275 392306
1502119275 401379
1502119275 478592
1502119275 574713
1502119275 671031
1502119275 777050
1502119275 872437
1502119275 920517
1502119275 948578
1502119276 121782
1502119276 198105
1502119276 256219
1502119276 409704
1502119276 467719
1502119276 572895
1502119276 745358
1502119276 822448
1502119276 889715
1502119277 91880
1502119277 129277
1502119277 274295
1502119277 292761
1502119277 407965
1502119277 514019
1502119277 647518
1502119277 696420
1502119277 762936
1502119277 849707
1502119277 926084
1502119277 964996
1502119278 118384
1502119278 185627
1502119278 367906
1502119278 406160
1502119278 531420
1502119278 636556
1502119278 732917
1502119278 780850
1502119278 829151
1502119279 39589
1502119279 40395
1502119279 222181
1502119279 222872
1502119279 337984
1502119279 385360
1502119279 472298
1502119279 625821
1502119279 692771
1502119279 721118
1502119279 875395
1502119279 894390
1502119280 114981
1502119280 162989
1502119280 259058
1502119280 345269
1502119280 451442
1502119280 460759
1502119280 614089
1502119280 652150
1502119280 873772
1502119280 901637
1502119281 45980
1502119281 94329
1502119281 190349
1502119281 218383
1502119281 333620
1502119281 420900
1502119281 487075
1502119281 545286
1502119281 602160
1502119281 784597
1502119281 862052
1502119281 958018
1502119281 958197
1502119282 72312
1502119282 226580
1502119282 245602
1502119282 361139
1502119282 417800
1502119282 543476
1502119282 552412
1502119282 667339
1502119282 687824
1502119282 763019
1502119282 783920
1502119282 915959
1502119282 985382
1502119283 88689
1502119283 205963
1502119283 347431
1502119283 436426
1502119283 462277
1502119283 589776
1502119283 663707
1502119283 734135
1502119283 789045
1502119283 932727
1502119283 944719
1502119284 118103
1502119284 134305
1502119284 306640
1502119284 347503
1502119284 479069
1502119284 616192
1502119284 680415
1502119284 722325
1502119284 786685
1502119284 894861
1502119284 949002
1502119285 36438
1502119285 87262
1502119285 278527
1502119285 294785
1502119285 519091
1502119285 563463
1502119285 662666
1502119285 746050
1502119285 864943
1502119285 928438
1502119286 81679
1502119286 104597
1502119286 311788
1502119286 344052
1502119286 475373
1502119286 584601
1502119286 657122
1502119286 737983
1502119286 752933
1502119286 916360
1502119286 930327
1502119287 2493
1502119287 26634
1502119287 227933
1502119287 271048
1502119287 367746
1502119287 467580
1502119287 550005
1502119287 572770
1502119287 656238
1502119287 809620
1502119287 851394
1502119288 43024
1502119288 78114
1502119288 264282
1502119288 289586
1502119288 426939
1502119288 471885
1502119288 625472
1502119288 667224
1502119288 749779
1502119288 868860
1502119288 942200
1502119289 41220
1502119289 201488
1502119289 204423
1502119289 432340
1502119289 642857
1502119289 703616
1502119289 739017
1502119289 864219
1502119289 943133
1502119290 74662
1502119290 135528
1502119290 248060
1502119290 327016
1502119290 430497
1502119290 471361
1502119290 557745
1502119290 633691
1502119290 749979
1502119290 773385
1502119290 907935
1502119291 3717
1502119291 18606
1502119291 89868
1502119291 196499
1502119291 239153
1502119291 320634
1502119291 373434
1502119291 475041
1502119291 536893
1502119291 661094
1502119291 676393
1502119291 786506
1502119291 810671
1502119291 862543
1502119292 60219
1502119292 64069
1502119292 150245
1502119292 223669
1502119292 319124
1502119292 395979
1502119292 540540
1502119292 582288
1502119292 664801
1502119292 790003
1502119292 850845
1502119292 914287
1502119293 71406
1502119293 77747
1502119293 224827
1502119293 231126
1502119293 385119
1502119293 493370
1502119293 567720
1502119293 618648
1502119293 769054
1502119293 810092
1502119293 983568
1502119294 27789
1502119294 155908
1502119294 201097
1502119294 309206
1502119294 316321
1502119294 453660
1502119294 507865
1502119294 644949
1502119294 719425
1502119294 834565
1502119294 856554
1502119294 997902
1502119295 28936
1502119295 173403
1502119295 256674
1502119295 317398
1502119295 451764
1502119295 468171
1502119295 528039
1502119295 669418
1502119295 691446
1502119295 765740
1502119295 881004
1502119295 950884
1502119296 101410
1502119296 152350
1502119296 331977
1502119296 418259
1502119296 488166
1502119296 574391
1502119296 686800
1502119296 728528
1502119296 792934
1502119296 908060
1502119296 987344
1502119297 147873
1502119297 179575
1502119297 303924
1502119297 397354
1502119297 419197
1502119297 524517
1502119297 560754
1502119297 647079
1502119297 725954
1502119297 896425
1502119297 946636
1502119298 156187
1502119298 176959
1502119298 309501
1502119298 426467
1502119298 510873
1502119298 531868
1502119298 657046
1502119298 751557
1502119298 820473
1502119298 866657
1502119299 962
1502119299 40929
1502119299 135337
1502119299 280489
1502119299 385787
1502119299 403853
1502119299 490371
1502119299 720460
1502119299 721507
1502119299 835946
1502119299 942076
1502119299 970178
1502119300 85329
1502119300 182569
1502119300 248726
1502119300 403049
1502119300 479231
1502119300 614510
1502119300 728817
1502119300 815081
1502119300 825157
1502119301 16535
1502119301 83608
1502119301 228035
1502119301 257012
1502119301 400078
1502119301 400274
1502119301 515735
1502119301 611718
1502119301 620907
1502119301 784380
1502119301 803340
1502119301 898625
1502119301 975787
1502119302 23735
1502119302 80996
1502119302 234422
1502119302 263336
1502119302 378729
1502119302 397386
1502119302 455760
1502119302 599169
1502119302 609122
1502119302 809657
1502119302 867946
1502119303 21112
1502119303 59197
1502119303 107291
1502119303 155650
1502119303 308918
1502119303 356906
1502119303 472220
1502119303 529399
1502119303 597630
1502119303 740892
1502119303 817632
1502119303 894197
1502119304 57690
1502119304 162783
1502119304 259220
1502119304 326153
1502119304 422487
1502119304 575655
1502119304 623840
1502119304 661905
1502119304 806215
1502119304 921535
1502119305 26829
1502119305 74858
1502119305 209105
1502119305 267248
1502119305 353560
1502119305 391703
1502119305 554854
1502119305 564873
1502119305 679204
1502119305 766399
1502119305 880749
1502119306 15089
1502119306 16043
1502119306 179281
1502119306 245500
1502119306 331895
1502119306 399731
1502119306 562202
1502119306 630394
1502119306 744596
1502119306 773787
1502119306 956183
1502119306 975081
1502119307 70965
1502119307 129409
1502119307 224398
1502119307 310891
1502119307 398098
1502119307 503390
1502119307 512045
1502119307 617724
1502119307 713866
1502119307 743931
1502119307 819202
1502119307 839059
1502119307 972569
1502119308 79605
1502119308 183698
1502119308 271123
1502119308 404407
1502119308 424402
1502119308 624942
1502119308 645998
1502119308 826307
1502119308 941645
1502119308 971643
1502119309 162288
1502119309 164141
1502119309 277443
1502119309 288338
1502119309 460914
1502119309 507982
1502119309 642437
1502119309 682256
1502119309 748478
1502119309 940857
1502119309 968104
1502119310 152308
1502119310 198558
1502119310 343808
1502119310 419091
1502119310 468982
1502119310 601461
1502119310 689459
1502119310 832018
1502119310 948200
1502119311 62472
1502119311 73412
1502119311 274883
1502119311 283091
1502119311 532613
1502119311 600725
1502119311 686040
1502119311 793087
1502119311 801302
1502119311 944662
1502119311 965511
1502119312 69958
1502119312 138048
1502119312 156131
1502119312 338400
1502119312 388361
1502119312 491775
1502119312 570816
1502119312 732352
1502119312 818587
1502119312 839480
1502119312 904812
1502119313 88911
1502119313 116148
1502119313 375826
1502119313 386682
1502119313 462973
1502119313 481088
1502119313 578183
1502119313 711560
1502119313 846739
1502119313 962123
1502119313 970410
1502119314 66409
1502119314 173502
1502119314 238674
1502119314 288660
1502119314 440445
1502119314 538296
1502119314 565499
1502119314 614461
1502119314 814172
1502119314 873182
1502119315 25622
1502119315 150946
1502119315 324164
1502119315 342261
1502119315 467484
1502119315 573692
1502119315 581883
1502119315 746144
1502119315 850526
1502119315 890421
1502119315 956678
1502119316 24725
1502119316 110173
1502119316 188150
1502119316 330573
1502119316 456804
1502119316 484045
1502119316 589186
1502119316 649080
1502119316 773380
1502119316 857501
1502119316 888674
1502119317 23007
1502119317 68965
1502119317 184173
1502119317 214656
1502119317 337543
1502119317 454319
1502119317 559391
1502119317 598356
1502119317 713635
1502119317 827126
1502119317 905092
1502119317 923232
1502119318 96487
1502119318 114691
1502119318 356145
1502119318 382970
1502119318 509547
1502119318 594447
1502119318 720896
1502119318 795876
1502119318 920604
1502119318 941476
1502119319 27788
1502119319 112141
1502119319 123918
1502119319 333524
1502119319 345310
1502119319 431557
1502119319 554010
1502119319 574898
1502119319 688523
1502119319 812619
1502119319 844453
1502119319 939842
1502119319 994732
1502119320 113067
1502119320 196661
1502119320 199294
1502119320 304663
1502119320 368965
1502119320 522357
1502119320 535081
1502119320 608495
1502119320 736512
1502119320 761817
1502119320 890795
1502119321 1543
1502119321 116441
1502119321 188449
1502119321 251108
1502119321 337402
1502119321 437982
1502119321 533367
1502119321 605977
1502119321 711197
1502119321 744860
1502119321 845615
1502119321 850092
1502119321 955249
1502119321 969801
1502119322 95149
1502119322 262925
1502119322 363673
1502119322 435352
1502119322 555119
1502119322 732927
1502119322 794744
1502119322 934435
1502119323 34422
1502119323 120635
1502119323 245844
1502119323 280213
1502119323 433718
1502119323 437238
1502119323 619381
1502119323 625027
1502119323 743978
1502119323 878299
1502119323 894444
1502119323 983591
1502119324 115141
1502119324 184976
1502119324 335659
1502119324 434502
1502119324 440970
1502119324 578092
1502119324 690551
1502119324 789214
1502119324 872818
1502119324 932848
1502119324 998156
1502119325 47716
1502119325 141483
1502119325 182118
1502119325 297242
1502119325 381115
1502119325 458255
1502119325 468048
1502119325 647961
1502119325 842045
1502119325 888420
1502119326 22649
1502119326 62597
1502119326 187919
1502119326 272221
1502119326 380302
1502119326 435595
1502119326 466520
1502119326 638978
1502119326 695246
1502119326 800583
1502119326 879345
1502119326 944928
1502119326 955736
1502119327 69099
1502119327 165279
1502119327 186099
1502119327 299577
1502119327 311324
1502119327 433922
1502119327 445795
1502119327 549111
1502119327 656299
1502119327 683498
1502119327 858606
1502119327 952216
1502119328 20951
1502119328 58218
1502119328 232345
1502119328 288695
1502119328 374963
1502119328 472944
1502119328 480201
1502119328 635402
1502119328 701706
1502119328 798698
1502119328 826064
1502119328 904036
1502119328 950332
1502119328 990227
1502119329 141882
1502119329 230815
1502119329 276154
1502119329 451304
1502119329 468235
1502119329 576289
1502119329 659952
1502119329 710469
1502119329 842070
1502119329 940602
1502119330 43489
1502119330 113749
1502119330 225949
1502119330 315179
1502119330 370418
1502119330 514503
1502119330 545679
1502119330 610692
1502119330 679965
1502119330 687227
1502119330 900532
1502119330 936809
1502119331 72990
1502119331 81141
1502119331 284272
1502119331 330614
1502119331 467085
1502119331 551394
1502119331 572072
1502119331 744726
1502119331 752745
1502119331 878062
1502119331 879851
1502119332 69496
1502119332 167462
1502119332 338838
1502119332 465123
1502119332 597435
1502119332 656643
1502119332 693700
1502119332 799919
1502119332 847207
1502119332 973325
1502119333 58580
1502119333 59614
1502119333 230965
1502119333 280018
1502119333 386243
1502119333 471529
1502119333 529522
1502119333 576747
1502119333 740110
1502119333 769166
1502119333 884669
1502119333 942542
1502119333 970625
1502119334 172769
1502119334 182004
1502119334 364462
1502119334 364551
1502119334 507898
1502119334 585895
1502119334 699457
1502119334 815191
1502119334 959068
1502119335 45919
1502119335 150531
1502119335 171181
1502119335 237588
1502119335 324494
1502119335 400004
1502119335 410813
1502119335 515142
1502119335 736849
1502119335 756523
1502119335 929981
1502119335 995234
1502119336 216914
1502119336 274748
1502119336 475400
1502119336 534328
1502119336 706758
1502119336 735058
1502119336 793790
1502119336 840223
1502119336 937201
1502119337 13510
1502119337 176065
1502119337 196693
1502119337 272147
1502119337 350105
1502119337 436337
1502119337 454679
1502119337 607908
1502119337 666821
1502119337 713168
1502119337 743907
1502119337 821162
1502119337 895537
1502119338 60761
1502119338 116024
1502119338 214083
1502119338 329313
1502119338 365669
1502119338 415463
1502119338 558092
1502119338 588946
1502119338 742336
1502119338 788529
1502119338 991724
1502119338 999302
1502119339 126098
1502119339 153443
1502119339 315956
1502119339 375608
1502119339 489025
1502119339 538932
1502119339 625146
1502119339 721490
1502119339 738751
1502119339 940131
1502119339 952615
1502119340 55427
1502119340 160832
1502119340 201865
1502119340 285969
1502119340 306752
1502119340 534633
1502119340 556665
1502119340 640778
1502119340 815876
1502119340 861300
1502119340 912131
1502119341 62796
1502119341 113429
1502119341 273322
1502119341 324976
1502119341 378616
1502119341 440170
1502119341 555417
1502119341 570000
1502119341 689770
1502119341 791460
1502119341 886776
1502119341 939338
1502119342 136353
1502119342 188754
1502119342 386045
1502119342 428615
1502119342 524613
1502119342 654548
1502119342 706946
1502119342 760724
1502119342 846913
1502119342 889434
1502119343 19368
1502119343 120020
1502119343 220850
1502119343 307063
1502119343 311488
1502119343 518438
1502119343 691002
1502119343 715667
1502119343 816289
1502119343 878655
1502119344 17775
1502119344 118293
1502119344 258169
1502119344 362652
1502119344 396821
1502119344 535774
1502119344 588359
1502119344 712627
1502119344 765423
1502119344 798863
1502119344 914112
1502119345 37427
1502119345 68263
1502119345 144574
1502119345 292628
1502119345 327028
1502119345 417181
1502119345 548403
1502119345 561357
1502119345 740035
1502119345 800813
1502119345 826310
1502119345 887038
1502119346 8634
1502119346 50582
1502119346 132879
1502119346 146623
1502119346 277129
1502119346 415323
1502119346 478647
1502119346 587883
1502119346 671235
1502119346 741940
1502119346 795381
1502119346 968772
1502119346 972406
1502119347 58559
1502119347 93000
1502119347 192918
1502119347 208202
1502119347 337153
1502119347 438765
1502119347 528759
1502119347 663218
1502119347 678292
1502119347 759218
1502119347 870750
1502119347 902596
1502119348 14060
1502119348 94127
1502119348 158368
1502119348 219274
1502119348 397936
1502119348 439839
1502119348 641346
1502119348 657479
1502119348 814687
1502119348 907099
1502119349 15226
1502119349 70410
1502119349 165833
1502119349 206748
1502119349 262071
1502119349 463611
1502119349 466495
1502119349 559640
1502119349 686789
1502119349 703904
1502119349 849308
1502119349 905366
1502119350 41707
1502119350 144929
1502119350 175948
1502119350 262163
1502119350 279201
1502119350 356463
1502119350 471675
1502119350 530755
1502119350 674296
1502119350 721173
1502119350 827545
1502119350 960888
1502119351 783
1502119351 181375
1502119351 269527
1502119351 335535
1502119351 365734
1502119351 459969
1502119351 518982
1502119351 624392
1502119351 709394
1502119351 777699
1502119351 882811
1502119351 959185
1502119352 8205
1502119352 122405
1502119352 228681
1502119352 382053
1502119352 450245
1502119352 565367
1502119352 573452
1502119352 660704
1502119352 813949
1502119352 843040
1502119352 957334
1502119352 968396
1502119353 150728
1502119353 215905
1502119353 371339
1502119353 446350
1502119353 486423
1502119353 532655
1502119353 572783
1502119353 715226
1502119353 736065
1502119353 888308
1502119353 965758
1502119354 137929
1502119354 214944
1502119354 237503
1502119354 349669
1502119354 406536
1502119354 473978
1502119354 627137
1502119354 637363
1502119354 771723
1502119355 11331
1502119355 107214
1502119355 213271
1502119355 241663
1502119355 404925
1502119355 433053
1502119355 530104
1502119355 625429
1502119355 701894
1502119355 922211
1502119356 94641
1502119356 96232
1502119356 258786
1502119356 363264
1502119356 508370
1502119356 536600
1502119356 689946
1502119356 767827
1502119356 871505
1502119357 82987
1502119357 103692
1502119357 276949
1502119357 312689
1502119357 427871
1502119357 524179
1502119357 526624
1502119357 631803
1502119357 667548
1502119357 843260
1502119357 936006
1502119358 51377
1502119358 73954
1502119358 266338
1502119358 285127
1502119358 438675
1502119358 467641
1502119358 630152
1502119358 698229
1502119358 803331
1502119358 851640
1502119358 908635
1502119358 995941
1502119359 82059
1502119359 158120
1502119359 245398
1502119359 321592
1502119359 437236
1502119359 552354
1502119359 581424
1502119359 667588
1502119359 772618
1502119359 898023
1502119359 916933
1502119359 984176
1502119360 61152
1502119360 252871
1502119360 406261
1502119360 474298
1502119360 579357
1502119360 723849
1502119360 761919
1502119360 858126
1502119361 1479
1502119361 126696
1502119361 135662
1502119361 231908
1502119361 327962
1502119361 386289
1502119361 433250
1502119361 472740
1502119361 663784
1502119361 674098
1502119361 760110
1502119361 904698
1502119361 990643
1502119362 19751
1502119362 154607
1502119362 230168
1502119362 336440
1502119362 451818
1502119362 479635
1502119362 643066
1502119362 711354
1502119362 796387
1502119362 873660
1502119362 912830
1502119362 978818
1502119363 129410
1502119363 143255
1502119363 228379
1502119363 277639
1502119363 382847
1502119363 458865
1502119363 584126
1502119363 651495
1502119363 747608
1502119363 775543
1502119363 890826
1502119363 940209
1502119364 25098
1502119364 93415
1502119364 217703
1502119364 284750
1502119364 391046
1502119364 514331
1502119364 592489
1502119364 610444
1502119364 707051
1502119364 727087
1502119364 869119
1502119364 947290
1502119365 3388
1502119365 139687
1502119365 214795
1502119365 293038
1502119365 445416
1502119365 513647
1502119365 598712
1502119365 759701
1502119365 829303
1502119365 979141
1502119366 199698
1502119366 279374
1502119366 430341
1502119366 519958
1502119366 635320
1502119366 650955
1502119366 747017
1502119366 836473
1502119366 922690
1502119366 987320
1502119367 63540
1502119367 105104
1502119367 220432
1502119367 313267
1502119367 440923
1502119367 447442
1502119367 553711
1502119367 652445
1502119367 697069
1502119367 748586
1502119367 834853
1502119367 931022
1502119367 956565
1502119368 80909
1502119368 170625
1502119368 216119
1502119368 294926
1502119368 484843
1502119368 535418
1502119368 628207
1502119368 631584
1502119368 849593
1502119368 852153
1502119368 929316
1502119368 993186
1502119369 108455
1502119369 235961
1502119369 281639
1502119369 444885
1502119369 552673
1502119369 665445
1502119369 686931
1502119369 818837
1502119369 860293
1502119370 49383
1502119370 109935
1502119370 298848
1502119370 359459
1502119370 445847
1502119370 568049
1502119370 695279
1502119370 827171
1502119370 961379
1502119371 40933
1502119371 68853
1502119371 184313
1502119371 268096
1502119371 328702
1502119371 488622
1502119371 575681
1502119371 597296
1502119371 700140
1502119371 779840
1502119371 882524
1502119372 36343
1502119372 48363
1502119372 211696
1502119372 276357
1502119372 404027
1502119372 429791
1502119372 535853
1502119372 653796
1502119372 784638
1502119372 912447
1502119373 25258
1502119373 84744
1502119373 197425
1502119373 293622
1502119373 334182
1502119373 388934
1502119373 485086
1502119373 507499
1502119373 724715
1502119373 737175
1502119373 810867
1502119373 824351
1502119374 34815
1502119374 60436
1502119374 194841
1502119374 226409
1502119374 444456
1502119374 456907
1502119374 553068
1502119374 664866
1502119374 763608
1502119374 885422
1502119374 916974
1502119375 10684
1502119375 134916
1502119375 156588
1502119375 288529
1502119375 319830
1502119375 424904
1502119375 431677
1502119375 531553
1502119375 655635
1502119375 806549
1502119375 876091
1502119375 940797
1502119375 972342
1502119376 96690
1502119376 113250
1502119376 202896
1502119376 333798
1502119376 452466
1502119376 516266
1502119376 547683
1502119376 698527
1502119376 730115
1502119376 832860
1502119376 999615
1502119377 44346
1502119377 149888
1502119377 220311
1502119377 341140
1502119377 421610
1502119377 485482
1502119377 642408
1502119377 744142
1502119377 834653
1502119377 949847
1502119377 965508
1502119378 186095
1502119378 218427
1502119378 304631
1502119378 349314
1502119378 409884
1502119378 569905
1502119378 621050
1502119378 723218
1502119378 755680
1502119378 886535
1502119378 957068
1502119379 63379
1502119379 68982
1502119379 235732
1502119379 270411
1502119379 375755
1502119379 571456
1502119379 625273
1502119379 667670
1502119379 740590
1502119379 826716
1502119379 850072
1502119379 932029
1502119379 975264
1502119380 152542
1502119380 166753
1502119380 311068
1502119380 382864
1502119380 555556
1502119380 718634
1502119380 743027
1502119380 820255
1502119380 910930
1502119381 35211
1502119381 69772
1502119381 261288
1502119381 285122
1502119381 400420
1502119381 472711
1502119381 558906
1502119381 655110
1502119381 659831
1502119381 779513
1502119381 823236
1502119382 876
1502119382 81865
1502119382 106111
1502119382 307593
1502119382 341423
1502119382 500001
1502119382 523922
1502119382 596183
1502119382 682484
1502119382 696347
1502119382 897854
1502119382 941288
1502119383 47204
1502119383 90094
1502119383 262570
1502119383 296733
1502119383 406832
1502119383 508167
1502119383 541217
1502119383 584492
1502119383 666363
1502119383 737754
1502119383 925017
1502119384 16351
1502119384 50247
1502119384 121800
1502119384 289905
1502119384 381218
1502119384 467398
1502119384 511310
1502119384 611765
1502119384 635589
1502119384 775349
1502119384 828273
1502119384 981659
1502119385 24666
1502119385 58574
1502119385 211940
1502119385 216135
1502119385 423339
1502119385 427594
1502119385 605753
1502119385 619000
1502119385 788365
1502119385 811432
1502119385 941495
1502119386 2981
1502119386 181097
1502119386 277314
1502119386 434865
1502119386 488745
1502119386 584990
1502119386 675412
1502119386 757429
1502119386 885944
1502119386 930687
1502119387 49253
1502119387 141470
1502119387 289839
1502119387 371994
1502119387 452323
1502119387 621431
1502119387 702698
1502119387 774820
1502119387 913231
1502119388 25177
1502119388 124669
1502119388 254750
1502119388 384231
1502119388 408998
1502119388 499455
1502119388 658734
1502119388 763855
1502119388 844247
1502119388 937201
1502119389 93933
1502119389 138741
1502119389 219124
1502119389 388370
1502119389 458667
1502119389 554851
1502119389 579649
1502119389 641087
1502119389 733952
1502119389 747323
1502119389 858390
1502119390 5881
1502119390 40522
1502119390 179161
1502119390 309392
1502119390 577955
1502119390 601253
1502119390 760509
1502119390 812794
1502119390 927885
1502119390 980872
1502119391 91259
1502119391 153315
1502119391 258595
1502119391 301794
1502119391 344770
1502119391 436186
1502119391 542551
1502119391 546454
1502119391 709607
1502119391 791810
1502119391 868078
1502119391 969144
1502119392 117831
1502119392 170755
1502119392 223837
1502119392 313992
1502119392 400193
1502119392 415321
1502119392 607706
1502119392 668880
1502119392 819166
1502119392 861233
1502119392 991679
1502119393 43862
1502119393 158920
1502119393 193050
1502119393 302292
1502119393 318275
1502119393 523718
1502119393 557940
1502119393 658229
1502119393 702133
1502119393 916735
1502119393 961688
1502119394 60011
1502119394 164005
1502119394 166314
1502119394 309719
1502119394 335604
1502119394 405843
1502119394 566126
1502119394 616378
1502119394 760746
1502119394 863787
1502119394 914191
1502119395 36226
1502119395 67361
1502119395 258922
1502119395 266720
1502119395 412212
1502119395 497260
1502119395 498411
1502119395 603704
1502119395 726840
1502119395 862061
1502119395 863222
1502119396 83927
1502119396 180014
1502119396 187895
1502119396 341158
1502119396 448596
1502119396 571778
1502119396 572967
1502119396 677586
1502119396 678212
1502119396 812649
1502119396 917783
1502119396 936274
1502119397 90336
1502119397 157634
1502119397 262653
1502119397 407243
1502119397 435926
1502119397 656594
1502119397 656805
1502119397 858169
1502119397 867572
1502119397 944135
1502119398 21052
1502119398 164745
1502119398 193608
1502119398 260882
1502119398 404908
1502119398 520153
1502119398 596429
1502119398 740068
1502119398 845907
1502119398 864385
1502119399 84912
1502119399 95432
1502119399 200183
1502119399 229850
1502119399 449703
1502119399 460247
1502119399 593113
1502119399 757942
1502119399 842683
1502119399 998383
1502119400 44186
1502119400 188397
1502119400 228902
1502119400 312759
1502119400 420414
1502119400 495323
1502119400 669984
1502119400 696602
1502119400 833493
1502119400 966139
1502119401 92825
1502119401 205984
1502119401 236321
1502119401 311022
1502119401 341516
1502119401 437787
1502119401 560534
1502119401 639171
1502119401 735397
1502119401 762090
1502119401 896353
1502119401 897830
1502119402 39806
1502119402 89307
1502119402 194534
1502119402 308328
1502119402 367921
1502119402 539202
1502119402 607561
1502119402 730560
1502119402 847222
1502119402 999009
1502119403 68499
1502119403 124185
1502119403 173853
1502119403 210353
1502119403 363826
1502119403 423336
1502119403 507159
1502119403 605807
1502119403 613335
1502119403 721012
1502119403 805009
1502119403 900890
1502119403 913392
1502119404 121559
1502119404 342101
1502119404 421671
1502119404 565882
1502119404 610681
1502119404 805462
1502119404 831200
1502119405 6971
1502119405 13739
1502119405 208361
1502119405 263158
1502119405 362649
1502119405 387578
1502119405 487003
1502119405 583216
1502119405 637063
1502119405 780502
1502119405 813679
1502119405 866682
1502119406 34269
1502119406 135335
1502119406 288691
1502119406 302794
1502119406 505452
1502119406 538341
1502119406 777862
1502119406 802025
1502119406 979491
1502119406 984479
1502119407 113568
1502119407 205786
1502119407 256982
1502119407 372232
1502119407 397296
1502119407 522527
1502119407 641062
1502119407 743034
1502119407 842335
1502119407 935403
1502119407 957403
1502119408 97831
1502119408 130618
1502119408 245888
1502119408 341144
1502119408 348307
1502119408 427464
1502119408 520734
1502119408 696093
1502119408 732199
1502119408 914767
1502119408 936572
1502119409 61313
1502119409 116082
1502119409 186449
1502119409 355641
1502119409 358920
1502119409 532048
1502119409 538040
1502119409 618321
1502119409 758646
1502119409 762576
1502119409 932152
1502119409 983160
1502119410 136421
1502119410 181511
1502119410 299828
1502119410 386194
1502119410 421044
1502119410 520336
1502119410 613463
1502119410 689675
1502119410 712709
1502119410 853020
1502119410 866135
1502119410 971576
1502119411 73562
1502119411 115804
1502119411 276043
1502119411 365347
1502119411 410282
1502119411 471394
1502119411 576705
1502119411 668992
1502119411 803300
1502119411 816403
1502119411 880295
1502119411 976466
1502119412 56777
1502119412 129880
1502119412 172008
1502119412 264205
1502119412 369597
1502119412 383510
1502119412 478864
1502119412 623112
1502119412 666922
1502119412 763365
1502119412 824562
1502119412 954903
1502119413 64999
1502119413 151216
1502119413 195253
1502119413 329738
1502119413 390926
1502119413 453913
1502119413 579323
1502119413 621344
1502119413 799749
1502119413 831902
1502119414 24265
1502119414 49248
1502119414 164574
1502119414 206600
1502119414 341054
1502119414 395040
1502119414 437233
1502119414 561504
1502119414 577402
1502119414 676997
1502119414 692713
1502119414 846032
1502119414 849143
1502119415 3486
1502119415 137898
1502119415 171863
1502119415 320229
1502119415 421439
1502119415 492677
1502119415 608103
1502119415 642852
1502119415 809356
1502119415 844308
1502119416 26722
1502119416 77908
1502119416 184087
1502119416 247151
1502119416 270334
1502119416 372543
1502119416 471765
1502119416 567996
1502119416 611986
1502119416 731321
1502119416 855725
1502119416 861652
1502119416 937812
1502119417 28999
1502119417 134281
1502119417 149298
1502119417 297693
1502119417 379874
1502119417 518103
1502119417 591187
1502119417 681624
1502119417 830780
1502119417 853963
1502119417 916995
1502119418 36451
1502119418 119452
1502119418 132627
1502119418 243816
1502119418 362198
1502119418 407080
1502119418 506374
1502119418 589520
1502119418 631627
1502119418 829077
1502119418 852326
1502119418 915259
1502119419 53691
1502119419 107692
1502119419 197111
1502119419 299179
1502119419 351374
1502119419 433463
1502119419 533732
1502119419 648211
1502119419 673125
1502119419 913539
1502119419 916752
1502119420 28826
1502119420 127349
1502119420 172178
1502119420 290414
1502119420 363616
1502119420 385842
1502119420 450072
1502119420 529231
1502119420 680465
1502119420 701641
1502119420 757449
1502119420 855085
1502119420 988016
1502119421 47415
1502119421 122278
1502119421 285699
1502119421 287040
1502119421 431407
1502119421 554525
1502119421 679988
1502119421 707656
1502119421 793940
1502119421 910548
1502119421 919088
1502119422 35760
1502119422 43440
1502119422 208131
1502119422 264931
1502119422 380072
1502119422 457850
1502119422 582921
1502119422 629702
1502119422 734981
1502119422 813673
1502119422 956805
1502119422 974598
1502119423 44015
1502119423 176034
1502119423 206351
1502119423 272186
1502119423 368363
1502119423 369722
1502119423 484778
1502119423 511848
1502119423 658111
1502119423 761267
1502119423 849575
1502119423 945747
1502119424 58789
1502119424 195840
1502119424 318292
1502119424 376754
1502119424 473067
1502119424 529699
1502119424 722634
1502119424 750567
1502119424 875764
1502119424 914965
1502119425 57517
1502119425 135908
1502119425 337274
1502119425 354934
1502119425 462495
1502119425 518569
1502119425 596733
1502119425 767783
1502119425 827336
1502119425 864036
1502119426 85929
1502119426 94532
1502119426 163025
1502119426 218810
1502119426 297253
1502119426 317847
1502119426 535621
1502119426 582271
1502119426 669893
1502119426 678321
1502119426 850925
1502119426 862278
1502119427 25594
1502119427 90550
1502119427 198008
1502119427 304129
1502119427 330112
1502119427 416298
1502119427 495631
1502119427 617892
1502119427 716273
1502119427 791174
1502119427 860527
1502119427 887323
1502119428 52928
1502119428 59707
1502119428 213093
1502119428 273410
1502119428 347407
1502119428 436780
1502119428 586981
1502119428 628331
1502119428 711304
1502119428 753630
1502119428 816578
1502119428 839721
1502119429 51194
1502119429 66110
1502119429 204509
1502119429 248559
1502119429 406071
1502119429 518031
1502119429 627463
1502119429 738570
1502119429 789923
1502119429 915095
1502119430 7293
1502119430 154734
1502119430 256756
1502119430 289931
1502119430 433328
1502119430 506304
1502119430 548593
1502119430 601636
1502119430 688791
1502119430 789009
1502119430 794023
1502119430 957381
1502119430 990594
1502119431 158930
1502119431 191971
1502119431 297385
1502119431 331236
1502119431 485568
1502119431 546760
1502119431 638944
1502119431 787255
1502119431 801359
1502119431 883395
1502119431 973873
1502119432 79135
1502119432 104025
1502119432 276565
1502119432 347822
1502119432 363482
1502119432 506897
1502119432 616332
1502119432 718366
1502119432 779696
1502119432 967886
1502119433 19265
1502119433 150576
1502119433 220710
1502119433 322738
1502119433 364949
1502119433 508394
1502119433 668520
1502119433 670813
1502119433 899012
1502119433 911290
1502119434 24299
1502119434 54492
1502119434 139529
1502119434 208073
1502119434 350198
1502119434 448590
1502119434 465260
1502119434 705845
1502119434 716276
1502119434 879376
1502119434 916355
1502119434 965677
1502119435 175835
1502119435 186989
1502119435 397684
1502119435 415507
1502119435 502526
1502119435 503942
1502119435 618971
1502119435 636940
1502119435 733279
1502119435 771246
1502119435 848516
1502119436 1693
1502119436 69971
1502119436 87866
1502119436 212320
1502119436 300694
1502119436 385655
1502119436 501963
1502119436 617476
1502119436 645206
1502119436 731404
1502119436 732724
1502119436 838042
1502119436 865692
1502119437 29485
1502119437 105412
1502119437 212061
1502119437 345817
1502119437 394448
1502119437 499155
1502119437 509706
1502119437 643499
1502119437 681991
1502119437 769152
1502119437 853975
1502119437 970628
1502119438 27293
1502119438 75858
1502119438 171603
1502119438 220132
1502119438 305799
1502119438 325422
1502119438 459327
1502119438 526798
1502119438 612679
1502119438 727800
1502119438 738245
1502119438 978992
1502119439 44517
1502119439 169855
1502119439 199342
1502119439 380320
1502119439 381742
1502119439 562794
1502119439 583259
1502119439 802439
1502119439 851937
1502119439 947997
1502119440 51968
1502119440 120475
1502119440 206249
1502119440 292351
1502119440 341801
1502119440 457339
1502119440 522905
1502119440 696827
1502119440 705330
1502119440 831052
1502119440 954901
1502119440 994610
1502119441 70151
1502119441 253976
1502119441 319733
1502119441 369135
1502119441 405918
1502119441 551558
1502119441 617331
1502119441 666919
1502119441 741707
1502119441 772064
1502119441 858310
1502119441 876080
1502119442 77599
1502119442 107944
1502119442 240872
1502119442 271239
1502119442 385120
1502119442 424605
1502119442 471282
1502119442 549893
1502119442 720791
1502119442 780473
1502119442 836112
1502119443 29912
1502119443 66560
1502119443 231507
1502119443 481010
1502119443 508518
1502119443 642937
1502119443 653494
1502119443 853434
1502119443 864870
1502119443 959589
1502119443 970176
1502119444 104485
1502119444 131974
1502119444 286936
1502119444 362559
1502119444 508224
1502119444 534979
1502119444 613612
1502119444 660188
1502119444 832593
1502119444 873057
1502119444 919721
1502119445 35082
1502119445 141677
1502119445 255514
1502119445 410220
1502119445 505086
1502119445 583616
1502119445 677552
1502119445 737031
1502119445 831766
1502119445 890340
1502119446 14283
1502119446 91932
1502119446 234735
1502119446 322362
1502119446 436190
1502119446 523853
1502119446 697217
1502119446 704919
1502119446 917675
1502119446 954391
1502119447 13946
1502119447 117732
1502119447 186260
1502119447 203906
1502119447 387767
1502119447 405410
1502119447 580124
1502119447 626769
1502119447 799190
1502119447 829723
1502119447 895402
1502119447 993081
1502119448 135256
1502119448 260812
1502119448 298306
1502119448 384537
1502119448 404861
1502119448 539358
1502119448 625040
1502119448 808148
1502119449 10350
1502119449 56971
1502119449 114752
1502119449 219455
1502119449 288071
1502119449 411519
1502119449 488913
1502119449 642005
1502119449 661367
1502119449 804816
1502119449 891512
1502119449 977363
1502119450 34961
1502119450 159671
1502119450 189233
1502119450 313951
1502119450 438792
1502119450 602132
1502119450 610730
1502119450 746846
1502119450 803113
1502119450 868016
1502119450 947319
1502119450 954278
1502119451 23561
1502119451 167895
1502119451 223795
1502119451 340368
1502119451 482477
1502119451 580787
1502119451 657888
1502119451 712894
1502119451 792238
1502119451 876495
1502119451 964692
1502119452 41753
1502119452 115848
1502119452 147070
1502119452 241097
1502119452 367571
1502119452 375421
1502119452 480642
1502119452 559947
1502119452 576850
1502119452 768345
1502119452 799544
1502119452 943870
1502119452 950744
1502119453 49086
1502119453 94994
1502119453 135250
1502119453 260562
1502119453 277499
1502119453 433079
1502119453 449864
1502119453 606336
1502119453 690373
1502119453 768805
1502119453 864887
1502119453 871859
1502119453 997072
1502119454 102378
1502119454 133558
1502119454 226727
1502119454 374049
1502119454 381008
1502119454 534342
1502119454 565543
1502119454 639631
1502119454 766956
1502119454 897381
1502119454 920072
1502119455 70683
1502119455 131856
1502119455 339329
1502119455 429512
1502119455 568947
1502119455 572850
1502119455 746247
1502119455 818421
1502119455 985752
1502119456 38994
1502119456 221444
1502119456 254401
1502119456 447121
1502119456 462141
1502119456 603488
1502119456 667300
1502119456 776027
1502119456 907836
1502119456 996501
1502119457 61246
1502119457 227219
1502119457 272593
1502119457 333134
1502119457 512432
1502119457 601732
1502119457 736013
1502119457 761792
1502119457 966598
1502119458 2248
1502119458 71793
1502119458 321404
1502119458 366183
1502119458 472337
1502119458 513767
1502119458 677084
1502119458 692881
1502119458 859525
1502119458 952392
1502119459 2910
1502119459 134757
1502119459 249239
1502119459 271555
1502119459 336293
1502119459 396755
1502119459 502080
1502119459 575804
1502119459 742516
1502119459 767303
1502119459 885971
1502119459 982157
1502119460 26892
1502119460 183603
1502119460 295615
1502119460 346099
1502119460 458830
1502119460 586561
1502119460 641251
1502119460 672834
1502119460 787960
1502119460 851860
1502119460 950431
1502119461 25115
1502119461 104699
1502119461 130405
1502119461 305304
1502119461 399177
1502119461 554916
1502119461 620430
1502119461 661025
1502119461 860049
1502119461 871492
1502119462 13423
1502119462 53928
1502119462 198266
1502119462 282104
1502119462 293582
1502119462 456566
1502119462 474399
1502119462 536818
1502119462 570660
1502119462 633043
1502119462 767296
1502119462 810188
1502119462 944523
1502119462 988666
1502119463 40741
1502119463 93882
1502119463 251300
1502119463 314465
1502119463 462689
1502119463 515926
1502119463 689303
1502119463 703191
1502119463 794588
1502119463 808434
1502119463 932765
1502119464 35077
1502119464 38936
1502119464 140253
1502119464 233481
1502119464 316658
1502119464 380782
1502119464 441961
1502119464 572261
1502119464 672359
1502119464 697475
1502119464 768568
1502119464 927081
1502119464 989072
1502119465 52356
1502119465 113435
1502119465 234764
1502119465 247742
1502119465 474456
1502119465 517294
1502119465 560489
1502119465 689814
1502119465 790977
1502119465 901199
1502119465 935298
1502119466 6488
1502119466 107784
1502119466 159803
1502119466 367418
1502119466 418354
1502119466 520637
1502119466 533651
1502119466 665060
1502119466 803291
1502119466 856459
1502119466 962664
1502119467 23814
1502119467 99992
1502119467 154085
1502119467 234247
1502119467 260261
1502119467 321459
1502119467 365636
1502119467 586165
1502119467 711513
1502119467 797521
1502119467 906796
1502119467 979926
1502119468 85251
1502119468 136301
1502119468 344755
1502119468 386820
1502119468 537355
1502119468 549354
1502119468 690559
1502119468 759849
1502119468 865905
1502119468 902215
1502119468 988178
1502119469 9365
1502119469 75137
1502119469 143634
1502119469 256857
1502119469 362092
1502119469 365003
1502119469 489476
1502119469 496363
1502119469 585657
1502119469 678792
1502119469 787099
1502119469 861269
1502119470 83794
1502119470 120842
1502119470 245990
1502119470 257135
1502119470 398438
1502119470 439244
1502119470 523713
1502119470 563880
1502119470 792349
1502119470 794400
1502119470 907582
1502119470 993839
1502119471 99948
1502119471 140125
1502119471 322568
1502119471 329688
1502119471 416623
1502119471 543050
1502119471 656304
1502119471 802631
1502119471 924803
1502119471 955910
1502119472 59249
1502119472 184414
1502119472 186669
1502119472 308849
1502119472 446057
1502119472 491128
1502119472 570436
1502119472 625442
1502119472 695526
1502119472 798803
1502119472 819998
1502119472 916331
1502119473 38388
1502119473 89523
1502119473 232862
1502119473 239885
1502119473 377299
1502119473 480340
1502119473 559524
1502119473 643620
1502119473 655674
1502119473 844215
1502119473 876332
1502119474 36633
1502119474 135951
1502119474 160939
1502119474 314321
1502119474 356299
1502119474 410551
1502119474 452605
1502119474 673160
1502119474 679131
1502119474 817352
1502119474 880628
1502119475 5860
1502119475 37925
1502119475 140263
1502119475 235429
1502119475 297437
1502119475 379762
1502119475 392730
1502119475 518062
1502119475 648741
1502119475 709397
1502119475 810857
1502119475 882121
1502119475 945131
1502119476 74259
1502119476 214650
1502119476 314743
1502119476 377087
1502119476 391029
1502119476 473334
1502119476 592455
1502119476 674731
1502119476 761891
1502119476 813798
1502119476 896159
1502119476 900026
1502119477 24369
1502119477 39556
1502119477 264800
1502119477 280039
1502119477 385282
1502119477 476350
1502119477 648767
1502119477 653967
1502119477 817328
1502119477 879222
1502119477 941649
1502119478 84949
1502119478 90744
1502119478 181162
1502119478 311487
1502119478 391710
1502119478 487922
1502119478 592322
1502119478 598902
1502119478 752345
1502119478 774740
1502119478 860934
1502119478 963697
1502119479 59880
1502119479 110492
1502119479 156250
1502119479 290411
1502119479 360064
1502119479 520984
1502119479 619638
1502119479 751423
1502119479 792015
1502119479 846760
1502119480 49175
1502119480 60699
1502119480 224074
1502119480 377390
1502119480 451988
1502119480 538278
1502119480 607859
1502119480 663390
1502119480 694318
1502119480 884089
1502119480 933688
1502119481 97146
1502119481 143545
1502119481 183236
1502119481 308453
1502119481 334990
1502119481 412233
1502119481 432824
1502119481 539027
1502119481 634281
1502119481 651709
1502119481 747914
1502119481 788549
1502119481 997507
1502119482 57113
1502119482 83653
1502119482 277779
1502119482 295170
1502119482 400471
1502119482 496849
1502119482 517329
1502119482 659156
1502119482 671518
1502119482 736176
1502119482 785921
1502119482 882181
1502119482 918605
1502119483 40032
1502119483 43889
1502119483 178087
1502119483 201575
1502119483 341587
1502119483 393889
1502119483 600145
1502119483 614437
1502119483 686565
1502119483 773479
1502119483 845047
1502119483 974935
1502119484 36405
1502119484 141734
1502119484 195441
1502119484 377930
1502119484 411170
1502119484 525554
1502119484 569301
1502119484 602646
1502119484 693740
1502119484 861588
1502119484 934208
1502119485 24729
1502119485 145635
1502119485 221987
1502119485 265221
1502119485 299002
1502119485 510520
1502119485 533884
1502119485 697323
1502119485 769181
1502119485 879751
1502119485 970795
1502119486 124787
1502119486 129147
1502119486 240112
1502119486 272483
1502119486 402524
1502119486 503232
1502119486 710145
1502119486 733523
1502119486 796364
1502119486 988737
1502119487 2116
1502119487 156447
1502119487 171121
1502119487 267418
1502119487 396003
1502119487 564161
1502119487 654692
1502119487 740868
1502119487 823655
1502119487 837033
1502119487 948910
1502119488 417
1502119488 115854
1502119488 179363
1502119488 317103
1502119488 361840
1502119488 457109
1502119488 509475
1502119488 639564
1502119488 778117
1502119488 793768
1502119488 950630
1502119488 985333
1502119489 46894
1502119489 186795
1502119489 248233
1502119489 335514
1502119489 417294
1502119489 478743
1502119489 594087
1502119489 656777
1502119489 742925
1502119489 785477
