1501141428 303686
1501141428 379625
1501141428 744623
1501141428 830345
1501141428 897341
1501141428 964571
1501141429 31738
1501141429 98841
1501141429 165800
1501141429 233200
1501141429 300256
1501141429 367452
1501141429 434644
1501141429 501752
1501141429 655444
1501141429 722413
1501141429 789532
1501141429 856587
1501141429 924129
1501141429 991177
1501141430 58075
1501141430 125542
1501141430 192418
1501141430 259484
1501141430 326575
1501141430 393879
1501141430 480071
1501141430 624571
1501141430 748819
1501141430 969891
1501141431 36551
1501141431 103687
1501141431 170784
1501141431 237934
1501141431 305236
1501141431 372195
1501141431 439472
1501141431 506437
1501141431 573740
1501141431 641301
1501141431 718141
1501141431 785190
1501141431 852330
1501141431 919694
1501141431 986603
1501141432 53812
1501141432 120898
1501141432 188011
1501141432 255236
1501141432 322581
1501141432 582237
1501141432 649277
1501141432 783671
1501141432 850632
1501141432 917852
1501141432 984875
1501141433 51972
1501141433 119508
1501141433 186217
1501141433 253546
1501141433 320721
1501141433 387831
1501141433 454753
1501141433 522324
1501141433 589128
1501141433 656493
1501141433 723604
1501141433 790582
1501141433 857931
1501141433 924860
1501141433 992078
1501141434 59287
1501141434 126528
1501141434 193744
1501141434 260879
1501141434 328045
1501141434 395165
1501141434 462253
1501141434 529375
1501141434 596369
1501141434 663616
1501141434 730802
1501141434 798160
1501141434 865345
1501141434 932354
1501141434 999539
1501141435 66636
1501141435 133759
1501141435 210831
1501141435 278111
1501141435 345283
1501141435 412394
1501141435 479615
1501141435 546508
1501141435 613813
1501141435 680983
1501141435 748217
1501141435 853445
1501141435 939423
1501141436 189532
1501141436 390970
1501141436 563291
1501141436 640420
1501141436 716477
1501141436 793844
1501141436 870075
1501141436 947089
1501141437 100438
1501141437 321027
1501141437 657053
1501141437 772179
1501141437 849257
1501141437 926379
1501141438 2260
1501141438 79563
1501141438 156277
1501141438 233148
1501141438 309392
1501141438 386339
1501141438 463701
1501141438 539964
1501141438 616770
1501141438 693051
1501141438 770102
1501141439 106330
1501141439 182470
1501141439 259427
1501141439 336556
1501141439 412922
1501141439 489931
1501141439 566861
1501141439 643310
1501141440 37391
1501141440 113577
1501141440 190661
1501141440 267906
1501141440 383045
1501141440 535599
1501141440 622521
1501141440 737756
1501141440 881488
1501141440 958272
1501141441 111575
1501141441 361540
1501141441 438537
1501141441 514737
1501141441 591659
1501141441 668743
1501141441 744749
1501141441 850587
1501141441 984748
1501141442 61803
1501141452 419305
1501141452 485952
1501141452 601014
1501141452 812692
1501141453 119370
1501141453 186409
1501141453 253398
1501141453 320886
1501141453 397897
1501141453 464793
1501141453 560255
1501141453 627319
1501141453 742750
1501141453 809847
1501141453 876888
1501141453 944008
1501141454 11159
1501141454 78098
1501141454 212910
1501141454 376269
1501141454 443581
1501141454 510396
1501141454 577451
1501141454 645247
1501141454 711764
1501141454 856200
1501141454 923472
1501141454 990584
1501141455 57521
1501141455 124954
1501141455 316320
1501141455 469771
1501141455 633432
1501141455 729212
1501141455 834770
1501141455 979078
1501141456 170375
1501141456 314250
1501141456 535329
1501141456 669582
1501141456 736755
1501141456 803939
1501141456 870806
1501141456 938350
1501141457 101630
1501141457 168630
1501141457 235760
1501141457 447301
1501141457 610526
1501141457 686696
1501141457 792185
1501141458 13684
1501141458 89635
1501141458 166841
1501141458 243056
1501141458 320630
1501141458 396644
1501141458 540818
1501141458 617878
1501141458 684829
1501141458 761357
1501141458 838305
1501141458 915545
1501141458 982594
1501141459 49635
1501141459 116727
1501141459 318675
1501141459 404587
1501141459 520167
1501141459 654383
1501141459 731506
1501141459 827619
1501141459 894710
1501141459 970837
1501141460 48114
1501141460 115147
1501141460 182103
1501141460 306484
1501141460 383568
1501141460 460058
1501141460 537066
1501141460 613477
1501141460 690538
1501141460 767392
1501141461 7281
1501141461 113171
1501141461 189928
1501141461 525658
1501141461 611998
1501141461 699039
1501141461 775003
1501141461 938453
1501141462 63939
1501141462 198045
1501141462 466525
1501141462 542846
1501141462 629024
1501141462 792427
1501141462 869429
1501141462 945593
1501141463 22947
1501141463 99014
1501141463 176182
1501141463 252311
1501141463 338476
1501141463 424586
1501141463 501862
1501141463 578082
1501141463 655281
1501141463 731718
1501141463 808554
1501141463 886018
1501141463 961943
1501141464 39140
1501141464 115612
1501141464 192486
1501141464 268934
1501141464 345872
1501141464 423019
1501141464 499128
1501141464 576269
1501141464 652525
1501141464 729933
1501141464 805783
1501141464 882210
1501141464 959557
1501141465 35494
1501141465 112940
1501141465 189092
1501141465 266036
1501141465 343161
1501141465 419467
1501141465 496741
1501141465 572846
1501141465 650202
1501141465 726556
1501141465 804199
1501141465 880608
1501141465 956752
1501141466 34003
1501141466 110152
1501141466 216116
1501141466 292404
1501141466 456070
1501141466 531994
1501141466 609516
1501141466 820153
1501141466 896958
1501141466 974017
1501141467 146738
1501141467 396573
1501141467 473478
1501141467 549534
1501141467 626667
1501141467 703594
1501141467 779861
1501141467 857051
1501141467 933391
1501141468 10565
1501141468 87736
1501141468 404457
1501141468 576793
1501141468 654011
1501141468 778340
1501141468 855535
1501141468 931807
1501141469 8763
1501141469 85863
1501141469 162068
1501141469 239290
1501141469 315565
1501141469 392395
1501141469 478710
1501141469 555935
1501141469 632261
1501141469 709174
1501141469 814960
1501141469 891940
1501141469 969011
1501141470 170546
1501141470 246678
1501141470 323640
1501141470 400912
1501141470 476898
1501141470 554304
1501141470 630591
1501141470 707792
1501141470 784674
1501141470 938403
1501141471 177793
1501141471 254984
1501141471 427127
1501141471 552657
1501141471 658043
1501141471 754344
1501141471 954973
1501141472 61112
1501141472 300458
1501141472 520876
1501141472 597807
1501141472 732368
1501141472 809444
1501141472 934295
1501141473 40008
1501141473 202429
1501141473 278392
1501141473 393917
1501141473 509321
1501141473 586268
1501141473 662522
1501141473 739753
1501141473 874518
1501141474 8276
1501141474 152574
1501141474 228607
1501141474 305631
1501141474 381796
1501141474 497366
1501141474 718480
1501141474 795204
1501141474 871532
1501141474 948382
1501141475 179369
1501141475 256048
1501141475 380551
1501141475 466659
1501141475 543743
1501141475 620796
1501141475 697040
1501141475 774118
1501141475 850353
1501141475 927454
1501141476 3731
1501141476 80852
1501141476 311758
1501141476 387851
1501141476 483906
1501141476 637254
1501141476 714443
1501141476 791551
1501141476 867842
1501141476 944846
1501141477 20945
1501141477 98062
1501141477 174224
1501141477 251495
1501141477 327791
1501141477 405062
1501141477 481092
1501141477 558532
1501141477 634707
1501141477 712076
1501141477 788885
1501141477 865269
1501141477 942076
1501141478 19498
1501141478 95618
1501141478 172606
1501141478 248937
1501141478 326121
1501141478 403194
1501141478 479681
1501141478 556861
1501141478 632866
1501141478 709891
1501141478 787044
1501141478 863227
1501141478 940737
1501141479 16691
1501141479 93764
1501141479 170027
1501141479 247185
1501141479 323268
1501141479 400632
1501141479 476469
1501141479 553773
1501141479 630099
1501141479 745659
1501141479 879896
