1501141428 295293
1501141428 371287
1501141428 736248
1501141428 822142
1501141428 889253
1501141428 956483
1501141429 23624
1501141429 90737
1501141429 157706
1501141429 225061
1501141429 292212
1501141429 359358
1501141429 426467
1501141429 493650
1501141429 647210
1501141429 714270
1501141429 781355
1501141429 848471
1501141429 915867
1501141429 983013
1501141430 49960
1501141430 117350
1501141430 184298
1501141430 251463
1501141430 318552
1501141430 385735
1501141430 471998
1501141430 616387
1501141430 740668
1501141430 961648
1501141431 28391
1501141431 95582
1501141431 162676
1501141431 229820
1501141431 297111
1501141431 364068
1501141431 431339
1501141431 498417
1501141431 565585
1501141431 633165
1501141431 710037
1501141431 777018
1501141431 844192
1501141431 911487
1501141431 978405
1501141432 45671
1501141432 112779
1501141432 179954
1501141432 247099
1501141432 314447
1501141432 573996
1501141432 641038
1501141432 775448
1501141432 842443
1501141432 909583
1501141432 976752
1501141433 43922
1501141433 111372
1501141433 178099
1501141433 245414
1501141433 312540
1501141433 379571
1501141433 446655
1501141433 514135
1501141433 581062
1501141433 648340
1501141433 715467
1501141433 782547
1501141433 849834
1501141433 916811
1501141433 984023
1501141434 51212
1501141434 118307
1501141434 185684
1501141434 252700
1501141434 319845
1501141434 386987
1501141434 454205
1501141434 521286
1501141434 588312
1501141434 655547
1501141434 722713
1501141434 790041
1501141434 857179
1501141434 924248
1501141434 991379
1501141435 58511
1501141435 125572
1501141435 202771
1501141435 269980
1501141435 337106
1501141435 404284
1501141435 471521
1501141435 538445
1501141435 605759
1501141435 672914
1501141435 740167
1501141435 845240
1501141435 931410
1501141436 181199
1501141436 382781
1501141436 555147
1501141436 632259
1501141436 708396
1501141436 785732
1501141436 861906
1501141436 938879
1501141437 92285
1501141437 312903
1501141437 648849
1501141437 764029
1501141437 841062
1501141437 918264
1501141437 994218
1501141438 71436
1501141438 147960
1501141438 225024
1501141438 301176
1501141438 378248
1501141438 455545
1501141438 531800
1501141438 608700
1501141438 684966
1501141438 762026
1501141439 98125
1501141439 174236
1501141439 251290
1501141439 328447
1501141439 404807
1501141439 481732
1501141439 558834
1501141439 635148
1501141440 29115
1501141440 105296
1501141440 182418
1501141440 259690
1501141440 374803
1501141440 527442
1501141440 614396
1501141440 729543
1501141440 873267
1501141440 950109
1501141441 103464
1501141441 353279
1501141441 430287
1501141441 506536
1501141441 583522
1501141441 660570
1501141441 736707
1501141441 842347
1501141441 976639
1501141442 53581
1501141452 410790
1501141452 477723
1501141452 592850
1501141452 804408
1501141453 111199
1501141453 178198
1501141453 245314
1501141453 312683
1501141453 389704
1501141453 456733
1501141453 552144
1501141453 619205
1501141453 734580
1501141453 801717
1501141453 868798
1501141453 935848
1501141454 3023
1501141454 70122
1501141454 204639
1501141454 368094
1501141454 435347
1501141454 502223
1501141454 569293
1501141454 636921
1501141454 703667
1501141454 848073
1501141454 915197
1501141454 982390
1501141455 49435
1501141455 116802
1501141455 308146
1501141455 461556
1501141455 625058
1501141455 721012
1501141455 826517
1501141455 970865
1501141456 162065
1501141456 306235
1501141456 527064
1501141456 661321
1501141456 728535
1501141456 795686
1501141456 862706
1501141456 930025
1501141457 93321
1501141457 160440
1501141457 227522
1501141457 439028
1501141457 602314
1501141457 678530
1501141457 783951
1501141458 5310
1501141458 81444
1501141458 158656
1501141458 234903
1501141458 312379
1501141458 388408
1501141458 532566
1501141458 609620
1501141458 676680
1501141458 753084
1501141458 830113
1501141458 907299
1501141458 974407
1501141459 41503
1501141459 108604
1501141459 310514
1501141459 396418
1501141459 511979
1501141459 646165
1501141459 723314
1501141459 819442
1501141459 886551
1501141459 962733
1501141460 39855
1501141460 106986
1501141460 174038
1501141460 298432
1501141460 375468
1501141460 452003
1501141460 528942
1501141460 605290
1501141460 682362
1501141460 759344
1501141460 999143
1501141461 104805
1501141461 181675
1501141461 517485
1501141461 603774
1501141461 690929
1501141461 766868
1501141461 930301
1501141462 55716
1501141462 189824
1501141462 458400
1501141462 534647
1501141462 620869
1501141462 784194
1501141462 861295
1501141462 937467
1501141463 14851
1501141463 90920
1501141463 168042
1501141463 244295
1501141463 330426
1501141463 416496
1501141463 493759
1501141463 569899
1501141463 647193
1501141463 723597
1501141463 800431
1501141463 877762
1501141463 953820
1501141464 30996
1501141464 107382
1501141464 184430
1501141464 260727
1501141464 337733
1501141464 414789
1501141464 491019
1501141464 568218
1501141464 644508
1501141464 721708
1501141464 797746
1501141464 874056
1501141464 951190
1501141465 27392
1501141465 104735
1501141465 180897
1501141465 257930
1501141465 335108
1501141465 411342
1501141465 488619
1501141465 564709
1501141465 642059
1501141465 718330
1501141465 796061
1501141465 872486
1501141465 948603
1501141466 25747
1501141466 102011
1501141466 208076
1501141466 284348
1501141466 447872
1501141466 523926
1501141466 601280
1501141466 811898
1501141466 888834
1501141466 965862
1501141467 138557
1501141467 388434
1501141467 465264
1501141467 541369
1501141467 618580
1501141467 695540
1501141467 771715
1501141467 848957
1501141467 925127
1501141468 2392
1501141468 79541
1501141468 396262
1501141468 568679
1501141468 645905
1501141468 770156
1501141468 847305
1501141468 923675
1501141469 625
1501141469 77712
1501141469 153895
1501141469 231152
1501141469 307356
1501141469 384296
1501141469 470633
1501141469 547806
1501141469 624088
1501141469 701141
1501141469 806813
1501141469 883851
1501141469 960805
1501141470 162327
1501141470 238471
1501141470 315572
1501141470 392725
1501141470 468863
1501141470 546202
1501141470 622364
1501141470 699579
1501141470 776512
1501141470 930174
1501141471 169611
1501141471 246810
1501141471 419009
1501141471 544514
1501141471 649882
1501141471 746211
1501141471 946734
1501141472 52881
1501141472 292296
1501141472 512714
1501141472 589667
1501141472 724092
1501141472 801209
1501141472 926036
1501141473 31818
1501141473 194217
1501141473 270267
1501141473 385707
1501141473 501135
1501141473 578114
1501141473 654302
1501141473 731590
1501141473 866264
1501141474 95
1501141474 144392
1501141474 220498
1501141474 297617
1501141474 373716
1501141474 489131
1501141474 710199
1501141474 787030
1501141474 863303
1501141474 940199
1501141475 171113
1501141475 247909
1501141475 372296
1501141475 458364
1501141475 535580
1501141475 612630
1501141475 688855
1501141475 766028
1501141475 842201
1501141475 919346
1501141475 995593
1501141476 72733
1501141476 303524
1501141476 379580
1501141476 475807
1501141476 629105
1501141476 706225
1501141476 783380
1501141476 859601
1501141476 936753
1501141477 12875
1501141477 89947
1501141477 166159
1501141477 243336
1501141477 319690
1501141477 396841
1501141477 473017
1501141477 550343
1501141477 626546
1501141477 703828
1501141477 780703
1501141477 857073
1501141477 934024
1501141478 11295
1501141478 87543
1501141478 164542
1501141478 240779
1501141478 317934
1501141478 395042
1501141478 471567
1501141478 548570
1501141478 624687
1501141478 701804
1501141478 778996
1501141478 855099
1501141478 932528
1501141479 8555
1501141479 85523
1501141479 161882
1501141479 239053
1501141479 315207
1501141479 392306
1501141479 468427
1501141479 545718
1501141479 621965
1501141479 737415
1501141479 871739
