1502707279 847364
1502707279 905503
1502707280 145114
1502707280 203177
1502707280 441665
1502707280 682167
1502707280 932025
1502707281 171358
1502707281 412419
1502707281 651570
1502707281 891890
1502707282 141718
1502707282 381153
1502707282 621026
1502707282 861206
1502707283 110661
1502707283 350458
1502707283 590146
1502707283 830540
1502707284 80219
1502707284 319576
1502707284 559093
1502707284 799485
1502707285 49110
1502707285 288909
1502707285 529161
1502707285 768705
1502707286 18269
1502707286 257983
1502707286 498538
1502707286 738091
1502707286 987679
1502707287 227950
1502707287 467651
1502707287 707228
1502707287 955807
1502707288 196475
1502707288 435090
1502707288 684541
1502707288 925046
1502707289 164719
1502707289 405459
1502707289 653725
1502707289 894289
1502707290 133785
1502707290 374501
1502707290 613915
1502707290 863835
1502707291 103879
1502707291 343515
1502707291 583075
1502707291 832784
1502707292 73215
1502707292 312791
1502707292 552361
1502707292 801816
1502707293 42323
1502707293 282030
1502707293 522471
1502707293 762078
1502707294 11582
1502707294 251992
1502707294 491715
1502707294 732069
1502707294 971697
1502707295 221229
1502707295 461859
1502707295 701310
1502707295 940838
1502707296 190532
1502707296 430896
1502707296 670578
1502707296 910438
1502707297 159799
1502707297 400853
1502707297 457702
1502707297 515615
