1500555992 768066
1500555992 920839
1500555993 7063
1500555993 103272
1500555993 448946
1500555993 592450
1500555993 688097
1500555993 783707
1500555993 879033
1500555993 974646
1500555994 70354
1500555994 166545
1500555994 262528
1500555994 358157
1500555994 454058
1500555994 597847
1500555994 693105
1500555994 789327
1500555994 884520
1500555994 980855
1500555995 76155
1500555995 229349
1500555995 324638
1500555995 419989
1500555995 516163
1500555995 612007
1500555995 707570
1500555995 803514
1500555995 899317
1500555995 995029
1500555996 91289
1500555996 185933
1500555996 329762
1500555996 425653
1500555996 521720
1500555996 617487
1500555996 713154
1500555996 809317
1500555996 904678
1500555997 540
1500555997 96360
1500555997 192433
1500555997 288137
1500555997 383845
1500555997 657699
1500555997 748742
1500555997 843855
1500555998 266312
