1499967465 889116
1499967466 589414
1499967467 88492
1499967467 232848
1499967467 406251
1499967468 125628
1499967469 37902
1499967470 574402
1499967471 495427
1499967471 639577
1499967472 580712
1499967473 99388
1499967473 252530
1499967473 425722
1499967473 597974
1499967473 780691
1499967474 299429
1499967474 443108
1499967475 335924
1499967478 340653
1499967478 869039
1499967479 376913
1499967479 530345
1499967479 895133
1499967480 394672
1499967480 731010
1499967480 894349
1499967482 526049
