1499940858 813243
1499940858 986060
1499940859 166353
1499940859 315812
1499940859 494035
1499940859 674619
1499940859 853056
1499940860 28316
1499940860 198870
1499940860 366242
1499940860 523567
1499940860 709920
1499940860 861263
1499940861 38761
1499940861 177207
1499940861 336432
1499940861 515581
1499940861 662137
1499940861 798474
1499940861 982824
1499940862 141190
1499940862 312706
1499940862 484970
1499940862 650449
1499940862 809697
1499940862 993017
1499940863 154461
1499940863 331888
1499940863 505129
1499940863 659578
1499940863 828077
1499940863 973253
1499940864 160706
1499940864 306237
1499940864 456379
1499940864 621737
1499940864 767109
1499940864 918461
1499940865 108746
1499940865 281125
1499940865 453523
1499940865 628835
1499940865 795300
1499940865 978745
1499940866 149203
1499940866 313521
1499940866 478923
1499940866 631239
1499940866 794550
1499940866 954183
1499940867 109336
1499940867 296665
1499940867 445062
1499940867 616380
1499940867 769786
1499940867 949125
1499940868 93615
1499940868 241935
1499940868 409445
1499940868 588651
1499940868 765970
1499940868 934360
1499940869 93854
1499940869 276116
1499940869 426575
1499940869 578065
1499940869 720186
1499940869 878621
1499940870 43048
1499940870 230526
1499940870 399886
1499940870 576205
1499940870 735694
1499940870 923062
1499940871 81454
1499940871 263770
1499940871 452275
1499940871 624732
1499940871 810006
1499940871 973429
1499940872 164908
1499940872 326133
1499940872 507607
1499940872 683973
1499940872 874376
1499940873 20819
1499940873 177249
1499940873 364554
1499940873 552027
1499940873 737426
1499940873 891908
1499940874 47079
1499940874 217486
1499940874 355072
1499940874 524163
1499940874 686529
1499940874 830989
1499940874 995394
1499940875 162671
1499940875 335098
1499940875 497506
1499940875 669781
1499940875 856166
1499940876 6626
1499940876 155987
1499940876 327370
1499940876 503727
1499940876 669085
1499940876 818565
1499940876 974896
1499940877 123237
1499940877 261044
1499940877 439859
1499940877 601450
1499940877 761763
1499940877 937117
1499940878 122509
1499940878 284845
1499940878 422174
1499940878 596507
1499940878 739939
1499940878 897257
1499940879 40669
1499940879 200949
1499940879 342429
1499940879 488794
1499940879 669998
1499940879 841370
1499940880 10735
1499940880 188276
1499940880 340580
1499940880 484937
1499940880 640417
1499940880 819634
1499940880 996004
1499940881 142583
1499940881 307657
1499940881 457082
1499940881 634581
1499940881 772984
1499940881 954256
1499940882 100693
1499940882 254040
1499940882 429153
1499940882 575695
1499940882 750167
1499940882 916382
1499940883 96922
1499940883 234196
1499940883 397604
1499940883 581941
1499940883 767249
1499940883 911719
1499940884 81110
1499940884 265587
1499940884 425848
1499940884 603206
1499940884 767626
1499940884 903965
1499940885 76469
1499940885 248873
1499940885 404122
1499940885 550477
1499940885 687700
1499940885 824053
1499940886 12324
1499940886 156748
1499940886 322134
1499940886 502577
1499940886 668948
1499940886 809344
1499940886 979636
1499940887 143174
1499940887 312429
1499940887 488884
1499940887 651127
1499940887 819437
1499940887 978032
1499940888 161256
1499940888 325818
1499940888 495215
1499940888 671524
1499940888 829811
1499940888 973289
1499940889 112691
1499940889 263848
1499940889 402382
1499940889 535483
1499940889 705669
1499940889 857164
1499940890 30617
1499940890 197938
1499940890 361423
1499940890 535686
1499940890 716117
1499940890 897353
1499940891 45780
1499940891 181144
1499940891 323545
1499940891 502769
1499940891 667137
1499940891 822614
1499940891 965809
1499940892 111236
1499940892 291603
1499940892 476621
1499940892 622449
1499940892 802880
1499940892 943398
1499940893 107566
1499940893 283503
1499940893 438966
1499940893 578631
1499940893 730855
1499940893 886401
1499940894 43746
1499940894 204172
1499940894 364645
1499940894 509931
1499940894 655148
1499940894 840550
1499940894 993948
1499940895 146292
1499940895 335635
1499940895 521007
1499940895 669556
1499940895 829950
1499940896 19238
1499940896 165521
1499940896 357069
1499940896 504364
1499940896 675798
1499940896 863079
1499940897 32620
1499940897 197893
1499940897 359300
1499940897 533760
1499940897 693066
1499940897 860267
1499940898 21745
1499940898 203966
1499940898 369554
1499940898 534853
1499940898 702320
1499940898 870614
1499940899 47028
1499940899 195424
1499940899 357924
1499940899 529142
1499940899 673380
1499940899 835827
1499940899 976224
1499940900 129428
1499940900 277730
1499940900 439213
1499940900 610578
1499940900 773983
1499940900 952274
1499940901 133754
1499940901 292124
1499940901 468423
1499940901 645883
1499940901 811398
1499940901 977787
1499940902 143113
1499940902 291382
1499940902 435845
1499940902 596087
1499940902 745356
1499940902 910889
1499940903 96121
1499940903 249541
1499940903 420991
1499940903 570385
1499940903 719662
1499940903 891024
1499940904 79386
1499940904 238824
1499940904 424141
1499940904 577583
1499940904 735930
1499940904 888294
1499940905 60873
1499940905 203071
1499940905 363364
1499940905 504779
1499940905 697071
1499940905 877525
1499940906 32940
1499940906 207339
1499940906 378833
1499940906 526158
1499940906 669316
1499940906 856762
1499940907 45152
1499940907 195481
1499940907 338972
1499940907 499281
1499940907 675625
1499940907 828026
1499940907 986434
1499940908 157721
1499940908 335199
1499940908 490690
1499940908 664015
1499940908 848307
1499940909 35695
1499940909 226084
1499940909 360593
1499940909 543904
1499940909 700401
1499940909 882639
1499940910 39197
1499940910 187755
1499940910 358956
1499940910 528302
1499940910 673612
1499940910 857936
1499940911 31259
1499940911 182755
1499940911 346121
1499940911 518418
1499940911 671816
1499940911 845188
1499940911 983712
1499940912 143875
1499940912 285183
1499940912 425585
1499940912 606961
1499940912 758246
1499940912 911001
1499940913 64095
1499940913 246318
1499940913 385660
1499940913 536020
1499940913 712318
1499940913 881793
1499940914 40146
1499940914 195506
1499940914 338831
1499940914 483208
1499940914 624627
1499940914 778856
1499940914 927207
1499940915 69552
1499940915 209751
1499940915 375104
1499940915 536457
1499940915 683808
1499940915 833061
1499940916 13578
1499940916 201815
1499940916 342418
1499940916 527685
1499940916 697106
1499940916 873500
1499940917 35058
1499940917 202211
1499940917 372861
1499940917 523983
1499940917 709432
1499940917 871775
1499940918 35032
1499940918 192517
1499940918 366838
1499940918 524298
1499940918 671700
1499940918 815887
1499940918 983286
1499940919 130591
1499940919 266993
1499940919 427313
1499940919 607765
1499940919 790250
1499940919 958570
1499940920 139896
1499940920 278296
1499940920 448481
1499940920 609064
1499940920 787256
1499940920 970744
1499940921 148119
1499940921 331428
1499940921 492901
1499940921 643427
1499940921 798624
1499940921 965926
1499940922 127386
1499940922 307842
1499940922 448245
1499940922 588513
1499940922 759772
1499940922 926158
1499940923 99496
1499940923 271954
1499940923 421372
1499940923 567640
1499940923 730062
1499940923 904353
1499940924 57639
1499940924 233079
1499940924 385533
1499940924 535029
1499940924 677249
1499940924 825384
1499940925 6860
1499940925 143143
1499940925 299569
1499940925 467176
1499940925 638323
1499940925 795769
1499940925 983139
1499940926 154500
1499940926 310892
1499940926 451255
1499940926 613477
1499940926 768015
1499940926 930362
1499940927 82612
1499940927 262057
1499940927 442366
1499940927 612814
1499940927 767344
1499940927 915594
1499940928 84872
1499940928 253348
1499940928 438583
1499940928 620928
1499940928 761372
1499940928 905772
1499940929 64121
1499940929 229470
1499940929 394641
1499940929 560242
1499940929 711526
1499940929 897005
1499940930 69238
1499940930 248735
1499940930 421132
1499940930 565661
1499940930 727062
1499940930 869264
1499940931 22698
1499940931 157985
1499940931 320290
1499940931 498844
1499940931 682601
1499940931 822599
1499940931 986902
1499940932 142233
1499940932 299715
1499940932 442935
1499940932 618323
1499940932 780807
1499940932 927048
1499940933 72407
1499940933 211709
1499940933 390940
1499940933 542444
1499940933 704833
1499940933 881537
1499940934 58571
1499940934 238975
1499940934 382237
1499940934 533702
1499940934 669889
1499940934 853375
1499940935 6827
1499940935 169022
1499940935 326412
1499940935 490650
1499940935 637113
1499940935 788521
1499940935 940949
1499940936 120176
1499940936 276581
1499940936 427923
1499940936 602185
1499940936 773541
1499940936 921142
1499940937 79323
1499940937 247621
1499940937 398054
1499940937 545352
1499940937 720872
1499940937 894151
1499940938 54648
1499940938 212005
1499940938 386168
1499940938 537609
1499940938 705963
1499940938 880400
1499940939 35853
1499940939 202019
1499940939 363454
1499940939 509789
1499940939 646125
1499940939 827497
1499940939 967895
1499940940 134329
1499940940 270646
1499940940 419050
1499940940 601496
1499940940 784755
1499940940 950054
1499940941 81383
1499940941 215871
1499940941 369163
1499940941 522480
1499940941 666819
1499940941 805228
1499940941 984592
1499940942 165899
1499940942 311933
1499940942 479731
1499940942 656070
1499940942 832456
1499940943 6772
1499940943 171439
1499940943 353543
1499940943 499874
1499940943 661294
1499940943 843682
1499940944 16077
1499940944 187327
1499940944 349730
1499940944 505152
1499940944 643641
1499940944 819791
1499940944 999138
1499940945 134739
1499940945 303089
1499940945 479330
1499940945 636963
1499940945 776191
1499940945 958334
1499940946 110813
1499940946 278214
1499940946 452506
1499940946 632948
1499940946 773399
1499940946 955779
1499940947 129993
1499940947 291406
1499940947 443943
1499940947 627189
1499940947 763611
1499940947 917932
1499940948 73164
1499940948 240671
1499940948 419241
1499940948 573432
1499940948 759714
1499940948 904264
1499940949 84635
1499940949 255959
1499940949 401272
1499940949 580669
1499940949 737166
1499940949 877428
1499940950 33766
1499940950 198136
1499940950 346420
1499940950 498639
1499940950 631069
1499940950 783347
1499940950 927702
1499940951 91049
1499940951 263369
1499940951 404759
1499940951 543093
1499940951 701536
1499940951 875971
1499940952 44163
1499940952 196648
1499940952 378142
1499940952 535261
1499940952 694685
1499940952 868116
1499940953 2507
1499940953 145836
1499940953 297134
1499940953 457429
1499940953 623977
1499940953 785237
1499940953 958601
1499940954 102954
1499940954 275276
1499940954 453562
1499940954 625961
1499940954 760304
1499940954 909703
1499940955 61110
1499940955 242651
1499940955 411841
1499940955 579158
1499940955 760624
1499940955 927001
1499940956 66383
1499940956 201799
