1502706369 281412
1502706369 463668
1502706369 530549
1502706369 597916
1502706369 665101
1502706369 731208
1502706369 798326
1502706369 865320
1502706370 134264
1502706370 258228
1502706370 316276
1502706370 373343
1502706370 430546
1502706370 546036
1502706370 805747
1502706370 862771
1502706370 968116
1502706371 82588
1502706371 139426
1502706371 197045
1502706371 254720
1502706371 484459
1502706371 570641
1502706371 627497
1502706371 695714
1502706371 897211
1502706372 59938
1502706372 271167
1502706372 338521
1502706372 405493
1502706372 645262
1502706372 712487
1502706372 779343
1502706372 846835
1502706372 913768
1502706372 980844
1502706373 48003
1502706373 115175
1502706373 182143
1502706373 249611
1502706373 316512
1502706373 585425
1502706373 652507
1502706373 719629
1502706373 786775
1502706373 853869
1502706373 921240
1502706373 988127
1502706374 55276
1502706374 295048
1502706374 468560
1502706374 535709
1502706374 679764
1502706374 746973
1502706374 814247
1502706375 63791
1502706375 130750
1502706375 198247
1502706375 303128
1502706375 390430
1502706375 495629
1502706375 639895
1502706375 870439
1502706376 33195
1502706376 101070
1502706376 168177
1502706376 235314
1502706376 302465
1502706376 369528
1502706376 436672
1502706376 503988
1502706376 667585
1502706376 763810
1502706376 830702
1502706376 897704
1502706376 964774
1502706377 22113
1502706377 89297
1502706377 166518
1502706377 233607
1502706377 319883
1502706377 381550
1502706377 448888
1502706377 515859
1502706377 679256
1502706377 851634
1502706377 928736
1502706377 995910
1502706378 63378
1502706378 129229
1502706378 186437
1502706378 321670
1502706378 388709
1502706378 455795
1502706378 523044
1502706378 590167
1502706378 657493
1502706378 724348
1502706378 781571
1502706378 839032
1502706378 895969
1502706378 963170
1502706379 30281
1502706379 385362
1502706379 760282
1502706379 884462
1502706379 941581
1502706379 999614
1502706380 56790
1502706380 220177
1502706380 306396
1502706380 363586
1502706380 420755
1502706380 536006
1502706380 737432
1502706380 804683
1502706380 861682
1502706380 928710
1502706380 995993
1502706381 111412
1502706381 226810
1502706381 524168
1502706381 648640
1502706381 792773
1502706381 879016
1502706381 946322
1502706382 416483
1502706382 531538
1502706382 598965
1502706382 665841
1502706382 732979
1502706382 800110
1502706382 867264
1502706382 934395
1502706383 1645
1502706383 347471
1502706383 414521
1502706383 510716
1502706383 577902
1502706383 875708
1502706383 942675
1502706384 211328
1502706384 278539
1502706384 383964
1502706384 518348
1502706384 585421
1502706384 748537
1502706384 815662
1502706384 882918
1502706384 950103
1502706385 17361
1502706385 84243
1502706385 151590
1502706385 218742
1502706385 487421
1502706385 592639
1502706385 659583
1502706385 919337
1502706385 986434
1502706386 53678
1502706386 120818
1502706386 187894
1502706386 255114
1502706386 321993
1502706386 389343
1502706386 456414
1502706386 523597
1502706386 590796
1502706386 657910
1502706386 783093
