1502358131 631397
1502358131 909986
1502358132 207695
1502358132 447186
1502358132 677746
1502358132 860248
1502358133 42787
1502358133 464659
1502358133 618873
1502358133 868359
1502358136 277876
1502358136 546476
1502358136 718902
1502358136 892141
1502358137 55570
1502358137 486500
1502358137 957650
1502358138 687231
1502358138 964899
1502358139 261699
1502358139 799783
1502358141 57540
1502358141 364326
1502358141 460597
1502358143 850880
1502358144 33344
1502358145 69676
1502358145 272062
1502358146 58911
1502358146 298631
1502358146 519873
1502358146 692276
1502358147 86253
1502358147 345751
1502358147 508231
1502358147 623371
1502358147 805969
1502358148 75516
1502358148 266818
1502358148 503132
1502358148 603521
1502358148 737780
1502358148 978399
1502358149 83497
