1499967345 508802
1499967345 652746
1499967345 828848
1499967346 4596
1499967346 151840
1499967346 327726
1499967346 496354
1499967346 671108
1499967346 841948
1499967347 28036
1499967347 233645
1499967347 424880
1499967347 573171
1499967347 743793
1499967347 911058
1499967348 81805
1499967348 257377
1499967348 453503
1499967348 616428
1499967348 792481
1499967348 972475
1499967349 147922
1499967349 288803
1499967349 443619
1499967349 620558
1499967349 796351
1499967349 989462
1499967350 149172
1499967350 304329
1499967350 482538
1499967350 637150
1499967350 808493
1499967350 979249
1499967351 164920
1499967351 335561
1499967351 511938
1499967351 707470
1499967351 892712
1499967352 68598
1499967352 249337
1499967352 403182
1499967352 578452
1499967352 743651
1499967352 931067
1499967353 88526
1499967353 264141
1499967353 435132
1499967353 600845
1499967353 755992
1499967353 925324
1499967354 96836
1499967354 287211
1499967354 458882
1499967354 641476
1499967354 794529
1499967354 970178
1499967355 151883
1499967355 328558
1499967355 504252
1499967355 680043
1499967355 849900
1499967356 25552
1499967356 214900
1499967356 390726
1499967356 562261
1499967356 754615
1499967356 932090
1499967357 103106
1499967357 278913
1499967357 479933
1499967357 669209
1499967357 842312
1499967357 999706
1499967358 142863
1499967358 313099
1499967358 488935
1499967358 629890
1499967358 797549
1499967358 973350
1499967359 134300
1499967359 315157
1499967359 485844
1499967359 665513
1499967359 810917
1499967359 952986
1499967360 123683
1499967360 308629
1499967360 479767
1499967360 646546
1499967360 817459
1499967360 985129
1499967361 155719
1499967361 310888
1499967361 487304
1499967361 678842
1499967361 854176
1499967362 9749
1499967362 185684
1499967362 368721
1499967362 565135
1499967362 741028
