1500996125 209960
1500996125 306084
1500996125 401322
1500996125 497548
1500996125 593856
1500996125 680424
1500996125 776100
1500996125 863289
1500996125 958627
1500996126 45319
1500996126 141103
1500996126 227981
1500996126 323321
1500996126 410645
1500996126 505691
1500996126 602036
1500996126 688687
1500996126 775030
1500996126 870370
1500996126 965921
1500996127 62059
1500996127 158314
1500996127 254060
1500996127 349754
1500996127 445940
1500996127 541734
1500996127 657142
1500996127 753237
1500996127 849450
1500996127 944863
1500996128 41003
1500996128 146171
1500996128 280398
1500996128 366612
1500996128 779645
1500996128 952072
1500996129 39071
1500996129 125313
1500996129 461491
1500996129 547372
1500996129 634517
1500996129 729627
1500996129 816719
1500996129 912031
1500996130 27356
1500996130 161730
1500996130 248905
1500996130 431284
1500996130 526615
1500996130 614023
1500996130 709053
1500996130 795878
1500996130 882212
1500996130 968358
1500996131 54611
1500996131 141194
1500996131 227898
1500996131 323376
1500996131 410632
1500996131 505615
1500996131 592782
1500996131 688141
1500996131 775910
1500996131 870652
1500996131 957532
1500996132 43792
1500996132 129897
1500996132 216309
1500996132 302444
1500996132 389636
1500996132 485048
1500996132 572000
1500996132 667440
1500996132 754394
1500996132 849742
1500996132 936863
1500996133 32074
1500996133 119182
1500996133 205537
1500996133 291630
1500996133 377896
1500996133 464015
1500996133 551131
1500996133 637414
1500996133 723716
1500996133 809872
1500996133 896122
1500996133 982946
1500996134 69594
1500996134 165575
1500996134 260822
1500996134 348014
1500996134 443365
1500996134 530412
1500996134 625700
1500996134 712658
1500996134 798924
1500996134 885070
1500996134 971633
1500996135 57489
1500996135 144862
1500996135 239934
1500996135 327134
1500996135 422571
1500996135 509665
1500996135 960795
1500996136 56905
1500996136 152243
1500996136 239242
1500996136 334756
1500996136 526972
1500996136 652198
1500996137 64527
1500996137 151436
1500996137 246780
1500996137 333883
1500996137 429076
1500996137 516086
1500996137 611326
1500996137 698609
1500996137 793793
1500996137 880999
1500996137 976296
1500996138 63291
1500996138 158752
1500996138 245877
1500996138 340987
1500996138 428152
1500996138 523400
1500996138 610362
1500996138 696700
1500996138 782847
1500996138 869188
1500996139 225111
1500996139 320303
1500996139 483763
1500996139 934922
1500996140 21763
1500996140 117097
1500996140 204003
1500996140 299370
1500996140 462789
1500996140 549246
1500996140 636219
1500996140 731376
1500996140 818557
1500996140 913531
1500996141 654
1500996141 86964
1500996141 173282
1500996141 259554
1500996141 345770
1500996141 432994
1500996141 528037
1500996141 615246
1500996141 710427
1500996141 797761
1500996141 893088
1500996141 979945
1500996142 66479
1500996142 162578
1500996142 257704
1500996142 344954
1500996142 440297
1500996142 527167
1500996142 613512
1500996142 699763
1500996142 786076
1500996142 872225
1500996142 959428
1500996143 54519
1500996143 141784
1500996143 237124
1500996143 324426
1500996143 419388
1500996143 506582
1500996143 601734
1500996143 688844
1500996143 784133
1500996143 870992
1500996143 956137
1500996144 43634
1500996144 130084
1500996144 216306
1500996144 302399
1500996144 388790
1500996144 475663
1500996144 561924
1500996144 648098
1500996144 734360
1500996144 821482
1500996144 907666
1500996144 993792
1500996145 79941
1500996145 166286
1500996145 253333
1500996145 339641
1500996145 425908
1500996145 512055
1500996145 598356
1500996145 685549
1500996145 780792
1500996145 867741
1500996145 954028
1500996146 40136
1500996146 126611
1500996146 212645
1500996146 299679
1500996146 385883
1500996146 472172
1500996146 558525
1500996146 644663
1500996146 731784
1500996146 818104
1500996146 904249
1500996146 990405
1500996147 76551
1500996147 163609
1500996147 250095
1500996147 336244
1500996147 422442
1500996147 508523
1500996147 595849
1500996147 690861
1500996147 778209
1500996147 864378
1500996147 950791
1500996148 36762
1500996148 124115
1500996148 219138
1500996148 306322
1500996148 401686
1500996148 488745
1500996148 574934
1500996148 661121
1500996148 747371
1500996148 833935
1500996148 920553
1500996149 6861
1500996149 93231
1500996149 179252
1500996149 265696
1500996149 352572
1500996149 438845
1500996149 524917
1500996149 611157
1500996149 697449
1500996149 784629
1500996149 870760
1500996149 956797
1500996150 43175
1500996150 129511
1500996150 399093
1500996150 494315
1500996150 581452
1500996150 667628
1500996150 753843
1500996150 839968
1500996150 926148
1500996151 13317
1500996151 99527
1500996151 185894
1500996151 272139
1500996151 358288
1500996151 445389
1500996151 531588
1500996151 617772
1500996151 703945
1500996151 791117
1500996151 877286
1500996151 963446
1500996152 49790
1500996152 136228
1500996152 223059
1500996152 318525
1500996152 405464
1500996152 491797
1500996152 577772
1500996152 664245
1500996152 750345
1500996152 837499
1500996152 923666
1500996153 9944
1500996153 96248
1500996153 182248
1500996153 269439
1500996153 355516
1500996153 441939
1500996153 527864
1500996153 614296
1500996153 701414
1500996153 787549
1500996153 873677
1500996153 959947
1500996154 46206
1500996154 133332
1500996154 219761
1500996154 305699
1500996154 391822
1500996154 478281
1500996154 565341
1500996154 651308
1500996154 737687
1500996154 823967
1500996154 911156
1500996155 6344
1500996155 92792
1500996155 179874
1500996155 275057
1500996155 362343
1500996155 457558
1500996155 544658
1500996155 640204
1500996155 727027
1500996155 813292
1500996155 899295
1500996155 985729
1500996156 71685
1500996156 158939
1500996156 245123
1500996156 331317
1500996156 417557
1500996156 504648
1500996156 590882
1500996156 676972
1500996156 763267
1500996156 849393
1500996156 936709
1500996157 32143
1500996157 119040
1500996157 214434
1500996157 301555
1500996157 396924
1500996157 483863
1500996157 579308
1500996157 666527
1500996157 761645
1500996157 848824
1500996157 944057
1500996158 30989
1500996158 126405
1500996158 213421
1500996158 299618
1500996158 386025
1500996158 472227
1500996158 558398
1500996158 645305
1500996158 731599
1500996158 817970
1500996158 903935
1500996158 990326
1500996159 77397
1500996159 163651
1500996159 249800
1500996159 335839
1500996159 422123
1500996159 509392
1500996159 595571
1500996159 681786
1500996159 767969
1500996159 854291
1500996159 941345
1500996160 27521
1500996160 113781
1500996160 200084
1500996160 287170
1500996160 382563
1500996160 555682
1500996160 641984
1500996160 728091
1500996160 958730
1500996161 294679
1500996161 380827
1500996161 477028
1500996161 621215
1500996161 707546
1500996161 793819
1500996161 880739
1500996161 966918
1500996162 53302
1500996162 216331
1500996162 302584
1500996162 389030
1500996162 475164
1500996162 562264
1500996162 724924
1500996162 869212
1500996162 955361
1500996163 42414
1500996163 137632
1500996163 224695
1500996163 310895
1500996163 397033
1500996163 483486
1500996163 569657
1500996163 656657
1500996163 742865
1500996163 829038
1500996163 915221
1500996164 1486
1500996164 194096
1500996164 280018
1500996164 491616
1500996164 578247
1500996164 674185
1500996164 798427
1500996165 77062
1500996165 163189
1500996165 307451
1500996165 393655
1500996165 567122
1500996165 720414
1500996165 806557
1500996165 989019
1500996166 75225
1500996166 162366
1500996166 324711
1500996166 411812
1500996166 498059
1500996166 584293
1500996166 882130
1500996167 64490
1500996167 150565
1500996167 236677
1500996167 323890
1500996167 419202
1500996167 506289
1500996167 592471
1500996167 678674
1500996167 764890
1500996167 851202
1500996167 938285
1500996168 24619
1500996168 110627
1500996168 360309
1500996168 446604
1500996168 533626
1500996168 648152
1500996168 735031
1500996168 821384
1500996168 907586
1500996168 993592
1500996169 80803
1500996169 176072
1500996169 263319
1500996169 358631
1500996169 444696
1500996169 531791
1500996169 618249
1500996170 289902
1500996170 376768
1500996170 539293
1500996170 721834
1500996170 808842
1500996170 904204
1500996170 991111
1500996171 77320
1500996171 163580
1500996171 249843
1500996171 336021
1500996171 653686
1500996171 788058
1500996171 874108
1500996171 960398
1500996172 46569
1500996172 132947
1500996172 219791
1500996172 459758
1500996172 545827
1500996172 680003
1500996172 767104
1500996172 853488
1500996172 949608
1500996173 44917
1500996173 131895
1500996173 218223
1500996173 314272
1500996173 400592
1500996173 486630
1500996173 572958
1500996173 659224
1500996173 746403
1500996174 82232
1500996174 168432
1500996174 254395
1500996174 341629
1500996174 437231
1500996174 523997
1500996174 619268
1500996174 706329
1500996174 792631
1500996174 878797
1500996175 23224
1500996175 214723
1500996175 300952
1500996175 387873
1500996175 474282
1500996175 560368
1500996175 646639
1500996175 732768
1500996175 819913
1500996175 906287
1500996175 992416
1500996176 78593
1500996176 164729
1500996176 251915
1500996176 338116
1500996176 424247
1500996176 510554
1500996176 596826
1500996176 684006
1500996176 770083
1500996176 856418
1500996176 942490
1500996177 28799
1500996177 221118
1500996177 307357
1500996177 461527
1500996177 634015
1500996177 720298
1500996177 806416
1500996177 893720
1500996177 989126
1500996178 210487
1500996178 305610
1500996178 392683
1500996178 479018
1500996178 575071
1500996178 661352
1500996178 747742
1500996178 833640
1500996178 958911
1500996179 74232
1500996179 237601
1500996179 332976
1500996179 563514
1500996179 649642
1500996179 947331
1500996180 34524
1500996180 129737
1500996180 216771
1500996180 302988
1500996180 389188
1500996180 475368
1500996180 561648
1500996180 648832
1500996180 744161
1500996180 850293
1500996181 22680
1500996181 118863
1500996181 454793
1500996181 637137
1500996181 733115
1500996181 829562
1500996181 925546
1500996182 21087
1500996182 117002
1500996182 213330
1500996182 308544
1500996182 395531
1500996182 491098
1500996182 587442
1500996182 683574
1500996182 779867
1500996182 875748
1500996183 19269
1500996183 153627
1500996183 249866
1500996183 432187
1500996183 528418
1500996183 624633
1500996183 719935
1500996183 806956
1500996184 94791
1500996184 190840
1500996184 286864
1500996184 536676
1500996184 795319
1500996185 314474
1500996185 476936
1500996185 572857
1500996185 880449
1500996185 975976
1500996186 72073
1500996186 168118
1500996186 264369
1500996186 514181
1500996186 820978
1500996186 946081
1500996187 42292
1500996187 137420
1500996187 320065
1500996187 425249
1500996187 512069
1500996187 607484
1500996187 694737
1500996187 789901
1500996187 877017
1500996187 972304
1500996188 59385
1500996188 154690
1500996188 241746
1500996188 337082
1500996188 424097
1500996188 519564
1500996188 606814
1500996188 702369
1500996188 798109
1500996188 884419
1500996188 971514
1500996189 66907
1500996189 154074
1500996189 249319
1500996189 336294
1500996189 431546
1500996189 518646
1500996189 614055
1500996189 701005
1500996189 796408
1500996189 883467
1500996189 978902
1500996190 75221
1500996190 171498
1500996190 267394
1500996190 363718
1500996190 458904
1500996190 546104
1500996190 641270
1500996190 728502
1500996190 823816
1500996190 920101
1500996191 16105
1500996191 112103
1500996191 207436
1500996191 294671
1500996191 389941
1500996191 477123
1500996191 572420
1500996191 659729
1500996191 754996
1500996191 841983
1500996191 937347
1500996192 24319
1500996192 119688
1500996192 206745
1500996192 301888
1500996192 389198
1500996192 484577
1500996192 580677
1500996192 676811
1500996192 773156
1500996192 869196
1500996192 964496
1500996193 51823
1500996193 147041
1500996193 243203
1500996193 339690
1500996193 435443
1500996193 530733
1500996193 617904
1500996193 713329
1500996193 800519
1500996193 895748
1500996193 982777
1500996194 77998
1500996194 165180
1500996194 260429
1500996194 347428
1500996194 442842
1500996194 529945
1500996194 625279
1500996194 712328
1500996194 807699
1500996194 894545
1500996194 989830
1500996195 77030
1500996195 172553
1500996195 259539
1500996195 354868
1500996195 441846
1500996195 537278
1500996195 624478
1500996195 719672
1500996195 806859
1500996195 902184
1500996195 989151
1500996196 84592
1500996196 171589
1500996196 266882
1500996196 354216
1500996196 449239
1500996196 536410
1500996196 631968
1500996196 727984
1500996196 824055
1500996196 920436
1500996197 15433
1500996197 102570
1500996197 197988
1500996197 285200
1500996197 380269
1500996197 467475
1500996197 562897
1500996197 649875
1500996197 745450
1500996197 841586
1500996197 927661
1500996198 14626
1500996198 110110
1500996198 197271
1500996198 292413
1500996198 379631
1500996198 474806
1500996198 562083
1500996198 657427
1500996198 744270
1500996198 839591
1500996198 926886
1500996199 22018
1500996199 109255
1500996199 214524
1500996199 310702
1500996199 406825
1500996199 560231
1500996199 656873
1500996199 751824
1500996199 838933
1500996199 934016
1500996200 164641
1500996200 328075
1500996200 424243
1500996200 520632
1500996200 615726
1500996200 711897
1500996200 808168
1500996200 904197
1500996201 479
1500996201 95898
1500996201 192101
1500996201 288039
1500996201 384365
1500996201 480360
1500996201 575834
1500996201 672028
1500996201 768106
1500996201 864565
1500996201 959732
1500996202 55935
1500996202 152209
1500996202 248213
1500996202 344477
1500996202 439860
1500996202 536242
1500996202 632162
1500996202 728850
1500996202 823569
1500996202 919740
1500996203 16053
1500996203 112270
1500996203 208252
1500996203 303650
1500996203 399872
1500996203 495925
1500996203 592112
1500996203 687512
1500996203 774469
1500996203 869955
1500996203 957069
1500996204 52562
1500996204 215685
1500996204 301986
1500996204 398085
1500996204 484377
1500996204 571392
1500996204 849538
1500996205 31738
1500996205 175829
1500996205 310313
1500996205 550822
1500996205 646099
1500996205 742390
1500996205 838271
1500996205 934574
1500996206 30919
1500996206 126120
1500996206 213202
1500996206 308280
1500996206 395558
1500996206 491025
1500996206 759731
1500996206 903841
1500996207 48240
1500996207 144251
1500996207 287688
1500996207 595398
1500996207 691534
1500996207 786918
1500996207 882769
1500996207 979055
1500996208 75233
1500996208 170618
1500996208 266801
1500996208 363014
1500996208 459295
1500996208 554540
1500996208 650658
1500996208 746991
1500996208 843309
1500996208 938442
1500996209 25389
1500996209 120705
1500996209 207957
1500996209 303121
1500996209 390375
1500996209 485588
1500996209 572801
1500996209 668043
1500996209 755143
1500996209 850333
1500996209 937595
1500996210 32739
1500996210 119895
1500996210 215385
1500996210 311367
1500996210 407699
1500996210 503954
1500996210 600128
1500996210 695215
1500996210 782372
1500996210 877599
1500996210 964693
1500996211 60116
1500996211 156523
1500996211 252396
1500996211 348527
1500996211 443911
1500996211 531082
1500996211 626552
1500996211 722710
1500996211 818832
1500996211 915670
1500996212 20365
1500996212 116380
1500996212 212461
1500996212 308977
1500996212 403923
1500996212 491083
1500996212 586666
1500996212 682828
1500996212 779015
1500996212 875250
1500996212 970364
1500996213 57575
1500996213 152826
1500996213 240253
1500996213 335409
1500996213 431493
1500996213 710188
1500996213 930788
1500996214 26763
1500996214 122906
1500996214 219178
1500996214 315381
1500996214 410673
1500996214 506942
1500996214 602916
1500996214 699136
1500996214 794427
1500996214 881666
1500996214 976872
1500996215 64014
1500996215 159381
1500996215 255423
1500996215 351806
1500996215 447805
1500996215 543875
1500996215 639323
1500996215 928121
1500996216 24359
1500996216 119485
1500996216 215734
1500996216 311936
1500996216 407785
1500996216 532297
1500996216 628637
1500996216 724658
1500996216 820876
1500996216 916129
1500996217 3337
1500996217 98596
1500996217 194761
1500996217 290991
1500996217 387309
1500996217 482391
1500996217 569699
1500996217 664843
1500996217 752001
1500996217 847242
1500996217 934395
1500996218 29683
1500996218 116927
1500996218 375727
1500996218 471792
1500996218 567972
1500996218 664184
1500996218 759446
1500996218 855547
1500996218 951698
1500996219 47940
1500996219 144234
1500996219 239314
1500996219 335523
1500996219 431682
1500996219 547037
1500996219 643313
1500996219 738604
1500996219 844669
1500996219 960452
1500996220 55420
1500996220 343981
1500996220 440145
1500996220 535236
1500996220 622466
1500996220 717971
1500996220 813827
1500996220 910237
1500996221 6479
1500996221 101760
1500996221 198018
1500996221 294236
1500996221 390121
1500996221 486423
1500996221 581813
1500996221 668766
1500996221 764179
1500996221 860326
1500996221 956623
1500996222 52589
1500996222 149372
1500996222 244486
1500996222 340362
1500996222 436452
1500996222 532713
1500996222 628014
1500996222 715387
1500996222 810562
1500996222 906620
1500996223 3130
1500996223 98990
1500996223 195473
1500996223 290397
1500996223 377688
1500996223 472951
1500996223 560105
1500996223 655218
1500996223 742339
1500996223 837677
1500996223 933924
1500996224 30107
1500996224 126346
1500996224 222396
1500996224 317944
1500996224 413970
1500996224 510301
1500996224 606635
1500996224 701778
1500996224 798050
1500996224 894069
1500996224 990447
1500996225 86731
1500996225 181955
1500996225 287922
1500996225 384121
1500996225 479418
1500996225 575667
1500996225 671664
1500996225 768101
1500996225 863350
1500996225 959670
1500996226 55789
1500996226 151925
1500996226 248073
1500996226 343336
1500996226 430504
1500996226 525848
1500996226 622051
1500996226 718140
1500996226 814552
1500996226 910469
1500996227 6081
1500996227 102235
1500996227 198254
1500996227 294398
1500996227 456824
1500996227 544138
1500996227 976313
1500996228 72316
1500996228 244720
1500996228 340863
1500996228 437126
1500996228 532291
1500996228 628549
1500996228 724720
1500996228 820955
1500996228 916354
1500996229 12266
1500996229 108469
1500996229 204767
1500996229 301022
1500996229 396336
1500996229 492343
1500996229 588562
1500996229 684754
1500996229 780105
1500996229 867182
1500996229 962365
1500996230 49564
1500996230 144754
1500996230 231911
1500996230 327351
1500996230 414406
1500996230 509591
1500996230 596788
1500996230 692022
1500996230 779405
1500996230 874883
1500996230 970716
1500996231 66749
1500996231 163159
1500996231 259317
1500996231 354626
1500996231 450894
1500996231 547168
1500996231 643200
1500996231 738579
1500996231 834716
1500996231 930933
1500996232 27177
1500996232 123252
1500996232 218634
1500996232 314811
1500996232 411015
1500996232 507192
1500996232 603232
1500996232 698624
1500996232 785707
1500996232 881162
1500996232 977051
1500996233 73379
1500996233 169523
1500996233 265859
1500996233 361082
1500996233 457152
1500996233 553450
1500996233 649519
1500996233 745285
1500996233 841155
1500996233 937490
1500996234 33731
1500996234 129668
1500996234 225151
1500996234 321246
1500996234 417707
1500996234 648060
1500996234 744246
1500996234 868377
1500996234 964657
1500996235 128066
1500996235 224324
1500996235 319563
1500996235 415631
1500996235 511752
1500996235 646582
1500996235 790499
1500996235 982123
1500996236 78401
1500996236 174487
1500996236 270668
1500996236 423991
1500996236 520249
1500996236 615620
1500996236 759707
1500996236 855714
1500996236 952339
1500996237 47499
1500996237 143482
1500996237 239727
1500996237 336027
1500996237 432039
1500996237 527443
1500996237 623826
1500996237 719832
1500996237 816119
1500996237 912160
1500996238 7527
1500996238 103770
1500996238 199891
1500996238 296222
1500996238 391540
1500996238 487606
1500996238 583799
1500996238 680090
1500996238 776175
1500996238 871383
1500996238 958643
1500996239 54030
1500996239 150145
1500996239 246314
1500996239 342409
1500996239 438706
1500996239 534074
1500996239 630065
1500996239 726360
1500996239 822711
1500996239 917847
1500996240 14007
1500996240 110371
1500996240 206620
1500996240 302530
1500996240 397862
1500996240 493936
1500996240 590316
1500996240 686379
1500996240 782639
1500996240 878019
1500996240 974053
1500996241 70325
1500996241 166473
1500996241 261854
1500996241 349028
1500996241 444355
1500996241 540329
1500996241 636448
1500996241 732604
1500996241 829051
1500996241 924360
1500996242 20580
1500996242 116777
1500996242 213072
1500996242 309044
1500996242 404368
1500996242 500432
1500996242 596703
1500996242 693049
1500996242 788166
1500996242 884432
1500996242 980575
1500996243 76737
1500996243 173029
1500996243 268184
1500996243 355508
1500996243 450816
1500996243 546954
1500996243 643204
1500996243 739245
1500996243 835474
1500996243 930914
1500996244 27007
1500996244 123143
1500996244 219357
1500996244 314693
1500996244 401584
1500996244 497036
1500996244 584202
1500996244 679539
1500996244 775522
1500996244 871841
1500996244 968287
1500996245 64261
1500996245 159654
1500996245 255883
1500996245 352043
1500996245 448132
1500996245 543453
1500996245 639646
1500996245 735618
1500996245 832196
1500996245 928223
1500996246 23506
1500996246 119614
1500996246 215643
1500996246 311864
1500996246 408269
1500996246 503474
1500996246 590616
1500996246 686009
1500996246 782060
1500996246 878441
1500996246 974378
1500996247 69882
1500996247 166079
1500996247 262278
1500996247 358500
1500996247 454751
1500996247 549940
1500996247 645934
1500996247 732196
1500996247 819546
1500996247 914645
1500996248 1822
1500996248 97010
1500996248 184203
1500996248 279457
1500996248 366564
1500996248 461812
1500996248 549227
1500996248 644402
1500996248 740325
1500996248 826649
1500996248 913898
1500996249 9194
1500996249 105338
1500996249 201774
1500996249 297915
1500996249 393203
1500996249 489190
1500996249 585352
1500996249 681722
1500996249 777855
1500996249 873181
1500996249 969382
1500996250 65320
1500996250 161863
1500996250 258150
1500996250 353159
1500996250 449471
1500996250 545553
1500996250 641650
1500996250 737171
1500996250 833278
1500996250 929814
1500996251 25699
1500996251 121931
1500996251 217247
1500996251 313427
1500996251 524746
1500996251 658866
1500996251 860562
1500996251 956756
1500996252 62098
1500996252 158257
1500996252 254314
1500996252 350519
1500996252 445882
1500996252 532913
1500996252 638180
1500996252 734400
1500996252 830488
1500996252 965047
1500996253 128442
1500996253 233678
1500996253 675087
1500996253 770936
1500996253 886059
1500996253 982243
1500996254 126603
1500996254 222034
1500996254 722014
1500996254 875414
1500996255 28740
1500996255 125034
1500996255 220992
1500996255 316276
1500996255 412481
1500996255 508724
1500996255 604838
1500996255 700121
1500996255 796453
1500996255 892805
1500996255 988821
1500996256 83995
1500996256 180237
1500996256 276487
1500996256 372556
1500996256 469014
1500996256 564150
1500996256 660341
1500996256 756451
1500996256 852633
1500996257 54239
1500996257 150379
1500996257 245732
1500996257 515467
1500996257 687743
1500996257 783885
1500996257 880056
1500996257 975255
1500996258 71469
1500996258 167781
1500996258 264015
1500996258 359984
1500996258 455159
1500996258 551558
1500996258 647838
1500996258 744061
1500996258 935582
1500996259 31779
1500996259 166065
1500996259 271182
1500996259 377738
1500996259 473620
1500996259 568954
1500996259 664946
1500996259 761091
1500996259 857293
1500996259 953531
1500996260 115919
1500996260 212277
1500996260 308508
1500996260 404776
1500996260 500036
1500996260 606186
1500996260 702277
1500996260 797736
1500996260 893739
1500996260 989810
1500996261 86185
1500996261 182395
1500996261 277753
1500996261 374017
1500996261 469892
1500996261 566254
1500996261 661783
1500996261 757696
1500996261 853845
1500996261 950321
1500996262 46471
1500996262 545559
1500996262 756111
1500996262 852182
1500996262 948459
1500996263 111799
1500996263 207933
1500996263 303337
1500996263 399623
1500996263 495756
1500996263 592039
1500996263 687345
1500996263 783337
1500996263 879589
1500996263 975758
1500996264 71913
1500996264 167255
1500996264 263386
1500996264 359648
1500996264 455780
1500996264 551860
1500996264 647379
1500996264 743428
1500996264 839568
1500996264 935789
1500996265 32156
1500996265 127218
1500996265 223562
1500996265 319915
1500996265 415827
1500996265 511178
1500996265 607470
1500996265 703570
1500996265 799849
1500996265 895162
1500996265 991203
1500996266 87337
1500996266 183560
1500996266 279969
1500996266 375251
1500996266 471472
1500996266 567805
1500996266 663731
1500996266 758985
1500996266 855080
1500996266 951408
1500996267 47629
1500996267 143874
1500996267 239106
1500996267 335145
1500996267 431475
1500996267 527602
1500996267 623900
1500996267 719187
1500996267 815286
1500996267 911399
1500996268 7707
1500996268 103066
1500996268 199278
1500996268 295419
1500996268 391486
1500996268 487707
1500996268 583125
1500996268 679527
1500996268 775494
1500996268 871451
1500996268 967968
1500996269 63136
1500996269 159330
1500996269 255559
1500996269 351807
1500996269 447034
1500996269 543357
1500996269 639357
1500996269 735639
1500996269 918019
1500996270 14296
1500996270 109372
1500996270 205680
1500996270 302028
1500996270 398369
1500996270 493307
1500996270 589779
1500996270 685818
1500996270 781899
1500996270 878140
1500996270 973401
1500996271 69468
1500996271 165895
1500996271 262252
1500996271 358407
1500996271 453661
1500996271 549732
1500996271 645841
1500996271 742160
1500996271 837459
1500996271 933658
1500996272 29842
1500996272 126284
1500996272 222166
1500996272 317520
1500996272 587192
1500996272 885346
1500996273 105308
1500996273 268649
1500996273 680597
1500996273 891998
1500996274 160734
1500996274 266689
1500996274 362175
1500996274 458362
1500996274 554422
1500996274 650498
1500996274 745965
1500996274 842102
1500996274 976430
1500996275 72616
1500996275 168847
1500996275 332160
1500996275 427602
1500996275 523662
1500996275 619936
1500996275 716041
1500996275 869510
1500996275 965599
1500996276 61737
1500996276 311438
1500996276 406872
1500996276 743443
1500996276 848753
1500996277 88381
1500996277 318842
1500996277 424910
1500996277 626384
1500996277 779564
1500996277 875914
1500996278 29430
1500996278 135397
1500996278 230833
1500996278 326999
1500996278 423115
1500996278 519420
1500996278 614621
1500996278 710787
1500996278 806934
1500996279 56511
1500996279 152846
1500996279 306201
1500996279 402332
1500996279 498580
1500996279 593741
1500996279 689981
1500996279 786026
1500996279 968943
1500996280 64862
1500996280 161214
1500996280 256320
1500996280 352592
1500996280 448649
1500996280 544901
1500996280 641051
1500996280 736494
1500996280 832471
1500996280 928622
1500996281 24912
1500996281 120365
1500996281 216378
1500996281 312451
1500996281 581124
1500996281 706312
1500996281 859959
1500996281 955897
1500996282 51145
1500996282 281584
1500996282 425699
1500996282 522099
1500996282 868029
1500996282 963220
1500996283 59238
1500996283 155484
1500996283 251868
1500996283 346849
1500996283 510099
1500996283 596390
1500996283 721560
1500996283 816760
1500996283 903190
1500996283 990305
1500996284 86014
1500996284 173130
1500996284 268013
1500996284 355143
1500996284 450516
1500996284 537807
1500996284 633091
1500996284 720245
1500996284 815764
1500996284 911701
1500996285 7939
1500996285 104257
1500996285 200327
1500996285 295620
1500996285 382674
1500996285 478082
1500996285 565174
1500996285 660506
1500996285 747641
1500996285 842871
1500996285 930026
1500996286 25302
1500996286 112375
1500996286 207716
1500996286 303774
1500996286 400046
1500996286 630643
1500996286 726841
1500996286 861333
1500996286 966440
1500996287 62574
1500996287 350276
1500996287 639151
1500996287 744265
1500996287 840394
1500996287 936601
1500996288 31949
1500996288 127972
1500996288 224215
1500996288 320203
1500996288 415496
1500996288 502764
1500996288 598083
1500996288 684982
1500996288 886653
1500996288 982907
1500996289 78247
1500996289 174379
1500996289 270482
1500996289 366690
1500996289 461995
1500996289 549108
1500996289 836625
1500996290 115505
1500996290 211520
1500996290 306901
1500996290 393939
1500996290 489398
1500996290 576329
1500996290 671455
1500996290 758668
1500996290 854032
1500996290 941154
1500996291 36475
1500996291 123640
1500996291 218866
1500996291 305975
1500996291 401384
1500996291 488368
1500996291 632472
1500996291 727949
1500996291 824050
1500996291 920355
1500996292 15650
1500996292 102883
1500996292 198075
1500996292 285327
1500996292 380636
1500996292 476514
1500996292 562909
1500996292 659193
1500996292 755413
1500996292 851639
1500996292 947734
1500996293 43092
1500996293 139318
1500996293 235484
1500996293 331800
1500996293 426923
1500996293 514181
1500996293 609303
1500996293 696386
1500996293 791533
1500996293 878684
1500996293 974247
1500996294 70243
1500996294 166587
1500996294 262935
1500996294 358876
1500996294 454104
1500996294 541385
1500996294 636608
1500996294 723594
1500996294 818818
1500996294 906175
1500996295 1509
1500996295 97585
1500996295 193733
1500996295 290010
1500996295 386158
1500996295 481512
1500996295 577815
1500996295 673928
1500996295 770212
1500996295 865468
1500996295 961656
1500996296 57971
1500996296 154083
1500996296 250137
1500996296 345318
1500996296 432434
1500996296 527671
1500996296 614864
1500996296 710259
1500996296 806627
1500996296 902519
1500996296 998823
1500996297 94358
1500996297 190349
1500996297 286422
1500996297 382728
1500996297 478836
1500996297 574172
1500996297 661477
1500996297 756829
1500996297 852704
1500996297 939099
1500996298 35171
1500996298 131430
1500996298 227603
1500996298 323948
1500996298 419189
1500996298 515261
1500996298 668521
1500996298 793819
1500996298 966288
1500996299 91359
1500996299 225866
1500996299 341031
1500996299 504493
1500996299 706190
1500996299 802121
1500996299 897501
1500996299 993732
1500996300 89815
1500996300 186094
1500996300 282139
1500996300 377389
1500996300 473673
1500996300 569822
1500996300 665976
1500996300 761270
1500996300 857458
1500996300 953619
1500996301 49811
1500996301 146104
1500996301 241494
1500996301 337511
1500996301 433786
1500996301 530041
1500996301 626153
1500996301 721347
1500996301 817792
1500996302 125512
1500996302 259703
1500996302 355024
1500996302 451080
1500996302 547366
1500996302 691575
1500996302 787682
1500996302 883053
1500996302 979161
1500996303 75550
1500996303 171615
1500996303 286901
1500996303 421210
1500996303 516409
1500996303 612540
1500996303 708851
1500996303 805049
1500996303 901184
1500996303 996478
1500996304 159820
1500996304 256031
1500996304 352236
1500996304 448472
1500996304 543786
1500996304 640220
1500996304 736214
1500996304 832410
1500996304 928350
1500996305 23622
1500996305 119953
1500996305 216175
1500996305 312490
1500996305 407740
1500996305 504066
1500996305 600163
1500996305 696414
1500996305 792561
1500996305 887808
1500996305 983770
1500996306 80137
1500996306 176344
1500996306 271552
1500996306 358650
1500996306 454220
1500996306 732951
1500996306 829076
1500996306 925142
1500996307 21241
1500996307 116705
1500996307 212856
1500996307 308974
1500996307 404997
1500996307 501333
1500996307 596730
1500996307 693129
1500996307 788854
1500996307 885254
1500996307 980651
1500996308 76847
1500996308 172960
1500996308 269019
1500996308 365368
1500996308 460454
1500996308 556900
1500996308 652952
1500996308 749142
1500996308 845444
1500996308 940643
1500996309 36793
1500996309 133173
1500996309 229283
1500996309 324469
1500996309 420607
1500996309 516844
1500996309 613080
1500996309 709254
1500996309 804515
1500996309 900740
1500996309 997006
1500996310 93033
1500996310 189462
1500996310 284606
1500996310 380931
1500996310 477218
1500996310 573297
1500996310 668600
1500996310 764559
1500996310 860876
1500996310 957144
1500996311 53229
1500996311 148709
1500996311 244712
1500996311 340922
1500996311 437009
1500996311 533429
1500996311 628915
1500996311 725037
1500996311 821128
1500996311 917303
1500996312 12530
1500996312 109029
1500996312 204797
1500996312 301086
1500996312 397322
1500996312 492721
1500996312 588897
1500996312 684993
1500996312 781438
1500996312 877259
1500996312 972486
1500996313 68861
1500996313 165158
1500996313 261344
1500996313 356616
1500996313 452743
1500996313 548925
1500996313 645026
1500996313 741327
1500996313 841555
1500996313 932563
1500996314 28874
1500996314 125171
1500996314 220639
1500996314 316701
1500996314 412995
1500996314 509301
1500996314 605198
1500996314 700383
1500996314 787721
1500996314 882850
1500996314 979044
1500996315 75380
1500996315 171724
1500996315 267789
1500996315 363001
1500996315 459186
1500996315 555392
1500996315 651526
1500996315 746928
1500996315 842868
1500996315 928912
1500996316 16253
1500996316 111412
1500996316 198504
1500996316 293973
1500996316 380949
1500996316 476572
1500996316 572468
1500996316 658791
1500996316 745733
1500996316 841199
1500996316 928298
1500996317 23850
1500996317 119790
1500996317 216070
1500996317 312439
1500996317 408109
1500996317 503477
1500996317 590682
1500996317 686139
1500996317 782322
1500996317 878639
1500996317 974811
1500996318 70047
1500996318 166398
1500996318 262456
1500996318 358681
1500996318 454991
1500996318 550109
1500996318 646341
1500996318 742578
1500996318 838711
1500996318 934130
1500996319 30650
1500996319 126380
1500996319 222957
1500996319 319011
1500996319 414039
1500996319 510313
1500996319 606372
1500996319 702605
1500996319 798939
1500996319 894151
1500996319 990326
1500996320 86378
1500996320 182437
1500996320 279004
1500996320 374255
1500996320 470381
1500996320 566599
1500996320 662811
1500996320 758146
1500996320 854399
1500996320 950459
1500996321 46558
1500996321 142319
1500996321 237618
1500996321 324854
1500996321 420197
1500996321 507471
1500996321 603038
1500996321 699207
1500996321 795223
1500996321 891586
1500996321 987287
1500996322 82779
1500996322 168889
1500996322 255831
1500996322 342122
1500996322 428736
1500996322 525090
1500996322 621153
1500996322 716501
1500996322 812528
1500996322 898693
1500996322 994783
1500996323 80974
1500996323 168194
1500996323 263550
1500996323 350790
1500996323 445731
1500996323 533127
1500996323 628420
1500996323 715460
1500996323 810859
1500996323 907051
1500996324 3166
1500996324 99282
1500996324 196492
1500996324 290799
1500996324 377796
1500996324 473251
1500996324 569568
1500996324 665926
1500996324 762059
1500996324 857192
1500996324 944309
1500996325 39801
1500996325 135967
1500996325 232037
1500996325 328355
1500996325 424434
1500996325 519781
1500996325 616036
1500996325 712220
1500996325 808308
1500996325 904491
1500996325 999838
1500996326 95865
1500996326 192256
1500996326 288279
1500996326 383817
1500996326 479946
1500996326 576118
1500996326 671829
1500996326 757974
1500996326 844474
1500996326 930645
1500996327 17933
1500996327 113360
1500996327 209516
1500996327 305726
1500996327 401848
1500996327 498074
1500996327 593352
1500996327 689186
1500996327 775226
1500996327 871458
1500996327 957953
1500996328 44106
1500996328 131296
1500996328 226819
1500996328 322958
1500996328 419094
1500996328 515617
1500996328 610752
1500996328 706608
1500996328 792830
1500996328 879969
1500996328 975092
1500996329 62051
1500996329 148444
1500996329 234789
1500996329 321077
1500996329 407213
1500996329 494219
1500996329 580434
1500996329 666685
1500996329 752801
1500996329 839906
1500996329 935424
1500996330 21945
1500996330 108809
1500996330 204081
1500996330 291355
1500996330 386791
1500996330 473934
1500996330 569109
1500996330 656101
1500996330 751656
1500996330 847688
1500996330 943841
1500996331 40036
1500996331 136553
1500996331 231792
1500996331 327906
1500996331 423936
1500996331 520269
1500996331 616491
1500996331 711600
1500996331 798522
1500996331 893890
1500996331 981081
1500996332 76177
1500996332 163426
1500996332 258801
1500996332 345766
1500996332 441262
1500996332 537588
1500996332 633680
1500996332 729765
1500996332 824878
1500996332 911681
1500996332 997923
1500996333 84129
1500996333 180410
1500996333 266982
1500996333 363242
1500996333 459114
1500996333 554549
1500996333 641472
1500996333 736938
1500996333 823857
1500996333 910006
1500996333 996544
1500996334 93132
1500996334 188982
1500996334 284346
1500996334 371518
1500996334 466813
1500996334 553644
1500996334 649113
1500996334 736280
1500996334 831438
1500996334 918558
1500996335 13957
1500996335 101349
1500996335 196523
1500996335 292697
1500996335 388836
1500996335 485047
1500996335 580480
1500996335 676463
1500996335 772694
1500996335 868931
1500996335 965093
1500996336 60514
1500996336 157261
1500996336 252657
1500996336 348966
1500996336 445521
1500996336 540618
1500996336 636779
1500996336 732917
1500996336 829148
1500996336 924499
1500996337 20601
1500996337 116812
1500996337 242124
1500996337 347341
1500996337 471699
1500996337 567521
1500996337 663419
1500996337 749617
1500996337 845921
1500996337 945136
1500996338 38462
1500996338 133747
1500996338 220739
1500996338 316041
1500996338 403299
1500996338 498509
1500996338 585681
1500996338 681261
1500996338 777247
1500996338 873720
1500996338 969660
1500996339 65040
1500996339 161351
1500996339 257732
1500996339 353725
1500996339 450027
1500996339 545211
1500996339 641290
1500996339 737668
1500996339 833718
1500996339 929111
1500996340 25312
1500996340 121535
1500996340 217979
1500996340 313922
1500996340 409321
1500996340 505487
1500996340 601796
1500996340 697719
1500996340 794241
1500996340 889319
1500996340 985555
1500996341 81572
1500996341 177723
1500996341 273085
1500996341 369434
1500996341 465468
1500996341 561777
1500996341 657957
1500996341 753166
1500996341 849434
1500996341 945472
1500996342 41843
1500996342 136965
1500996342 224014
1500996342 319474
1500996342 415739
1500996342 511741
1500996342 608160
1500996342 704173
1500996342 799609
1500996342 895716
1500996342 991940
1500996343 88009
1500996343 184288
1500996343 279755
1500996343 375919
1500996343 471888
1500996343 568160
1500996343 663517
1500996343 759803
1500996343 855905
1500996343 952144
1500996344 48357
1500996344 143497
1500996344 239709
1500996344 335819
1500996344 432113
1500996344 528311
1500996344 623693
1500996344 719830
1500996344 816034
1500996344 912156
1500996345 7500
1500996345 103690
1500996345 199875
1500996345 296083
1500996345 392185
1500996345 487679
1500996345 583595
1500996345 680122
1500996345 776143
1500996345 872128
1500996345 967789
1500996346 63814
1500996346 159857
1500996346 256373
1500996346 351594
1500996346 447711
1500996346 543910
1500996346 640162
1500996346 736361
1500996346 831649
1500996346 927918
1500996347 24010
1500996347 120122
1500996347 216450
1500996347 311576
1500996347 407759
1500996347 504083
1500996347 600318
1500996347 695689
1500996347 791796
1500996347 887828
1500996347 984289
1500996348 80226
1500996348 175617
1500996348 271932
1500996348 367954
1500996348 464266
1500996348 560401
1500996348 655677
1500996348 751860
1500996348 847801
1500996348 944277
1500996349 39523
1500996349 135657
1500996349 231995
1500996349 328214
1500996349 424471
1500996349 519684
1500996349 615831
1500996349 711854
1500996349 808011
1500996349 904277
1500996349 999727
1500996350 95937
1500996350 191866
1500996350 288073
1500996350 383556
1500996350 479719
1500996350 576012
1500996350 672176
1500996350 768564
1500996350 863753
1500996350 959967
1500996351 56086
1500996351 152260
1500996351 247380
1500996351 343635
1500996351 439745
1500996351 536159
1500996351 632470
1500996351 727875
1500996351 823714
1500996351 919874
1500996352 16162
1500996352 112423
1500996352 207436
1500996352 303734
1500996352 400024
1500996352 496229
1500996352 591539
1500996352 687782
1500996352 783728
1500996352 879879
1500996352 976290
1500996353 71493
1500996353 167695
1500996353 264083
1500996353 360122
1500996353 456366
1500996353 551646
1500996353 647807
1500996353 744179
1500996353 840369
1500996353 935714
1500996354 31675
1500996354 127901
1500996354 224241
1500996354 320272
1500996354 415599
1500996354 511541
1500996354 607878
1500996354 704898
1500996354 800113
1500996354 895668
1500996354 991679
1500996355 87975
1500996355 184124
1500996355 279664
1500996355 375796
1500996355 471849
1500996355 567885
1500996355 664399
1500996355 759574
1500996355 855843
1500996355 952178
1500996356 48104
1500996356 144365
1500996356 239561
1500996356 335911
1500996356 432021
1500996356 528220
1500996356 623508
1500996356 719756
1500996356 815998
1500996356 911905
1500996357 8220
1500996357 103655
1500996357 199856
1500996357 295999
1500996357 392066
1500996357 488360
1500996357 583606
1500996357 679914
1500996357 775957
1500996357 872301
1500996357 967620
1500996358 63916
1500996358 159936
1500996358 256256
1500996358 352309
1500996358 447654
1500996358 543857
1500996358 639980
1500996358 736220
1500996358 832310
1500996358 927981
1500996359 23967
1500996359 119993
1500996359 216307
1500996359 311743
1500996359 407764
1500996359 504033
1500996359 600496
1500996359 696385
1500996359 791848
1500996359 887851
1500996359 984088
1500996360 80110
1500996360 176301
1500996360 271685
1500996360 367903
1500996360 464033
1500996360 560346
1500996360 655458
1500996360 751795
1500996360 848027
1500996360 944150
1500996361 40458
1500996361 135658
1500996361 231919
1500996361 328054
1500996361 424255
1500996361 520306
1500996361 615819
1500996361 711901
1500996361 808223
1500996361 904298
1500996361 999552
1500996362 95761
1500996362 191889
1500996362 288046
1500996362 384247
1500996362 479773
1500996362 575872
1500996362 672074
1500996362 768266
1500996362 864416
1500996362 959762
1500996363 55833
1500996363 152164
1500996363 248235
1500996363 343704
1500996363 439842
1500996363 535908
1500996363 632460
1500996363 728614
1500996363 823623
1500996363 919765
1500996364 15981
1500996364 112242
1500996364 208477
1500996364 303903
1500996364 399968
1500996364 496177
1500996364 592410
1500996364 687833
1500996364 783930
1500996364 880091
1500996364 976158
1500996365 72531
1500996365 167735
1500996365 264010
1500996365 360074
1500996365 456234
1500996365 552356
1500996365 647815
1500996365 743814
1500996365 840194
1500996365 936342
1500996366 31632
1500996366 127817
1500996366 224131
1500996366 320256
1500996366 416427
1500996366 511647
1500996366 607886
1500996366 704134
1500996366 800327
1500996366 896520
1500996366 991657
1500996367 87979
1500996367 184089
1500996367 280427
1500996367 375697
1500996367 471947
1500996367 568119
1500996367 664144
1500996367 760549
1500996367 855741
1500996367 951671
1500996368 47979
1500996368 144317
1500996368 239584
1500996368 335748
1500996368 431993
1500996368 528142
1500996368 624529
1500996368 719654
1500996368 815975
1500996368 912122
1500996369 8340
1500996369 104456
1500996369 199562
1500996369 295977
1500996369 392177
1500996369 488186
1500996369 584422
1500996369 679860
1500996369 776139
1500996369 872277
1500996369 968376
1500996370 63696
1500996370 159848
1500996370 256178
1500996370 352198
1500996370 448464
1500996370 543791
1500996370 639836
1500996370 736089
1500996370 832280
1500996370 927724
1500996371 23770
1500996371 119909
1500996371 216188
1500996371 312519
1500996371 407674
1500996371 503898
1500996371 600008
1500996371 696396
1500996371 792438
1500996371 887819
1500996371 983885
1500996372 80178
1500996372 176326
1500996372 271689
1500996372 367726
1500996372 464060
1500996372 560252
1500996372 656291
1500996372 751615
1500996372 847937
1500996372 944248
1500996373 40242
1500996373 136377
1500996373 231872
1500996373 327933
1500996373 424539
1500996373 520355
1500996373 615770
1500996373 711973
1500996373 808170
1500996373 904094
1500996374 503
1500996374 95767
1500996374 191897
1500996374 287934
1500996374 384371
1500996374 480479
1500996374 575827
1500996374 671990
1500996374 768222
1500996374 864535
1500996374 959590
1500996375 55910
1500996375 151923
1500996375 248075
1500996375 344437
1500996375 439708
1500996375 535914
1500996375 632013
1500996375 728316
1500996375 824502
1500996375 919768
1500996376 16116
1500996376 112263
1500996376 208649
1500996376 303863
1500996376 399886
1500996376 496241
1500996376 592287
1500996376 688534
1500996376 783752
1500996376 880093
1500996376 975995
1500996377 72315
1500996377 168738
1500996377 263923
1500996377 360152
1500996377 456226
1500996377 552209
1500996377 647752
1500996377 743834
1500996377 840006
1500996377 936236
1500996378 32420
1500996378 127874
1500996378 223968
1500996378 320170
1500996378 416440
1500996378 512672
1500996378 607867
1500996378 704044
1500996378 800030
1500996378 896223
1500996378 991569
1500996379 87876
1500996379 184193
1500996379 280222
1500996379 376429
1500996379 471736
1500996379 567880
1500996379 664566
1500996379 760267
1500996379 856546
1500996379 951805
1500996380 47941
1500996380 144178
1500996380 240242
1500996380 335473
1500996380 431864
1500996380 528286
1500996380 624393
1500996380 720591
1500996380 815886
1500996380 911905
1500996381 8189
1500996381 104302
1500996381 199733
1500996381 295845
1500996381 391884
1500996381 487876
1500996381 584230
1500996381 679513
1500996381 775775
1500996381 872018
1500996381 968286
1500996382 64469
1500996382 159819
1500996382 255799
1500996382 352205
1500996382 448325
1500996382 543622
1500996382 639794
1500996382 735995
1500996382 832296
1500996382 928494
1500996383 23705
1500996383 119912
1500996383 216125
1500996383 312312
1500996383 408525
1500996383 503667
1500996383 599905
1500996383 696279
1500996383 792210
1500996383 887442
1500996383 983832
1500996384 80154
1500996384 176150
1500996384 272387
1500996384 367791
1500996384 463961
1500996384 560164
1500996384 656283
1500996384 752714
1500996384 847781
1500996384 944034
1500996385 40366
1500996385 136465
1500996385 231798
1500996385 327920
1500996385 424017
1500996385 520331
1500996385 616528
1500996385 711813
1500996385 808083
1500996385 904060
1500996386 532
1500996386 96403
1500996386 191908
1500996386 288033
1500996386 384211
1500996386 480308
1500996386 575652
1500996386 671785
1500996386 768156
1500996386 864195
1500996386 960515
1500996387 55774
1500996387 151874
1500996387 248260
1500996387 344506
1500996387 440777
1500996387 535870
1500996387 631984
1500996387 728146
1500996387 824318
1500996387 919676
1500996388 15806
1500996388 112239
1500996388 208320
1500996388 304730
1500996388 399750
1500996388 496062
1500996388 592122
1500996388 688374
1500996388 784535
1500996388 879853
1500996388 975969
1500996389 72202
1500996389 168632
1500996389 263536
1500996389 360002
1500996389 455998
1500996389 552375
1500996389 648437
1500996389 743917
1500996389 840083
1500996389 936213
1500996390 32490
1500996390 127723
1500996390 223993
1500996390 320140
1500996390 416224
1500996390 512301
1500996390 607612
1500996390 704074
1500996390 800072
1500996390 896137
1500996390 992513
1500996391 87777
1500996391 183942
1500996391 280163
1500996391 376468
1500996391 472542
1500996391 567913
1500996391 664009
1500996391 760341
1500996391 856458
1500996391 951755
1500996392 47979
1500996392 144147
1500996392 240356
1500996392 336545
1500996392 431880
1500996392 528021
1500996392 624293
1500996392 720323
1500996392 815800
1500996392 911942
1500996393 8025
1500996393 104243
1500996393 200697
1500996393 295471
1500996393 391825
1500996393 488041
1500996393 584244
1500996393 680521
1500996393 775818
1500996393 871919
1500996393 968148
1500996394 64291
1500996394 159697
1500996394 255883
1500996394 352033
1500996394 448307
1500996394 544349
1500996394 639812
1500996394 736116
1500996394 832118
1500996394 928186
1500996395 24427
1500996395 119656
1500996395 215871
1500996395 312276
1500996395 408212
1500996395 503582
1500996395 599963
1500996395 696084
1500996395 792088
1500996395 888382
1500996395 983781
1500996396 80111
1500996396 176177
1500996396 272306
1500996396 368430
1500996396 463907
1500996396 559961
1500996396 656155
1500996396 752340
1500996396 847651
1500996396 943880
1500996397 40084
1500996397 136325
1500996397 232392
1500996397 327896
1500996397 424135
1500996397 520032
1500996397 616424
1500996397 712631
1500996397 807751
1500996397 904122
1500996398 102
1500996398 96495
1500996398 191603
1500996398 287740
1500996398 384108
1500996398 480186
1500996398 576517
1500996398 671806
1500996398 768117
1500996398 864326
1500996398 960459
1500996399 56577
1500996399 152041
1500996399 248002
1500996399 344271
1500996399 440558
1500996399 535710
1500996399 631883
1500996399 728158
1500996399 824289
1500996399 920320
1500996400 15674
1500996400 111917
1500996400 208274
1500996400 304336
1500996400 400662
1500996400 495841
1500996400 592023
1500996400 688188
1500996400 784441
1500996400 879791
1500996400 975924
1500996401 72403
1500996401 168301
1500996401 264269
1500996401 359722
1500996401 456048
1500996401 552219
1500996401 648505
1500996401 744500
1500996401 839883
1500996401 936030
1500996402 32230
1500996402 128506
1500996402 223602
1500996402 319879
1500996402 416232
1500996402 512279
1500996402 608432
1500996402 703662
1500996402 799914
1500996402 896081
1500996402 992449
1500996403 88738
1500996403 183861
1500996403 279835
1500996403 376216
1500996403 472434
1500996403 567958
1500996403 664267
1500996403 760141
1500996403 856259
1500996403 952356
1500996404 47692
1500996404 143928
1500996404 240177
1500996404 336478
1500996404 432515
1500996404 528128
1500996404 624210
1500996404 720441
1500996404 816787
1500996404 912050
1500996405 8175
1500996405 104209
1500996405 200438
1500996405 296758
1500996405 391865
1500996405 487939
1500996405 584410
1500996405 680535
1500996405 776646
1500996405 871903
1500996405 968827
1500996406 64371
1500996406 160525
1500996406 255981
1500996406 352159
1500996406 448315
1500996406 544342
1500996406 640634
1500996406 735916
1500996406 832163
1500996406 928379
1500996407 24459
1500996407 120558
1500996407 215795
1500996407 312035
1500996407 408396
1500996407 504491
1500996407 599924
1500996407 695942
1500996407 792195
1500996407 888443
1500996407 984558
1500996408 79951
1500996408 175956
1500996408 272127
1500996408 368284
1500996408 463634
1500996408 559845
1500996408 656235
1500996408 752283
1500996408 848699
1500996408 943809
1500996409 39951
1500996409 136213
1500996409 232378
1500996409 328734
1500996409 423983
1500996409 520133
1500996409 616287
1500996409 712625
1500996409 807765
1500996409 903982
1500996410 139
1500996410 96305
1500996410 192762
1500996410 287657
1500996410 384015
1500996410 480187
1500996410 576359
1500996410 672604
1500996410 767852
1500996410 864200
1500996410 960182
1500996411 56440
1500996411 151759
1500996411 247904
1500996411 344017
1500996411 440111
1500996411 536624
1500996411 631736
1500996411 728035
1500996411 824271
1500996411 920324
1500996412 16605
1500996412 111857
1500996412 208274
1500996412 304290
1500996412 400489
1500996412 495860
1500996412 591851
1500996412 688144
1500996412 784417
1500996412 880915
1500996412 975804
1500996413 72076
1500996413 168128
1500996413 264616
1500996413 360930
1500996413 456014
1500996413 552129
1500996413 648330
1500996413 744533
1500996413 839806
1500996413 935909
1500996414 32186
1500996414 128404
1500996414 224557
1500996414 320116
1500996414 416218
1500996414 512349
1500996414 608402
1500996414 704602
1500996414 800129
1500996414 896119
1500996414 992232
1500996415 88361
1500996415 183832
1500996415 280092
1500996415 376319
1500996415 472300
1500996415 568582
1500996415 663983
1500996415 760039
1500996415 856514
1500996415 952444
1500996416 48582
1500996416 143923
1500996416 240155
1500996416 336318
1500996416 432716
1500996416 527925
1500996416 624282
1500996416 720272
1500996416 816331
1500996416 912542
1500996417 7931
1500996417 104142
1500996417 200218
1500996417 296379
1500996417 392843
1500996417 488139
1500996417 584345
1500996417 680254
1500996417 776498
1500996417 872725
1500996417 967943
1500996418 64095
1500996418 160345
1500996418 256445
1500996418 351919
1500996418 448089
1500996418 544299
1500996418 640325
1500996418 736759
1500996418 832001
1500996418 927945
1500996419 24262
1500996419 120590
1500996419 217076
1500996419 312115
1500996419 408128
1500996419 504467
1500996419 600657
1500996419 695915
1500996419 792098
1500996419 888276
1500996419 984493
1500996420 80726
1500996420 175976
1500996420 272108
1500996420 368447
1500996420 464567
1500996420 560692
1500996420 656086
1500996420 752244
1500996420 848408
1500996420 944499
1500996421 39946
1500996421 135994
1500996421 232166
1500996421 328602
1500996421 424767
1500996421 520131
1500996421 654424
1500996421 817664
1500996421 913891
1500996422 10029
1500996422 106121
1500996422 201499
1500996422 297837
1500996422 393864
1500996422 490181
1500996422 586360
1500996422 681505
1500996422 777786
1500996422 873955
