1502376763 735418
1502376763 746415
1502376763 802470
1502376763 816973
1502376763 869678
1502376763 884625
1502376763 936798
1502376763 955994
1502376764 14056
1502376764 26212
1502376764 80945
1502376764 91270
1502376764 148204
1502376764 158249
1502376764 225060
1502376764 234400
1502376764 282238
1502376764 301535
1502376764 666427
1502376764 724383
1502376764 983128
1502376765 108378
1502376765 156169
1502376765 271426
1502376765 290744
1502376765 358018
1502376765 405715
1502376765 425079
1502376765 472877
1502376765 492397
1502376765 549071
1502376765 559370
1502376765 607219
1502376765 789934
1502376765 866281
1502376766 27753
1502376766 77666
1502376766 154984
1502376766 279308
1502376766 346456
1502376766 435191
1502376766 442679
1502376766 558453
1502376766 625079
1502376766 692229
1502376766 759370
1502376766 829407
1502376767 37689
1502376767 133948
1502376767 143336
1502376767 191387
1502376767 287945
1502376767 325734
1502376767 411859
1502376767 470825
1502376767 555806
1502376767 566265
1502376767 671180
1502376767 767369
1502376767 776536
1502376767 882663
1502376767 969866
1502376767 997424
1502376768 93494
1502376768 160648
1502376768 246832
1502376768 381287
1502376768 450803
1502376768 516369
1502376768 583208
1502376768 660587
1502376768 707230
1502376768 730503
1502376768 793988
1502376768 918677
1502376768 928281
1502376769 81302
1502376769 178686
1502376769 196104
1502376769 244552
1502376769 467468
1502376769 594250
1502376769 628763
1502376769 648058
1502376769 734380
1502376769 801267
1502376769 868521
1502376769 935597
1502376769 983461
1502376770 3144
1502376770 69948
1502376770 117690
1502376770 137047
1502376770 194756
1502376770 252064
1502376770 271781
1502376770 319244
1502376770 396197
1502376770 405434
1502376770 453261
1502376770 588548
1502376770 683798
1502376770 703135
1502376770 750884
1502376770 857706
1502376770 866997
1502376770 972878
1502376771 30949
1502376771 96619
1502376771 116170
1502376771 174151
1502376771 260602
1502376771 308366
1502376771 384376
1502376771 404760
1502376771 451668
1502376771 539854
1502376771 591445
1502376771 673508
1502376771 721242
1502376771 740514
1502376771 807879
1502376771 864420
1502376771 883799
1502376771 956289
1502376772 95608
1502376772 231335
1502376772 296968
1502376772 374152
1502376772 459804
1502376772 625731
1502376772 652794
1502376772 709993
1502376772 728879
1502376772 798884
1502376772 960384
1502376773 103372
1502376773 246686
1502376773 258388
1502376773 314313
1502376773 411423
1502376773 458229
1502376773 547348
1502376773 601851
1502376773 697838
1502376773 712954
1502376773 813528
1502376773 880438
1502376773 976254
1502376773 995760
1502376774 43769
1502376774 148762
1502376774 159094
1502376774 245283
1502376774 341208
1502376774 481555
1502376774 542585
1502376774 561936
1502376774 609673
1502376774 696387
1502376774 755931
1502376774 840757
1502376774 888450
1502376774 907933
1502376774 964745
1502376775 61119
1502376775 108718
1502376775 243268
1502376775 329585
1502376775 380564
1502376775 397029
1502376775 464136
1502376775 541489
1502376775 603195
1502376775 671145
1502376775 733030
1502376775 800907
1502376775 882922
1502376775 924745
1502376775 944217
1502376776 11677
1502376776 88889
1502376776 193592
1502376776 218286
1502376776 260668
1502376776 405861
1502376776 424572
1502376776 472159
1502376776 491640
1502376776 540067
1502376776 663436
1502376776 789519
1502376776 811247
1502376776 876958
1502376777 16762
1502376777 97155
1502376777 186722
1502376777 297363
1502376777 345024
1502376777 364504
1502376777 432317
1502376777 479538
1502376777 499484
1502376777 546858
1502376777 617028
1502376777 634701
1502376777 680899
1502376777 749662
1502376777 767662
1502376777 815411
1502376777 901725
1502376777 949571
1502376778 45819
1502376778 65962
1502376778 122189
1502376778 182005
1502376778 199931
1502376778 295632
1502376778 361890
1502376778 438895
1502376778 505773
1502376778 678287
1502376778 861087
1502376778 927874
1502376779 440
1502376779 140931
1502376779 331608
1502376779 388870
1502376779 408310
1502376779 475473
1502376779 494509
1502376779 571502
1502376779 593351
1502376779 657933
1502376779 714904
1502376779 734281
1502376779 809673
1502376779 849822
1502376779 879144
1502376779 946490
1502376780 12487
1502376780 92632
1502376780 137823
1502376780 170818
1502376780 204770
1502376780 224181
1502376780 272003
1502376780 291270
1502376780 342837
1502376780 406161
1502376780 430040
1502376780 473156
1502376780 540386
1502376780 559741
1502376780 607996
1502376780 694221
1502376780 733070
1502376780 753205
1502376780 825926
1502376780 860127
1502376780 966744
1502376781 37812
1502376781 99509
1502376781 166175
1502376781 224547
1502376781 281730
1502376781 348428
1502376781 415440
1502376781 482342
1502376781 539770
1502376781 597851
1502376781 655081
1502376781 712242
1502376781 770223
1502376781 827469
1502376781 885523
1502376781 942679
1502376782 4820
