1502377743 3837
1502377743 358215
1502377743 425269
1502377743 491460
1502377743 558734
1502377744 336894
1502377747 846738
1502377748 51000
1502377748 115274
1502377748 546030
1502377748 604064
1502377748 661239
1502377751 147077
1502377751 347485
1502377751 980052
1502377752 758051
1502377752 835106
1502377753 610048
1502377753 677406
1502377754 42247
1502377754 109259
1502377754 183507
1502377754 758292
1502377754 815261
1502377754 872832
1502377754 930870
1502377754 990349
1502377755 54866
1502377757 406254
1502377758 193885
1502377758 269420
1502377758 338468
1502377758 405577
1502377758 463258
1502377758 530621
1502377758 587565
1502377758 644968
1502377758 706235
1502377758 769417
1502377758 827762
1502377758 886336
1502377758 952353
