1502374748 703021
1502374749 95032
1502374749 325293
1502374749 403382
1502374749 492685
1502374749 593537
1502374749 720728
1502374751 706281
1502374751 785965
1502374751 995108
1502374753 204636
1502374753 917078
1502374754 933478
1502374755 9605
1502374755 88496
1502374755 507733
1502374756 221244
1502374756 294929
1502374756 371825
1502374756 458338
1502374757 83301
1502374757 159263
1502374757 235970
1502374757 313595
1502374757 672920
1502374758 103805
1502374759 356396
1502374759 713698
1502374759 788803
1502374759 866040
1502374759 943403
1502374760 517821
1502374760 598254
1502374761 219394
1502374761 295344
1502374761 439768
1502374761 517935
1502374761 861379
1502374761 938183
1502374762 44063
1502374762 120524
1502374762 274764
1502374762 409260
1502374762 480835
1502374762 938563
1502374763 101332
1502374764 31862
1502374764 435430
1502374764 619877
1502374764 708575
