1502290521 779784
1502290522 77430
1502290522 182653
1502290522 326948
1502290522 499355
1502290522 700903
1502290522 864256
1502290522 950420
1502290523 123730
1502290523 335274
1502290523 497676
1502290523 632025
1502290523 824313
1502290523 968830
1502290524 63890
1502290524 218172
1502290524 409667
1502290524 505864
1502290524 726472
1502290524 937844
1502290525 139383
1502290525 340771
1502290525 495105
1502290525 686611
1502290525 869172
1502290526 99522
1502290526 291834
1502290526 435346
1502290526 637700
1502290526 732925
1502290526 819212
1502290527 11572
1502290527 126868
1502290527 386352
1502290527 548741
1502290527 741112
1502290527 885427
1502290528 96063
1502290528 336508
1502290528 480746
1502290528 672195
1502290528 797508
1502290528 950848
1502290529 190553
1502290529 401880
1502290529 594229
1502290529 852939
1502290530 112584
1502290530 342950
1502290530 525362
1502290530 620645
1502290530 861094
1502290531 120699
1502290531 389309
1502290531 475527
1502290531 686990
1502290531 897613
1502290532 167073
1502290532 253288
1502290532 377573
1502290532 463917
1502290532 656175
1502290532 790500
1502290533 21066
1502290533 232465
1502290533 375749
1502290533 587677
1502290533 683728
1502290533 770101
1502290533 904428
1502290533 990519
1502290534 86708
1502290534 279051
