1502376250 683807
1502376250 751893
1502376251 125838
1502376251 365267
1502376254 64453
1502376254 562439
1502376255 23435
1502376255 332870
1502376255 407322
1502376255 925681
1502376256 3456
1502376256 454104
1502376257 58997
1502376257 927609
1502376258 661846
1502376258 921330
1502376258 998479
1502376259 112862
1502376259 611800
1502376260 44153
1502376260 230585
1502376260 475868
1502376260 687312
1502376261 176306
1502376261 339726
1502376261 964756
1502376262 444210
1502376262 520801
1502376262 588767
1502376262 654990
1502376262 722966
1502376262 924462
1502376263 58828
1502376263 126058
1502376263 194923
1502376263 260220
1502376263 711344
1502376264 270190
1502376264 338283
1502376264 892078
1502376265 247503
1502376265 315339
1502376265 631716
1502376265 881190
1502376265 951383
1502376266 169902
1502376266 237896
1502376266 310463
1502376267 258442
