1501766616 452998
1501766616 711397
1501766616 874890
1501766617 47377
1501766617 258893
1501766617 355012
1501766617 537334
1501766617 747491
1501766617 872727
1501766618 45587
1501766618 237943
1501766618 468573
1501766618 650861
1501766618 736890
1501766618 842127
1501766618 967387
1501766619 120902
1501766619 255258
1501766619 408335
1501766619 543020
1501766619 686444
1501766619 907149
1501766620 137540
1501766620 223700
1501766620 425113
1501766620 616977
1501766620 702883
1501766620 818044
1501766620 952322
1501766621 125570
1501766621 259966
1501766621 509615
1501766621 682077
1501766621 797541
1501766621 883445
1501766621 998836
1501766622 200479
1501766622 382612
1501766622 632418
1501766622 766525
1501766622 967903
1501766623 197125
1501766623 379454
1501766623 475728
1501766623 639265
1501766623 744376
1501766623 888536
1501766624 23164
1501766624 167527
1501766624 407556
1501766624 618684
1501766624 848445
1501766624 963477
1501766625 203061
1501766625 309366
1501766625 491686
1501766625 731417
1501766625 874685
1501766626 8882
1501766626 239552
1501766626 508014
1501766626 614406
1501766626 700412
1501766626 872877
1501766627 45303
1501766627 266927
1501766627 516099
1501766627 764582
1501766627 966445
1501766628 148344
1501766628 263851
1501766628 475581
1501766628 648485
1501766628 907429
1501766629 32729
1501766629 147890
1501766629 416710
1501766629 685387
1501766629 896109
1501766630 69094
1501766630 260913
1501766630 529578
1501766630 701532
1501766630 923115
1501766631 162884
1501766631 430793
1501766631 594351
1501766631 747907
1501766631 854070
1501766632 7473
1501766632 123068
1501766632 237970
1501766632 410373
1501766632 630630
1501766632 832397
1501766633 62166
1501766633 197220
1501766633 321696
1501766633 523138
1501766633 753572
1501766633 877875
1501766634 21276
1501766634 270911
1501766634 491461
1501766634 635904
1501766634 894380
1501766635 38678
1501766635 210957
1501766635 336290
1501766635 508784
1501766635 777433
1501766635 997898
1501766636 237542
1501766636 333776
1501766636 602277
1501766636 794628
1501766636 967145
1501766637 91323
1501766637 264850
1501766637 475292
1501766637 686849
1501766637 812214
1501766638 3402
1501766638 156862
1501766638 339194
1501766638 483567
1501766638 637108
1501766638 800209
1501766639 39858
1501766639 135975
1501766639 327571
1501766639 500030
1501766639 606037
1501766639 845764
1501766639 999993
1501766640 201392
1501766640 287454
1501766640 479029
1501766640 700757
1501766640 883044
1501766641 84618
1501766641 227949
1501766641 353192
1501766641 477388
1501766641 736189
1501766641 841255
1501766641 995531
1501766642 138872
1501766642 340547
1501766642 609166
1501766642 705277
1501766642 935927
1501766643 70115
1501766643 213539
1501766643 482855
1501766643 722872
1501766643 837099
1501766643 990429
1501766644 76531
1501766644 200952
1501766644 470321
1501766644 604702
1501766644 806144
1501766644 940301
1501766645 64671
1501766645 151040
1501766645 294323
1501766645 564207
1501766645 726437
1501766645 898744
1501766646 139357
1501766646 225547
1501766646 465154
1501766646 733857
1501766646 858959
1501766647 88591
1501766647 212833
1501766647 482444
1501766647 673866
1501766647 923521
1501766648 67632
1501766648 240164
1501766648 345500
1501766648 479530
1501766648 710151
1501766648 968889
1501766649 227606
1501766649 486964
1501766649 650373
1501766649 871225
1501766649 957092
1501766650 53181
1501766650 149649
1501766650 418145
1501766650 523544
1501766650 695692
1501766650 945547
1501766651 98904
1501766651 338575
1501766651 443713
1501766651 693341
1501766651 961886
1501766652 48272
1501766652 230458
1501766652 431885
1501766652 633501
1501766652 815734
1501766653 18147
1501766653 104689
1501766653 228746
1501766653 343928
1501766653 498277
1501766653 670728
1501766653 930095
1501766654 92608
1501766654 323092
1501766654 495526
1501766654 715946
1501766654 869534
1501766654 974795
1501766655 109071
1501766655 263288
1501766655 387603
1501766655 618256
1501766655 867829
1501766656 31155
1501766656 155465
1501766656 289731
1501766656 491116
1501766656 634670
1501766656 798047
1501766656 913161
1501766657 76491
1501766657 268196
1501766657 459502
1501766657 719188
1501766657 843470
1501766657 987583
1501766658 122053
1501766658 342634
1501766658 543962
1501766658 755540
1501766659 52966
1501766659 311769
1501766659 504207
1501766659 724608
1501766659 849010
1501766660 41196
1501766660 261891
1501766660 358067
1501766660 454130
1501766660 559387
1501766660 712893
1501766660 914309
1501766661 87557
1501766661 318062
1501766661 471420
1501766661 577177
1501766661 788128
1501766661 931653
1501766662 124152
1501766662 344644
1501766662 565115
1501766662 757428
1501766662 862807
1501766663 83220
1501766663 207618
1501766663 293755
1501766663 562462
1501766663 658659
1501766663 860097
1501766663 965557
1501766664 206018
1501766664 291994
1501766664 464777
1501766664 676156
1501766664 790344
1501766665 59707
1501766665 184304
1501766665 280290
1501766665 549020
1501766665 798538
1501766665 923814
1501766666 115327
1501766666 240458
1501766666 441980
1501766666 566299
1501766666 672444
1501766666 767686
1501766666 853881
1501766667 103530
1501766667 372361
1501766667 496692
1501766667 592554
1501766667 707820
1501766667 861200
1501766668 14637
1501766668 110786
1501766668 293223
1501766668 513654
1501766668 696201
1501766668 830462
1501766668 954985
1501766669 70252
1501766669 195459
1501766669 290577
1501766669 376720
1501766669 482868
1501766669 607137
1501766669 761506
1501766669 885875
1501766670 39412
1501766670 154547
1501766670 327095
1501766670 499492
1501766670 729904
1501766670 835215
1501766670 960332
1501766671 170894
1501766671 410687
1501766671 506763
1501766671 775429
1501766672 25120
1501766672 265399
1501766672 486252
1501766672 610265
1501766672 724468
1501766672 810753
1501766672 993136
1501766673 117584
1501766673 319281
1501766673 578845
1501766673 828285
1501766673 962389
1501766674 58560
1501766674 298348
1501766674 499834
1501766674 681971
1501766674 787345
1501766674 893763
1501766675 8792
1501766675 152372
1501766675 306655
1501766675 421527
1501766675 709382
1501766675 833572
1501766675 958539
1501766676 102164
1501766676 188571
1501766676 389961
1501766676 534540
1501766676 668625
1501766676 821971
1501766676 956133
1501766677 147886
1501766677 388266
1501766677 570661
1501766677 753039
1501766677 964604
1501766678 214211
1501766678 433638
1501766678 664229
1501766678 922934
1501766679 153310
1501766679 287763
1501766679 527332
1501766679 757642
1501766680 26353
1501766680 209031
1501766680 294907
1501766680 410635
1501766680 630969
1501766680 784270
1501766680 947515
1501766681 197118
1501766681 446732
1501766681 542693
1501766681 677001
1501766681 926661
1501766682 128275
1501766682 329531
1501766682 531286
1501766682 627151
1501766682 742453
1501766682 992249
1501766683 126302
1501766683 308792
1501766683 414109
1501766683 606400
1501766683 779455
1501766683 894044
1501766684 57472
1501766684 210941
1501766684 297037
1501766684 498613
1501766684 584706
1501766684 739168
1501766684 988591
1501766685 247796
1501766685 381591
1501766685 631228
1501766685 822766
1501766685 937728
1501766686 62420
1501766686 244700
1501766686 330764
1501766686 485126
1501766686 724783
1501766686 993325
1501766687 146615
1501766687 272364
1501766687 425356
1501766687 578523
1501766687 837706
1501766688 10564
1501766688 173963
1501766688 375221
1501766688 461678
1501766688 663034
1501766688 931867
1501766689 56953
1501766689 229436
1501766689 459799
1501766689 728600
1501766689 969187
1501766690 170687
1501766690 342950
1501766690 429340
1501766690 535205
1501766690 736658
1501766691 5368
1501766691 139639
1501766691 312056
1501766691 533573
1501766691 773082
1501766691 955545
1501766692 147898
1501766692 301280
1501766692 464529
1501766692 665920
1501766692 752324
1501766692 963764
1501766693 117036
1501766693 376631
1501766693 606346
1501766693 712543
1501766693 808519
1501766694 67563
1501766694 231020
1501766694 490184
1501766694 672558
1501766694 787887
1501766694 912061
1501766695 65738
1501766695 305194
1501766695 400320
1501766695 544704
1501766695 727050
1501766695 832132
1501766695 937406
1501766696 51794
1501766696 273233
1501766696 416831
1501766696 686362
1501766696 955141
1501766697 137308
1501766697 223487
1501766697 328695
1501766697 550309
1501766697 713796
1501766697 837968
1501766698 106667
1501766698 327184
1501766698 433312
1501766698 624867
1501766698 845502
1501766698 980516
1501766699 210198
1501766699 354472
1501766699 450725
1501766699 555752
1501766699 757238
1501766699 948719
1501766700 188346
1501766700 380634
1501766700 582422
1501766700 735542
1501766700 840776
1501766701 42496
1501766701 263751
1501766701 388067
1501766701 541386
1501766701 801044
1501766701 954278
1501766702 126964
1501766702 251966
1501766702 405513
1501766702 558929
1501766702 751289
1501766702 885454
1501766703 154145
1501766703 250344
1501766703 489960
1501766703 634091
1501766703 883737
1501766704 124219
1501766704 238670
1501766704 497247
1501766704 689543
1501766704 861993
1501766705 15250
1501766705 284790
1501766705 428271
1501766705 667764
1501766705 850274
1501766706 13657
1501766706 99850
1501766706 301377
1501766706 454790
1501766706 550747
1501766706 637152
1501766706 829823
1501766706 982990
1501766707 79011
1501766707 261443
1501766707 492165
1501766707 664557
1501766707 894849
1501766707 980884
1501766708 173460
1501766708 268733
1501766708 403957
1501766708 633855
1501766708 787816
1501766708 989324
1501766709 123534
1501766709 287168
1501766709 545760
1501766709 719079
1501766709 977628
1501766710 131034
1501766710 371674
1501766710 621266
1501766710 774604
1501766710 899640
1501766710 994832
1501766711 216204
1501766711 311499
1501766711 407827
1501766711 561217
1501766711 733767
1501766711 867948
1501766712 79262
1501766712 232718
1501766712 337917
1501766712 510506
1501766712 654692
1501766712 923366
1501766713 182863
1501766713 422477
1501766713 614919
1501766713 787344
1501766713 921643
1501766714 113159
1501766714 247427
1501766714 372532
1501766714 603290
1501766714 698472
1501766714 871724
1501766715 6115
1501766715 121249
1501766715 322709
1501766715 447167
1501766715 572485
1501766715 812022
1501766716 13230
1501766716 167771
1501766716 378172
1501766716 627833
1501766716 801127
1501766716 925433
1501766717 78900
1501766717 252290
1501766717 396508
1501766717 607206
1501766717 780392
1501766718 48902
1501766718 145051
1501766718 346881
1501766718 596208
1501766718 701265
1501766718 903006
1501766719 47365
1501766719 248567
1501766719 401925
1501766719 546375
1501766719 718649
1501766719 930141
1501766720 25420
1501766720 265262
1501766720 486843
1501766720 650052
1501766720 879532
1501766721 23746
1501766721 244286
1501766721 436677
1501766721 561049
1501766721 772397
1501766721 868665
1501766721 963857
1501766722 194444
1501766722 443884
1501766722 683670
1501766722 808743
1501766723 58569
1501766723 182912
1501766723 356116
1501766723 480198
1501766723 700958
1501766723 816074
1501766724 17654
1501766724 162248
1501766724 267118
1501766724 506745
1501766724 699551
1501766724 833282
1501766725 64010
1501766725 275273
1501766725 428892
1501766725 562982
1501766725 659151
1501766725 850757
1501766725 995103
1501766726 120255
1501766726 378951
1501766726 552439
1501766726 743946
1501766726 916990
1501766727 156748
1501766727 387230
1501766727 559491
1501766727 790301
1501766727 876303
1501766728 29670
1501766728 240997
1501766728 394736
1501766728 577003
1501766728 826492
1501766729 86015
1501766729 325478
1501766729 449999
1501766729 613790
1501766729 795608
1501766730 7048
1501766730 141429
1501766730 410123
1501766730 678787
1501766730 812883
1501766731 71641
1501766731 264103
1501766731 389283
1501766731 475419
1501766731 580828
1501766731 773210
1501766731 888486
1501766732 99259
1501766732 262398
1501766732 415911
1501766732 531160
1501766732 675217
1501766732 915747
1501766733 107134
1501766733 279626
1501766733 442875
1501766733 548102
1501766733 673391
1501766733 865096
1501766733 971002
1501766734 47181
1501766734 229606
1501766734 393098
1501766734 584656
1501766734 805972
1501766734 901308
1501766734 987407
1501766735 209108
1501766735 400236
1501766735 650117
1501766735 842346
1501766736 52939
1501766736 226418
1501766736 389583
1501766736 581131
1501766736 667416
1501766736 792565
1501766736 926992
1501766737 156461
1501766737 377160
1501766737 502256
1501766737 665565
1501766737 828930
1501766737 934041
1501766738 11265
1501766738 173696
1501766738 298836
1501766738 471574
1501766738 653743
1501766738 749081
1501766738 941596
1501766739 65912
1501766739 229276
1501766739 440547
1501766739 593981
1501766739 718300
1501766739 843600
1501766740 55079
1501766740 160253
1501766740 323556
1501766740 592311
1501766740 784719
1501766741 15190
1501766741 244773
1501766741 504606
1501766741 667507
1501766741 821098
1501766742 32559
1501766742 147794
1501766742 359143
1501766742 483737
1501766742 724094
1501766742 809248
1501766743 10779
1501766743 241328
1501766743 462733
1501766743 692321
1501766743 951917
1501766744 57174
1501766744 287686
1501766744 518277
1501766744 767710
1501766744 863045
1501766745 45452
1501766745 150609
1501766745 381049
1501766745 649737
1501766745 880288
1501766746 62935
1501766746 226227
1501766746 379464
1501766746 561833
1501766746 696134
1501766746 821356
1501766746 974712
1501766747 70917
1501766747 176201
1501766747 320398
1501766747 425818
1501766747 675347
1501766747 780661
1501766748 40150
1501766748 203653
1501766748 423960
1501766748 644867
1501766748 904223
1501766749 86581
1501766749 355149
1501766749 451214
1501766749 604795
1501766749 768009
1501766749 979653
1501766750 74856
1501766750 334335
1501766750 526672
1501766750 709077
1501766750 833432
1501766750 957881
1501766751 226570
1501766751 495015
1501766751 687398
1501766751 821723
1501766752 23070
1501766752 234918
1501766752 378280
1501766752 503295
1501766752 637434
1501766752 829963
1501766752 916026
1501766753 146825
1501766753 405379
1501766753 654827
1501766753 799174
1501766754 38779
1501766754 134905
1501766754 317355
1501766754 451660
1501766754 615084
1501766754 864671
1501766755 66187
1501766755 306570
1501766755 401706
1501766755 507358
1501766755 737727
1501766755 997190
1501766756 160386
1501766756 400077
1501766756 611511
1501766756 871052
1501766756 957196
1501766757 206851
1501766757 303168
1501766757 418326
1501766757 628715
1501766757 724884
1501766757 907251
1501766757 993922
1501766758 98806
1501766758 281466
1501766758 377448
1501766758 540764
1501766758 742252
1501766758 943870
1501766759 145257
1501766759 269602
1501766759 385318
1501766759 558484
1501766759 778756
1501766759 999257
1501766760 104403
1501766760 325869
1501766760 594620
1501766760 680676
1501766760 930441
1501766761 122753
1501766761 353248
1501766761 496581
1501766761 736166
1501766761 957840
1501766762 216340
1501766762 417834
1501766762 562108
1501766762 735529
1501766762 840483
1501766763 22977
1501766763 147257
1501766763 319722
1501766763 483241
1501766763 713742
1501766763 944191
1501766764 116504
1501766764 289985
1501766764 558599
1501766764 808160
1501766765 28674
1501766765 269101
1501766765 355322
1501766765 566834
1501766765 691040
1501766765 873468
1501766766 7728
1501766766 94207
1501766766 276447
1501766766 410870
1501766766 555020
1501766766 765831
1501766766 871908
1501766767 140363
1501766767 400294
1501766767 572494
1501766767 822093
1501766767 985265
1501766768 90316
1501766768 263703
1501766768 436560
1501766768 657096
1501766768 916384
1501766769 108809
1501766769 291140
1501766769 425468
1501766769 530736
1501766769 713252
1501766769 847742
1501766770 48829
1501766770 231377
1501766770 480890
1501766770 615429
1501766770 749550
1501766770 902957
1501766771 162650
1501766771 392903
1501766771 488987
1501766771 727792
1501766771 987293
1501766772 227048
1501766772 314035
1501766772 438598
1501766772 563547
1501766772 755156
1501766772 947493
1501766773 52955
1501766773 302432
1501766773 551920
1501766773 753414
1501766773 926723
1501766774 60942
1501766774 310607
1501766774 541084
1501766774 723368
1501766774 809631
1501766775 40292
1501766775 298963
1501766775 568690
1501766775 799019
1501766775 942465
1501766776 28574
1501766776 288073
1501766776 422576
1501766776 681877
1501766776 816121
1501766777 74913
1501766777 344592
1501766777 564890
1501766777 776573
1501766778 45101
1501766778 160215
1501766778 284425
1501766778 390845
1501766778 525061
1501766778 640483
1501766778 764548
1501766778 966183
1501766779 234727
1501766779 417111
1501766779 551444
1501766779 762826
1501766779 916219
1501766780 165796
1501766780 271018
1501766780 415331
1501766780 530606
1501766780 674807
1501766780 904489
1501766780 991582
1501766781 77760
1501766781 183162
1501766781 413780
1501766781 547912
1501766781 721190
1501766781 941812
1501766782 105206
1501766782 210412
1501766782 299974
1501766782 449939
1501766782 565111
1501766782 680442
1501766782 862802
1501766783 16082
1501766783 256854
1501766783 506281
1501766783 688700
1501766783 938386
1501766784 62573
1501766784 177717
1501766784 303228
1501766784 456590
1501766784 552598
1501766784 657995
1501766784 926485
1501766785 32597
1501766785 234134
1501766785 444818
1501766785 569885
1501766785 790519
1501766785 915798
1501766786 126369
1501766786 385716
1501766786 626436
1501766786 894911
1501766787 191
1501766787 240714
1501766787 412205
1501766787 681841
1501766787 902153
1501766788 152051
1501766788 286068
1501766788 535774
1501766788 641006
1501766788 910573
1501766789 150270
1501766789 265323
1501766789 351478
1501766789 553078
1501766789 706426
1501766789 840600
1501766790 51971
1501766790 234459
1501766790 407983
1501766790 542185
1501766790 724588
1501766790 878173
1501766791 79563
1501766791 251846
1501766791 444197
1501766791 693747
1501766791 962512
1501766792 182903
1501766792 452575
1501766792 635016
1501766792 884531
1501766793 8789
1501766793 220249
1501766793 344555
1501766793 556062
1501766793 642190
1501766793 901678
1501766794 132199
1501766794 314731
1501766794 459098
1501766794 708873
1501766794 928983
1501766795 178509
1501766795 302851
1501766795 485292
1501766795 716069
1501766795 927468
1501766796 128814
1501766796 397375
1501766796 637932
1501766796 771499
1501766796 944661
1501766797 213153
1501766797 433729
1501766797 597409
1501766797 798514
1501766797 903670
1501766798 124443
1501766798 345808
1501766798 566452
1501766798 700754
1501766798 893034
1501766799 151810
1501766799 392292
1501766799 507342
1501766799 688909
1501766799 862349
1501766799 957669
1501766800 169007
1501766800 284142
1501766800 409493
1501766800 629985
1501766800 821294
1501766801 81023
1501766801 253494
1501766801 349533
1501766801 570211
1501766801 685299
1501766801 858989
1501766801 993108
1501766802 261673
1501766802 414947
1501766802 578538
1501766802 798858
1501766803 67674
1501766803 249994
1501766803 394262
1501766803 509644
1501766803 769204
1501766803 979649
1501766804 201082
1501766804 344385
1501766804 565954
1501766804 719200
1501766804 872537
1501766804 978876
1501766805 54870
1501766805 247399
1501766805 457849
1501766805 573070
1501766805 727385
1501766805 928821
1501766806 187849
1501766806 389190
1501766806 485140
1501766806 744920
1501766806 993510
1501766807 243027
1501766807 387308
1501766807 530637
1501766807 646072
1501766807 733181
1501766808 1598
1501766808 174165
1501766808 385436
1501766808 644283
1501766808 826742
1501766808 989995
1501766809 182307
1501766809 431878
1501766809 623425
1501766809 853960
1501766810 113550
1501766810 199600
1501766810 459474
1501766810 708747
1501766810 795056
1501766811 54437
1501766811 140580
1501766811 371107
1501766811 553638
1501766811 735933
1501766811 918431
1501766812 4556
1501766812 158044
1501766812 244121
1501766812 512859
1501766812 781580
1501766812 954040
1501766813 165267
1501766813 396151
1501766813 501180
1501766813 607350
1501766813 769864
1501766813 875807
1501766814 106842
1501766814 307802
1501766814 566692
1501766814 701848
1501766814 960462
1501766815 75588
1501766815 161915
1501766815 247897
1501766815 411452
1501766815 642109
1501766815 824266
1501766816 35823
1501766816 179993
1501766816 409751
1501766816 592151
1501766816 842812
1501766817 72172
1501766817 187432
1501766817 312627
1501766817 562349
1501766817 725735
1501766817 840755
1501766817 946218
1501766818 214646
1501766818 339143
1501766818 444318
1501766818 712904
1501766818 895367
1501766819 115875
1501766819 289133
1501766819 500689
1501766819 663334
1501766819 932761
1501766820 57125
1501766820 182169
1501766820 402938
1501766820 642342
1501766820 748422
1501766820 978992
1501766821 228538
1501766821 362918
1501766821 487115
1501766821 755880
1501766821 948099
1501766822 216830
1501766822 447273
1501766822 648843
1501766822 917364
1501766823 128793
1501766823 234160
1501766823 330215
1501766823 560948
1501766823 695058
1501766823 829383
1501766824 98231
1501766824 289510
1501766824 453159
1501766824 664320
1501766824 836853
1501766825 406
1501766825 182473
1501766825 354971
1501766825 557227
1501766825 643401
1501766825 912144
1501766826 181065
1501766826 363274
1501766826 584568
1501766826 834328
1501766826 987839
1501766827 227325
1501766827 428656
1501766827 592071
1501766827 841554
1501766828 101187
1501766828 331696
1501766828 447124
1501766828 638363
1501766828 839790
1501766829 109370
1501766829 233567
1501766829 435080
1501766829 541209
1501766829 713969
1501766829 838953
1501766830 97467
1501766830 183740
1501766830 318913
1501766830 577762
1501766830 779150
1501766830 875424
1501766831 28680
1501766831 288292
1501766831 556691
1501766831 701139
1501766831 892831
1501766831 997873
1501766832 267366
1501766832 401650
1501766832 555204
1501766832 756872
1501766832 852825
1501766832 967929
1501766833 92422
1501766833 188397
1501766833 312804
1501766833 553406
1501766833 658714
1501766833 745041
1501766834 14292
1501766834 225183
1501766834 484487
1501766834 666880
1501766834 752942
1501766835 2581
1501766835 127793
1501766835 223388
1501766835 357343
1501766835 510907
1501766835 607076
1501766835 856609
1501766836 1204
1501766836 115246
1501766836 268497
1501766836 402881
1501766836 605465
1501766836 739707
1501766836 834863
1501766836 989242
1501766837 228724
1501766837 382267
1501766837 555307
1501766837 795052
1501766837 910279
1501766838 159756
1501766838 285249
1501766838 553987
1501766838 669049
1501766838 774130
1501766838 899397
1501766838 985632
1501766839 177289
1501766839 398574
1501766839 600198
1501766839 763298
1501766839 849580
1501766840 109257
1501766840 224386
1501766840 492953
1501766840 627281
1501766840 847848
1501766841 11246
1501766841 135540
1501766841 231651
1501766841 357084
1501766841 548459
1501766841 682608
1501766841 961287
1501766842 124731
1501766842 317448
1501766842 451563
1501766842 556565
1501766842 720009
1501766842 998626
1501766843 248226
1501766843 410834
1501766843 603053
1501766843 842676
1501766844 6041
1501766844 236547
1501766844 351985
1501766844 495002
1501766844 639420
1501766844 879895
1501766845 90434
1501766845 263726
1501766845 513255
1501766845 676811
1501766845 801007
1501766845 926269
1501766846 166038
1501766846 338483
1501766846 530698
1501766846 723276
1501766846 905488
1501766847 174300
1501766847 356536
1501766847 548255
1501766847 673199
1501766847 864670
1501766848 66957
1501766848 239649
1501766848 412214
1501766848 508048
1501766848 681614
1501766848 950264
1501766849 218768
1501766849 324098
1501766849 430205
1501766849 516349
1501766849 640494
1501766849 900394
1501766850 139777
1501766850 361131
1501766850 629846
1501766850 802651
1501766850 889491
1501766851 81116
1501766851 254152
1501766851 340252
1501766851 512899
1501766851 609830
1501766851 810630
1501766851 934756
1501766852 22007
1501766852 213528
1501766852 424926
1501766852 520997
1501766852 626501
1501766852 741479
1501766852 894945
1501766852 981225
1501766853 250730
1501766853 519477
1501766853 653887
1501766853 874473
1501766854 133897
1501766854 335174
1501766854 536638
1501766854 632779
1501766854 834475
1501766854 920558
1501766855 6845
1501766855 276310
1501766855 381480
1501766855 515767
1501766855 784611
1501766855 957814
1501766856 82202
1501766856 168282
1501766856 331569
1501766856 465901
1501766856 562231
1501766856 753802
1501766857 13439
1501766857 233797
1501766857 464208
1501766857 703779
1501766857 809885
1501766857 906143
1501766858 126944
1501766858 251004
1501766858 347192
1501766858 520614
1501766858 789025
1501766858 885457
1501766859 135179
1501766859 259518
1501766859 432606
1501766859 633996
1501766859 806539
1501766860 7931
1501766860 257536
1501766860 420949
1501766860 631474
1501766860 756628
1501766860 919129
1501766861 111637
1501766861 274036
1501766861 370256
1501766861 590849
1501766861 763925
1501766862 13972
1501766862 225032
1501766862 349243
1501766862 609053
1501766862 791465
1501766862 992855
1501766863 232261
1501766863 405656
1501766863 491848
1501766863 616249
1501766863 885744
1501766864 58184
1501766864 211728
1501766864 481210
1501766864 624724
1501766864 865116
1501766864 960364
1501766865 190974
1501766865 431699
1501766865 594395
1501766865 756806
1501766865 862076
1501766865 977502
1501766866 111873
1501766866 342461
1501766866 447565
1501766866 543726
1501766866 793400
1501766866 937647
1501766867 139222
1501766867 254470
1501766867 494835
1501766867 715494
1501766867 945937
1501766868 99620
1501766868 271784
1501766868 444982
1501766868 579516
1501766868 713584
1501766868 953342
1501766869 174595
1501766869 366469
1501766869 587562
1501766869 827210
1501766869 913361
1501766870 134924
1501766870 403498
1501766870 508727
1501766870 701111
1501766870 911784
1501766870 997838
1501766871 142350
1501766871 304637
1501766871 438960
1501766871 583086
1501766871 688403
1501766871 889910
1501766871 996183
1501766872 139516
1501766872 283939
1501766872 409175
1501766872 514303
1501766872 724882
1501766872 974385
1501766873 175973
1501766873 349205
1501766873 579989
1501766873 848363
1501766874 49940
1501766874 242279
1501766874 385429
1501766874 587078
1501766874 847052
1501766875 39
1501766875 249464
1501766875 374752
1501766875 595324
1501766875 768023
1501766875 989199
1501766876 209627
1501766876 478198
1501766876 574435
1501766876 824206
1501766876 968359
1501766877 150868
1501766877 236900
1501766877 323182
1501766877 476501
1501766877 582752
1501766877 726222
1501766877 869469
1501766878 81018
1501766878 349639
1501766878 454796
1501766878 705442
1501766878 906702
1501766879 12177
1501766879 117260
1501766879 357796
1501766879 502017
1501766879 684420
1501766879 837896
1501766880 20217
1501766880 163807
1501766880 288702
1501766880 528615
1501766880 634763
1501766880 855134
1501766880 999710
1501766881 142998
1501766881 268047
1501766881 431414
1501766881 651954
1501766881 892526
1501766882 45941
1501766882 160234
1501766882 419698
1501766882 524892
1501766882 679280
1501766882 861626
1501766883 34232
1501766883 274042
1501766883 369860
1501766883 543275
1501766883 725776
1501766883 850227
1501766883 975276
1501766884 195807
1501766884 397173
1501766884 502372
1501766884 752847
1501766884 935463
1501766885 126774
1501766885 319122
1501766885 587792
1501766885 827445
1501766885 923721
1501766886 77202
1501766886 317501
1501766886 527862
1501766886 768469
1501766886 940842
1501766887 133321
1501766887 334730
1501766887 488045
1501766887 660515
1501766887 785705
1501766887 881914
1501766888 121892
1501766888 265868
1501766888 438311
1501766888 582752
1501766888 678811
1501766888 880208
1501766889 148838
1501766889 302150
1501766889 436402
1501766889 523595
1501766889 628824
1501766889 878510
1501766890 79959
1501766890 176236
1501766890 329443
1501766890 551120
1501766890 723487
1501766890 895809
1501766891 50108
1501766891 222543
1501766891 462989
1501766891 644446
1501766891 875084
1501766892 19343
1501766892 115508
1501766892 364987
1501766892 489530
1501766892 739013
1501766893 8519
1501766893 200216
1501766893 315123
1501766893 583814
1501766893 669873
1501766893 804303
1501766893 967673
1501766894 140234
1501766894 284443
1501766894 524910
1501766894 745908
1501766894 889557
1501766895 148433
1501766895 244625
1501766895 446059
1501766895 705439
1501766895 926229
1501766896 108401
1501766896 329005
1501766896 597770
1501766896 713048
1501766896 972480
1501766897 193133
1501766897 442577
1501766897 586921
1501766897 788472
1501766898 56906
1501766898 229402
1501766898 498883
1501766898 661305
1501766898 805623
1501766898 939901
1501766899 189520
1501766899 390903
1501766899 640432
1501766899 871010
1501766899 996290
1501766900 120494
1501766900 274911
1501766900 457277
1501766900 706918
1501766900 850141
1501766901 4302
1501766901 206089
1501766901 301061
1501766901 550662
1501766901 801372
1501766901 954877
1501766902 175185
1501766902 415785
1501766902 559297
1501766902 645148
1501766902 847641
1501766903 87252
1501766903 240709
1501766903 452142
1501766903 644419
1501766903 797636
1501766903 989303
1501766904 162598
1501766904 316009
1501766904 460184
1501766904 729265
1501766904 968640
1501766905 94002
1501766905 189871
1501766905 333351
1501766905 544595
1501766905 669909
1501766905 756033
1501766905 852132
1501766906 53842
1501766906 265167
1501766906 504801
1501766906 629094
1501766906 783470
1501766906 945780
1501766907 99466
1501766907 224294
1501766907 358729
1501766907 608527
1501766907 857955
1501766908 78564
1501766908 318975
1501766908 415158
1501766908 606724
1501766908 779904
1501766909 29709
1501766909 124884
1501766909 279263
1501766909 413376
1501766909 537679
1501766909 759050
1501766909 912573
1501766909 998757
1501766910 103957
1501766910 219685
1501766910 315375
1501766910 584193
1501766910 776396
1501766910 862769
1501766911 35217
1501766911 285453
1501766911 409872
1501766911 573102
1501766911 822846
1501766912 14407
1501766912 158581
1501766912 292974
1501766912 533398
1501766912 724916
1501766912 811177
1501766912 965417
1501766913 89626
1501766913 252139
1501766913 492694
1501766913 578992
1501766913 838469
1501766913 981797
1501766914 184192
