1502193671 55554
1502193671 193316
1502193671 363268
1502193671 589582
1502193671 823312
1502193671 942717
1502193672 99764
1502193672 295346
1502193672 544737
1502193672 758313
1502193672 969716
1502193673 67148
1502193673 252284
1502193673 362760
1502193673 465960
1502193673 608161
1502193673 766568
1502193674 31919
1502193674 252569
1502193674 419089
1502193674 612377
1502193674 761909
1502193674 898102
1502193675 20517
1502193675 229063
1502193675 467550
1502193675 562944
1502193675 730049
1502193675 915375
1502193676 152044
1502193676 337423
1502193676 519640
1502193676 606428
1502193676 842577
1502193677 102943
1502193677 366546
1502193677 577042
1502193677 746437
1502193677 913372
1502193678 124364
1502193678 245673
1502193678 484129
1502193678 672549
1502193678 936878
1502193679 79651
1502193679 316238
1502193679 484362
1502193679 740863
1502193679 930296
1502193680 140699
1502193680 279313
1502193680 371584
1502193680 533793
1502193680 727267
1502193680 859600
1502193680 987904
1502193681 220301
1502193681 466676
1502193681 592307
1502193681 668551
1502193681 811727
1502193682 45453
1502193682 293965
1502193682 453542
1502193682 544743
1502193682 696819
1502193682 869165
1502193683 95628
1502193683 362013
1502193683 582524
1502193683 719933
1502193683 926702
1502193684 139921
1502193684 312224
1502193684 407604
1502193684 532873
1502193684 688212
1502193684 955561
1502193685 128166
1502193685 211450
1502193685 449869
1502193685 672055
1502193685 874656
1502193686 46079
1502193686 296758
1502193686 396022
1502193686 598295
1502193686 847889
1502193687 91565
1502193687 235007
1502193687 391340
1502193687 532677
