1500398719 68190
1500398719 250175
1500398719 422762
1500398719 586042
1500398719 730409
1500398719 883684
1500398720 27972
1500398720 191150
1500398720 344706
1500398720 517032
1500398720 680394
1500398720 834001
1500398720 988091
1500398721 160560
1500398721 342985
1500398721 525421
1500398721 717683
1500398721 861129
1500398722 34330
1500398722 225878
1500398722 370105
1500398722 534092
1500398722 696934
1500398722 869528
1500398723 42678
1500398723 214822
1500398723 368249
1500398723 550900
1500398723 714013
1500398723 858501
1500398724 50101
1500398724 223514
1500398724 376476
1500398724 548958
1500398724 693239
1500398724 856799
1500398725 9895
1500398725 192370
1500398725 375113
1500398725 528352
1500398725 672473
1500398725 844967
1500398726 27641
1500398726 190965
1500398726 373170
1500398726 565622
1500398726 747980
1500398726 901416
1500398727 83903
1500398727 276149
1500398727 419499
1500398727 592870
1500398727 765835
1500398727 947695
1500398728 129990
1500398728 283447
1500398728 456838
1500398728 638948
1500398728 792545
1500398728 955896
1500398729 119274
1500398729 291539
1500398729 445067
1500398729 608261
1500398729 761696
1500398729 916180
1500398730 107595
1500398730 251538
1500398730 434202
1500398730 606626
1500398730 761011
1500398730 914259
1500398731 77698
1500398731 221325
1500398731 394649
1500398731 557072
1500398731 711179
1500398731 893801
1500398732 85069
1500398732 248393
1500398732 439900
1500398732 603094
1500398732 747539
1500398732 919956
1500398733 74180
1500398733 256646
1500398733 400148
1500398733 582342
1500398733 745532
1500398733 928171
1500398734 72502
1500398734 225690
1500398734 398234
1500398734 580818
1500398734 763046
1500398734 907142
1500398735 70555
1500398735 262042
1500398735 425452
1500398735 598909
1500398735 771328
1500398735 963615
1500398736 107005
1500398736 250315
1500398736 442703
1500398736 606006
1500398736 788578
1500398736 931924
1500398737 105179
1500398737 277619
1500398737 469140
1500398737 651493
1500398737 824910
1500398737 997385
1500398738 160652
1500398738 323922
1500398738 477381
1500398738 640689
1500398738 803948
1500398738 967478
1500398739 120724
1500398739 265122
1500398739 437540
1500398739 600861
1500398739 792020
1500398739 974557
1500398740 128022
1500398740 291498
1500398740 444951
1500398740 608065
1500398740 762292
1500398740 924825
1500398741 87971
1500398741 232290
1500398741 423932
1500398741 597183
1500398741 779590
1500398741 962035
1500398742 105265
1500398742 248894
1500398742 431304
1500398742 594891
1500398742 777043
1500398742 921363
1500398743 84813
1500398743 267037
1500398743 449438
1500398743 602853
1500398743 756731
1500398743 949012
1500398744 111981
1500398744 294476
1500398744 447796
1500398744 601284
1500398744 764809
1500398744 917843
1500398745 62271
1500398745 215694
1500398745 388282
1500398745 570366
1500398745 742840
1500398745 897067
1500398746 88720
1500398746 262090
1500398746 415322
