1499950828 579684
1499950828 752078
1499950828 925404
1499950829 97817
1499950829 271144
1499950829 587864
1499950830 19854
1499950830 192274
1499950830 365626
1499950830 537982
1499950830 729507
1499950831 18006
1499950831 362905
1499950831 536243
1499950831 718745
1499950831 891127
1499950832 294980
1499950832 630940
1499950832 803199
1499950832 985602
1499950833 197164
1499950833 369531
1499950833 610068
1499950834 80266
1499950834 253390
1499950834 425824
1499950834 598245
1499950834 809686
1499950835 30313
1499950835 251598
1499950835 423998
1499950835 597473
1499950835 799053
1499950835 971364
1499950836 191794
1499950836 460402
1499950836 633689
1499950836 806221
1499950836 979552
1499950837 200005
1499950837 506703
1499950837 756322
1499950837 938951
1499950838 102286
1499950838 313478
1499950838 533986
1499950838 850914
1499950839 129507
1499950839 301783
1499950839 475271
1499950839 676620
1499950839 917156
1499950840 146779
