1502358668 140001
1502358668 159434
1502358668 668184
1502358668 735250
1502358668 754210
1502358669 214592
1502358669 233565
1502358670 626091
1502358670 692907
1502358670 711942
1502358671 268831
1502358671 287187
1502358671 815388
1502358671 833970
1502358672 843057
1502358672 861744
1502358673 360750
1502358673 379956
1502358673 716475
1502358673 783376
1502358673 801288
1502358674 252776
1502358674 271605
1502358674 349005
1502358674 367558
1502358674 627626
1502358674 646587
1502358675 213101
1502358675 232112
1502358675 778470
1502358675 797920
1502358675 970737
1502358675 989848
1502358676 373735
1502358676 392843
1502358677 630853
1502358677 649772
1502358677 793767
1502358677 812257
1502358677 937036
1502358677 956483
1502358678 580349
1502358678 599021
1502358679 521992
1502358679 541120
1502358679 608138
1502358679 627222
1502358679 742342
1502358679 761582
1502358680 625551
1502358680 692646
1502358680 759739
1502358680 826860
1502358680 845802
1502358680 951196
1502358681 18157
1502358681 36922
1502358681 632514
1502358681 651260
1502358681 968506
1502358681 987271
1502358682 611870
1502358682 630785
1502358683 255316
1502358683 272923
1502358683 763771
1502358683 782802
1502358684 176074
1502358684 194288
1502358684 550498
1502358684 569476
1502358685 20461
1502358685 39315
