1499941459 662541
1499941459 842526
1499941460 7993
1499941460 193242
1499941460 339732
1499941460 489977
1499941460 670547
1499941460 844813
1499941460 995530
1499941461 174515
1499941461 337947
1499941461 495326
1499941461 642675
1499941461 817111
1499941461 988352
1499941462 130022
1499941462 313049
1499941462 499471
1499941462 639820
1499941462 815385
1499941462 987692
1499941463 147947
1499941463 305613
1499941463 460598
1499941463 633929
1499941463 801570
1499941463 985866
1499941464 169261
1499941464 338670
1499941464 521986
1499941464 679596
1499941464 819803
1499941464 982537
1499941465 162714
1499941465 329092
1499941465 483230
1499941465 650581
1499941465 805273
1499941465 964397
1499941466 147873
1499941466 313168
1499941466 478642
1499941466 657971
1499941466 828339
1499941467 14794
1499941467 199150
1499941467 352541
1499941467 532012
1499941467 702348
1499941467 877963
1499941468 25305
1499941468 204421
1499941468 378898
1499941468 541210
1499941468 694698
1499941468 850887
1499941469 26335
1499941469 189910
1499941469 332197
