1502710774 668083
1502710774 725260
1502710774 783335
1502710774 840656
1502710774 898446
1502710774 955583
1502710775 13809
1502710775 70895
1502710775 128929
1502710775 186211
1502710775 244142
1502710775 301291
1502710775 359395
1502710775 416602
1502710775 475895
1502710775 531900
1502710775 589949
1502710775 647118
1502710775 705546
1502710775 763575
1502710775 820472
1502710787 271479
1502710787 337583
1502710787 404970
1502710787 471851
1502710787 539079
1502710787 606156
1502710787 673435
1502710787 731527
1502710787 798585
1502710787 865672
1502710787 932882
1502710788 58
1502710788 67192
1502710788 125505
1502710788 192456
1502710788 259557
1502710788 326726
1502710788 393990
1502710788 461234
1502710788 519449
1502710788 576369
1502710788 634480
1502710788 691496
1502710788 749820
1502710788 806891
1502710788 873973
1502710788 941135
1502710789 8372
1502710789 75391
1502710789 142665
1502710789 209832
1502710789 276925
1502710789 344103
1502710789 411265
1502710789 478333
1502710789 545650
1502710789 612656
1502710789 679833
1502710789 746935
1502710789 814272
1502710789 881590
1502710789 948462
1502710790 6589
1502710790 73705
1502710790 141128
1502710977 675661
1502710977 741975
1502710977 809108
1502710977 876413
1502710977 943406
1502710978 10547
1502710978 77780
1502710978 144030
1502710978 211207
1502710978 278361
1502710978 345455
1502710978 412744
1502710978 480693
1502710978 546969
1502710978 614338
1502710978 681341
1502710978 748393
1502710978 815525
1502710978 882711
1502710978 949959
1502710979 17092
1502710979 84208
1502710979 151330
1502710979 218514
1502710979 526401
1502710979 593455
1502710979 659513
1502710979 726729
1502710979 793905
1502710979 862025
1502710979 928108
1502710979 995253
1502710980 62411
1502710980 129656
1502710980 196819
1502710980 263923
1502710980 331020
1502710980 398146
1502710980 465437
1502710980 532562
1502710980 599595
1502710980 668007
1502710980 733992
1502710980 801159
1502710980 868317
1502710980 935523
1502710981 2647
1502710981 69762
1502710981 136908
1502710981 204929
1502710981 271312
1502710981 338423
1502710981 405529
1502710981 472652
1502710981 539752
1502710981 607077
1502710981 674213
1502710981 742284
1502710981 809404
1502710981 876562
1502710981 943838
1502710982 10799
1502710982 78032
1502710982 145165
1502710982 212443
1502710982 279443
1502710982 346650
1502710982 413811
1502710982 481006
1502710982 548063
1502710982 615269
1502710982 683411
1502710982 749596
1502710982 816704
1502710982 883897
1502710982 951977
1502710983 18153
1502710983 85362
1502710983 152527
1502710983 219623
1502710983 286877
1502710983 353948
1502710983 422026
1502710983 488335
1502710983 554579
1502710983 622653
1502710983 688823
1502710983 755115
1502710983 813257
1502710983 879500
1502710983 937428
1502710983 994711
1502710984 52642
1502710984 109900
1502710984 167951
1502710984 225213
1502710984 283280
1502710984 340436
1502710984 398525
1502710984 455645
1502710984 513710
1502710984 570969
1502710984 629104
1502710984 696170
1502710984 753316
1502710984 811501
1502710984 878586
1502710984 935845
1502710984 993784
1502710985 51020
1502710985 109121
1502710985 176147
1502710985 233424
1502710985 291442
1502710985 348667
1502710985 406701
1502710985 473913
1502710985 531034
1502710985 589079
1502710985 647296
1502710985 713453
1502710985 771591
1502710985 838706
1502710985 895850
1502710985 953073
1502710986 11044
1502710986 68264
1502710986 126377
1502710986 183476
1502710986 241633
1502710986 298771
1502710986 356866
1502710986 414029
1502710986 471298
1502710986 529341
