1500902917 11325
1500902917 818588
1500902918 125280
1500902919 75758
1500902919 219868
1500902919 392198
1500902919 699365
1500902920 26475
1500902920 160726
1500902920 333075
1500902920 496869
1500902920 669103
1500902920 803470
1500902920 976772
1500902921 629253
1500902922 782446
1500902922 915999
1500902923 203769
1500902923 549355
1500902923 886170
1500902924 192851
1500902924 509631
1500902924 643983
1500902924 950711
1500902925 258254
1500902925 747514
1500902925 892488
1500902926 45027
1500902926 179364
1500902926 323639
1500902926 468095
1500902926 611250
1500902927 734785
1500902928 244152
1500902929 49659
1500902929 193904
1500902929 347303
1500902929 847428
1500902930 509141
1500902930 653235
1500902930 816684
1500902931 277825
1500902931 584442
1500902932 727832
1500902932 910022
1500902933 878687
1500902934 348709
1500902934 482949
1500902934 617325
1500902934 924961
1500902935 250764
1500902935 385063
1500902935 540041
1500902935 682890
1500902936 345777
1500902936 844359
1500902937 181570
1500902937 353438
1500902938 803426
1500902939 120344
1500902939 293178
1500902939 599660
1500902940 79836
1500902940 253053
1500902940 578732
1500902940 742114
1500902940 915984
1500902941 58898
1500902941 194166
1500902941 328156
1500902941 490822
1500902941 673011
1500902942 10083
1500902942 316492
1500902942 614109
1500902942 920935
1500902943 726892
1500902943 860956
1500902944 4255
1500902944 159091
1500902944 293099
1500902944 456511
1500902944 590883
1500902945 732406
1500902945 876304
1500902946 203423
1500902946 356824
1500902946 510224
1500902946 837420
1500902947 153678
1500902947 327067
1500902948 315052
1500902948 458689
1500902948 775617
1500902948 929169
1500902949 101753
1500902949 256317
1500902949 418915
1500902949 591460
1500902949 755238
1500902949 879642
1500902950 23588
1500902950 657075
1500902951 626767
1500902951 780820
1500902952 415179
1500902953 248815
1500902953 392304
1500902953 536398
1500902953 680762
1500902953 863201
1500902954 160185
1500902954 333169
1500902954 660188
1500902954 803850
1500902954 985285
1500902955 148495
1500902955 465433
1500902955 638718
1500902956 290425
1500902956 597977
1500902956 914836
1500902957 58765
1500902957 241338
1500902957 576982
1500902958 248916
1500902958 412053
1500902958 556311
1500902958 882009
1500902959 227938
1500902959 362187
1500902959 544596
1500902959 697862
1500902960 5557
1500902960 178064
1500902960 850586
1500902961 3897
1500902961 339554
1500902961 675457
1500902961 858127
1500902962 11466
1500902962 347778
1500902963 144587
1500902963 470451
1500902963 614613
1500902963 940560
1500902964 267273
1500902964 410718
1500902964 737362
1500902965 63215
1500902965 534144
1500902966 13285
1500902966 513273
1500902967 165610
1500902967 310168
1500902967 482608
1500902967 626891
1500902967 952535
1500902968 115982
1500902968 250220
1500902968 432557
1500902968 606066
1500902968 788551
1500902968 931818
1500902969 86030
1500902970 84408
1500902970 391049
1500902970 707678
1500902971 24628
1500902971 168613
1500902971 341041
1500902971 485368
1500902971 638986
1500902971 792555
1500902972 118842
1500902972 253447
1500902972 598969
1500902972 934678
1500902973 107285
1500902973 261310
1500902973 559182
1500902973 884847
1500902974 230721
1500902974 413028
1500902974 566458
1500902975 37542
1500902975 497788
1500902975 651773
1500902975 824386
1500902976 132110
1500902976 476859
1500902976 774572
1500902977 91061
1500902977 244421
1500902977 562280
1500902977 724554
1500902977 887947
1500902978 61241
1500902978 233856
1500902978 560403
1500902978 723700
1500902978 886332
1500902979 49724
1500902979 385295
1500902979 548609
1500902980 18745
1500902980 691255
1500902980 854738
1500902981 26941
1500902981 506909
1500902981 641275
1500902981 967946
1500902982 150499
1500902982 333023
1500902982 639624
1500902983 628764
1500902983 763120
1500902984 405540
1500902985 29962
1500902985 212330
1500902985 720511
1500902986 37283
1500902986 200842
1500902986 834706
1500902987 640874
1500902987 947620
1500902988 91944
1500902988 763753
1500902989 387692
1500902989 551083
1500902990 203852
1500902990 520298
1500902990 692756
1500902991 28535
1500902991 355403
1500902991 652934
1500902991 979602
1500902992 642280
1500902992 958960
1500902993 141214
1500902993 294321
1500902993 457408
1500902993 630464
1500902993 975385
1500902994 810075
1500902994 993067
1500902995 491696
1500902995 674302
1500902996 307392
1500902996 490666
1500902996 625132
1500902996 922024
1500902997 57101
1500902997 219806
1500902998 198849
1500902998 343143
1500902998 833230
1500902999 149881
1500903000 118837
1500903000 445756
1500903000 762649
1500903000 925960
1500903001 223163
1500903001 385942
1500903001 540380
1500903001 712892
1500903002 193593
1500903002 355958
1500903002 491854
1500903002 797216
1500903003 459745
1500903003 622910
1500903003 968668
1500903004 304606
1500903004 476817
1500903004 640031
1500903005 273407
1500903005 456015
1500903006 118547
1500903006 435386
1500903007 885498
1500903008 58017
1500903008 221133
1500903008 364502
1500903008 873890
1500903009 37790
1500903009 517060
1500903009 997803
1500903010 171251
1500903010 323697
1500903010 505378
1500903010 649523
1500903010 957187
1500903011 466357
1500903011 811782
1500903012 617138
1500903012 790330
1500903013 615519
1500903013 932138
1500903014 86400
1500903015 545683
1500903016 198055
1500903016 841518
1500903016 976323
1500903017 129176
1500903017 292967
1500903017 619211
1500903018 98492
1500903018 761069
1500903018 924232
1500903019 423431
1500903020 220827
1500903020 392399
1500903020 555944
1500903023 3735
1500903023 166912
1500903023 311193
1500903023 974315
1500903024 117528
1500903024 271115
1500903024 424595
1500903025 557134
1500903025 701353
1500903025 866332
1500903026 8067
1500903026 153224
1500903027 458591
1500903027 784314
1500903028 437762
1500903028 744281
1500903029 205570
1500903029 512277
1500903029 675997
1500903029 858124
1500903030 174690
1500903030 329021
1500903030 463715
1500903030 798895
1500903030 933256
1500903031 250658
1500903031 595888
1500903031 749157
1500903031 931522
1500903032 228877
1500903032 382486
1500903032 527381
1500903032 843484
1500903033 141975
1500903033 785200
1500903033 947925
1500903034 456161
1500903034 619498
1500903034 783008
1500903035 781185
1500903036 78682
1500903036 387118
1500903036 549766
1500903037 38985
1500903037 192236
1500903037 355546
1500903037 528866
1500903037 854641
1500903037 989011
1500903038 814884
1500903038 997292
1500903039 179521
1500903039 324232
1500903039 477282
1500903040 111253
1500903040 446743
1500903040 783170
1500903040 945783
1500903041 578972
1500903041 905854
1500903042 405092
1500903043 57409
1500903043 403190
1500903043 749605
1500903043 902325
1500903044 372444
1500903044 525650
1500903044 688935
1500903045 322647
1500903045 485837
1500903045 783472
1500903045 918053
1500903046 71292
1500903046 234449
1500903046 368782
1500903046 512162
1500903046 685768
1500903046 868013
1500903047 174799
1500903047 309364
1500903047 472305
1500903047 789106
1500903047 943718
1500903048 279759
1500903049 75794
1500903049 220172
1500903049 518960
1500903049 681019
1500903049 834725
1500903050 6948
1500903050 180271
1500903050 332819
1500903050 467936
1500903050 957167
1500903051 101435
1500903051 244956
1500903051 389088
1500903052 675215
1500903053 11933
1500903053 356720
1500903053 837054
1500903053 980934
1500903055 296098
1500903055 430350
1500903055 728043
1500903056 534083
1500903056 831997
1500903057 139004
1500903057 311543
1500903057 801829
1500903058 127457
1500903058 464018
1500903058 617368
1500903059 443313
1500903059 625983
1500903060 614164
1500903060 757592
1500903061 94172
1500903061 256537
1500903061 593728
1500903062 54461
1500903062 351067
1500903062 658596
1500903062 811967
1500903063 148010
1500903063 484351
1500903063 638668
1500903063 820067
1500903065 298532
1500903065 441999
1500903065 605271
1500903066 421347
1500903067 44712
1500903067 707211
1500903067 861270
1500903068 14796
1500903068 148745
1500903068 283243
1500903068 609975
1500903068 792962
1500903069 118362
1500903069 415956
1500903069 598217
1500903069 934396
1500903070 87601
1500903070 404245
1500903070 567406
1500903070 750536
1500903071 57557
1500903071 240224
1500903071 393398
1500903071 537733
1500903071 863375
1500903072 26787
1500903072 334373
1500903073 323387
1500903073 457322
1500903073 754706
1500903074 71527
1500903074 225039
1500903074 541665
1500903074 704844
1500903075 184840
1500903075 837622
1500903076 317519
1500903076 797531
1500903076 932035
1500903077 258693
1500903077 574400
1500903077 746742
1500903077 900052
1500903078 44555
1500903079 360108
1500903079 868690
1500903080 185141
1500903080 367891
1500903080 837645
1500903081 317965
1500903081 471420
1500903081 624642
1500903081 759740
1500903082 719240
1500903083 36846
1500903083 190144
1500903083 372732
1500903083 698444
1500903084 341631
1500903084 668317
1500903084 831041
1500903085 156656
1500903085 292411
1500903085 455201
1500903085 618135
1500903085 944546
1500903086 741170
1500903087 38900
1500903087 365450
1500903087 682272
1500903087 825538
1500903087 960024
1500903088 603402
1500903088 776617
1500903089 112472
1500903089 246939
1500903089 755883
1500903089 909146
1500903090 532711
1500903090 696373
1500903090 849339
1500903091 2767
1500903091 156529
1500903091 300429
1500903091 463756
1500903091 790487
1500903091 933787
1500903092 587273
1500903092 750787
1500903093 86497
1500903093 384914
1500903093 690844
1500903093 864163
1500903094 171100
1500903094 843499
1500903095 169192
1500903095 342488
1500903095 505685
1500903095 851314
1500903096 23968
1500903096 177483
1500903096 849781
1500903097 521396
1500903097 867142
1500903098 39500
1500903098 193893
1500903098 347116
1500903098 683287
1500903098 817277
1500903099 134211
1500903099 268358
1500903099 412621
1500903099 911695
1500903100 727646
1500903100 871069
1500903101 351029
1500903101 524452
1500903102 23584
1500903102 195939
1500903102 349705
1500903102 512500
1500903103 156186
1500903103 463672
1500903103 617268
1500903103 770583
1500903104 394960
1500903104 567165
1500903105 719274
1500903106 35664
1500903106 171382
1500903106 333326
1500903106 496876
1500903106 804273
1500903107 130085
1500903107 293379
1500903107 754585
1500903108 81208
1500903108 234342
1500903108 532788
1500903108 685622
1500903108 819914
1500903108 954328
1500903109 280872
1500903109 425528
1500903110 893574
1500903111 401323
1500903111 555792
1500903111 699248
1500903111 872812
1500903112 35585
1500903112 688162
1500903113 830631
1500903113 984482
1500903114 127874
1500903114 291396
1500903114 425515
1500903115 586814
1500903116 422539
1500903116 729763
1500903116 903007
1500903117 66469
1500903117 209792
1500903117 699345
1500903117 872936
1500903118 198949
1500903118 342803
1500903118 487162
1500903119 138725
1500903119 321271
1500903119 475499
1500903119 974877
1500903120 138969
1500903120 455110
1500903120 934500
1500903121 232062
1500903121 712531
1500903122 191642
1500903122 499669
1500903122 661966
1500903122 845030
1500903123 16971
1500903123 190737
1500903123 506651
1500903124 351429
1500903124 677951
1500903124 994350
1500903125 129553
1500903125 637766
1500903125 954990
1500903126 291267
1500903126 454235
1500903126 790326
1500903127 279441
1500903127 443502
1500903128 95476
1500903128 422152
1500903128 585443
1500903128 738818
1500903128 912252
1500903129 228732
1500903129 362171
1500903129 506452
1500903129 641208
1500903129 938551
1500903130 571997
1500903130 745682
1500903131 81765
1500903131 570310
1500903131 906843
1500903132 41160
1500903132 377109
1500903132 540368
1500903132 712584
1500903132 866064
1500903133 163999
1500903133 461255
1500903133 932419
1500903134 85789
1500903134 421774
1500903134 729405
1500903135 228359
1500903135 564070
1500903135 861803
1500903136 533256
1500903136 669238
1500903137 320884
1500903137 656838
1500903137 820273
1500903138 482761
1500903138 646230
1500903138 799460
1500903139 106665
1500903139 269475
1500903139 442682
1500903140 258740
1500903141 565453
1500903141 698866
1500903142 15416
1500903142 485504
1500903142 659316
1500903142 832376
1500903142 975840
1500903143 282555
1500903144 79646
1500903144 242505
1500903144 406046
1500903144 712591
1500903146 18684
1500903147 7001
1500903147 160129
1500903147 305103
1500903147 458160
1500903147 592236
1500903147 736569
1500903147 880833
1500903148 34206
1500903148 331845
1500903149 119651
1500903150 116771
1500903150 414614
1500903150 557767
1500903150 865615
1500903151 357
1500903151 163248
1500903151 316225
1500903151 470729
1500903151 652506
1500903151 796493
1500903152 266772
1500903153 226522
1500903153 908022
1500903154 868554
1500903155 50460
1500903155 732089
1500903156 38934
1500903156 202047
1500903156 711351
1500903157 181625
1500903157 325242
1500903157 460358
1500903157 613239
1500903158 736810
1500903159 870672
1500903160 215179
1500903160 350350
1500903160 513789
1500903162 125440
1500903162 269268
1500903162 404788
1500903162 538635
1500903162 855145
1500903163 181417
1500903163 499007
1500903163 651854
