1502287142 3308
1502287142 22767
1502287142 108584
1502287142 127838
1502287142 242767
1502287142 261974
1502287142 444008
1502287142 463320
1502287142 559175
1502287142 578488
1502287142 732476
1502287142 751777
1502287142 914992
1502287142 934259
1502287143 49246
1502287143 68709
1502287143 279758
1502287143 299101
1502287143 519238
1502287143 538590
1502287143 720833
1502287143 740118
1502287143 864231
1502287143 883505
1502287144 113720
1502287144 133008
1502287144 354136
1502287144 373516
1502287144 440373
1502287144 459815
1502287144 574713
1502287144 593962
1502287144 718105
1502287144 737546
1502287144 861507
1502287144 881789
1502287145 15717
1502287145 35099
1502287145 101903
1502287145 121402
1502287145 332447
1502287145 351688
1502287145 504871
1502287145 524221
1502287145 630141
1502287145 649509
1502287145 773534
1502287145 792812
1502287145 936892
1502287145 956186
1502287146 176807
1502287146 196616
1502287146 311670
1502287146 330987
1502287146 484122
1502287146 503304
1502287146 743755
1502287146 763040
1502287146 945097
1502287146 964294
1502287147 213838
1502287147 232954
1502287147 386166
1502287147 405614
1502287147 578610
1502287147 597686
1502287147 741966
1502287147 761212
1502287147 943289
1502287147 962553
1502287148 125741
1502287148 145024
1502287148 269195
1502287148 288464
1502287148 394388
1502287148 413622
1502287148 528657
1502287148 547923
1502287148 788273
1502287148 807483
1502287148 922650
1502287148 941820
1502287149 56791
1502287149 76058
1502287149 287369
1502287149 306605
1502287149 537022
1502287149 556214
1502287149 613176
1502287149 632481
1502287149 776526
1502287149 795846
1502287149 987996
1502287150 7271
1502287150 170392
1502287150 189763
1502287150 419949
1502287150 439176
1502287150 497044
1502287150 516278
1502287150 765719
1502287150 784900
1502287150 890065
1502287150 909309
1502287150 986187
1502287151 5698
1502287151 225837
1502287151 245985
1502287151 447292
1502287151 466447
1502287151 658651
1502287151 678023
1502287151 860221
1502287151 879516
1502287151 965415
1502287151 984671
1502287152 80627
1502287152 99939
1502287152 292095
1502287152 311434
1502287152 502619
1502287152 522773
1502287152 724169
1502287152 743298
1502287152 877422
1502287152 896685
1502287153 78837
1502287153 98119
1502287153 242299
1502287153 261560
1502287153 491757
1502287153 511039
1502287153 636094
1502287153 655367
1502287153 722290
1502287153 741616
1502287153 981965
1502287154 1288
1502287154 173400
1502287154 192600
1502287154 307707
1502287154 327056
1502287154 528149
1502287154 548377
1502287154 710622
1502287154 730800
1502287154 893000
1502287154 913186
1502287155 47305
1502287155 66573
1502287155 229703
1502287155 249098
1502287155 383046
1502287155 402318
1502287155 460171
1502287155 479426
1502287155 728772
1502287155 748041
1502287155 959345
1502287155 978622
1502287156 141721
1502287156 161000
1502287156 333155
1502287156 352438
1502287156 592824
1502287156 611995
1502287156 794306
1502287156 813584
1502287156 957520
1502287156 976761
1502287157 72858
1502287157 92057
1502287157 322431
1502287157 341672
1502287157 542928
1502287157 562227
1502287157 686279
1502287157 705722
1502287157 830609
1502287157 849865
1502287158 3062
1502287158 23337
1502287158 109266
1502287158 128476
1502287158 358736
1502287158 378028
1502287158 550314
1502287158 569582
1502287158 694495
1502287158 713923
1502287158 818853
1502287158 838202
1502287159 20332
1502287159 40467
1502287159 260795
1502287159 280281
1502287159 529508
1502287159 548674
1502287159 673779
1502287159 693027
1502287159 846142
1502287159 865554
1502287159 999543
1502287160 19757
1502287160 240002
1502287160 259471
1502287160 326245
1502287160 345536
1502287160 546763
1502287160 566954
1502287160 758282
1502287160 777469
1502287160 911642
1502287160 931737
1502287161 85063
1502287161 104229
1502287161 219180
1502287161 238569
1502287161 324441
1502287161 343677
1502287161 401593
1502287161 420942
1502287161 545933
1502287161 565243
1502287161 661149
1502287161 680455
1502287161 766503
1502287161 785752
1502287162 25046
1502287162 44422
1502287162 255545
1502287162 274872
1502287162 380791
1502287162 400102
1502287162 582424
1502287162 601696
1502287162 735619
1502287162 754907
1502287162 956131
1502287162 976307
1502287163 52465
1502287163 71716
1502287163 205747
1502287163 225930
1502287163 436773
1502287163 455559
1502287163 618746
1502287163 637893
1502287163 887277
1502287163 907551
1502287164 2593
1502287164 22708
1502287164 224029
1502287164 243175
1502287164 406368
1502287164 425607
1502287164 549743
1502287164 570107
1502287164 799372
1502287164 819609
1502287165 39849
1502287165 59063
1502287165 183239
1502287165 202523
1502287165 270298
1502287165 289626
1502287165 509918
1502287165 529108
1502287165 778547
1502287165 797904
1502287166 18979
1502287166 38246
1502287166 201407
1502287166 220600
1502287166 451041
1502287166 470388
1502287166 671473
1502287166 690725
1502287166 796745
1502287166 816107
1502287166 911186
1502287166 930280
1502287167 141606
1502287167 160932
1502287167 323943
1502287167 343353
1502287167 448342
1502287167 468450
1502287167 640702
1502287167 659938
1502287167 861217
1502287167 880507
1502287167 947432
1502287167 967554
1502287168 72727
1502287168 91938
1502287168 265061
1502287168 284312
1502287168 370295
1502287168 389589
1502287168 542886
1502287168 562082
1502287168 783234
1502287168 802548
1502287168 994733
1502287169 13934
1502287169 80877
1502287169 100195
1502287169 253344
1502287169 272579
1502287169 435777
1502287169 455074
1502287169 541000
1502287169 561180
1502287169 637183
1502287169 656509
1502287169 791646
1502287169 810826
1502287169 915791
1502287169 935146
1502287170 88237
1502287170 108377
1502287170 337878
1502287170 357947
1502287170 463079
1502287170 482396
1502287170 654469
1502287170 673742
1502287170 750771
1502287170 770201
1502287171 303
1502287171 19473
1502287171 96402
1502287171 115676
1502287171 211687
1502287171 230964
1502287171 394159
1502287171 413461
1502287171 624705
1502287171 644232
1502287171 748933
1502287171 768218
1502287171 826211
1502287171 845363
1502287171 960372
1502287171 979638
1502287172 36650
1502287172 56754
1502287172 229027
1502287172 248276
1502287172 421467
1502287172 440679
1502287172 631996
1502287172 651283
1502287172 776305
1502287172 795593
1502287172 871580
1502287172 891688
1502287173 34859
1502287173 54117
1502287173 227326
1502287173 246520
1502287173 418720
1502287173 438892
1502287173 620310
1502287173 639640
1502287173 879857
1502287173 899176
1502287173 995038
1502287174 14314
1502287174 110284
1502287174 129498
1502287174 253679
1502287174 273861
1502287174 398009
1502287174 417278
1502287174 532274
1502287174 551490
1502287174 743753
1502287174 762922
1502287174 955146
1502287174 974500
1502287175 89527
1502287175 108842
1502287175 309999
1502287175 329269
1502287175 559621
1502287175 578797
1502287175 723028
1502287175 742312
1502287175 962506
1502287175 982642
1502287176 193120
1502287176 212371
1502287176 423565
1502287176 442856
1502287176 683063
1502287176 702266
1502287176 941695
1502287176 962111
1502287177 86063
1502287177 105318
1502287177 345531
1502287177 364831
1502287177 498002
1502287177 518287
1502287177 738467
1502287177 757818
1502287177 940004
1502287177 959197
1502287178 45216
1502287178 65462
1502287178 285808
1502287178 304992
1502287178 487281
1502287178 506542
1502287178 717757
1502287178 737043
1502287178 822960
1502287178 842310
1502287178 957272
1502287178 977456
1502287179 101533
1502287179 120810
1502287179 313157
1502287179 332418
1502287179 562674
1502287179 581873
1502287179 648756
1502287179 668137
1502287179 764086
1502287179 783320
1502287179 975547
1502287179 995290
1502287180 128924
1502287180 148153
1502287180 340375
1502287180 359591
1502287180 590327
1502287180 609213
1502287180 791353
1502287180 811001
1502287180 982922
1502287181 3128
1502287181 156193
1502287181 175512
1502287181 300480
1502287181 319772
1502287181 395829
1502287181 415105
1502287181 510973
1502287181 530305
1502287181 760601
1502287181 781835
1502287181 846769
1502287181 867007
1502287182 106493
1502287182 125913
1502287182 240669
1502287182 259949
1502287182 481101
1502287182 500384
1502287182 624550
1502287182 644737
1502287182 720735
1502287182 740145
1502287182 806900
1502287182 826221
1502287182 951191
1502287182 970558
1502287183 56459
1502287183 76731
1502287183 190760
1502287183 211036
1502287183 392207
1502287183 411789
1502287183 593740
1502287183 613127
1502287183 757137
1502287183 776534
1502287183 929567
1502287183 949762
1502287184 73789
1502287184 93138
1502287184 304432
1502287184 323680
1502287184 486682
1502287184 506275
1502287184 640085
1502287184 659735
1502287184 726274
1502287184 745792
1502287184 985856
1502287185 5422
1502287185 187334
1502287185 207720
1502287185 273514
1502287185 292779
1502287185 378838
1502287185 398113
1502287185 638381
1502287185 657894
1502287185 753564
1502287185 772855
1502287185 974169
1502287185 993811
1502287186 184723
1502287186 203910
1502287186 299921
1502287186 321300
1502287186 434334
1502287186 453565
1502287186 693710
1502287186 713038
1502287186 799056
1502287186 818343
1502287187 48625
1502287187 68799
1502287187 212016
1502287187 231225
1502287187 346244
1502287187 365664
1502287187 547933
1502287187 567923
1502287187 797341
1502287187 817624
1502287187 912592
1502287187 933251
1502287188 172131
1502287188 191347
1502287188 306380
1502287188 325746
1502287188 537107
1502287188 556186
1502287188 777449
1502287188 796796
1502287188 930696
1502287188 950024
1502287189 94150
1502287189 113449
1502287189 276521
1502287189 295741
1502287189 371819
1502287189 392173
1502287189 554253
1502287189 574501
1502287189 765733
1502287189 785210
1502287189 967137
1502287189 986839
1502287190 101539
1502287190 121403
1502287190 283858
1502287190 303216
1502287190 399133
1502287190 418439
1502287190 543378
1502287190 562713
1502287190 629600
1502287190 648972
1502287190 744884
1502287190 764680
1502287190 994443
1502287191 13785
1502287191 128801
1502287191 148148
1502287191 311150
1502287191 330439
1502287191 522598
1502287191 541930
1502287191 646911
1502287191 669269
1502287191 886491
1502287191 906833
1502287192 40805
1502287192 60064
1502287192 251364
1502287192 271506
1502287192 481841
1502287192 501370
1502287192 683324
1502287192 703445
1502287192 894714
1502287192 914243
1502287193 163385
1502287193 182709
1502287193 336631
1502287193 356040
1502287193 441916
1502287193 461671
1502287193 595306
1502287193 614755
1502287193 729644
1502287193 749890
1502287193 979365
1502287193 999370
1502287194 133436
1502287194 152726
1502287194 267709
1502287194 287069
1502287194 469295
1502287194 488587
1502287194 632589
1502287194 651932
1502287194 747879
1502287194 767236
1502287194 978311
1502287194 997745
1502287195 112618
1502287195 131915
1502287195 276037
1502287195 295505
1502287195 505583
1502287195 525793
1502287195 630780
1502287195 650054
1502287195 899405
1502287195 918693
1502287196 100866
1502287196 120123
1502287196 206179
1502287196 225653
1502287196 292428
1502287196 312547
1502287196 417639
1502287196 436832
1502287196 676456
1502287196 695880
1502287196 906786
1502287196 926097
1502287197 156434
1502287197 175638
1502287197 271739
1502287197 291385
1502287197 540306
1502287197 559505
1502287197 655510
1502287197 674961
1502287197 837873
1502287197 857410
1502287198 39301
1502287198 59569
1502287198 221736
1502287198 241970
1502287198 452228
1502287198 472311
1502287198 720929
1502287198 741034
1502287198 923198
1502287198 942479
1502287199 172837
1502287199 192273
1502287199 383447
1502287199 403592
1502287199 470445
1502287199 489709
1502287199 632976
1502287199 653230
1502287199 835283
1502287199 854520
1502287199 988682
1502287200 8164
1502287200 247301
1502287200 267495
1502287200 362559
1502287200 382745
1502287200 496864
1502287200 517129
1502287200 756357
1502287200 775624
1502287200 967843
1502287200 987228
1502287201 102125
1502287201 121698
1502287201 274520
1502287201 293901
1502287201 428856
1502287201 448242
1502287201 697435
1502287201 716719
1502287201 859900
1502287201 880089
1502287201 995098
1502287202 14333
1502287202 224803
1502287202 244922
1502287202 455207
1502287202 474499
1502287202 723859
1502287202 744100
1502287202 954500
1502287202 973755
1502287203 174851
1502287203 195011
1502287203 310069
1502287203 329384
1502287203 463471
1502287203 482859
1502287203 684046
1502287203 703249
1502287203 809215
1502287203 828494
1502287203 924467
1502287203 943776
1502287204 174093
1502287204 193297
1502287204 365555
1502287204 384768
1502287204 518856
1502287204 539029
1502287204 749444
1502287204 768685
1502287204 912723
1502287204 932008
1502287205 172308
1502287205 191592
1502287205 383725
1502287205 403088
1502287205 546189
1502287205 566384
1502287205 728593
1502287205 748855
1502287205 940061
1502287205 959338
1502287206 93442
1502287206 112798
1502287206 227709
1502287206 248025
1502287206 342988
1502287206 363177
1502287206 458206
1502287206 477550
1502287206 698705
1502287206 718015
1502287206 852100
1502287206 871346
1502287207 72592
1502287207 91840
1502287207 274087
1502287207 294413
1502287207 418338
1502287207 437661
1502287207 591769
1502287207 611062
1502287207 716027
1502287207 735315
1502287207 821370
1502287207 841656
1502287207 917504
1502287207 937023
1502287208 3689
1502287208 23983
1502287208 157970
1502287208 177501
1502287208 368573
1502287208 388906
1502287208 550935
1502287208 571284
1502287208 810506
1502287208 829810
1502287209 60107
1502287209 79287
1502287209 165339
1502287209 185568
1502287209 395792
1502287209 415055
1502287209 665332
1502287209 684643
1502287209 751495
1502287209 770773
1502287210 10216
1502287210 30498
1502287210 279752
1502287210 299055
1502287210 490277
1502287210 509565
1502287210 701710
1502287210 721003
1502287210 951257
1502287210 970527
1502287211 85627
1502287211 104798
1502287211 210797
1502287211 230054
1502287211 402360
1502287211 421595
1502287211 642926
1502287211 662059
1502287211 758063
1502287211 777340
1502287211 997590
1502287212 17056
1502287212 247329
1502287212 266587
1502287212 487695
1502287212 507077
1502287212 717424
1502287212 737812
1502287212 804471
1502287212 823632
1502287212 967757
1502287212 987152
1502287213 178336
1502287213 197762
1502287213 379769
1502287213 399999
1502287213 629303
1502287213 649747
1502287213 840732
1502287213 860029
1502287213 985025
1502287214 4277
1502287214 100291
1502287214 119606
1502287214 263642
1502287214 282895
1502287214 349842
1502287214 369168
1502287214 484174
1502287214 503449
1502287214 608496
1502287214 627861
1502287214 771872
1502287214 791111
1502287214 896176
1502287214 915481
1502287215 126712
1502287215 145986
1502287215 250998
1502287215 270304
1502287215 357181
1502287215 376521
1502287215 510565
1502287215 529855
1502287215 770303
1502287215 789446
1502287215 961589
1502287215 980841
1502287216 173023
1502287216 192292
1502287216 431787
1502287216 451846
1502287216 527859
1502287216 547236
1502287216 701283
1502287216 720517
1502287216 931745
1502287216 950943
1502287217 133322
1502287217 152492
1502287217 267517
1502287217 286807
1502287217 363713
1502287217 382959
1502287217 449908
1502287217 469208
1502287217 661401
1502287217 680582
1502287217 920000
1502287217 939240
1502287218 102475
1502287218 121688
1502287218 284805
1502287218 304022
1502287218 477224
1502287218 496425
1502287218 572457
1502287218 591720
1502287218 822113
1502287218 841325
1502287218 918456
1502287218 937525
1502287219 71626
1502287219 90899
1502287219 254012
1502287219 273279
1502287219 503581
1502287219 522839
1502287219 705073
1502287219 724346
1502287219 906473
1502287219 925744
1502287220 40832
1502287220 60109
1502287220 195099
1502287220 214461
1502287220 396616
1502287220 415834
1502287220 607139
1502287220 627301
1502287220 694228
1502287220 713501
1502287220 799559
1502287220 818714
1502287220 904749
1502287220 924027
1502287221 29997
1502287221 49286
1502287221 183369
1502287221 202707
1502287221 432972
1502287221 452189
1502287221 596311
1502287221 615605
1502287221 701590
1502287221 721729
1502287221 797735
1502287221 817002
1502287221 942182
1502287221 961323
1502287222 47315
1502287222 66537
1502287222 210697
1502287222 229941
1502287222 422124
1502287222 441382
1502287222 652677
1502287222 671918
1502287222 883088
1502287222 902335
1502287223 17447
1502287223 36750
1502287223 199878
1502287223 219156
1502287223 410355
1502287223 430545
1502287223 564660
1502287223 583957
1502287223 823327
1502287223 842578
1502287224 5708
1502287224 24990
1502287224 91921
1502287224 112334
1502287224 332362
1502287224 351649
1502287224 428623
1502287224 447890
1502287224 533917
1502287224 553148
1502287224 735315
1502287224 754684
1502287224 936812
1502287224 956027
1502287225 71134
1502287225 91442
1502287225 234506
1502287225 253881
1502287225 340642
1502287225 359969
1502287225 561164
1502287225 580390
1502287225 666420
1502287225 685823
1502287225 752628
1502287225 773414
1502287225 848822
1502287225 868082
1502287226 31310
1502287226 50504
1502287226 127421
1502287226 146688
1502287226 252710
1502287226 272008
1502287226 492248
1502287226 511608
1502287226 626564
1502287226 645901
1502287226 838089
1502287226 857291
1502287227 20538
1502287227 39699
1502287227 193215
1502287227 212137
1502287227 279120
1502287227 299240
1502287227 433616
1502287227 452672
1502287227 615798
1502287227 635056
1502287227 701962
1502287227 721241
1502287227 874417
1502287227 894797
1502287228 85898
1502287228 105101
1502287228 354482
1502287228 373745
1502287228 604019
1502287228 624127
1502287228 758283
1502287228 777573
1502287228 997912
1502287229 17116
1502287229 237552
1502287229 257667
1502287229 419912
1502287229 440101
1502287229 612309
1502287229 631507
1502287229 717587
1502287229 737762
1502287229 939071
1502287229 958409
1502287230 44227
1502287230 63538
1502287230 188507
1502287230 207799
1502287230 351902
1502287230 371092
1502287230 447261
1502287230 467391
1502287230 534323
1502287230 553548
1502287230 793039
1502287230 812244
1502287230 908168
1502287230 927470
1502287231 157831
1502287231 177025
1502287231 379183
1502287231 398459
1502287231 532656
1502287231 552043
1502287231 618745
1502287231 638056
1502287231 714059
1502287231 734214
1502287231 858375
1502287231 877627
1502287231 963624
1502287231 983770
1502287232 194136
1502287232 213431
1502287232 395662
1502287232 415746
1502287232 530779
1502287232 550102
1502287232 722330
1502287232 741655
1502287232 942915
1502287232 962095
1502287233 77110
1502287233 97520
1502287233 259539
1502287233 279728
1502287233 519058
1502287233 538371
1502287233 596180
1502287233 615444
1502287233 711431
1502287233 730715
1502287233 787645
1502287233 806977
1502287233 951015
1502287233 970280
1502287234 152632
1502287234 171763
1502287234 421204
1502287234 441299
1502287234 517384
1502287234 536714
1502287234 661666
1502287234 680884
1502287234 805911
1502287234 825319
1502287234 892130
1502287234 911417
1502287235 35479
1502287235 55665
1502287235 141656
1502287235 160940
1502287235 362215
1502287235 381490
1502287235 487469
1502287235 506690
1502287235 563711
1502287235 582927
1502287235 765147
1502287235 785295
1502287235 957506
1502287235 976792
1502287236 53745
1502287236 72984
1502287236 139917
1502287236 159183
1502287236 236128
1502287236 255390
1502287236 408620
1502287236 427836
1502287236 552918
1502287236 572178
1502287236 725310
1502287236 744504
1502287236 869586
1502287236 888837
1502287236 955777
1502287236 975055
1502287237 129226
1502287237 148409
1502287237 378726
1502287237 398041
1502287237 628258
1502287237 647565
1502287237 743451
1502287237 762744
1502287238 2162
1502287238 21411
1502287238 79321
1502287238 98482
1502287238 309839
1502287238 329078
1502287238 473515
1502287238 492433
1502287238 587489
1502287238 607666
1502287238 847057
1502287238 866292
1502287239 20346
1502287239 39614
1502287239 173761
1502287239 192964
1502287239 423327
1502287239 442546
1502287239 682086
1502287239 702100
1502287239 807199
1502287239 826397
1502287240 8651
1502287240 27932
1502287240 229194
1502287240 249770
1502287240 459666
1502287240 478961
1502287240 556048
1502287240 575242
1502287240 690222
1502287240 709596
1502287240 863621
1502287240 883047
1502287240 997820
1502287241 17166
1502287241 189376
1502287241 208557
1502287241 457944
1502287241 478192
1502287241 688447
1502287241 707661
1502287241 899881
1502287241 919283
1502287242 25189
1502287242 44604
1502287242 149427
1502287242 168873
1502287242 408985
1502287242 428252
1502287242 639525
1502287242 658868
1502287242 869248
1502287242 889557
1502287242 993435
1502287243 12729
1502287243 127697
1502287243 147908
1502287243 349140
1502287243 368420
1502287243 435348
1502287243 454718
1502287243 598705
1502287243 617936
1502287243 809251
1502287243 829572
1502287244 11612
1502287244 30915
1502287244 251197
1502287244 270458
1502287244 337430
1502287244 356685
1502287244 577929
1502287244 597149
1502287244 702226
1502287244 721518
1502287244 932729
1502287244 951968
1502287245 191407
1502287245 210652
1502287245 316594
1502287245 335837
1502287245 460940
1502287245 480124
1502287245 643365
1502287245 662530
1502287245 844791
1502287245 864093
1502287246 55342
1502287246 75488
1502287246 237802
1502287246 258074
1502287246 392001
1502287246 411350
1502287246 487337
1502287246 507454
1502287246 660767
1502287246 679873
1502287246 766325
1502287246 785730
1502287246 919363
1502287246 939508
1502287247 121635
1502287247 140900
1502287247 323146
1502287247 342456
1502287247 562770
1502287247 581963
1502287247 784128
1502287247 803433
1502287247 879425
1502287247 898647
1502287248 128968
1502287248 149148
1502287248 359496
1502287248 378772
1502287248 599990
1502287248 619274
1502287248 858600
1502287248 877956
1502287249 2855
1502287249 22138
1502287249 252423
1502287249 271733
1502287249 377713
1502287249 397054
1502287249 607379
1502287249 627431
1502287249 837818
1502287249 857112
1502287249 972125
1502287249 992238
1502287250 212622
1502287250 231925
1502287250 298803
1502287250 318084
1502287250 500291
1502287250 519512
1502287250 673667
1502287250 693048
1502287250 856064
1502287250 875418
1502287251 86503
1502287251 105773
1502287251 297110
1502287251 316353
1502287251 546638
1502287251 565922
1502287251 680943
1502287251 701088
1502287251 911456
1502287251 930721
1502287252 17734
1502287252 36887
1502287252 276377
1502287252 295642
1502287252 525820
1502287252 545142
1502287252 718219
1502287252 737480
1502287252 804447
1502287252 823777
1502287253 5900
1502287253 25186
1502287253 246370
1502287253 265628
1502287253 456974
1502287253 477103
1502287253 630292
1502287253 649523
1502287253 745542
1502287253 764718
1502287254 14269
1502287254 33485
1502287254 196657
1502287254 215952
1502287254 301770
1502287254 321065
1502287254 474221
1502287254 494368
1502287254 704800
1502287254 724311
1502287254 830033
1502287254 849352
1502287255 79618
1502287255 98806
1502287255 329141
1502287255 348400
1502287255 597735
1502287255 616999
1502287255 799252
1502287255 818428
1502287255 885453
1502287255 905593
1502287256 134981
1502287256 155168
1502287256 231177
1502287256 250522
1502287256 317406
1502287256 337563
1502287256 586886
1502287256 606166
1502287256 749395
1502287256 769546
1502287256 912687
1502287256 931958
1502287257 181359
1502287257 201498
1502287257 277526
1502287257 296776
1502287257 508010
1502287257 527309
1502287257 642391
1502287257 661614
1502287257 776641
1502287257 796843
1502287257 910970
1502287257 931119
1502287258 93366
1502287258 113552
1502287258 304825
1502287258 324113
1502287258 516312
1502287258 535483
1502287258 775845
1502287258 795146
1502287258 938247
1502287258 958539
1502287259 63518
1502287259 82724
1502287259 332159
1502287259 351375
1502287259 600967
1502287259 620014
1502287259 841303
1502287259 860487
1502287259 975509
1502287259 994928
1502287260 118987
1502287260 138232
1502287260 310413
1502287260 330591
1502287260 579974
1502287260 599195
1502287260 771443
1502287260 790664
1502287260 991955
1502287261 11210
1502287261 126221
1502287261 145574
1502287261 241556
1502287261 260744
1502287261 491099
1502287261 510402
1502287261 597220
1502287261 616530
1502287261 769730
1502287261 789032
1502287262 283
1502287262 19718
1502287262 153525
1502287262 172814
1502287262 422286
1502287262 441452
1502287262 509302
1502287262 528527
1502287262 623661
1502287262 643858
1502287262 845063
1502287262 864336
1502287263 75572
1502287263 94891
1502287263 257959
1502287263 277256
1502287263 392301
1502287263 411589
1502287263 535688
1502287263 555199
1502287263 718151
1502287263 737385
1502287263 900524
1502287263 919740
1502287264 5713
1502287264 24991
1502287264 207264
1502287264 226617
1502287264 408745
1502287264 428840
1502287264 533951
1502287264 553244
1502287264 802553
1502287264 821915
1502287264 984971
1502287265 4227
1502287265 81120
1502287265 100388
1502287265 253582
1502287265 273713
1502287265 503316
1502287265 523396
1502287265 638338
1502287265 657627
1502287265 868007
1502287265 888150
1502287266 137547
1502287266 156776
1502287266 232792
1502287266 252034
1502287266 424272
1502287266 444380
1502287266 587758
1502287266 607048
1502287266 837313
1502287266 856512
1502287266 962450
1502287266 981739
1502287267 212107
1502287267 231176
1502287267 298204
1502287267 317561
1502287267 394421
1502287267 413665
1502287267 663101
1502287267 682339
1502287267 845420
1502287267 864720
1502287267 941620
1502287267 960842
1502287268 27875
1502287268 47039
1502287268 200322
1502287268 220432
1502287268 469904
1502287268 489037
1502287268 556073
1502287268 575272
1502287268 805592
1502287268 824783
1502287269 26108
1502287269 45402
1502287269 227530
1502287269 246876
1502287269 487053
1502287269 506617
1502287269 602328
1502287269 621613
1502287269 784721
1502287269 804074
1502287270 5294
1502287270 24539
1502287270 216716
1502287270 236009
1502287270 485413
1502287270 504692
1502287270 610590
1502287270 629865
1502287270 879173
1502287270 898470
1502287271 61626
1502287271 80968
1502287271 330314
1502287271 349658
1502287271 579779
1502287271 599079
1502287271 810397
1502287271 829610
1502287272 1743
1502287272 21044
1502287272 117033
1502287272 136361
1502287272 261397
1502287272 280652
1502287272 529936
1502287272 549482
1502287272 731427
1502287272 750939
1502287272 827592
1502287272 846858
1502287273 19108
1502287273 38498
1502287273 114362
1502287273 134550
1502287273 258684
1502287273 277989
1502287273 488349
1502287273 508445
1502287273 594448
1502287273 613730
1502287273 709704
1502287273 728976
1502287273 834058
1502287273 853429
1502287274 26442
1502287274 45747
1502287274 246940
1502287274 266216
1502287274 448540
1502287274 467724
1502287274 718033
1502287274 737252
1502287274 967504
1502287274 986789
1502287275 149930
1502287275 169201
1502287275 322375
1502287275 341704
1502287275 523923
1502287275 543287
1502287275 754344
1502287275 773714
1502287275 888632
1502287275 907912
1502287276 81025
1502287276 100344
1502287276 215403
1502287276 234639
1502287276 445909
1502287276 465131
1502287276 656422
1502287276 676528
1502287276 838810
1502287276 859008
1502287277 41183
1502287277 60445
1502287277 223493
1502287277 242796
1502287277 357860
1502287277 377123
1502287277 444098
1502287277 463396
1502287277 587526
1502287277 606796
1502287277 827074
1502287277 846318
1502287278 76655
1502287278 96811
1502287278 269143
1502287278 288333
1502287278 374325
1502287278 393621
1502287278 480492
1502287278 499699
1502287278 730137
1502287278 749280
1502287278 883387
1502287278 902673
1502287278 969641
1502287278 988904
1502287279 123021
1502287279 143135
1502287279 210100
1502287279 229331
1502287279 315395
1502287279 334635
1502287279 574869
1502287279 594127
1502287279 843550
1502287279 862898
1502287280 64056
1502287280 83292
1502287280 246568
1502287280 265894
1502287280 361698
1502287280 380998
1502287280 466999
1502287280 487219
1502287280 716545
1502287280 736707
1502287280 870825
1502287280 890353
1502287280 995169
1502287281 14482
1502287281 148555
1502287281 168635
1502287281 340967
1502287281 360197
1502287281 523370
1502287281 542808
1502287281 676740
1502287281 695986
1502287281 801982
1502287281 821271
1502287282 3446
1502287282 22747
1502287282 262937
1502287282 282289
1502287282 397297
1502287282 416522
1502287282 598757
1502287282 618074
1502287282 848290
1502287282 867551
1502287283 11776
1502287283 30903
1502287283 116922
1502287283 136171
1502287283 299267
1502287283 318618
1502287283 481755
1502287283 500955
1502287283 712285
1502287283 731639
1502287283 913733
1502287283 933018
1502287284 38960
1502287284 58230
1502287284 134177
1502287284 153490
1502287284 240376
1502287284 259687
1502287284 326588
1502287284 345853
1502287284 470135
1502287284 489278
1502287284 585239
1502287284 604496
1502287284 681425
1502287284 700756
1502287284 901985
1502287284 921345
1502287285 55348
1502287285 74676
1502287285 324011
1502287285 344247
1502287285 487279
1502287285 506584
1502287285 650686
1502287285 669891
1502287285 833096
1502287285 852384
1502287285 977399
1502287285 996616
1502287286 207945
1502287286 227288
1502287286 313136
1502287286 332514
1502287286 524652
1502287286 543966
1502287286 793330
1502287286 812601
1502287287 23802
1502287287 43172
1502287287 215254
1502287287 234563
1502287287 436636
1502287287 455983
1502287287 541910
1502287287 561158
1502287287 781487
1502287287 800790
1502287287 953959
1502287287 973389
1502287288 136336
1502287288 155773
1502287288 385874
1502287288 405344
1502287288 511122
1502287288 530307
1502287288 616337
1502287288 637103
1502287288 712566
1502287288 731838
1502287288 798751
1502287288 818094
1502287289 19380
1502287289 39552
1502287289 240738
1502287289 260013
1502287289 345969
1502287289 365351
1502287289 432219
1502287289 451519
1502287289 700954
1502287289 720989
1502287289 883244
1502287289 903427
1502287289 970392
1502287289 989677
1502287290 104675
1502287290 124019
1502287290 373419
1502287290 392702
1502287290 469515
1502287290 488817
1502287290 584775
1502287290 604014
1502287290 700022
1502287290 719248
1502287290 834328
1502287290 853628
1502287290 987740
1502287291 7095
1502287291 141150
1502287291 160391
1502287291 342523
1502287291 362852
1502287291 486820
1502287291 506054
1502287291 746408
1502287291 765756
1502287291 947905
1502287291 967118
1502287292 197442
1502287292 216728
1502287292 427951
1502287292 447253
1502287292 600293
1502287292 619595
1502287292 734669
1502287292 754000
1502287292 994178
1502287293 13571
1502287293 233865
1502287293 253249
1502287293 397193
1502287293 416476
1502287293 665852
1502287293 685006
1502287293 877202
1502287293 896440
1502287294 20556
1502287294 40775
1502287294 290089
1502287294 309524
1502287294 510696
1502287294 530039
1502287294 634989
1502287294 655193
1502287294 884571
1502287294 904780
1502287295 134270
1502287295 154312
1502287295 288381
1502287295 307719
1502287295 508904
1502287295 528182
1502287295 643347
1502287295 662530
1502287295 844719
1502287295 864055
1502287296 36155
1502287296 55527
1502287296 180421
1502287296 199845
1502287296 381939
1502287296 401231
1502287296 574325
1502287296 593664
1502287296 689569
1502287296 708805
1502287296 910073
1502287296 929413
1502287297 25345
1502287297 44712
1502287297 197764
1502287297 217057
1502287297 457291
1502287297 476574
1502287297 687801
1502287297 706984
1502287297 841225
1502287297 860567
1502287298 52630
1502287298 71909
1502287298 186944
1502287298 206288
1502287298 369368
1502287298 388739
1502287298 464608
1502287298 484800
1502287298 686048
1502287298 705517
1502287298 858448
1502287298 877745
1502287299 59946
1502287299 79378
1502287299 213323
1502287299 233473
1502287299 472864
1502287299 492215
1502287299 712471
1502287299 731694
1502287299 951994
1502287299 972144
1502287300 77269
1502287300 96591
1502287300 316817
1502287300 336106
1502287300 518266
1502287300 537606
1502287300 633636
1502287300 652839
1502287300 893169
1502287300 912436
1502287301 132684
1502287301 152152
1502287301 286030
1502287301 305349
1502287301 535699
1502287301 554996
1502287301 708989
1502287301 728238
1502287301 804215
1502287301 823587
1502287302 72831
1502287302 93051
1502287302 342368
1502287302 361751
1502287302 611153
1502287302 630459
1502287302 793427
1502287302 812725
1502287303 23938
1502287303 43269
1502287303 225438
1502287303 244807
1502287303 311619
1502287303 331008
1502287303 416943
1502287303 437162
1502287303 513040
1502287303 532399
1502287303 618368
1502287303 638595
1502287303 791627
1502287303 811006
1502287304 31259
1502287304 50566
1502287304 270964
1502287304 291103
1502287304 367045
1502287304 386555
1502287304 453423
1502287304 473743
1502287304 626594
1502287304 646010
1502287304 731816
1502287304 751159
1502287304 847108
1502287304 866387
1502287305 20496
1502287305 39828
1502287305 211935
1502287305 231201
1502287305 384367
1502287305 404540
1502287305 509633
1502287305 528910
1502287305 778265
1502287305 797663
1502287305 874386
1502287305 893853
1502287306 8821
1502287306 28195
1502287306 258254
1502287306 277573
1502287306 517842
1502287306 537188
1502287306 652159
1502287306 671459
1502287306 910781
1502287306 930984
1502287307 84150
1502287307 103378
1502287307 170274
1502287307 190154
1502287307 295561
1502287307 314842
1502287307 545150
1502287307 564506
1502287307 688505
1502287307 707884
1502287307 822852
1502287307 843033
1502287308 15313
1502287308 34616
1502287308 168591
1502287308 187866
1502287308 293812
1502287308 313137
1502287308 562455
1502287308 581731
1502287308 812036
1502287308 831288
1502287309 71563
1502287309 90864
1502287309 292105
1502287309 311441
1502287309 541754
1502287309 561018
1502287309 791183
1502287309 810546
1502287309 934558
1502287309 954010
1502287310 203271
1502287310 223467
1502287310 443692
1502287310 463035
1502287310 674243
1502287310 693599
1502287310 942886
1502287310 962150
1502287311 154264
1502287311 173528
1502287311 288636
1502287311 307994
1502287311 461069
1502287311 480463
1502287311 710595
1502287311 729876
1502287311 835827
1502287311 855180
1502287311 931224
1502287311 950483
1502287312 132649
1502287312 152798
1502287312 276859
1502287312 296271
1502287312 363056
1502287312 382540
1502287312 526379
1502287312 545815
1502287312 756958
1502287312 776264
1502287312 872300
1502287312 891534
1502287313 54676
1502287313 73931
1502287313 227012
1502287313 246328
1502287313 314226
1502287313 333637
1502287313 543735
1502287313 564115
1502287313 793311
1502287313 813558
1502287313 918535
1502287313 937943
1502287314 52887
1502287314 72104
1502287314 149144
1502287314 168396
1502287314 321562
1502287314 340850
1502287314 571062
1502287314 590374
1502287314 820695
1502287314 840982
1502287315 42049
1502287315 61436
1502287315 224572
1502287315 243896
1502287315 319705
1502287315 340074
1502287315 522208
1502287315 541447
1502287315 627360
1502287315 646699
1502287315 848107
1502287315 867284
1502287316 88519
1502287316 107852
1502287316 318873
1502287316 338332
1502287316 491342
1502287316 510725
1502287316 731915
1502287316 751087
1502287316 952369
1502287316 971760
1502287317 124773
1502287317 144205
1502287317 326271
1502287317 346432
1502287317 537680
1502287317 557138
1502287317 623928
1502287317 643249
1502287317 797193
1502287317 816707
1502287317 912466
1502287317 931820
1502287318 181066
1502287318 200540
1502287318 430622
1502287318 449965
1502287318 564983
1502287318 584301
1502287318 680296
1502287318 699690
1502287318 900797
1502287318 920027
1502287319 55056
1502287319 74327
1502287319 150396
1502287319 169731
1502287319 399866
1502287319 420027
1502287319 669383
1502287319 688754
1502287319 764804
1502287319 784043
1502287319 870848
1502287319 890217
1502287320 139512
1502287320 158800
1502287320 292828
1502287320 312145
1502287320 523409
1502287320 542719
1502287320 743974
1502287320 764218
1502287320 936283
1502287320 955516
1502287321 108687
1502287321 128069
1502287321 195742
1502287321 215063
1502287321 368227
1502287321 387735
1502287321 550688
1502287321 569971
1502287321 723049
1502287321 743500
1502287321 905513
1502287321 924862
1502287322 126870
1502287322 146193
1502287322 395610
1502287322 414961
1502287322 510924
1502287322 530238
1502287322 674190
1502287322 693417
1502287322 817530
1502287322 836889
1502287322 961894
1502287322 981132
1502287323 134437
1502287323 153542
1502287323 364760
1502287323 383940
1502287323 460976
1502287323 480254
1502287323 729530
1502287323 748858
1502287323 922137
1502287323 941161
1502287324 17238
1502287324 37571
1502287324 142495
1502287324 161745
1502287324 411187
1502287324 430409
1502287324 651605
1502287324 670923
1502287324 756834
1502287324 776186
1502287324 939337
1502287324 958598
1502287325 44548
1502287325 63924
1502287325 265967
1502287325 285260
1502287325 419347
1502287325 438772
1502287325 505521
1502287325 524805
1502287325 687986
1502287325 707290
1502287325 889418
1502287325 908783
1502287326 158103
1502287326 178388
1502287326 254350
1502287326 273573
1502287326 513819
1502287326 533073
1502287326 772438
1502287326 792577
1502287326 926703
1502287326 946159
1502287327 109162
1502287327 128539
1502287327 310548
1502287327 329829
1502287327 396810
1502287327 416117
1502287327 502064
1502287327 522314
1502287327 704521
1502287327 723958
1502287327 934184
1502287327 954262
1502287328 193699
1502287328 212865
1502287328 462250
1502287328 481604
1502287328 663724
1502287328 683056
1502287328 856152
1502287328 875510
1502287328 952333
1502287328 971547
1502287329 182945
1502287329 202084
1502287329 317097
1502287329 336436
1502287329 575684
1502287329 595109
1502287329 681929
1502287329 701309
1502287329 864243
1502287329 883574
1502287330 17708
1502287330 37117
1502287330 190088
1502287330 209422
1502287330 449774
1502287330 468949
1502287330 545866
1502287330 565344
1502287330 756486
1502287330 776831
1502287331 15925
1502287331 35205
1502287331 217474
1502287331 236832
1502287331 476942
1502287331 496182
1502287331 735553
1502287331 755898
1502287331 841984
1502287331 861253
1502287331 957014
1502287331 976464
1502287332 91280
1502287332 110680
1502287332 177500
1502287332 196812
1502287332 378937
1502287332 398293
1502287332 599563
1502287332 618826
1502287332 782053
1502287332 801300
1502287333 31496
1502287333 51807
1502287333 301037
1502287333 320429
1502287333 569665
1502287333 588934
1502287333 819255
1502287333 838766
1502287333 972571
1502287333 991912
1502287334 154995
1502287334 174418
1502287334 385608
1502287334 405026
1502287334 538927
1502287334 558170
1502287334 769476
1502287334 788764
1502287334 874637
1502287334 894827
1502287334 961766
1502287334 981145
1502287335 96076
1502287335 116044
1502287335 354729
1502287335 374968
1502287335 537199
1502287335 557547
1502287335 806692
1502287335 826087
1502287336 56310
1502287336 75622
1502287336 266749
1502287336 286350
1502287336 353824
1502287336 373227
1502287336 564607
1502287336 583861
1502287336 650885
1502287336 670970
1502287336 881065
1502287336 901286
1502287337 102644
1502287337 121979
1502287337 361244
1502287337 380666
1502287337 562807
1502287337 583162
1502287337 793468
1502287337 812496
1502287337 927529
1502287337 947746
1502287338 187039
1502287338 206352
1502287338 446697
1502287338 465931
1502287338 677069
1502287338 696471
1502287338 878541
1502287338 897963
1502287339 80049
1502287339 99413
1502287339 338702
1502287339 358895
1502287339 588310
1502287339 608587
1502287339 751616
1502287339 771048
1502287339 905940
1502287339 925420
1502287340 164442
1502287340 183826
1502287340 346885
1502287340 366242
1502287340 491197
1502287340 510565
1502287340 692772
1502287340 711965
1502287340 826957
1502287340 846258
1502287341 9420
1502287341 28771
1502287341 210894
1502287341 230230
1502287341 460391
1502287341 479739
1502287341 642728
1502287341 662063
1502287341 892400
1502287341 911599
1502287342 141943
1502287342 163630
1502287342 372398
1502287342 391853
1502287342 458640
1502287342 479173
1502287342 670033
1502287342 689443
1502287342 871626
1502287342 890882
1502287343 121184
1502287343 140473
1502287343 322630
1502287343 343102
1502287343 437855
1502287343 458192
1502287343 620288
1502287343 640479
1502287343 869823
1502287343 890155
1502287343 976000
1502287343 995413
1502287344 72214
1502287344 92542
1502287344 206540
1502287344 225920
1502287344 436988
1502287344 456423
1502287344 676595
1502287344 695943
1502287344 945216
1502287344 964482
1502287345 204756
1502287345 224049
1502287345 291031
1502287345 310443
1502287345 406175
1502287345 425684
1502287345 540591
1502287345 559896
1502287345 674844
1502287345 694223
1502287345 857323
1502287345 876683
1502287346 10597
1502287346 31219
1502287346 116787
1502287346 136230
1502287346 222036
1502287346 241695
1502287346 375532
1502287346 395938
1502287346 481658
1502287346 500929
1502287346 673066
1502287346 693472
1502287346 760162
1502287346 779476
1502287346 865434
1502287346 885389
1502287347 18900
1502287347 38112
1502287347 163111
1502287347 182534
1502287347 325649
1502287347 345910
1502287347 431896
1502287347 451068
1502287347 633262
1502287347 652660
1502287347 738440
1502287347 757880
1502287347 939955
1502287347 959414
1502287348 199477
1502287348 218868
1502287348 323845
1502287348 344081
1502287348 458183
1502287348 478598
1502287348 545351
1502287348 564547
1502287348 727678
1502287348 747045
1502287348 900134
1502287348 919485
1502287349 159627
1502287349 179101
1502287349 370132
1502287349 390581
1502287349 600695
1502287349 620002
1502287349 831167
1502287349 850533
1502287350 42765
1502287350 62117
1502287350 176983
1502287350 196377
1502287350 426726
1502287350 445802
1502287350 628101
1502287350 647430
1502287350 868545
1502287350 888078
1502287351 21877
1502287351 41268
1502287351 242554
1502287351 261770
1502287351 396691
1502287351 416019
1502287351 501904
1502287351 521267
1502287351 693413
1502287351 712777
1502287351 885764
1502287351 905152
1502287352 68188
1502287352 87561
1502287352 164334
1502287352 183788
1502287352 414036
1502287352 433328
1502287352 663484
1502287352 683020
1502287352 778762
1502287352 798281
1502287352 989486
1502287353 9584
1502287353 210710
1502287353 230243
1502287353 450310
1502287353 469691
1502287353 594655
1502287353 614032
1502287353 844164
1502287353 863502
1502287353 930397
1502287353 949863
1502287354 83823
1502287354 104026
1502287354 305338
1502287354 324632
1502287354 506701
1502287354 525941
1502287354 670003
1502287354 689435
1502287354 919638
1502287354 938940
1502287355 72941
1502287355 92232
1502287355 207239
1502287355 226648
1502287355 332550
1502287355 351816
1502287355 514877
1502287355 534357
1502287355 620169
1502287355 639475
1502287355 831614
1502287355 850990
1502287356 90236
1502287356 109634
1502287356 320755
1502287356 340062
1502287356 484170
1502287356 503457
1502287356 589391
1502287356 609585
1502287356 695536
1502287356 715066
1502287356 858910
1502287356 878213
1502287357 89526
1502287357 108732
1502287357 184741
1502287357 204168
1502287357 367142
1502287357 386630
1502287357 520571
1502287357 540693
1502287357 760951
1502287357 780470
1502287357 943408
1502287357 962768
1502287358 29567
1502287358 48948
1502287358 173966
1502287358 193307
1502287358 432543
1502287358 452628
1502287358 567688
1502287358 587096
1502287358 750239
1502287358 769503
1502287358 912590
1502287358 932882
1502287359 104989
1502287359 124461
1502287359 258515
1502287359 277822
1502287359 364639
1502287359 383929
1502287359 594138
1502287359 614283
1502287359 805606
1502287359 824915
1502287359 901772
1502287359 921159
1502287360 113255
1502287360 132751
1502287360 218503
1502287360 237851
1502287360 439042
1502287360 459298
1502287360 650445
1502287360 669931
1502287360 919156
1502287360 938565
1502287361 73383
1502287361 92638
1502287361 293885
1502287361 313285
1502287361 447329
1502287361 466719
1502287361 600703
1502287361 620817
1502287361 744970
1502287361 764441
1502287361 956347
1502287361 975805
1502287362 195892
1502287362 215432
1502287362 407418
1502287362 426847
1502287362 656872
1502287362 676374
1502287362 858480
1502287362 877740
1502287362 992776
1502287363 12155
1502287363 204142
1502287363 223522
1502287363 453812
1502287363 473214
1502287363 539901
1502287363 559381
1502287363 761365
1502287363 785328
1502287363 847611
1502287363 867028
1502287364 10913
1502287364 30295
1502287364 279600
1502287364 299018
1502287364 365798
1502287364 385123
1502287364 567381
1502287364 586641
1502287364 826799
1502287364 846323
1502287365 85494
1502287365 105655
1502287365 345058
1502287365 364269
1502287365 508559
1502287365 527697
1502287365 775953
1502287365 795341
1502287365 939342
1502287365 958740
1502287366 25640
1502287366 45831
1502287366 112657
1502287366 132025
1502287366 314322
1502287366 333623
1502287366 515627
1502287366 535001
1502287366 601866
1502287366 621220
1502287366 803412
1502287366 822672
1502287367 62977
1502287367 82181
1502287367 302413
1502287367 321792
1502287367 456807
1502287367 476415
1502287367 610098
1502287367 629435
1502287367 744535
1502287367 763893
1502287367 994022
1502287368 13396
1502287368 262743
1502287368 281885
1502287368 531139
1502287368 550448
1502287368 780743
1502287368 801173
1502287368 934980
1502287368 961257
1502287369 58463
1502287369 78981
1502287369 212671
1502287369 232204
1502287369 433326
1502287369 452484
1502287369 701900
1502287369 721253
1502287369 846189
1502287369 865656
1502287370 66715
1502287370 86002
1502287370 278131
1502287370 297430
1502287370 383483
1502287370 402719
1502287370 603960
1502287370 624159
1502287370 786531
1502287370 805734
1502287370 892541
1502287370 913387
1502287371 123185
1502287371 142527
1502287371 276464
1502287371 295728
1502287371 449018
1502287371 468290
1502287371 640309
1502287371 659814
1502287371 726530
1502287371 746739
1502287371 918916
1502287371 938313
1502287372 168571
1502287372 187760
1502287372 321748
1502287372 341113
1502287372 437325
1502287372 456563
1502287372 696617
1502287372 715882
1502287372 898176
1502287372 917447
1502287373 70689
1502287373 90757
1502287373 311082
1502287373 330451
1502287373 493426
1502287373 512642
1502287373 723980
1502287373 743350
1502287373 973544
1502287373 992755
1502287374 59715
1502287374 79030
1502287374 232175
1502287374 252386
1502287374 376477
1502287374 395967
1502287374 597000
1502287374 617165
1502287374 846517
1502287374 866739
1502287374 991055
1502287375 10256
1502287375 221333
1502287375 240619
1502287375 326585
1502287375 346757
1502287375 499897
1502287375 519129
1502287375 672348
1502287375 691789
1502287375 797588
1502287375 816774
1502287376 37168
1502287376 56597
1502287376 305788
1502287376 326005
1502287376 546334
1502287376 565606
1502287376 728845
1502287376 748171
1502287376 987424
1502287377 7721
1502287377 160730
1502287377 180034
1502287377 324079
1502287377 343403
1502287377 525521
1502287377 544886
1502287377 688892
1502287377 708188
1502287377 909417
1502287377 928680
1502287378 14585
1502287378 34164
1502287378 274185
1502287378 293498
1502287378 446578
1502287378 465890
1502287378 629002
1502287378 653313
1502287378 716091
1502287378 735432
1502287378 984934
1502287379 3946
1502287379 186199
1502287379 205582
1502287379 339610
1502287379 358985
1502287379 454851
1502287379 474091
1502287379 637230
1502287379 656507
1502287379 732548
1502287379 752667
1502287380 2047
1502287380 21450
1502287380 97370
1502287380 116701
1502287380 193584
1502287380 212822
1502287380 462198
1502287380 481435
1502287380 692637
1502287380 711898
1502287380 923153
1502287380 942506
1502287381 135383
1502287381 153939
1502287381 220806
1502287381 240055
1502287381 374255
1502287381 393495
1502287381 528551
1502287381 547928
1502287381 729983
1502287381 749293
1502287381 998559
1502287382 17958
1502287382 93897
1502287382 113325
1502287382 343428
1502287382 362779
1502287382 429652
1502287382 449884
1502287382 554865
1502287382 574151
1502287382 804349
1502287382 823655
1502287383 6009
1502287383 25226
1502287383 207461
1502287383 227527
1502287383 380840
1502287383 400025
1502287383 476894
1502287383 496182
1502287383 572290
1502287383 591632
1502287383 793617
1502287383 812865
1502287384 14294
1502287384 33495
1502287384 253674
1502287384 273885
1502287384 407955
1502287384 427238
1502287384 609571
1502287384 628867
1502287384 849140
1502287384 868458
1502287385 79602
1502287385 99050
1502287385 242857
1502287385 262115
1502287385 377172
1502287385 396535
1502287385 520595
1502287385 540433
1502287385 607782
1502287385 626989
1502287385 770173
1502287385 790405
1502287385 924354
1502287385 943628
1502287386 106922
1502287386 126184
1502287386 250259
1502287386 269581
1502287386 413612
1502287386 432873
1502287386 634103
1502287386 654209
1502287386 874636
1502287386 893857
1502287387 47073
1502287387 66338
1502287387 220361
1502287387 239682
1502287387 440864
1502287387 460124
1502287387 527146
1502287387 546563
1502287387 728636
1502287387 748716
1502287387 872912
1502287387 892147
1502287387 978069
1502287387 998273
1502287388 227740
1502287388 247954
1502287388 391130
1502287388 410416
1502287388 525319
1502287388 545475
1502287388 621495
1502287388 641219
1502287388 736744
1502287388 756187
1502287388 842970
1502287388 862301
1502287389 44413
1502287389 63762
1502287389 264914
1502287389 284285
1502287389 409364
1502287389 428580
1502287389 591679
1502287389 611048
1502287389 686917
1502287389 707081
1502287389 927427
1502287389 946743
1502287390 80804
1502287390 100222
1502287390 330389
1502287390 349650
1502287390 551027
1502287390 571109
1502287390 781546
1502287390 800621
1502287391 31062
1502287391 51179
1502287391 290585
1502287391 309885
1502287391 424771
1502287391 444054
1502287391 578130
1502287391 598354
1502287391 703427
1502287391 722632
1502287391 856718
1502287391 876049
1502287391 981987
1502287392 1250
1502287392 164379
1502287392 183686
1502287392 403972
1502287392 423234
1502287392 490316
1502287392 509461
1502287392 729950
1502287392 749180
1502287392 941259
1502287392 961206
1502287393 142733
1502287393 162125
1502287393 354119
1502287393 373547
1502287393 555617
1502287393 574921
1502287393 766142
1502287393 785516
1502287394 15698
1502287394 35162
1502287394 198195
1502287394 217433
1502287394 284307
1502287394 304469
1502287394 533968
1502287394 554138
1502287394 659143
1502287394 678461
1502287394 774363
1502287394 793784
1502287395 4924
1502287395 24358
1502287395 196391
1502287395 216646
1502287395 321719
1502287395 340891
1502287395 494101
1502287395 514287
1502287395 743666
1502287395 763861
1502287395 993175
1502287396 13372
1502287396 204562
1502287396 223899
1502287396 349019
1502287396 368155
1502287396 588566
1502287396 607803
1502287396 694682
1502287396 713968
1502287396 818945
1502287396 838387
1502287397 78468
1502287397 97835
1502287397 337156
1502287397 356397
1502287397 538742
1502287397 558027
1502287397 740052
1502287397 759397
1502287397 855366
1502287397 874642
1502287397 951573
1502287397 977239
1502287398 76835
1502287398 96048
1502287398 201136
1502287398 220633
1502287398 393519
1502287398 412872
1502287398 536923
1502287398 561404
1502287398 758299
1502287398 777597
1502287398 959804
1502287398 979168
1502287399 170274
1502287399 189653
1502287399 343585
1502287399 362945
1502287399 497046
1502287399 516325
1502287399 583236
1502287399 602536
1502287399 851912
1502287399 871145
1502287399 967113
1502287399 986383
1502287400 101504
1502287400 120782
1502287400 322820
1502287400 342128
1502287400 428097
1502287400 447430
1502287400 667674
1502287400 687852
1502287400 822058
1502287400 841571
1502287401 90697
1502287401 110382
1502287401 263031
1502287401 282484
1502287401 522594
1502287401 541877
1502287401 675931
1502287401 695257
1502287401 944509
1502287401 963768
1502287402 194140
1502287402 214546
1502287402 376535
1502287402 397045
1502287402 587999
1502287402 607423
1502287402 741360
1502287402 761724
1502287402 914691
1502287402 933978
1502287403 68070
1502287403 87442
1502287403 288571
1502287403 307936
1502287403 432861
1502287403 452164
1502287403 701587
1502287403 720786
1502287403 961106
1502287403 980277
1502287404 114439
1502287404 133711
1502287404 363958
1502287404 383281
1502287404 479186
1502287404 498559
1502287404 699779
1502287404 720146
1502287404 930259
1502287404 949724
1502287405 45528
1502287405 64815
1502287405 275980
1502287405 295305
1502287405 448424
1502287405 468674
1502287405 602740
1502287405 621967
1502287405 765165
1502287405 784580
1502287405 918597
1502287405 938752
1502287406 62978
1502287406 82248
1502287406 274293
1502287406 293577
1502287406 379569
1502287406 398812
1502287406 629106
1502287406 648349
1502287406 897723
1502287406 917871
1502287407 61042
1502287407 80359
1502287407 186371
1502287407 205554
1502287407 310630
1502287407 330748
1502287407 551131
1502287407 570365
1502287407 704451
1502287407 723865
1502287407 877779
1502287407 897039
1502287408 31345
1502287408 51040
1502287408 117450
1502287408 136645
1502287408 203603
1502287408 222883
1502287408 414962
1502287408 434273
1502287408 558452
1502287408 577961
1502287408 683692
1502287408 703018
1502287408 827078
1502287408 847219
1502287409 86714
1502287409 106060
1502287409 278977
1502287409 298276
1502287409 509545
1502287409 528806
1502287409 633933
1502287409 653211
1502287409 835495
1502287409 854582
1502287410 84874
1502287410 104355
1502287410 210050
1502287410 229383
1502287410 411601
1502287410 430902
1502287410 603107
1502287410 623240
1502287410 709185
1502287410 728590
1502287410 805402
1502287410 824703
1502287411 45150
1502287411 64282
1502287411 304547
1502287411 323846
1502287411 428879
1502287411 448271
1502287411 602249
1502287411 621576
1502287411 774612
1502287411 794071
1502287411 957021
1502287411 976302
1502287412 52345
1502287412 72620
1502287412 254770
1502287412 274220
1502287412 484349
1502287412 504460
1502287412 619599
1502287412 639044
1502287412 781994
1502287412 802188
1502287412 878181
1502287412 897489
1502287413 22487
1502287413 41732
1502287413 252990
1502287413 273488
1502287413 396428
1502287413 416712
1502287413 588692
1502287413 608081
1502287413 809257
1502287413 829048
1502287413 982617
1502287414 1888
1502287414 106939
1502287414 126406
1502287414 270252
1502287414 289603
1502287414 490839
1502287414 511280
1502287414 645026
1502287414 664497
1502287414 855624
1502287414 875813
1502287415 58003
1502287415 77405
1502287415 268473
1502287415 287857
1502287415 411939
1502287415 431212
1502287415 498155
1502287415 518370
1502287415 604306
1502287415 623808
1502287415 853903
1502287415 873299
1502287416 103454
1502287416 122837
1502287416 227759
1502287416 248199
1502287416 468329
1502287416 487705
1502287416 707913
1502287416 728236
1502287416 823071
1502287416 842351
1502287417 72696
1502287417 93964
1502287417 187875
1502287417 207217
1502287417 457370
1502287417 476733
1502287417 552706
1502287417 571991
1502287417 638914
1502287417 659059
1502287417 812340
1502287417 831738
1502287417 898702
1502287417 917788
1502287418 147993
1502287418 167261
1502287418 311362
1502287418 330797
1502287418 473893
1502287418 493160
1502287418 570029
1502287418 589402
1502287418 800534
1502287418 819783
1502287418 924793
1502287418 945029
1502287419 127248
1502287419 146585
1502287419 367149
1502287419 386251
1502287419 529362
1502287419 548625
1502287419 788848
1502287419 808930
1502287420 47485
1502287420 66726
1502287420 249006
1502287420 268195
1502287420 383392
1502287420 402655
1502287420 479385
1502287420 498830
1502287420 575646
1502287420 594891
1502287420 796120
1502287420 815333
1502287421 45824
1502287421 65227
1502287421 238138
1502287421 257271
1502287421 496761
1502287421 516006
1502287421 736318
1502287421 755591
1502287421 832518
1502287421 851819
1502287422 82011
1502287422 101433
1502287422 350635
1502287422 369968
1502287422 446876
1502287422 466370
1502287422 677423
1502287422 696666
1502287422 897880
1502287422 917281
1502287423 119310
1502287423 138824
1502287423 358916
1502287423 378157
1502287423 464170
1502287423 484357
1502287423 723701
1502287423 743139
1502287423 886229
1502287423 906330
1502287424 88539
1502287424 108038
1502287424 260964
1502287424 280250
1502287424 405247
1502287424 424607
1502287424 664011
1502287424 683396
1502287424 904370
1502287424 923767
1502287425 124857
1502287425 144313
1502287425 249300
1502287425 269504
1502287425 470644
1502287425 490022
1502287425 729371
1502287425 748603
1502287425 978945
1502287425 998074
1502287426 170431
1502287426 190638
1502287426 314739
1502287426 333988
1502287426 555161
1502287426 574338
1502287426 813835
1502287426 833684
1502287426 938186
1502287426 958401
1502287427 34363
1502287427 53852
1502287427 255758
1502287427 275022
1502287427 350959
1502287427 370264
1502287427 543519
1502287427 569292
1502287427 764025
1502287427 783298
1502287427 927310
1502287427 946794
1502287428 32583
1502287428 51836
1502287428 263025
1502287428 282360
1502287428 425475
1502287428 444717
1502287428 569994
1502287428 589314
1502287428 790264
1502287428 809569
1502287429 989
1502287429 20378
1502287429 97048
1502287429 116283
1502287429 298665
1502287429 317788
1502287429 567180
1502287429 586441
1502287429 835875
1502287429 855993
1502287430 9188
1502287430 28379
1502287430 229592
1502287430 249386
1502287430 325812
1502287430 345149
1502287430 584553
1502287430 603894
1502287430 680642
1502287430 700206
1502287430 930276
1502287430 949501
1502287431 54547
1502287431 74005
1502287431 188889
1502287431 209156
1502287431 448418
1502287431 468026
1502287431 688084
1502287431 708313
1502287431 880381
1502287431 899614
1502287431 985630
1502287432 5879
1502287432 226164
1502287432 245940
1502287432 350429
1502287432 370754
1502287432 523786
1502287432 543079
1502287432 677203
1502287432 696506
1502287432 840508
1502287432 859865
1502287433 80099
1502287433 100229
1502287433 224358
1502287433 243689
1502287433 416794
1502287433 436166
1502287433 521971
1502287433 541381
1502287433 694421
1502287433 714608
1502287433 944029
1502287433 964189
1502287434 50195
1502287434 69704
1502287434 136452
1502287434 155717
1502287434 356907
1502287434 376216
1502287434 539349
1502287434 558701
1502287434 750932
1502287434 770170
1502287435 416
1502287435 19664
1502287435 105637
1502287435 125779
1502287435 317078
1502287435 336358
1502287435 557525
1502287435 576884
1502287435 749144
1502287435 768572
1502287435 989527
1502287436 8862
1502287436 151992
1502287436 172110
1502287436 354478
1502287436 373677
1502287436 564928
1502287436 584263
1502287436 766362
1502287436 786769
1502287436 929766
1502287436 949005
1502287437 64054
1502287437 83439
1502287437 208373
1502287437 227572
1502287437 447904
1502287437 468041
1502287437 621207
1502287437 640485
1502287437 755509
1502287437 774846
1502287437 860783
1502287437 880309
1502287438 62258
1502287438 82423
1502287438 311824
1502287438 331969
1502287438 581331
1502287438 600606
1502287438 840007
1502287438 859315
1502287439 32380
1502287439 51785
1502287439 262899
1502287439 282166
1502287439 435332
1502287439 454609
1502287439 559750
1502287439 579801
