1502287142 19330
1502287142 124346
1502287142 258287
1502287142 459736
1502287142 574863
1502287142 748136
1502287142 931015
1502287143 64935
1502287143 295348
1502287143 534986
1502287143 736373
1502287143 880734
1502287144 130254
1502287144 369887
1502287144 456133
1502287144 590380
1502287144 733742
1502287144 878290
1502287145 31426
1502287145 117758
1502287145 348176
1502287145 521492
1502287145 645832
1502287145 790150
1502287145 953452
1502287146 193009
1502287146 327377
1502287146 499779
1502287146 759323
1502287146 960735
1502287147 229467
1502287147 402792
1502287147 594182
1502287147 757759
1502287147 958971
1502287148 141440
1502287148 285869
1502287148 410001
1502287148 544324
1502287148 803874
1502287148 938260
1502287149 72543
1502287149 303043
1502287149 552647
1502287149 629678
1502287149 793119
1502287150 3660
1502287150 186181
1502287150 435550
1502287150 512690
1502287150 781385
1502287150 906563
1502287151 2961
1502287151 242491
1502287151 462898
1502287151 674374
1502287151 875802
1502287151 981962
1502287152 97190
1502287152 307909
1502287152 519543
1502287152 739660
1502287152 893966
1502287153 95410
1502287153 259091
1502287153 508412
1502287153 651774
1502287153 738054
1502287153 997580
1502287154 189953
1502287154 325348
1502287154 544863
1502287154 727264
1502287154 909513
1502287155 62926
1502287155 245394
1502287155 399633
1502287155 475872
1502287155 744436
1502287155 975155
1502287156 157408
1502287156 348784
1502287156 608381
1502287156 809992
1502287156 973385
1502287157 88750
1502287157 338118
1502287157 558517
1502287157 703007
1502287157 847128
1502287158 19585
1502287158 124915
1502287158 374372
1502287158 566946
1502287158 711226
1502287158 835563
1502287159 36935
1502287159 277646
1502287159 546024
1502287159 690311
1502287159 862837
1502287160 16166
1502287160 256612
1502287160 342880
1502287160 563271
1502287160 775224
1502287160 928108
1502287161 101422
1502287161 235840
1502287161 341000
1502287161 418120
1502287161 562624
1502287161 676820
1502287161 783127
1502287162 41702
1502287162 272075
1502287162 397439
1502287162 598921
1502287162 752295
1502287162 973635
1502287163 68886
1502287163 222640
1502287163 453037
1502287163 635588
1502287163 903980
1502287164 19086
1502287164 239640
1502287164 421996
1502287164 566596
1502287164 816152
1502287165 55504
1502287165 199933
1502287165 286010
1502287165 526595
1502287165 795361
1502287166 35871
1502287166 217040
1502287166 467662
1502287166 688273
1502287166 812936
1502287166 927751
1502287167 158427
1502287167 341163
1502287167 465805
1502287167 657373
1502287167 878023
1502287167 964310
1502287168 89329
1502287168 280716
1502287168 387062
1502287168 559491
1502287168 799068
1502287169 10484
1502287169 96795
1502287169 269000
1502287169 452564
1502287169 557675
1502287169 653930
1502287169 807212
1502287169 931566
1502287170 104759
1502287170 354581
1502287170 478776
1502287170 671263
1502287170 768473
1502287171 16913
1502287171 112240
1502287171 227430
1502287171 409898
1502287171 659318
1502287171 762792
1502287171 839970
1502287171 974241
1502287172 50388
1502287172 242950
1502287172 444064
1502287172 646116
1502287172 798016
1502287172 885397
1502287173 47786
1502287173 249929
1502287173 432510
1502287173 634125
1502287173 892859
1502287174 7959
1502287174 123128
1502287174 267505
1502287174 411762
1502287174 546078
1502287174 756571
1502287174 968064
1502287175 102387
1502287175 323750
1502287175 573499
1502287175 735827
1502287175 976339
1502287176 206755
1502287176 437471
1502287176 695996
1502287176 955590
1502287177 99791
1502287177 358442
1502287177 511825
1502287177 752361
1502287177 953894
1502287178 58980
1502287178 299540
1502287178 500943
1502287178 731583
1502287178 836794
1502287178 971052
1502287179 115358
1502287179 327022
1502287179 577500
1502287179 662729
1502287179 777830
1502287179 989536
1502287180 142705
1502287180 354219
1502287180 603806
1502287180 818179
1502287181 1505
1502287181 175086
1502287181 318802
1502287181 414189
1502287181 529371
1502287181 778937
1502287181 866076
1502287182 124741
1502287182 259085
1502287182 499463
1502287182 642864
1502287182 739749
1502287182 825339
1502287182 969666
1502287183 75750
1502287183 210205
1502287183 411850
1502287183 615298
1502287183 776949
1502287183 948740
1502287184 93007
1502287184 323616
1502287184 505969
1502287184 659358
1502287184 745738
1502287185 5321
1502287185 206817
1502287185 292854
1502287185 399164
1502287185 657654
1502287185 773080
1502287185 993342
1502287186 204919
1502287186 320101
1502287186 454604
1502287186 713988
1502287186 819377
1502287187 68739
1502287187 232200
1502287187 366589
1502287187 568009
1502287187 817664
1502287187 932748
1502287188 192262
1502287188 326594
1502287188 557073
1502287188 796829
1502287188 950911
1502287189 114323
1502287189 296712
1502287189 392200
1502287189 574455
1502287189 785957
1502287189 987352
1502287190 121763
1502287190 304134
1502287190 419340
1502287190 563581
1502287190 649777
1502287190 765101
1502287191 14690
1502287191 148980
1502287191 331421
1502287191 542775
1502287191 670088
1502287191 907615
1502287192 61045
1502287192 272463
1502287192 502919
1502287192 704265
1502287192 915826
1502287193 184396
1502287193 356936
1502287193 462047
1502287193 616473
1502287193 750840
1502287194 349
1502287194 153586
1502287194 287988
1502287194 489586
1502287194 652823
1502287194 768066
1502287194 998598
1502287195 132817
1502287195 296340
1502287195 526718
1502287195 651033
1502287195 920485
1502287196 121988
1502287196 227201
1502287196 313416
1502287196 438650
1502287196 697416
1502287196 927860
1502287197 177419
1502287197 292704
1502287197 561279
1502287197 676577
1502287197 858954
1502287198 60412
1502287198 242876
1502287198 473271
1502287198 741888
1502287198 943294
1502287199 193018
1502287199 404428
1502287199 490551
1502287199 654041
1502287199 855444
1502287200 8931
1502287200 268341
1502287200 383539
1502287200 518005
1502287200 777427
1502287200 988026
1502287201 123235
1502287201 295666
1502287201 449175
1502287201 717609
1502287201 880978
1502287202 15281
1502287202 245821
1502287202 476315
1502287202 744980
1502287202 975385
1502287203 195967
1502287203 330192
1502287203 484671
1502287203 705118
1502287203 829440
1502287203 944664
1502287204 194219
1502287204 386588
1502287204 539933
1502287204 769559
1502287204 932848
1502287205 192473
1502287205 403869
1502287205 566358
1502287205 748817
1502287205 960186
1502287206 113636
1502287206 248160
1502287206 363160
1502287206 478358
1502287206 718852
1502287206 872198
1502287207 92709
1502287207 294307
1502287207 438551
1502287207 611095
1502287207 736181
1502287207 841522
1502287207 937809
1502287208 23870
1502287208 177194
1502287208 388942
1502287208 571296
1502287208 830657
1502287209 80134
1502287209 185422
1502287209 415955
1502287209 684557
1502287209 771691
1502287210 30508
1502287210 299141
1502287210 510356
1502287210 721941
1502287210 971409
1502287211 105756
1502287211 230944
1502287211 422433
1502287211 662977
1502287211 778203
1502287212 17792
1502287212 267423
1502287212 507853
1502287212 737632
1502287212 824577
1502287212 987072
1502287213 198536
1502287213 399966
1502287213 649508
1502287213 860864
1502287214 5196
1502287214 120361
1502287214 283796
1502287214 370006
1502287214 504319
1502287214 628851
1502287214 792067
1502287214 917394
1502287215 147871
1502287215 272093
1502287215 377425
1502287215 531688
1502287215 790421
1502287215 982622
1502287216 194065
1502287216 452704
1502287216 548945
1502287216 722357
1502287216 951839
1502287217 154282
1502287217 288519
1502287217 383855
1502287217 470962
1502287217 681504
1502287217 941027
1502287218 123467
1502287218 305823
1502287218 498307
1502287218 593583
1502287218 843271
1502287218 939462
1502287219 92642
1502287219 275064
1502287219 524585
1502287219 726087
1502287219 927549
1502287220 61856
1502287220 216275
1502287220 417634
1502287220 628190
1502287220 715215
1502287220 820560
1502287220 925829
1502287221 50122
1502287221 203509
1502287221 453143
1502287221 616456
1502287221 722634
1502287221 817886
1502287221 962198
1502287222 67525
1502287222 230858
1502287222 442234
1502287222 672852
1502287222 903259
1502287223 37606
1502287223 219986
1502287223 431440
1502287223 584766
1502287223 844317
1502287224 25865
1502287224 112050
1502287224 352539
1502287224 448099
1502287224 554035
1502287224 755492
1502287224 956964
1502287225 91295
1502287225 254633
1502287225 359952
1502287225 581322
1502287225 686639
1502287225 772786
1502287225 869011
1502287226 51395
1502287226 147524
1502287226 272430
1502287226 512415
1502287226 647182
1502287226 858283
1502287227 45419
1502287227 212126
1502287227 317685
1502287227 448927
1502287227 631398
1502287227 717562
1502287227 890848
1502287228 102343
1502287228 370952
1502287228 620532
1502287228 773874
1502287229 14409
1502287229 253946
1502287229 436373
1502287229 628808
1502287229 734023
1502287229 954613
1502287230 60713
1502287230 204057
1502287230 367848
1502287230 462753
1502287230 549890
1502287230 808508
1502287230 923761
1502287231 173343
1502287231 394711
1502287231 548221
1502287231 634331
1502287231 730623
1502287231 874903
1502287231 980136
1502287232 210590
1502287232 412118
1502287232 546332
1502287232 738850
1502287232 959278
1502287233 93574
1502287233 276289
1502287233 535583
1502287233 611865
1502287233 727066
1502287233 804209
1502287233 967562
1502287234 169023
1502287234 437685
1502287234 533785
1502287234 678193
1502287234 821598
1502287234 908004
1502287235 52002
1502287235 157246
1502287235 378765
1502287235 503041
1502287235 580219
1502287235 781881
1502287235 974043
1502287236 69336
1502287236 156418
1502287236 251664
1502287236 425053
1502287236 569611
1502287236 742239
1502287236 885463
1502287236 971396
1502287237 144740
1502287237 394369
1502287237 644124
1502287237 759135
1502287238 18652
1502287238 95221
1502287238 325422
1502287238 488695
1502287238 603954
1502287238 863548
1502287239 36484
1502287239 190495
1502287239 438946
1502287239 698409
1502287239 822859
1502287240 25513
1502287240 258813
1502287240 479842
1502287240 575243
1502287240 709584
1502287240 882854
1502287241 17058
1502287241 209403
1502287241 478067
1502287241 708667
1502287241 919186
1502287242 44483
1502287242 168766
1502287242 428157
1502287242 658746
1502287242 889525
1502287243 13563
1502287243 147830
1502287243 369507
1502287243 455499
1502287243 619124
1502287243 829429
1502287244 31775
1502287244 271345
1502287244 357582
1502287244 598008
1502287244 722373
1502287244 952867
1502287245 212364
1502287245 336744
1502287245 481003
1502287245 663397
1502287245 865016
1502287246 76324
1502287246 258878
1502287246 412260
1502287246 508324
1502287246 680809
1502287246 787234
1502287246 940391
1502287247 141774
1502287247 343292
1502287247 583678
1502287247 804268
1502287247 900480
1502287248 150001
1502287248 380557
1502287248 620122
1502287248 879628
1502287249 23054
1502287249 273487
1502287249 397871
1502287249 628294
1502287249 858831
1502287249 993118
1502287250 232789
1502287250 319832
1502287250 521266
1502287250 693822
1502287250 876291
1502287251 106649
1502287251 318204
1502287251 567660
1502287251 701939
1502287251 932428
1502287252 37736
1502287252 297355
1502287252 546809
1502287252 738360
1502287252 825605
1502287253 26921
1502287253 266537
1502287253 478028
1502287253 650377
1502287253 765610
1502287254 35384
1502287254 217841
1502287254 322838
1502287254 495230
1502287254 725812
1502287254 851210
1502287255 100590
1502287255 350233
1502287255 618728
1502287255 820296
1502287255 906517
1502287256 156124
1502287256 252276
1502287256 338453
1502287256 607976
1502287256 770433
1502287256 933768
1502287257 202386
1502287257 298570
1502287257 529165
1502287257 663357
1502287257 797731
1502287257 932105
1502287258 114558
1502287258 325845
1502287258 537263
1502287258 795949
1502287258 959279
1502287259 84453
1502287259 353071
1502287259 621749
1502287259 862298
1502287259 996519
1502287260 140868
1502287260 332321
1502287260 600917
1502287260 792421
1502287261 13859
1502287261 147284
1502287261 262512
1502287261 512150
1502287261 618366
1502287261 790767
1502287262 21346
1502287262 174636
1502287262 444112
1502287262 530307
1502287262 645630
1502287262 866184
1502287263 96574
1502287263 278970
1502287263 413354
1502287263 556650
1502287263 739065
1502287263 921762
1502287264 26755
1502287264 229256
1502287264 430672
1502287264 554888
1502287264 823528
1502287265 5930
1502287265 102174
1502287265 274558
1502287265 525069
1502287265 659384
1502287265 889899
1502287266 158498
1502287266 254703
1502287266 446218
1502287266 608638
1502287266 858441
1502287266 983435
1502287267 233017
1502287267 319184
1502287267 415387
1502287267 684008
1502287267 866565
1502287267 962598
1502287268 48839
1502287268 222189
1502287268 490731
1502287268 576921
1502287268 826613
1502287269 47044
1502287269 249462
1502287269 508116
1502287269 623353
1502287269 805797
1502287270 26329
1502287270 237784
1502287270 506427
1502287270 631640
1502287270 900260
1502287271 82764
1502287271 351457
1502287271 600800
1502287271 831445
1502287272 23715
1502287272 139042
1502287272 282368
1502287272 550962
1502287272 753369
1502287272 848668
1502287273 41103
1502287273 136155
1502287273 280583
1502287273 509977
1502287273 616383
1502287273 731669
1502287273 856268
1502287274 47449
1502287274 268060
1502287274 470426
1502287274 739018
1502287274 988560
1502287275 170948
1502287275 343487
1502287275 544997
1502287275 775394
1502287275 909733
1502287276 102111
1502287276 236493
1502287276 466937
1502287276 678293
1502287276 860840
1502287277 62247
1502287277 244590
1502287277 378885
1502287277 465017
1502287277 609460
1502287277 848980
1502287278 98517
1502287278 290035
1502287278 396215
1502287278 501438
1502287278 751058
1502287278 904414
1502287278 990594
1502287279 144016
1502287279 231072
1502287279 336318
1502287279 595906
1502287279 864707
1502287280 85049
1502287280 267565
1502287280 382779
1502287280 488021
1502287280 737614
1502287280 891997
1502287281 16181
1502287281 169567
1502287281 361978
1502287281 544508
1502287281 697733
1502287281 823050
1502287282 24635
1502287282 284026
1502287282 418256
1502287282 619825
1502287282 869333
1502287283 32573
1502287283 137954
1502287283 320284
1502287283 502771
1502287283 733349
1502287283 934638
1502287284 60034
1502287284 155271
1502287284 261454
1502287284 347625
1502287284 492004
1502287284 607143
1502287284 702427
1502287284 923936
1502287285 77335
1502287285 346029
1502287285 509258
1502287285 671698
1502287285 854116
1502287285 998329
1502287286 229191
1502287286 334380
1502287286 545675
1502287286 814469
1502287287 45008
1502287287 237206
1502287287 457721
1502287287 562900
1502287287 803411
1502287287 975951
1502287288 158274
1502287288 407861
1502287288 532050
1502287288 638313
1502287288 733617
1502287288 820721
1502287289 41376
1502287289 261716
1502287289 367014
1502287289 454138
1502287289 722801
1502287289 905193
1502287289 991454
1502287290 125774
1502287290 394293
1502287290 490426
1502287290 605705
1502287290 721011
1502287290 855308
1502287291 8864
1502287291 163023
1502287291 364607
1502287291 507820
1502287291 767472
1502287291 968949
1502287292 218454
1502287292 448984
1502287292 622393
1502287292 756648
1502287293 15270
1502287293 255732
1502287293 418983
1502287293 687723
1502287293 899175
1502287294 42486
1502287294 311275
1502287294 531678
1502287294 656921
1502287294 905624
1502287295 155167
1502287295 308520
1502287295 529877
1502287295 664364
1502287295 866007
1502287296 58185
1502287296 201663
1502287296 402863
1502287296 595309
1502287296 710569
1502287296 931228
1502287297 46456
1502287297 219688
1502287297 478401
1502287297 708860
1502287297 862311
1502287298 73815
1502287298 207993
1502287298 390595
1502287298 486640
1502287298 707141
1502287298 879513
1502287299 82071
1502287299 235232
1502287299 493947
1502287299 734330
1502287299 973985
1502287300 98287
1502287300 338822
1502287300 540224
1502287300 655502
1502287300 914135
1502287301 154622
1502287301 307055
1502287301 557571
1502287301 730030
1502287301 826258
1502287302 94737
1502287302 363411
1502287302 632047
1502287302 814570
1502287303 45013
1502287303 246438
1502287303 332808
1502287303 438998
1502287303 535005
1502287303 640260
1502287303 812754
1502287304 53147
1502287304 292792
1502287304 388935
1502287304 475317
1502287304 647768
1502287304 753756
1502287304 869142
1502287305 41532
1502287305 233837
1502287305 406272
1502287305 530820
1502287305 800351
1502287305 895486
1502287306 30071
1502287306 280178
1502287306 538826
1502287306 673238
1502287306 932658
1502287307 105159
1502287307 191327
1502287307 316688
1502287307 566238
1502287307 710563
1502287307 844835
1502287308 36260
1502287308 190639
1502287308 314984
1502287308 585163
1502287308 833117
1502287309 92717
1502287309 313277
1502287309 562770
1502287309 812339
1502287309 956592
1502287310 225378
1502287310 464869
1502287310 695261
1502287310 963906
1502287311 175367
1502287311 309878
1502287311 483043
1502287311 731623
1502287311 856888
1502287311 953060
1502287312 154624
1502287312 297914
1502287312 384124
1502287312 547505
1502287312 777975
1502287312 893370
1502287313 75778
1502287313 248136
1502287313 335160
1502287313 565679
1502287313 815337
1502287313 939624
1502287314 74808
1502287314 170164
1502287314 343484
1502287314 593078
1502287314 842479
1502287315 63007
1502287315 245623
1502287315 341816
1502287315 543092
1502287315 648364
1502287315 869835
1502287316 109627
1502287316 339967
1502287316 513394
1502287316 752848
1502287316 973660
1502287317 146766
1502287317 348217
1502287317 559540
1502287317 645919
1502287317 818304
1502287317 933604
1502287318 202158
1502287318 451737
1502287318 586928
1502287318 702225
1502287318 922700
1502287319 76106
1502287319 172351
1502287319 421751
1502287319 690583
1502287319 786790
1502287319 891912
1502287320 160591
1502287320 314787
1502287320 545342
1502287320 765916
1502287320 958207
1502287321 130621
1502287321 217092
1502287321 390314
1502287321 572519
1502287321 745075
1502287321 927427
1502287322 148036
1502287322 416662
1502287322 531886
1502287322 695160
1502287322 839587
1502287322 983793
1502287323 156304
1502287323 386688
1502287323 482851
1502287323 751517
1502287323 943061
1502287324 39232
1502287324 164500
1502287324 433257
1502287324 672669
1502287324 777891
1502287324 960430
1502287325 66681
1502287325 286992
1502287325 440399
1502287325 526570
1502287325 709015
1502287325 910457
1502287326 180018
1502287326 275286
1502287326 534751
1502287326 794300
1502287326 947796
1502287327 130234
1502287327 331494
1502287327 417816
1502287327 523323
1502287327 724688
1502287327 954313
1502287328 213671
1502287328 482385
1502287328 683878
1502287328 876204
1502287328 972452
1502287329 205401
1502287329 337231
1502287329 595916
1502287329 702048
1502287329 884588
1502287330 37979
1502287330 210206
1502287330 469775
1502287330 566001
1502287330 776734
1502287331 36008
1502287331 237553
1502287331 497279
1502287331 756561
1502287331 862176
1502287331 977213
1502287332 111473
1502287332 197732
1502287332 399177
1502287332 620640
1502287332 802994
1502287333 52703
1502287333 321285
1502287333 589784
1502287333 839381
1502287333 992884
1502287334 175232
1502287334 405571
1502287334 558996
1502287334 789666
1502287334 895726
1502287334 981847
1502287335 116306
1502287335 375903
1502287335 558419
1502287335 826751
1502287336 76312
1502287336 287904
1502287336 374026
1502287336 584525
1502287336 671753
1502287336 902151
1502287337 122752
1502287337 381477
1502287337 582963
1502287337 813246
1502287337 947641
1502287338 207152
1502287338 466770
1502287338 696834
1502287338 897781
1502287339 99283
1502287339 358672
1502287339 608327
1502287339 771758
1502287339 925189
1502287340 184551
1502287340 367076
1502287340 510393
1502287340 712837
1502287340 847031
1502287341 29629
1502287341 230935
1502287341 480495
1502287341 662847
1502287341 912460
1502287342 163410
1502287342 392574
1502287342 479039
1502287342 690222
1502287342 891714
1502287343 141400
1502287343 342989
1502287343 458211
1502287343 640331
1502287343 889869
1502287343 995345
1502287344 91529
1502287344 225818
1502287344 456341
1502287344 696138
1502287344 964507
1502287345 224255
1502287345 310188
1502287345 425432
1502287345 559770
1502287345 694076
1502287345 876575
1502287346 30802
1502287346 135974
1502287346 241402
1502287346 395509
1502287346 499923
1502287346 692323
1502287346 778505
1502287346 884664
1502287347 38148
1502287347 182472
1502287347 344784
1502287347 450902
1502287347 652351
1502287347 757654
1502287347 959191
1502287348 218712
1502287348 343984
1502287348 478403
1502287348 564538
1502287348 746928
1502287348 919314
1502287349 178835
1502287349 390412
1502287349 620866
1502287349 850455
1502287350 62065
1502287350 196387
1502287350 445709
1502287350 647274
1502287350 887727
1502287351 41127
1502287351 261613
1502287351 415036
1502287351 521141
1502287351 713022
1502287351 905073
1502287352 88010
1502287352 183609
1502287352 433151
1502287352 682836
1502287352 798104
1502287353 8518
1502287353 230084
1502287353 469513
1502287353 613834
1502287353 863795
1502287353 949553
1502287354 102893
1502287354 324508
1502287354 526008
1502287354 689168
1502287354 938784
1502287355 92035
1502287355 226494
1502287355 351690
1502287355 534454
1502287355 639716
1502287355 850839
1502287356 109395
1502287356 339935
1502287356 503330
1502287356 608925
1502287356 714772
1502287356 877039
1502287357 107739
1502287357 204030
1502287357 386348
1502287357 539589
1502287357 780340
1502287357 962585
1502287358 48769
1502287358 193127
1502287358 451578
1502287358 585982
1502287358 768427
1502287358 931865
1502287359 124325
1502287359 277741
1502287359 382850
1502287359 613258
1502287359 824807
1502287359 920956
1502287360 132540
1502287360 237597
1502287360 458722
1502287360 669757
1502287360 938265
1502287361 91606
1502287361 313052
1502287361 466778
1502287361 619835
1502287361 764106
1502287361 975686
1502287362 215175
1502287362 426622
1502287362 676211
1502287362 877640
1502287363 11978
1502287363 223341
1502287363 473082
1502287363 559090
1502287363 780650
1502287363 866812
1502287364 30662
1502287364 299301
1502287364 384967
1502287364 586575
1502287364 846172
1502287365 104634
1502287365 364083
1502287365 527592
1502287365 796035
1502287365 959548
1502287366 45646
1502287366 131868
1502287366 333362
1502287366 535909
1502287366 622073
1502287366 823458
1502287367 82944
1502287367 322628
1502287367 475938
1502287367 630391
1502287367 764501
1502287368 14109
1502287368 282670
1502287368 551174
1502287368 800831
1502287368 954192
1502287369 79388
1502287369 233225
1502287369 454282
1502287369 722923
1502287369 866300
1502287370 87721
1502287370 299278
1502287370 404421
1502287370 624959
1502287370 807314
1502287370 913515
1502287371 143211
1502287371 297389
1502287371 469838
1502287371 662112
1502287371 748368
1502287371 939971
1502287372 189480
1502287372 343681
1502287372 459041
1502287372 717626
1502287372 919150
1502287373 92421
1502287373 331989
1502287373 514408
1502287373 744953
1502287373 994452
1502287374 80755
1502287374 254060
1502287374 398230
1502287374 618833
1502287374 868418
1502287375 12721
1502287375 243232
1502287375 348368
1502287375 520825
1502287375 694256
1502287375 818522
1502287376 59161
1502287376 327739
1502287376 567319
1502287376 749631
1502287377 9278
1502287377 181662
1502287377 345199
1502287377 546545
1502287377 709758
1502287377 930389
1502287378 35808
1502287378 295138
1502287378 467470
1502287378 650054
1502287378 736222
1502287379 4873
1502287379 207187
1502287379 360544
1502287379 475732
1502287379 658197
1502287379 754316
1502287380 22973
1502287380 119139
1502287380 214479
1502287380 483959
1502287380 713754
1502287380 944172
1502287381 155748
1502287381 241763
1502287381 396042
1502287381 550056
1502287381 750955
1502287382 19468
1502287382 115789
1502287382 365210
1502287382 451455
1502287382 576728
1502287382 825313
1502287383 26780
1502287383 228281
1502287383 401727
1502287383 497899
1502287383 593299
1502287383 814544
1502287384 35186
1502287384 275548
1502287384 428986
1502287384 630595
1502287384 870027
1502287385 100611
1502287385 263792
1502287385 398167
1502287385 542504
1502287385 628642
1502287385 792138
1502287385 945431
1502287386 127980
1502287386 272160
1502287386 435574
1502287386 655976
1502287386 895899
1502287387 68911
1502287387 241368
1502287387 462741
1502287387 549072
1502287387 750479
1502287387 894870
1502287388 142
1502287388 249647
1502287388 413073
1502287388 547235
1502287388 643462
1502287388 758623
1502287388 873331
1502287389 65570
1502287389 286774
1502287389 430225
1502287389 612743
1502287389 708763
1502287389 949295
1502287390 101882
1502287390 351298
1502287390 573177
1502287390 802297
1502287391 51940
1502287391 311465
1502287391 445792
1502287391 599088
1502287391 724376
1502287391 878865
1502287392 5329
1502287392 185369
1502287392 424982
1502287392 511244
1502287392 751682
1502287392 963145
1502287393 164603
1502287393 375354
1502287393 577600
1502287393 787998
1502287394 37532
1502287394 219941
1502287394 306151
1502287394 555752
1502287394 680980
1502287394 796187
1502287395 26701
1502287395 218303
1502287395 343538
1502287395 515905
1502287395 765489
1502287396 15025
1502287396 226442
1502287396 370701
1502287396 610330
1502287396 715737
1502287396 840784
1502287397 100384
1502287397 358953
1502287397 560643
1502287397 761881
1502287397 877266
1502287397 973466
1502287398 98579
1502287398 223006
1502287398 415396
1502287398 558781
1502287398 780130
1502287398 981700
1502287399 192075
1502287399 365452
1502287399 518966
1502287399 605036
1502287399 873678
1502287399 988954
1502287400 123262
1502287400 344660
1502287400 450040
1502287400 689567
1502287400 843034
1502287401 112393
1502287401 284844
1502287401 544396
1502287401 697885
1502287401 966323
1502287402 216121
1502287402 398384
1502287402 609982
1502287402 763283
1502287402 936474
1502287403 90060
1502287403 310482
1502287403 454843
1502287403 723362
1502287403 982832
1502287404 136261
1502287404 385730
1502287404 501065
1502287404 721702
1502287404 952099
1502287405 67363
1502287405 297818
1502287405 470493
1502287405 624623
1502287405 786967
1502287405 940381
1502287406 84653
1502287406 296148
1502287406 401396
1502287406 650923
1502287406 919465
1502287407 82808
1502287407 208068
1502287407 332335
1502287407 572877
1502287407 726222
1502287407 898721
1502287408 52364
1502287408 138319
1502287408 225481
1502287408 435911
1502287408 580286
1502287408 705546
1502287408 848930
1502287409 108526
1502287409 300806
1502287409 530534
1502287409 655926
1502287409 857121
1502287410 106702
1502287410 231883
1502287410 433375
1502287410 624861
1502287410 731092
1502287410 827219
1502287411 66838
1502287411 325552
1502287411 450048
1502287411 622317
1502287411 795608
1502287411 977976
1502287412 74199
1502287412 275591
1502287412 506070
1502287412 640483
1502287412 803866
1502287412 900020
1502287413 43340
1502287413 274036
1502287413 418234
1502287413 609650
1502287413 831126
1502287414 3572
1502287414 128673
1502287414 291223
1502287414 512759
1502287414 666095
1502287414 877504
1502287415 78959
1502287415 289455
1502287415 433710
1502287415 519838
1502287415 626066
1502287415 875591
1502287416 125331
1502287416 249611
1502287416 490080
1502287416 729680
1502287416 844916
1502287417 94592
1502287417 209747
1502287417 478252
1502287417 574427
1502287417 660657
1502287417 834080
1502287417 920335
1502287418 169870
1502287418 333198
1502287418 495587
1502287418 591847
1502287418 822314
1502287418 946629
1502287419 149014
1502287419 388672
1502287419 551919
1502287419 810561
1502287420 69183
1502287420 271584
1502287420 405938
1502287420 501400
1502287420 597392
1502287420 817921
1502287421 67471
1502287421 259838
1502287421 518436
1502287421 759019
1502287421 854381
1502287422 103902
1502287422 372529
1502287422 468656
1502287422 699221
1502287422 919708
1502287423 141169
1502287423 380691
1502287423 485986
1502287423 745531
1502287423 907992
1502287424 110300
1502287424 282693
1502287424 427289
1502287424 685749
1502287424 926172
1502287425 146663
1502287425 271936
1502287425 492424
1502287425 751085
1502287426 634
1502287426 193331
1502287426 336585
1502287426 576991
1502287426 835643
1502287426 960811
1502287427 56038
1502287427 277501
1502287427 372799
1502287427 565287
1502287427 785714
1502287427 949132
1502287428 54369
1502287428 284803
1502287428 447246
1502287428 591701
1502287428 812131
1502287429 23608
1502287429 118813
1502287429 321244
1502287429 588918
1502287429 858443
1502287430 30862
1502287430 251434
1502287430 347576
1502287430 607219
1502287430 702486
1502287430 951978
1502287431 77340
1502287431 210656
1502287431 470291
1502287431 710669
1502287431 902193
1502287432 8474
1502287432 247895
1502287432 372241
1502287432 545541
1502287432 698903
1502287432 862270
1502287433 101873
1502287433 246400
1502287433 438521
1502287433 543774
1502287433 716202
1502287433 966032
1502287434 71961
1502287434 158162
1502287434 378739
1502287434 561189
1502287434 772601
1502287435 22193
1502287435 127704
1502287435 338837
1502287435 579337
1502287435 770912
1502287436 11439
1502287436 173871
1502287436 376180
1502287436 586661
1502287436 788148
1502287436 951520
1502287437 85945
1502287437 230081
1502287437 469689
1502287437 642996
1502287437 777352
1502287437 882862
1502287438 84021
1502287438 333650
1502287438 603149
1502287438 861833
1502287439 54326
1502287439 284669
1502287439 457081
1502287439 582497
