1500538438 388998
1500538438 557076
1500538438 732702
1500538438 884580
1500538439 56258
1500538439 228566
1500538439 370295
1500538439 544954
1500538439 720622
1500538439 901050
1500538440 62710
1500538440 204669
1500538440 364042
1500538440 539265
1500538440 697722
1500538440 871060
1500538441 29380
1500538441 204872
1500538441 385671
1500538441 561370
1500538441 717103
1500538441 883132
1500538442 49735
1500538442 220167
1500538442 405521
1500538442 585794
1500538442 811190
1500538443 111985
1500538443 270050
1500538443 440540
1500538443 621669
1500538443 827805
1500538444 1211
1500538444 144403
1500538444 319933
1500538444 505853
1500538444 706354
1500538444 839018
1500538445 10462
1500538445 181275
1500538445 333372
1500538445 504063
1500538445 667122
1500538445 809086
1500538445 984551
1500538446 170954
1500538446 341990
1500538446 512401
1500538446 698257
1500538446 869249
1500538447 130792
1500538447 581715
1500538447 757273
1500538447 928560
1500538448 109211
1500538448 286514
1500538448 462305
1500538448 646700
1500538448 822816
1500538448 977462
1500538449 148534
1500538449 329471
1500538449 481645
1500538449 629937
1500538449 772382
1500538449 942254
1500538450 95902
1500538450 234173
1500538450 385564
1500538450 560989
1500538450 737163
1500538450 912896
1500538451 91949
1500538451 244629
1500538451 415329
1500538451 594312
1500538451 772120
1500538451 953582
1500538452 109869
1500538452 262282
1500538452 438385
1500538452 576765
1500538452 762963
1500538452 920148
1500538453 67887
1500538453 218577
1500538453 390081
1500538453 565525
1500538453 730338
1500538453 912348
1500538454 82108
1500538454 221358
1500538454 389659
1500538454 562699
1500538454 738722
1500538454 889901
1500538455 63993
1500538455 204233
1500538455 375666
1500538455 530034
1500538455 699569
1500538455 875559
1500538456 27347
1500538456 198630
1500538456 381450
1500538456 561605
1500538456 711921
1500538456 894264
1500538457 68521
1500538457 239149
1500538457 409759
1500538457 580506
1500538457 781108
1500538458 37354
1500538458 170259
1500538458 320550
1500538458 456899
1500538458 628036
1500538458 803660
1500538458 971153
1500538459 150332
1500538459 326306
1500538459 507606
1500538459 683805
1500538459 904912
1500538460 87994
1500538460 263435
1500538460 414638
1500538460 565076
1500538460 710167
1500538460 859506
1500538461 35472
1500538461 176593
1500538461 347503
1500538461 522865
1500538461 675506
1500538461 829765
1500538462 369
1500538462 166842
1500538462 342638
1500538462 511691
1500538462 687656
1500538462 868770
1500538463 49192
1500538463 209902
1500538463 387326
1500538463 529597
1500538463 705469
1500538463 886309
1500538464 27001
1500538464 187141
1500538464 357923
1500538464 543800
1500538464 702230
1500538464 873546
1500538465 49657
1500538465 220760
1500538465 361835
1500538465 513179
1500538465 665672
1500538465 836381
1500538466 12194
1500538466 175823
1500538466 352044
1500538466 493556
1500538466 650767
1500538466 821463
1500538466 997576
1500538467 175273
1500538467 351337
1500538467 522242
1500538467 692717
1500538467 923288
1500538468 104124
1500538468 256210
1500538468 390544
1500538468 566349
1500538468 729587
1500538468 887951
1500538469 45475
1500538469 215084
1500538469 382336
1500538469 553720
1500538469 724763
1500538469 895362
1500538470 86116
1500538470 224991
1500538470 396004
1500538470 581766
1500538470 722779
1500538470 886662
1500538471 57862
1500538471 233729
1500538471 414505
1500538471 600697
1500538471 842097
1500538472 138092
1500538472 463811
1500538472 648601
1500538472 824253
1500538472 995213
1500538473 196071
1500538473 380177
1500538473 545577
1500538473 721360
1500538473 892114
1500538474 97627
1500538474 275200
1500538474 451658
1500538474 622897
1500538474 806391
1500538474 982051
1500538475 134935
1500538475 270341
1500538475 421916
1500538475 592760
1500538475 778734
1500538475 944305
1500538476 114932
1500538476 291162
1500538476 476991
1500538476 672855
1500538476 978735
1500538477 120615
1500538477 291568
1500538477 456541
1500538477 615878
1500538477 787276
1500538477 968369
1500538478 145931
1500538478 321830
1500538478 507647
1500538478 676879
1500538478 849718
1500538478 993887
1500538479 165030
1500538479 330576
1500538479 499880
1500538479 675887
1500538479 841301
1500538480 12416
1500538480 162637
1500538480 333858
1500538480 519565
1500538480 720263
1500538480 904337
1500538481 53441
1500538481 229877
1500538481 415944
1500538481 616833
1500538481 802752
1500538481 956838
1500538482 102898
1500538482 274016
1500538482 420552
1500538482 597012
1500538482 776598
1500538482 916738
1500538483 87621
1500538483 237515
1500538483 380656
1500538483 556406
1500538483 727560
1500538483 874970
1500538484 19031
1500538484 188886
1500538484 359834
1500538484 502526
1500538484 679560
1500538484 842341
1500538485 5553
1500538485 181459
1500538485 353100
1500538485 512655
1500538485 688696
1500538485 869601
1500538486 50609
1500538486 271588
1500538486 422660
1500538486 584208
1500538486 759739
1500538486 930356
1500538487 106311
1500538487 287369
1500538487 453759
1500538487 624793
1500538487 792809
1500538487 968744
1500538488 108677
1500538488 284467
1500538488 442432
1500538488 613522
1500538488 765005
1500538488 950019
1500538489 125795
1500538489 306724
1500538489 494109
1500538489 665480
1500538489 809898
1500538489 985935
1500538490 127256
1500538490 292421
1500538490 463327
1500538490 637020
1500538490 807739
1500538490 983824
1500538491 154660
1500538491 326296
1500538491 497161
1500538491 677797
1500538491 845140
1500538492 29326
1500538492 191638
1500538492 362487
1500538492 548379
1500538492 749206
1500538492 930726
1500538493 84648
1500538493 260647
1500538493 439624
1500538493 585110
1500538493 733463
1500538493 904399
1500538494 85356
1500538494 276389
1500538494 457089
1500538494 617503
1500538494 793712
1500538494 979655
1500538495 167379
1500538495 338179
1500538495 489242
1500538495 660150
1500538495 842413
1500538496 30366
1500538496 208756
1500538496 368283
1500538496 508807
1500538496 684754
1500538496 855438
1500538497 31359
1500538497 202248
1500538497 382349
1500538497 557967
1500538497 734926
1500538497 904172
1500538498 80303
1500538498 266809
1500538498 447605
1500538498 618754
1500538498 934620
1500538499 285580
1500538499 452068
1500538499 615810
1500538499 774826
1500538499 954318
1500538500 137726
1500538500 308405
1500538500 467746
1500538500 643704
1500538500 792480
1500538500 968697
1500538501 129119
1500538501 300097
1500538501 471813
1500538501 642512
1500538501 813675
1500538501 995830
1500538502 173278
1500538502 344436
1500538502 530650
1500538502 682852
1500538502 853124
1500538503 28856
1500538503 200646
1500538503 378028
1500538503 550400
1500538503 725962
1500538503 896742
1500538504 82746
1500538504 242265
1500538504 413087
1500538504 594280
1500538504 734101
1500538504 872182
1500538505 43079
1500538505 229194
1500538505 412940
1500538505 588571
1500538505 759085
1500538505 914952
1500538506 74467
1500538506 221689
1500538506 405846
1500538506 576551
1500538506 737778
1500538506 914068
1500538507 94779
1500538507 275957
1500538507 497244
1500538507 678129
1500538507 824345
1500538508 212
1500538508 137136
1500538508 308516
1500538508 494734
1500538508 636298
1500538508 807336
1500538508 983393
1500538509 126828
1500538509 302524
1500538509 488665
1500538509 656076
1500538509 799832
1500538509 970756
1500538510 137546
1500538510 301585
1500538510 467159
1500538510 642547
1500538510 819902
1500538510 961046
1500538511 109702
1500538511 291063
1500538511 467073
1500538511 647471
1500538511 818069
1500538511 989392
1500538512 156291
1500538512 331989
1500538512 504698
1500538512 680635
1500538512 862517
1500538513 36340
1500538513 214449
1500538513 384949
1500538513 555682
1500538513 726334
1500538513 926824
1500538514 102786
1500538514 349087
1500538514 491426
1500538514 662728
1500538514 838819
1500538515 9780
1500538515 188562
1500538515 364690
1500538515 528812
1500538515 693222
1500538515 867208
1500538516 28678
1500538516 199716
1500538516 365763
1500538516 536392
1500538516 722446
1500538516 894788
1500538517 52780
1500538517 215726
1500538517 386425
1500538517 534395
1500538517 713717
1500538517 849112
1500538518 18485
1500538518 194925
1500538518 370812
1500538518 561862
1500538518 787871
1500538519 84208
1500538519 390422
1500538519 566766
1500538519 725190
1500538519 904593
1500538520 80303
1500538520 243472
1500538520 387885
1500538520 563249
1500538520 710427
1500538520 862592
1500538521 33142
1500538521 209273
1500538521 400418
1500538521 626436
1500538521 822165
1500538522 3319
1500538522 174478
1500538522 355191
1500538522 518540
1500538522 695891
1500538522 858518
1500538523 29570
1500538523 209237
1500538523 395127
1500538523 565871
1500538523 747054
1500538523 938257
1500538524 126101
1500538524 287708
1500538524 470999
1500538524 649003
1500538524 809590
1500538524 985750
1500538525 138594
1500538525 305054
1500538525 455097
1500538525 636535
1500538525 807994
1500538525 983848
1500538526 190601
1500538526 427115
1500538526 753175
1500538526 908273
1500538527 44915
1500538527 215825
1500538527 374216
1500538527 549957
1500538527 721568
1500538527 891629
1500538528 62243
1500538528 247884
1500538528 398598
1500538528 538121
1500538528 714024
1500538528 895050
1500538529 75998
1500538529 221713
1500538529 378961
1500538529 558303
1500538529 734240
1500538529 884005
1500538530 67477
1500538530 243520
1500538530 429160
1500538530 600070
1500538530 756933
1500538530 928552
1500538531 103646
1500538531 245214
1500538531 416382
1500538531 559963
1500538531 739391
1500538531 879783
1500538532 55545
1500538532 211342
1500538532 393771
1500538532 576248
1500538532 746446
1500538532 916988
1500538533 87654
1500538533 253274
1500538533 428836
1500538533 581333
1500538533 752270
1500538533 923552
1500538534 114328
1500538534 280165
1500538534 431530
1500538534 602435
1500538534 785933
1500538534 964513
1500538535 140330
1500538535 313278
1500538535 460749
1500538535 625439
1500538535 806561
1500538535 981778
1500538536 157491
1500538536 330386
1500538536 501507
1500538536 672689
1500538536 858395
1500538537 33505
1500538537 204528
1500538537 380055
1500538537 526018
1500538537 697250
1500538537 868372
1500538538 59591
1500538538 290745
1500538538 546741
1500538538 897960
1500538539 68751
1500538539 239267
1500538539 440174
1500538539 651670
1500538539 942661
1500538540 189003
1500538540 364611
1500538540 540437
1500538540 711369
1500538540 887103
1500538541 167746
1500538541 498614
1500538541 663670
1500538541 834291
1500538542 10194
1500538542 195880
1500538542 401804
1500538542 607939
1500538542 968967
1500538543 139887
1500538543 320675
1500538543 496733
1500538543 677525
1500538543 973538
1500538544 159619
1500538544 335605
1500538544 521770
1500538544 702870
1500538544 908748
1500538545 149473
1500538545 425265
1500538545 596425
1500538545 777471
1500538545 963132
1500538546 179340
1500538546 349900
1500538546 796015
1500538546 966304
1500538547 153003
1500538547 354049
1500538547 580081
1500538547 830826
1500538548 226690
1500538548 399568
1500538548 570643
1500538548 756767
1500538548 982517
1500538549 148950
1500538549 324500
1500538549 495380
1500538549 686542
1500538549 892497
1500538550 163548
1500538550 424458
1500538550 595693
1500538550 781405
1500538550 962185
1500538551 173464
1500538551 399842
1500538551 780918
1500538551 956831
1500538552 133002
1500538552 329292
1500538552 535218
1500538552 821039
1500538553 96632
1500538553 272647
1500538553 458475
1500538553 629520
1500538553 870465
1500538554 166421
1500538554 357245
1500538554 533440
1500538554 719080
1500538554 919733
1500538555 110503
1500538555 381637
1500538555 652540
1500538555 823382
1500538555 993333
1500538556 164575
1500538556 340635
1500538556 511802
1500538556 737655
1500538556 908871
1500538557 349764
1500538557 525721
1500538557 706754
1500538557 912667
1500538558 81920
1500538558 235054
1500538558 385869
1500538558 561466
1500538558 732300
1500538558 933645
1500538559 175042
1500538559 420877
1500538559 831912
1500538560 7648
1500538560 188435
1500538560 389170
1500538560 599448
1500538560 870396
1500538561 155995
1500538561 340394
1500538561 517822
1500538561 693592
1500538561 869466
1500538562 65067
1500538562 300558
1500538562 561235
1500538562 757328
1500538562 928141
1500538563 89604
1500538563 265742
1500538563 446317
1500538563 637372
1500538563 807754
1500538564 113462
1500538564 304359
1500538564 475736
1500538564 656745
1500538564 837152
1500538565 67826
1500538565 223045
1500538565 399157
1500538565 585077
1500538565 776211
1500538565 951693
1500538566 252592
1500538566 623258
1500538566 799685
1500538566 975632
1500538567 161168
1500538567 341665
1500538567 562024
1500538567 853071
1500538568 308914
1500538568 479856
1500538568 643788
1500538568 819164
1500538568 994627
1500538569 185416
1500538569 430912
1500538569 686669
1500538569 856993
1500538570 29826
1500538570 215158
1500538570 420387
1500538570 600706
1500538570 886442
1500538571 347146
1500538571 510299
1500538571 685492
1500538571 871280
1500538572 55497
1500538572 230826
1500538572 406502
1500538572 607615
1500538572 827987
1500538573 59502
1500538573 365104
1500538573 536500
1500538573 712286
1500538573 888493
1500538574 74058
1500538574 384465
1500538574 705337
1500538574 880668
1500538575 54445
1500538575 224602
1500538575 455875
1500538575 701719
1500538575 967514
1500538576 143174
1500538576 319391
1500538576 515272
1500538576 695691
1500538576 981008
1500538577 136011
1500538577 306590
1500538577 482256
1500538577 673528
1500538577 914608
1500538578 125447
1500538578 601519
1500538578 777459
1500538578 953321
1500538579 159118
1500538579 345104
1500538579 640562
1500538579 800038
1500538579 975744
1500538580 146264
1500538580 351809
1500538580 582300
1500538580 857947
1500538581 194001
1500538581 369426
1500538581 539960
1500538581 715907
1500538581 926784
1500538582 232369
1500538582 668299
1500538582 843986
1500538583 19218
1500538583 220038
1500538583 456161
1500538583 615034
1500538583 759878
1500538583 930732
1500538584 116186
1500538584 316548
1500538584 521954
1500538584 832626
1500538585 53654
1500538585 229085
1500538585 409588
1500538585 610394
1500538585 768220
1500538585 938761
1500538586 124268
1500538586 282463
1500538586 458325
1500538586 638874
1500538586 839873
1500538587 85556
1500538587 411422
1500538587 742480
1500538587 917868
1500538588 103710
1500538588 309860
1500538588 495811
1500538588 691402
1500538588 972304
1500538589 148064
1500538589 328775
1500538589 529531
1500538589 724760
1500538590 5155
1500538590 296134
1500538590 467030
1500538590 637937
1500538590 783351
1500538590 958698
1500538591 139493
1500538591 319106
1500538591 473014
1500538591 648630
1500538591 828940
1500538592 4615
1500538592 214818
1500538592 403571
1500538592 574268
1500538592 749845
1500538592 955383
1500538593 146403
1500538593 452204
1500538593 610279
1500538593 780788
1500538593 956258
1500538594 136851
1500538594 317443
1500538594 633914
1500538594 793698
1500538594 980611
1500538595 156012
1500538595 331658
1500538595 502290
1500538595 697783
1500538595 918583
1500538596 289111
1500538596 459690
1500538596 627370
1500538596 802952
1500538596 973810
1500538597 179081
1500538597 394682
1500538597 539373
1500538597 714966
1500538597 900506
1500538598 53458
1500538598 222770
1500538598 399513
1500538598 579875
1500538598 755415
1500538598 986017
1500538599 226781
1500538599 492133
1500538599 668204
1500538599 854107
1500538600 29232
1500538600 199922
1500538600 500388
1500538600 821295
1500538600 997513
1500538601 168557
1500538601 348858
1500538601 487030
1500538601 657696
1500538601 838455
1500538602 39196
1500538602 284684
1500538602 475822
1500538602 961504
1500538603 132885
1500538603 318800
1500538603 524499
1500538603 704020
1500538603 874581
1500538604 59850
1500538604 222464
1500538604 397901
1500538604 578605
1500538604 748941
1500538604 929464
1500538605 135002
1500538605 300884
1500538605 471492
1500538605 657312
1500538605 833315
1500538606 3741
1500538606 329857
1500538606 530579
1500538606 690892
1500538606 861351
1500538607 42582
1500538607 213259
1500538607 399124
1500538607 590313
1500538607 810745
1500538608 31668
1500538608 212995
1500538608 384293
1500538608 564576
1500538608 765648
1500538608 936217
1500538609 167097
1500538609 347827
1500538609 510256
1500538609 681071
1500538609 861554
1500538610 3724
1500538610 174488
1500538610 355665
1500538610 546730
1500538610 787303
1500538610 978333
1500538611 293903
1500538611 469581
1500538611 655283
1500538611 830613
1500538612 19253
1500538612 240345
1500538612 516235
1500538612 687492
1500538612 862879
1500538613 43615
1500538613 214821
1500538613 355424
1500538613 530907
1500538613 707142
1500538613 839612
1500538614 10768
1500538614 190952
1500538614 386568
1500538614 612456
1500538614 858299
1500538615 313918
1500538615 489343
1500538615 665095
1500538615 846458
1500538616 32297
1500538616 348199
1500538616 664398
1500538616 835571
1500538617 16095
1500538617 206880
1500538617 412657
1500538617 598442
1500538617 959290
1500538618 130639
1500538618 317005
1500538618 492819
1500538618 668518
1500538618 959366
1500538619 410267
1500538619 581418
1500538619 762745
1500538619 963937
1500538620 179499
1500538620 390214
1500538620 846200
1500538621 16976
1500538621 188648
1500538621 383951
1500538621 574975
1500538621 770899
1500538622 37096
1500538622 208609
1500538622 389701
1500538622 591167
1500538622 822395
1500538623 8839
1500538623 459722
1500538623 630199
1500538623 800886
1500538623 971942
1500538624 217255
1500538624 398486
1500538624 579177
1500538624 750341
1500538624 925697
1500538625 111633
1500538625 287603
1500538625 460299
1500538625 635979
1500538625 816804
1500538625 951906
1500538626 122761
1500538626 308509
1500538626 479104
1500538626 680253
1500538627 1188
1500538627 452191
1500538627 626382
1500538627 807206
1500538627 976406
1500538628 151885
1500538628 322801
1500538628 523637
1500538628 739551
1500538628 976046
1500538629 361983
1500538629 538394
1500538629 709361
1500538629 905417
1500538630 151263
1500538630 386923
1500538630 617638
1500538630 793579
1500538630 974769
1500538631 145304
1500538631 297958
1500538631 468925
1500538631 655095
1500538631 831277
1500538632 72243
1500538632 343318
1500538632 760023
1500538632 945690
1500538633 121497
1500538633 307220
1500538633 498245
1500538633 669417
1500538633 905446
1500538634 161425
1500538634 336819
1500538634 522848
1500538634 698844
1500538634 919952
1500538635 231508
1500538635 517634
1500538635 688755
1500538635 870074
1500538636 75809
1500538636 316582
1500538636 542812
1500538636 964029
1500538637 135043
1500538637 305864
1500538637 486656
1500538637 697929
1500538637 918851
1500538638 170193
1500538638 346789
1500538638 517580
1500538638 708617
1500538638 884781
1500538639 95630
1500538639 361246
1500538639 532313
1500538639 702909
1500538639 888440
1500538640 74338
1500538640 300600
1500538640 551518
1500538640 727389
1500538640 913187
1500538641 108703
1500538641 283311
1500538641 459434
1500538641 630352
1500538641 811292
1500538641 976056
1500538642 151718
1500538642 337797
1500538642 524407
1500538642 695115
1500538643 16123
1500538643 332287
1500538643 508049
1500538643 683834
1500538643 869888
1500538644 61348
1500538644 252410
1500538644 488145
1500538644 664247
1500538644 840072
1500538645 15837
1500538645 247026
1500538645 487823
1500538645 753678
1500538645 929358
1500538646 105304
1500538646 311478
1500538646 547575
1500538646 723160
1500538646 895239
1500538647 70893
1500538647 246930
1500538647 432634
1500538647 628951
1500538647 929727
1500538648 290877
1500538648 461516
1500538648 637339
1500538648 828141
1500538649 44318
1500538649 335317
1500538649 811513
1500538649 982488
1500538650 153349
1500538650 344617
1500538650 536097
1500538650 837279
1500538651 278817
1500538651 454918
1500538651 630651
1500538651 806684
1500538651 983257
1500538652 184065
1500538652 504860
1500538652 681116
1500538652 866973
1500538653 58059
1500538653 249028
1500538653 539711
1500538653 810873
1500538653 986763
1500538654 167898
1500538654 363555
1500538654 589519
1500538654 895380
1500538655 251263
1500538655 409954
1500538655 580947
1500538655 757436
1500538655 953275
1500538656 164525
1500538656 360036
1500538656 730716
1500538656 907133
1500538657 93436
1500538657 299015
1500538657 475050
1500538657 751417
1500538658 222470
1500538658 393280
1500538658 574446
1500538658 745393
1500538658 961180
1500538659 207213
1500538659 488175
1500538659 658918
1500538659 844369
1500538660 50596
1500538660 266816
1500538660 457661
1500538660 779064
1500538660 950094
1500538661 136192
1500538661 317264
1500538661 498080
1500538661 679491
1500538661 920493
1500538662 96427
1500538662 277297
1500538662 483404
1500538662 658742
1500538662 834731
1500538662 992236
1500538663 168227
1500538663 354195
1500538663 550245
1500538663 786157
1500538664 12210
1500538664 258679
1500538664 429610
1500538664 605833
1500538664 776922
1500538664 914663
1500538665 86203
1500538665 267054
1500538665 448079
1500538665 623806
1500538665 815068
1500538666 120951
1500538666 296546
1500538666 477426
1500538666 683420
1500538666 864212
1500538667 115673
1500538667 486575
1500538667 662862
1500538667 833660
1500538668 39491
1500538668 220383
1500538668 370395
1500538668 546319
1500538668 726948
1500538668 905394
1500538669 81315
1500538669 262345
1500538669 468048
1500538669 659212
1500538669 970232
1500538670 166550
1500538670 337140
1500538670 523213
1500538670 686809
1500538670 858404
1500538671 34485
1500538671 210599
1500538671 391332
1500538671 537107
1500538671 707667
1500538671 878128
1500538672 73988
1500538672 265112
1500538672 490623
1500538672 666677
1500538672 842576
1500538673 13860
1500538673 189672
1500538673 415675
1500538673 721671
1500538674 168025
1500538674 339015
1500538674 514990
1500538674 711191
1500538674 875143
1500538675 46092
1500538675 227381
1500538675 398428
1500538675 568975
1500538675 749663
1500538676 65190
1500538676 236159
1500538676 422239
1500538676 613262
1500538676 799390
1500538677 40079
1500538677 366195
1500538677 537011
1500538677 684611
1500538677 856089
1500538678 32215
1500538678 203809
1500538678 394262
1500538678 645110
1500538679 21201
1500538679 197042
1500538679 382486
1500538679 534331
1500538679 705149
1500538679 875942
1500538680 76803
1500538680 247801
1500538680 429092
1500538680 815127
1500538680 986609
1500538681 157692
1500538681 333751
1500538681 510197
1500538681 716194
1500538681 982279
1500538682 158496
1500538682 329568
1500538682 535726
1500538682 721989
1500538682 942833
1500538683 234029
1500538683 404652
1500538683 588632
1500538683 759245
1500538683 935279
1500538684 106369
1500538684 302705
1500538684 480780
1500538684 656713
1500538684 842861
1500538685 13394
1500538685 233957
1500538685 391393
1500538685 566796
1500538685 738526
1500538685 939479
1500538686 110307
1500538686 296018
1500538686 512226
1500538686 683160
1500538686 868995
1500538687 54981
1500538687 251437
1500538687 497279
1500538687 738093
1500538687 913974
1500538688 95034
1500538688 296250
1500538688 517443
1500538688 733562
1500538688 914315
1500538689 90227
1500538689 271210
1500538689 467468
1500538689 708252
1500538689 949545
1500538690 350527
1500538690 526627
1500538690 707584
1500538690 883478
1500538691 84449
1500538691 310522
1500538691 782011
1500538691 953189
1500538692 124523
1500538692 310797
1500538692 541452
1500538692 842383
1500538693 288255
1500538693 459146
1500538693 640593
1500538693 821379
1500538694 12019
1500538694 273111
1500538694 583631
1500538694 759623
1500538694 940063
1500538695 135561
1500538695 306595
1500538695 532308
1500538695 768656
1500538695 944478
1500538696 120560
1500538696 272145
1500538696 442753
1500538696 628624
1500538696 799557
1500538697 25650
1500538697 206549
1500538697 402357
1500538697 572882
1500538697 748670
1500538697 944569
1500538698 190738
1500538698 376317
1500538698 852623
1500538699 28152
1500538699 199066
1500538699 384934
1500538699 560997
1500538699 801874
1500538699 973122
1500538700 148629
1500538700 334690
1500538700 535495
1500538700 736425
1500538700 967173
1500538701 111412
1500538701 287389
1500538701 463490
1500538701 639735
1500538701 855323
1500538702 171025
1500538702 577778
1500538702 745442
1500538702 916050
1500538703 87273
1500538703 267989
1500538703 469027
1500538703 665338
1500538704 111307
1500538704 282067
1500538704 435935
1500538704 606531
1500538704 787218
1500538704 967988
1500538705 204466
1500538705 445523
1500538705 746751
1500538705 917543
1500538706 103818
1500538706 304665
1500538706 504980
1500538706 816001
1500538707 151640
1500538707 327691
1500538707 513299
1500538707 692938
1500538707 863631
1500538708 49554
1500538708 250066
1500538708 431200
1500538708 697023
1500538708 907933
1500538709 78444
1500538709 254610
1500538709 435597
1500538709 646564
1500538709 837246
1500538710 277719
1500538710 453464
1500538710 634269
1500538710 841027
1500538711 62508
1500538711 352946
1500538711 634207
1500538711 788078
1500538711 958428
1500538712 144304
1500538712 344901
1500538712 570801
1500538712 786962
1500538713 62859
1500538713 238759
1500538713 409915
1500538713 616376
1500538713 812678
1500538714 43352
1500538714 329189
1500538714 500650
1500538714 671659
1500538714 842423
1500538715 13804
1500538715 189545
1500538715 360006
1500538715 536072
1500538715 977197
1500538716 148044
1500538716 318593
1500538716 489096
1500538716 679751
1500538716 890798
1500538717 71620
1500538717 242682
1500538717 423577
1500538717 629273
1500538717 809883
1500538718 1076
1500538718 472153
1500538718 643547
1500538718 829020
1500538719 19755
1500538719 190079
1500538719 344477
1500538719 515637
1500538719 691304
1500538719 872146
1500538720 62850
1500538720 283294
1500538720 759476
1500538720 938929
1500538721 110048
1500538721 300983
1500538721 481536
1500538721 807425
1500538721 992960
1500538722 168656
1500538722 354462
1500538722 530484
1500538722 761214
1500538722 947995
1500538723 413984
1500538723 584696
1500538723 770145
1500538723 971056
1500538724 181286
1500538724 502039
1500538724 868271
1500538725 38828
1500538725 215075
1500538725 391035
1500538725 636842
1500538725 892446
1500538726 318877
1500538726 489714
1500538726 675730
1500538726 866112
1500538727 51910
1500538727 327542
1500538727 808370
1500538727 984255
1500538728 169915
1500538728 350654
1500538728 521081
1500538728 726315
1500538728 868510
1500538729 43969
1500538729 219512
1500538729 405488
1500538729 651089
1500538729 896654
1500538730 277042
1500538730 447879
1500538730 633560
1500538730 807222
1500538730 977780
1500538731 153348
1500538731 359010
1500538731 559151
1500538731 744599
1500538731 945401
1500538732 120968
1500538732 301531
1500538732 472245
1500538732 667863
1500538732 969259
1500538733 455151
1500538733 625996
1500538733 811855
1500538733 987089
1500538734 177896
1500538734 438883
1500538734 629328
1500538734 773250
1500538734 943898
1500538735 119706
1500538735 295441
1500538735 466193
1500538735 767636
1500538736 68381
