1500548768 857476
1500548769 29827
1500548769 115872
1500548769 202291
1500548769 289152
1500548769 375466
1500548769 461697
1500548769 547891
1500548769 633999
1500548769 941022
1500548770 66128
1500548770 238664
1500548770 574414
1500548770 708685
1500548770 794845
1500548770 929132
1500548771 25215
1500548771 178550
1500548771 264911
1500548771 351125
1500548771 437280
1500548771 523378
1500548771 609585
1500548771 695765
1500548771 781959
1500548771 868124
1500548771 954372
1500548772 40849
1500548772 136720
1500548772 222943
1500548772 309185
1500548772 395434
1500548772 481790
1500548772 568058
1500548772 655099
1500548772 741128
1500548772 827476
1500548772 913548
1500548772 999758
1500548773 86030
1500548773 172419
1500548773 258557
1500548773 344595
1500548773 430859
1500548773 556158
1500548773 642357
1500548773 728615
1500548773 814778
1500548773 978399
1500548774 64371
1500548774 150664
1500548774 236823
1500548774 322921
1500548774 409200
1500548774 495431
1500548774 581514
1500548774 667957
1500548774 754047
1500548774 840594
1500548774 926853
1500548775 13565
1500548775 99864
1500548775 185986
1500548775 368701
1500548775 473957
1500548775 589187
1500548775 675135
1500548775 761531
1500548775 847650
1500548775 934025
1500548776 20176
1500548776 106314
1500548776 192574
1500548776 278906
1500548776 365918
1500548776 452131
1500548776 538233
1500548776 624350
1500548776 710536
1500548776 797297
1500548776 882941
1500548776 969248
1500548777 55848
1500548777 141857
1500548777 227780
1500548777 314041
1500548777 400593
1500548777 486489
1500548777 572789
1500548777 659066
1500548777 832256
1500548777 918684
1500548778 91122
1500548778 177282
1500548778 263592
1500548778 350388
1500548778 474805
1500548778 667313
1500548778 753627
1500548778 839797
1500548778 925924
1500548779 12219
1500548779 98335
1500548779 184498
1500548779 270639
1500548779 356891
1500548779 462263
1500548779 663954
1500548779 749884
1500548779 836073
1500548780 354372
1500548780 440574
1500548780 526812
1500548780 690225
1500548780 776273
1500548780 862575
1500548780 948631
1500548781 35038
1500548781 120973
1500548781 207257
1500548781 293540
1500548781 379790
1500548781 465836
1500548781 552276
1500548781 638568
1500548781 724646
1500548781 811097
1500548781 897953
1500548781 984318
1500548782 70234
1500548782 156367
1500548782 242873
1500548782 367960
1500548782 454150
1500548782 540412
1500548782 626544
1500548782 712928
1500548782 799058
1500548782 885261
1500548782 971659
1500548783 57656
1500548783 143996
1500548783 288327
1500548783 374458
1500548783 460545
1500548783 546896
1500548783 633081
1500548783 719427
1500548783 806330
1500548783 892541
1500548783 979019
1500548784 65054
1500548784 151284
1500548784 276620
1500548784 439038
1500548784 640491
1500548784 726734
1500548784 812805
1500548784 899050
1500548784 985216
1500548785 71465
1500548785 186754
1500548785 273347
1500548785 407407
1500548785 493597
1500548785 579689
1500548785 666008
1500548785 753033
1500548785 839253
1500548786 146229
1500548786 232255
1500548786 318331
1500548786 404630
1500548786 490746
1500548786 576968
1500548786 663166
1500548786 749491
1500548786 835655
1500548786 998930
1500548787 85267
1500548787 171417
1500548787 257782
1500548787 343824
1500548787 429878
1500548787 516146
1500548787 602441
1500548787 688872
1500548787 775052
1500548787 861180
1500548787 947269
1500548788 33430
1500548788 119727
1500548788 205886
1500548788 292217
1500548788 378340
1500548788 464588
1500548788 550726
1500548788 637029
1500548788 781382
1500548788 867406
1500548788 953747
1500548789 165322
1500548789 251451
1500548789 337817
1500548789 423961
1500548789 510134
1500548789 596392
1500548789 682512
1500548789 768606
1500548789 854878
1500548789 941281
1500548790 27367
1500548790 113498
1500548790 199906
1500548790 286087
1500548790 372295
1500548790 459236
1500548790 545329
1500548790 631671
1500548790 717830
1500548790 804116
1500548790 890321
1500548790 976502
1500548791 62794
1500548791 149134
1500548791 235243
1500548791 321413
1500548791 407850
1500548791 494584
1500548791 580825
1500548791 849558
1500548791 954799
1500548792 41101
1500548792 127326
1500548792 213599
1500548792 299742
1500548792 385984
1500548792 472231
1500548792 558302
1500548792 750774
1500548792 836885
1500548792 923075
1500548793 9383
1500548793 95663
1500548793 181712
1500548793 267821
1500548793 354160
1500548793 479403
1500548793 594559
1500548793 680811
1500548793 767241
1500548793 853227
1500548794 160286
1500548794 247247
1500548794 333454
1500548794 419635
1500548794 505855
1500548794 592053
1500548794 697320
1500548794 831934
1500548794 917813
1500548795 81275
1500548795 167500
1500548795 465054
1500548795 859102
1500548795 945274
1500548796 31467
1500548796 117524
1500548796 203801
1500548796 289905
1500548796 376067
1500548796 462332
1500548796 548551
1500548796 634684
1500548796 721218
1500548796 807277
1500548796 893494
1500548796 979589
1500548797 65758
1500548797 152107
1500548797 238329
1500548797 324440
1500548797 410647
1500548797 496853
1500548797 583319
1500548797 669437
1500548797 755535
1500548797 841837
1500548797 927976
1500548798 14213
1500548798 100489
1500548798 186584
1500548798 273035
1500548798 359146
1500548798 445347
1500548798 589485
1500548798 675788
1500548798 762091
1500548798 848150
1500548798 934316
1500548799 39916
1500548799 145941
1500548799 232008
1500548799 318202
1500548799 404437
1500548799 529772
1500548799 664153
1500548799 922965
1500548800 8974
1500548800 201762
1500548800 287472
1500548800 383715
1500548800 469809
1500548800 671383
1500548800 757539
1500548800 978264
1500548801 65225
1500548801 151341
1500548801 237755
1500548801 324055
1500548801 410085
1500548801 563439
1500548801 649769
1500548801 735944
1500548801 822087
1500548801 908313
1500548801 994488
1500548802 80615
1500548802 166893
1500548802 253170
1500548802 339381
1500548802 425527
1500548802 511999
1500548802 598253
1500548802 685085
1500548802 771306
1500548802 857424
1500548803 1898
1500548803 88069
1500548803 174385
1500548803 260522
1500548803 356602
1500548803 442841
1500548803 606142
1500548803 692439
1500548803 778536
1500548803 912937
1500548804 47274
1500548804 133620
1500548804 219641
1500548804 305855
1500548804 450227
1500548804 536349
1500548804 622459
1500548804 708743
1500548804 794894
1500548804 881149
1500548804 967551
1500548805 53843
1500548805 140886
1500548805 246367
1500548805 418847
1500548805 504895
1500548805 591012
1500548805 677187
1500548805 763382
1500548805 849530
1500548805 935745
1500548806 22195
1500548806 108213
1500548806 770676
1500548807 30374
1500548807 183763
1500548807 269887
1500548807 384378
1500548807 471329
1500548807 557374
1500548807 643622
1500548807 729744
1500548807 815937
1500548807 902313
1500548807 988571
1500548808 74765
1500548808 160947
1500548808 420729
1500548808 506745
1500548808 593322
1500548808 756352
1500548808 842453
1500548808 957754
1500548809 43902
1500548809 130443
1500548809 216420
1500548809 331750
1500548809 418027
1500548809 504114
1500548809 590307
1500548809 676514
1500548809 762851
1500548809 848995
1500548809 935166
1500548810 127583
1500548810 213891
1500548810 444400
1500548810 530519
1500548810 616685
1500548810 702988
1500548810 789053
1500548810 875255
1500548810 961350
1500548811 47752
1500548811 182051
1500548811 306437
1500548811 392855
1500548811 479539
1500548811 565800
1500548811 681247
1500548811 767366
1500548811 853567
1500548811 939853
1500548812 26053
1500548812 112192
1500548812 198509
1500548812 284701
1500548812 370788
1500548812 572353
1500548812 716708
1500548812 802820
1500548812 928093
1500548813 52440
1500548813 138592
1500548813 224981
1500548813 310911
1500548813 397196
1500548813 714056
1500548813 896324
1500548814 156037
1500548814 242090
1500548814 328268
1500548814 414631
1500548814 500711
1500548814 587193
1500548814 673387
1500548814 759280
1500548814 845480
1500548814 931708
1500548815 17861
1500548815 104158
1500548815 190603
1500548815 276604
1500548815 362755
1500548815 449032
1500548815 535230
1500548815 621321
1500548815 707694
1500548815 793929
1500548815 880060
1500548815 966242
1500548816 52657
1500548816 196826
1500548816 369313
1500548816 455515
1500548816 561568
1500548816 647778
1500548816 733962
1500548816 820221
1500548816 906518
1500548817 204425
1500548817 290434
1500548817 376770
1500548817 491795
1500548817 597282
1500548817 943119
1500548818 29155
1500548818 288715
1500548818 403923
1500548818 490067
1500548818 653494
1500548818 796769
1500548818 882970
1500548818 969319
1500548819 55521
1500548819 141722
1500548819 227835
1500548819 313958
1500548819 400295
1500548819 553787
1500548819 639876
1500548819 726232
1500548819 812455
1500548819 898703
1500548819 984755
1500548820 70885
1500548820 157493
1500548820 244283
1500548820 330523
1500548820 416799
1500548820 502917
1500548820 589388
1500548820 675315
1500548820 954065
1500548821 40262
1500548821 184635
1500548821 270583
1500548821 356801
1500548821 443002
1500548821 529279
1500548821 615446
1500548821 701650
1500548821 787984
1500548821 874184
1500548821 960342
1500548822 46504
1500548822 132865
1500548822 218974
1500548822 305194
1500548822 391489
1500548822 477722
1500548822 564095
1500548822 650058
1500548822 736251
1500548822 822398
1500548822 908826
1500548822 994898
1500548823 81277
1500548823 167283
1500548823 253546
1500548823 339805
1500548823 425876
1500548823 512194
1500548823 598312
1500548823 684742
1500548823 789810
1500548823 876133
1500548823 962483
1500548824 48701
1500548824 134713
1500548824 413463
1500548824 499652
1500548824 585834
1500548824 672040
1500548824 758472
1500548824 844501
1500548824 930732
1500548825 16872
1500548825 103112
1500548825 813996
1500548825 899893
1500548825 986171
1500548826 72417
1500548826 159435
1500548826 312880
1500548826 418091
1500548826 504334
1500548826 590497
1500548826 705666
1500548826 791921
1500548826 878158
1500548826 964422
1500548827 50497
1500548827 136662
1500548827 222833
1500548827 309280
1500548827 395423
1500548827 481605
1500548827 567945
1500548827 654012
1500548827 740371
1500548827 826383
1500548827 912660
1500548827 998734
1500548828 84990
1500548828 171155
1500548828 257475
1500548828 343620
1500548828 429739
1500548828 516113
1500548828 602330
1500548828 688668
1500548828 793841
1500548828 985472
1500548829 71536
1500548829 196712
1500548829 283014
1500548829 484625
1500548829 570798
1500548829 656949
1500548829 743154
1500548829 829287
1500548829 915464
1500548830 1727
1500548830 87786
1500548830 174123
1500548830 260262
1500548830 346371
1500548830 432642
1500548830 518948
1500548830 605184
1500548830 691345
1500548830 777539
1500548830 863921
1500548830 949972
1500548831 36205
1500548831 122376
1500548831 208660
1500548831 294877
1500548831 381326
1500548831 467274
1500548831 553345
1500548831 639794
1500548831 725941
1500548831 812175
1500548831 898331
1500548831 984540
1500548832 70747
1500548832 157074
1500548832 242995
1500548832 329469
1500548832 415613
1500548832 828713
1500548833 30187
1500548833 183378
1500548833 269546
1500548833 355528
1500548833 528361
1500548833 614396
1500548833 700594
1500548833 786838
1500548833 882212
1500548833 968425
1500548834 54547
1500548834 140600
1500548834 246121
1500548834 447364
1500548834 697058
1500548834 869564
1500548835 291817
1500548835 378711
1500548835 464883
1500548835 550936
1500548835 637217
1500548835 723626
1500548835 809623
1500548835 895963
1500548835 982082
1500548836 68262
1500548836 154383
1500548836 240773
1500548836 326808
1500548836 413181
1500548836 499165
1500548836 585368
1500548836 671695
1500548836 757846
1500548836 844208
1500548836 930311
1500548837 35626
1500548837 208258
1500548837 361735
1500548837 505720
1500548837 591969
1500548838 24070
1500548838 110004
1500548838 196342
1500548838 282467
1500548838 368620
1500548838 454978
1500548838 541056
1500548838 627279
1500548838 713472
1500548838 800163
1500548838 886169
1500548838 972126
1500548839 58296
1500548839 144578
1500548839 230871
1500548839 316986
1500548839 403417
1500548839 585586
1500548839 671920
1500548839 758421
1500548839 844481
1500548839 930487
1500548840 16678
1500548840 102861
1500548840 189222
1500548840 275444
1500548840 361600
1500548840 447906
1500548840 534182
1500548840 620211
1500548840 706379
1500548840 792626
1500548840 878887
1500548840 965454
1500548841 51510
1500548841 137508
1500548841 223797
1500548841 310094
1500548841 396399
1500548841 790151
1500548841 876332
1500548841 962318
1500548842 48694
1500548842 134928
1500548842 221344
1500548842 307253
1500548842 412300
1500548842 518747
1500548842 604784
1500548842 691191
1500548842 777258
1500548842 863469
1500548842 949849
1500548843 36048
1500548843 122203
1500548843 208451
1500548843 294574
1500548843 380817
1500548843 467042
1500548843 553182
1500548843 639327
1500548843 725684
1500548843 811841
1500548843 897955
1500548843 984323
1500548844 70474
1500548844 156670
1500548844 242951
1500548844 329215
1500548844 415248
1500548844 501634
1500548844 587718
1500548844 674009
1500548844 846592
1500548844 932710
1500548845 18976
1500548845 105121
1500548845 191338
1500548845 277554
1500548845 363749
1500548845 449917
1500548845 536347
1500548845 622495
1500548845 708641
1500548845 794753
1500548845 881053
1500548845 968027
1500548846 53273
1500548846 139523
1500548846 225610
1500548846 311871
1500548846 398114
1500548846 484345
1500548846 570476
1500548846 656862
1500548846 743057
1500548846 829264
1500548846 915612
1500548847 1626
1500548847 87942
1500548847 174144
1500548847 260537
1500548847 346600
1500548847 432793
1500548847 519163
1500548847 605110
1500548847 691234
1500548847 777556
1500548847 863876
1500548848 94438
1500548848 199794
1500548848 285811
1500548848 372155
1500548848 458381
1500548848 544541
1500548848 630731
1500548848 716914
1500548848 802954
1500548848 889346
1500548848 975681
1500548849 61651
1500548849 147976
1500548849 233975
1500548849 320059
1500548849 405575
1500548849 492694
1500548849 578953
1500548849 665147
1500548849 751919
1500548849 866740
1500548849 953039
1500548850 39181
1500548850 125354
1500548850 211393
1500548850 297664
1500548850 384194
1500548850 470350
1500548850 556435
1500548850 642544
1500548850 892268
1500548850 978511
1500548851 64629
1500548851 150815
1500548851 237090
1500548851 323276
1500548851 409411
1500548851 573133
1500548851 668000
1500548851 783199
1500548851 869468
1500548851 956678
1500548852 42966
1500548852 128940
1500548852 215248
1500548852 465309
1500548852 877959
1500548853 117371
1500548853 203590
1500548853 366216
1500548853 663912
1500548853 749820
1500548853 835947
1500548853 922334
1500548854 113889
1500548854 209958
1500548854 296289
1500548854 594236
1500548854 718452
1500548854 900656
1500548855 121200
1500548855 226372
1500548855 312564
1500548855 398741
1500548855 484889
1500548855 571177
1500548855 657287
1500548855 743609
1500548855 829864
1500548855 916140
1500548856 2373
1500548856 88364
1500548856 174520
1500548856 260897
1500548856 347211
1500548856 433283
1500548856 519470
1500548856 605795
1500548856 692008
1500548856 778040
1500548856 864228
1500548856 950487
1500548857 36984
1500548857 122953
1500548857 209178
1500548857 304376
1500548857 391614
1500548857 477832
1500548857 563994
1500548857 650323
1500548857 736367
1500548857 850823
1500548857 946935
1500548858 33272
1500548858 119535
1500548858 205879
1500548858 291801
1500548858 377887
1500548858 464103
1500548858 550521
1500548858 636617
1500548858 723015
1500548858 809107
1500548858 895246
1500548858 981646
1500548859 67837
1500548859 154031
1500548859 240353
1500548859 326322
1500548859 412596
1500548859 498622
1500548859 584979
1500548859 728372
1500548859 814709
1500548859 900798
1500548859 987027
1500548860 73308
1500548860 159523
1500548860 254671
1500548860 341880
1500548860 428294
1500548860 514419
1500548860 600493
1500548860 686869
1500548860 772953
1500548860 859355
1500548860 945397
1500548861 31584
1500548861 117927
1500548861 204127
1500548861 290176
1500548861 376532
1500548861 462601
1500548861 548752
1500548861 635128
1500548861 721223
1500548861 807588
1500548861 893885
1500548861 980211
1500548862 66265
1500548862 152544
1500548862 238828
1500548862 324887
1500548862 421153
1500548862 786148
1500548862 872113
1500548862 958373
1500548863 44494
1500548863 130702
1500548863 216993
1500548863 303155
1500548863 389367
1500548863 475466
1500548863 561729
1500548863 648057
1500548863 734102
1500548863 820394
1500548863 906555
1500548863 992761
1500548864 136294
1500548864 222445
1500548864 384864
1500548864 471869
1500548864 558283
1500548864 644416
1500548864 730566
1500548864 816945
1500548865 133589
1500548865 219799
1500548865 306089
1500548865 411272
1500548865 497490
1500548865 583591
1500548865 669815
1500548865 756103
1500548865 842164
1500548865 928615
1500548866 14786
1500548866 148899
1500548866 235206
1500548866 321254
1500548866 407713
1500548866 493894
1500548866 579967
1500548866 666286
1500548866 752541
1500548866 838791
1500548866 924969
1500548867 11019
1500548867 97497
1500548867 183624
1500548867 269707
1500548867 356075
1500548867 442095
1500548867 528346
1500548867 614566
1500548867 700861
1500548867 787313
1500548867 883231
1500548867 969446
1500548868 55542
1500548868 141915
1500548868 228088
1500548868 314275
1500548868 457755
1500548868 543977
1500548868 630093
1500548868 716488
1500548868 802592
1500548868 888800
1500548869 52253
1500548869 138756
1500548869 224589
1500548869 310719
1500548869 512354
1500548869 608423
1500548869 799951
1500548869 886205
1500548869 972386
1500548870 58386
1500548870 144571
1500548870 230931
1500548870 393499
1500548870 691180
1500548870 777170
1500548870 863599
1500548871 27011
1500548871 112947
1500548871 199245
1500548871 304499
1500548871 390770
1500548871 476993
1500548871 563091
1500548871 658444
1500548871 889099
1500548871 974999
1500548872 281920
1500548872 387268
1500548872 511606
1500548872 991882
1500548873 78044
1500548873 164205
1500548873 250264
1500548873 499818
1500548873 787664
1500548873 873912
1500548873 960123
1500548874 46171
1500548874 132352
1500548874 218519
1500548874 304783
1500548874 391067
1500548874 832079
1500548875 138694
1500548875 542899
1500548875 629045
1500548875 715054
1500548875 849309
1500548875 973653
1500548876 194411
1500548876 299425
1500548876 510092
1500548876 615405
1500548876 701464
1500548876 787568
1500548876 873846
1500548876 960045
1500548877 46108
1500548877 132484
1500548877 218613
1500548877 305002
1500548877 391140
1500548877 477256
1500548877 563667
1500548877 649870
1500548877 736042
1500548877 822130
1500548878 282320
1500548878 368634
1500548878 454903
1500548878 540880
1500548878 627149
1500548878 713413
1500548878 799558
1500548878 885860
1500548878 972103
1500548879 58096
1500548879 144492
1500548879 230585
1500548879 316784
1500548879 402974
1500548879 489266
1500548879 575490
1500548879 661605
1500548879 747968
1500548879 834112
1500548879 920450
1500548880 6667
1500548880 92709
1500548880 178900
1500548880 265182
1500548880 351301
1500548880 437555
1500548880 523764
1500548880 610029
1500548880 696473
1500548880 782399
1500548880 868667
1500548880 954796
1500548881 41117
1500548881 127321
1500548881 213544
1500548881 299767
1500548881 385990
1500548881 472354
1500548881 558389
1500548881 644545
1500548881 731024
1500548881 817320
1500548881 903316
1500548881 989591
1500548882 75901
1500548882 161863
1500548882 247993
1500548882 334206
1500548882 420542
1500548882 506651
1500548882 592807
1500548882 679113
1500548882 765505
1500548882 851510
1500548882 937697
1500548883 24095
1500548883 110344
1500548883 196458
1500548883 282537
1500548883 368643
1500548883 454834
1500548883 541173
1500548883 627465
1500548883 713726
1500548883 799897
1500548883 886172
1500548883 972374
1500548884 58486
1500548884 144605
1500548884 230846
1500548884 317157
1500548884 403364
1500548884 489733
1500548884 575916
1500548884 662292
1500548884 748372
1500548884 834557
1500548884 920669
1500548885 6841
1500548885 93078
1500548885 179305
1500548885 265400
1500548885 351585
1500548885 437900
1500548885 524150
1500548885 610347
1500548885 696557
1500548885 782811
1500548885 868944
1500548885 955265
1500548886 41320
1500548886 127684
1500548886 213853
1500548886 300138
1500548886 386227
1500548886 472472
1500548886 558786
1500548886 644971
1500548886 731141
1500548886 817396
1500548886 903606
1500548886 989790
1500548887 76026
1500548887 162229
1500548887 248462
1500548887 334821
1500548887 420935
1500548887 727632
1500548887 823949
1500548887 910093
1500548887 996283
1500548888 82308
1500548888 168749
1500548888 254651
1500548888 341053
1500548888 494340
1500548888 628641
1500548888 839511
1500548889 118359
1500548889 204379
1500548889 290375
1500548889 376772
1500548889 462791
1500548889 549032
1500548889 635274
1500548889 721474
1500548889 807558
1500548889 893990
1500548889 980027
1500548890 66168
1500548890 152421
1500548890 238457
1500548890 535527
1500548890 621641
1500548890 707996
1500548890 803100
1500548890 889235
1500548890 975374
1500548891 62034
1500548891 148317
1500548891 234311
1500548891 311488
1500548891 397701
1500548891 473690
1500548891 570023
1500548891 647146
1500548891 723290
1500548891 809571
1500548891 895983
1500548891 982033
1500548892 68373
1500548892 145275
1500548892 231863
1500548892 317693
1500548892 404141
1500548892 490149
1500548892 576579
1500548892 662827
1500548892 748883
1500548892 835045
1500548892 921297
1500548893 7440
1500548893 142353
1500548893 238039
1500548893 324112
1500548893 410448
1500548893 496426
1500548893 582700
1500548893 668930
1500548893 755316
1500548893 841427
1500548893 927697
1500548894 13861
1500548894 100153
1500548894 186318
1500548894 272568
1500548894 358797
1500548894 445092
1500548894 531243
1500548894 617490
1500548894 703634
1500548894 886262
1500548895 164840
1500548895 250791
1500548895 433279
1500548895 644749
1500548895 827080
1500548895 913277
1500548895 999534
1500548896 210998
1500548896 297221
1500548896 661994
1500548896 834640
1500548896 920652
1500548897 6806
1500548897 92942
1500548897 496147
1500548897 678568
1500548897 812648
1500548897 898954
1500548897 985068
1500548898 186668
1500548898 378129
1500548898 656658
1500548898 742809
1500548898 829072
1500548898 925328
1500548899 347484
1500548899 472526
1500548899 558802
1500548899 645012
1500548899 731241
1500548899 894944
1500548899 980886
1500548900 134346
1500548900 307595
1500548900 393588
1500548900 480009
1500548900 566132
1500548900 652235
1500548900 738633
1500548900 853778
1500548900 978139
1500548901 64288
1500548901 150385
1500548901 236603
1500548901 322825
1500548901 409152
1500548901 495171
1500548901 745017
1500548901 831260
1500548901 917487
1500548902 3687
1500548902 89896
1500548902 175930
1500548902 262145
1500548902 348564
1500548902 434744
1500548902 520771
1500548902 606956
1500548902 693068
1500548902 779557
1500548902 865708
1500548902 951880
1500548903 38006
1500548903 124322
1500548903 210679
1500548903 296754
1500548903 382899
1500548903 469124
1500548903 555431
1500548903 641728
1500548903 727940
1500548903 813949
1500548903 900384
1500548903 986415
1500548904 72798
1500548904 158934
1500548904 245221
1500548904 331299
1500548904 417656
1500548904 504012
1500548904 590025
1500548904 676119
1500548904 762404
1500548904 848546
1500548904 934656
1500548905 21005
1500548905 107144
1500548905 193330
1500548905 519585
1500548905 606427
1500548905 692649
1500548905 836159
1500548905 961241
1500548906 47638
1500548906 133646
1500548906 220089
1500548906 306086
1500548906 488354
1500548906 593742
1500548906 738007
1500548906 920710
1500548907 189197
1500548907 275297
1500548907 361492
1500548907 447718
1500548907 534016
1500548907 620046
1500548907 706395
1500548907 792523
1500548907 878867
1500548907 966646
1500548908 90006
1500548908 185338
1500548908 272438
1500548908 377900
1500548908 463903
1500548908 636453
1500548908 722581
1500548908 808776
1500548908 962113
1500548909 48633
1500548909 134674
1500548909 220923
1500548909 307005
1500548909 393250
1500548909 479519
1500548909 565948
1500548909 652077
1500548909 738326
1500548909 824504
1500548909 910640
1500548909 996727
1500548910 82941
1500548910 169209
1500548910 255436
1500548910 341794
1500548910 427940
1500548910 514273
1500548910 600485
1500548910 686494
1500548910 772615
1500548910 858925
1500548910 945175
1500548911 31443
1500548911 117610
1500548911 203942
1500548911 289989
1500548911 376265
1500548911 462426
1500548911 548526
1500548911 634709
1500548911 721002
1500548911 826395
1500548911 912757
1500548912 66939
1500548912 162200
1500548912 248221
1500548912 334491
1500548912 420669
1500548912 506769
1500548912 593132
1500548912 679504
1500548912 765643
1500548912 851754
1500548912 937986
1500548913 24138
1500548913 110319
1500548913 196545
1500548913 282787
1500548913 369146
1500548913 455259
1500548913 541448
1500548913 627850
1500548913 714221
1500548913 800094
1500548913 886455
1500548913 972718
1500548914 58681
1500548914 145121
1500548914 231191
1500548914 317425
1500548914 403624
1500548914 615226
1500548914 701407
1500548914 787691
1500548914 873700
1500548915 56195
1500548915 142376
1500548915 228511
1500548915 410983
1500548915 497151
1500548915 583374
1500548915 669505
1500548915 755732
1500548915 841961
1500548915 928286
1500548916 14605
1500548916 100541
1500548916 359283
1500548916 483848
1500548916 569738
1500548916 656908
1500548916 743212
1500548916 925651
1500548917 22041
1500548917 156076
1500548917 242252
1500548917 328389
1500548917 414736
1500548917 578203
1500548917 731639
1500548917 836730
1500548918 460496
1500548918 613484
1500548918 805083
1500548918 891514
1500548918 977465
1500548919 63610
1500548919 149914
1500548919 264307
1500548919 369611
1500548919 484860
1500548919 609937
1500548919 887809
1500548919 974214
1500548920 60345
1500548920 147291
1500548920 233555
1500548920 319588
1500548920 405887
1500548920 491914
1500548920 578174
1500548920 664404
1500548920 750718
1500548920 837020
1500548920 923177
1500548921 9263
1500548921 95893
1500548921 181710
1500548921 267968
1500548921 354130
1500548921 440240
1500548921 526953
1500548921 612768
1500548921 698950
1500548921 785261
1500548921 871496
1500548921 957714
1500548922 322593
1500548922 408704
1500548922 494763
1500548922 581042
1500548922 667266
1500548922 753485
1500548922 839776
1500548922 925953
1500548923 12165
1500548923 165568
1500548923 251970
1500548923 405057
1500548923 491282
1500548923 577543
1500548923 663602
1500548923 749954
1500548923 836534
1500548923 922451
1500548924 8600
1500548924 94743
1500548924 325404
1500548924 411482
1500548924 497944
1500548924 583854
1500548924 670194
1500548924 929076
1500548925 16045
1500548925 236559
1500548925 322682
1500548925 408878
1500548925 495262
1500548925 581417
1500548925 667468
1500548925 753889
1500548925 840371
1500548925 984323
1500548926 70405
1500548926 156711
1500548926 242916
1500548926 329238
1500548926 415339
1500548926 501471
1500548926 587815
1500548926 674128
1500548926 760550
1500548926 847171
1500548926 933575
1500548927 19701
1500548927 105844
1500548927 192157
1500548927 278300
1500548927 364615
1500548927 450808
1500548927 536838
1500548927 747626
1500548928 246881
1500548928 400222
1500548928 486232
1500548928 687963
1500548928 773884
1500548928 860250
1500548928 946402
1500548929 32527
1500548929 118606
1500548929 204786
1500548929 291024
1500548929 377182
1500548929 463443
1500548929 549664
1500548929 636017
1500548929 722157
1500548929 846569
1500548930 278744
1500548930 383960
1500548930 470131
1500548930 556396
1500548930 681333
1500548930 767540
1500548930 853838
1500548930 940044
1500548931 26170
1500548931 112679
1500548931 198738
1500548931 390189
1500548931 485789
1500548931 571898
1500548931 831284
1500548931 917400
1500548932 13188
1500548932 205133
1500548932 291320
1500548932 377783
1500548932 463832
1500548932 550085
1500548932 636452
1500548932 818668
1500548933 20305
1500548933 125678
1500548933 211488
1500548933 297766
1500548933 384002
1500548933 470125
1500548933 556639
1500548933 642518
1500548933 728831
1500548933 815027
1500548933 901170
1500548933 987372
1500548934 73665
1500548934 159845
1500548934 246079
1500548934 332318
1500548934 418443
1500548934 504862
1500548934 590974
1500548934 677054
1500548934 763276
1500548934 849579
1500548934 935708
1500548935 22144
1500548935 108141
1500548935 194428
1500548935 280659
1500548935 366755
1500548935 452898
1500548935 539366
1500548935 625814
1500548935 711698
1500548935 797941
1500548935 884518
1500548935 970280
1500548936 56584
1500548936 142730
1500548936 228965
1500548936 315220
1500548936 401442
1500548936 487776
1500548936 573871
1500548936 660086
1500548936 746237
1500548936 832406
1500548936 918733
1500548937 4970
1500548937 91205
1500548937 177530
1500548937 263757
1500548937 349755
1500548937 436122
1500548937 522380
1500548937 608454
1500548937 694629
1500548937 780840
1500548937 866961
1500548937 953153
1500548938 39820
1500548938 125708
1500548938 211914
1500548938 298201
1500548938 384354
1500548938 470473
1500548938 556782
1500548938 642879
1500548938 729118
1500548938 815366
1500548938 901663
1500548938 987767
1500548939 73907
1500548939 160240
1500548939 246401
1500548939 333035
1500548939 418838
1500548939 505038
1500548939 591223
1500548939 677415
1500548939 763634
1500548939 849779
1500548939 936172
1500548940 22265
1500548940 108383
1500548940 194686
1500548940 280904
1500548940 367364
1500548940 453263
1500548940 539564
1500548940 625649
1500548940 711995
1500548940 942756
1500548941 105994
1500548941 192072
1500548941 278270
1500548941 364564
1500548941 450697
1500548941 536924
1500548941 623123
1500548941 709318
1500548941 795520
1500548941 881609
1500548941 968024
1500548942 54194
1500548942 140467
1500548942 226653
1500548942 495178
1500548942 581403
1500548942 667591
1500548942 753898
1500548942 840332
1500548942 926285
1500548943 12751
1500548943 98740
1500548943 185126
1500548943 271302
1500548943 357436
1500548943 443636
1500548943 529785
1500548943 616066
1500548943 702180
1500548943 788416
1500548943 874633
1500548943 960774
1500548944 47007
1500548944 133338
1500548944 257732
1500548944 450144
1500548944 670752
1500548944 756827
1500548944 842986
1500548944 929312
1500548945 15568
1500548945 101701
1500548945 187772
1500548945 273967
1500548945 360187
1500548945 446495
1500548945 532701
1500548945 618943
1500548945 705126
1500548945 791733
1500548945 877566
1500548945 963841
1500548946 49972
1500548946 136171
1500548946 386102
1500548946 471958
1500548946 558195
1500548946 644432
1500548946 730531
1500548946 816765
1500548946 902975
1500548946 989161
1500548947 75450
1500548947 161649
1500548947 247745
1500548947 334285
1500548947 420120
1500548947 506500
1500548947 592558
1500548947 679273
1500548947 765105
1500548947 851367
1500548947 937545
1500548948 23783
1500548948 110017
1500548948 196126
1500548948 282519
1500548948 368681
1500548948 454740
1500548948 540955
1500548948 627126
1500548948 713413
1500548948 799758
1500548948 886034
1500548948 972090
1500548949 58384
1500548949 144614
1500548949 231129
1500548949 316919
1500548949 403053
1500548949 489431
1500548949 575672
1500548949 661783
1500548949 747998
1500548949 834212
1500548949 920229
1500548950 6698
1500548950 92660
1500548950 178892
1500548950 265126
1500548950 351314
1500548950 437572
1500548950 523861
1500548950 610053
1500548950 696403
1500548950 782397
1500548950 868767
1500548950 954877
1500548951 41165
1500548951 127224
1500548951 213639
1500548951 299957
1500548951 385984
1500548951 472222
1500548951 558325
1500548951 644615
1500548951 730852
1500548951 817174
1500548951 903246
1500548951 989514
1500548952 75629
1500548952 161890
1500548952 248223
1500548952 334430
1500548952 420571
1500548952 506705
1500548952 592884
1500548952 679172
1500548952 765399
1500548952 851784
1500548952 937688
1500548953 23941
1500548953 110169
1500548953 196638
1500548953 282544
1500548953 368733
1500548953 455003
1500548953 541320
1500548953 627446
1500548953 713682
1500548953 799867
1500548953 876306
1500548953 962363
1500548954 48830
1500548954 134903
1500548954 221150
1500548954 317291
1500548954 403366
1500548954 489616
1500548954 902937
1500548954 997981
1500548955 84165
1500548955 170381
1500548955 256636
1500548955 342705
1500548955 429013
1500548955 515128
1500548955 601204
1500548955 687533
1500548955 773976
1500548956 100548
1500548956 186655
1500548956 272880
1500548956 359134
1500548956 445291
1500548956 531601
1500548956 617916
1500548956 704069
1500548956 790256
1500548956 876398
1500548956 962701
1500548957 49034
1500548957 134962
1500548957 221355
1500548957 307582
1500548957 393702
1500548957 479853
1500548957 565985
1500548957 652308
1500548957 738418
1500548957 824713
1500548957 910966
1500548957 997241
1500548958 83324
1500548958 169595
1500548958 255595
1500548958 341868
1500548958 428098
1500548958 514445
1500548958 600526
1500548958 686750
1500548958 773125
1500548958 859127
1500548958 945377
1500548959 31633
1500548959 117936
1500548959 204028
1500548959 290345
1500548959 376568
1500548959 462896
1500548959 548912
1500548959 635087
1500548959 721256
1500548959 807537
1500548959 893752
1500548959 980008
1500548960 66213
1500548960 152563
1500548960 238791
1500548960 324896
1500548960 411042
1500548960 497227
1500548960 583585
1500548960 669707
1500548960 755924
1500548960 842197
1500548960 928189
1500548961 14465
1500548961 100764
1500548961 186933
1500548961 273332
1500548961 359373
1500548961 445653
1500548961 531783
1500548961 617873
1500548961 704205
1500548961 790485
1500548961 876858
1500548961 963078
1500548962 49278
1500548962 135507
1500548962 221684
1500548962 307818
1500548962 393861
1500548962 480131
1500548962 566333
1500548962 652447
1500548962 738860
1500548962 825019
1500548962 911401
1500548962 997424
1500548963 83588
1500548963 169945
1500548963 256083
1500548963 342350
1500548963 428638
1500548963 514553
1500548963 600808
1500548963 687219
1500548963 773191
1500548963 859545
1500548963 945893
1500548964 31938
1500548964 118146
1500548964 204335
1500548964 290574
1500548964 376909
1500548964 463087
1500548964 549417
1500548964 635396
1500548964 721770
1500548964 807992
1500548964 894124
1500548964 980310
1500548965 66601
1500548965 152851
1500548965 238902
1500548965 325107
1500548965 411420
1500548965 497623
1500548965 641090
1500548965 727282
1500548965 813351
1500548965 899712
1500548965 985823
1500548966 72192
1500548966 158161
1500548966 244364
1500548966 330691
1500548966 494031
1500548966 580241
1500548966 666497
1500548966 752769
1500548966 838842
1500548966 925073
1500548967 11256
1500548967 97523
1500548967 250989
1500548967 596797
1500548967 682884
1500548967 980590
1500548968 114925
1500548968 306513
1500548968 479808
1500548968 565853
1500548968 700511
1500548968 786372
1500548968 872593
1500548968 958765
1500548969 44965
1500548969 169439
1500548969 255629
1500548969 341706
1500548969 428060
1500548969 514103
1500548969 600394
1500548969 686447
1500548969 772618
1500548969 858996
1500548969 945316
1500548970 31479
1500548970 117862
1500548970 203903
1500548970 290002
1500548970 376514
1500548970 462613
1500548970 548779
1500548970 634854
1500548970 721062
1500548971 57199
1500548971 431172
1500548971 517209
1500548971 622376
1500548971 794805
1500548971 880885
1500548971 967107
1500548972 53305
1500548972 139486
1500548972 225835
1500548972 312171
1500548972 398134
1500548972 484409
1500548972 570573
1500548972 656675
1500548972 743146
1500548972 829303
1500548972 915437
1500548973 1667
1500548973 87983
1500548973 174340
1500548973 260535
1500548973 346464
1500548973 432895
1500548973 518985
1500548973 605188
1500548973 691384
1500548973 777631
1500548973 863869
1500548973 950134
1500548974 36259
1500548974 122361
1500548974 208635
1500548974 294870
1500548974 381210
1500548974 467246
1500548974 697800
1500548974 851264
1500548974 937409
1500548975 23470
1500548975 109802
1500548975 195971
1500548975 464932
1500548975 685245
1500548975 771420
1500548975 876929
1500548975 962846
1500548976 48989
1500548976 135363
1500548976 221418
1500548976 307714
1500548976 393955
1500548976 490314
1500548976 633623
1500548976 719818
1500548976 950459
1500548977 36377
1500548977 122527
1500548977 208801
1500548977 294970
1500548977 381373
1500548977 496465
1500548977 698045
1500548977 803312
1500548977 889474
1500548977 975826
1500548978 62055
1500548978 148285
1500548978 234327
1500548978 320649
1500548978 406702
1500548978 492875
1500548978 579123
1500548978 713501
1500548978 799648
1500548978 895231
1500548979 10313
1500548979 182731
1500548979 384162
1500548979 470270
1500548979 556519
1500548979 642778
1500548979 728852
1500548979 815168
1500548979 901319
1500548980 35889
1500548980 122078
1500548980 208083
1500548980 294361
1500548980 428571
1500548980 514902
1500548980 601084
1500548980 687169
1500548980 773355
1500548980 859640
1500548980 945706
1500548981 32075
1500548981 118352
1500548981 204652
1500548981 290800
1500548981 376824
1500548981 463080
1500548981 549309
1500548981 635528
1500548981 721756
1500548981 807824
1500548981 894192
1500548981 980509
1500548982 66645
1500548982 152866
1500548982 239001
1500548982 325286
1500548982 411413
1500548982 497870
1500548982 584036
1500548982 670031
1500548982 756349
1500548982 842374
1500548982 928745
1500548983 15039
1500548983 101216
1500548983 187513
1500548983 273635
1500548983 359850
1500548983 446061
1500548983 532205
1500548983 618430
1500548983 704650
1500548983 790969
1500548983 877232
1500548983 963279
1500548984 49605
1500548984 135775
1500548984 288986
1500548984 403446
1500548984 556844
1500548984 642940
1500548984 796614
1500548985 189340
1500548985 670037
1500548985 784721
1500548985 870904
1500548985 966331
1500548986 119496
1500548986 205787
1500548986 407449
1500548986 570708
1500548986 694989
1500548986 781208
1500548986 867325
1500548986 953447
1500548987 68000
1500548987 154949
1500548987 241249
1500548987 327494
1500548987 413612
1500548987 500023
1500548987 883806
1500548987 969987
1500548988 56195
1500548988 142443
1500548988 228676
1500548988 314840
1500548988 400972
1500548988 487214
1500548988 573372
1500548988 659516
1500548988 745931
1500548988 832095
1500548988 918160
1500548989 4431
1500548989 273444
1500548989 589984
1500548989 676293
1500548989 800395
1500548990 193477
1500548990 279709
1500548990 365702
1500548990 451865
1500548990 633500
1500548990 777830
1500548990 864129
1500548990 950200
1500548991 132900
1500548991 227845
1500548991 314975
1500548991 401172
1500548991 487413
1500548991 573554
1500548991 659688
1500548991 746084
1500548991 841185
1500548991 928467
1500548992 81747
1500548992 168097
1500548992 254050
1500548992 340243
1500548992 425454
1500548992 512703
1500548992 608243
1500548992 713332
1500548992 799700
1500548992 885858
1500548992 971989
1500548993 58147
1500548993 144350
1500548993 230464
1500548993 316678
1500548993 402092
1500548993 489431
1500548993 575619
1500548993 661635
1500548993 747901
1500548994 35965
1500548994 121812
1500548994 208177
1500548994 294266
1500548994 380578
1500548994 466666
1500548994 552866
1500548994 639241
1500548994 725270
1500548994 811449
1500548994 897598
1500548994 983798
1500548995 70127
1500548995 156317
1500548995 242431
1500548995 328729
1500548995 414908
1500548995 501126
1500548995 587496
1500548995 673745
1500548995 759833
1500548995 845993
1500548995 932240
1500548996 18496
1500548996 104637
1500548996 190870
1500548996 277210
1500548996 363276
1500548996 449531
1500548996 535684
1500548996 622052
1500548996 708197
1500548996 794303
1500548996 880699
1500548996 966952
1500548997 53065
1500548997 139130
1500548997 225216
1500548997 310785
1500548997 484250
1500548997 570288
1500548997 799926
1500548997 886120
1500548997 972468
1500548998 58395
1500548998 134886
1500548998 210905
1500548998 288023
1500548998 412503
1500548998 642125
1500548998 729146
1500548998 824517
1500548998 948959
1500548999 35098
1500548999 198319
1500548999 284493
1500548999 370715
1500548999 610475
1500548999 734682
1500548999 820892
1500548999 907589
1500548999 993270
1500549000 79283
1500549000 164672
1500549000 279982
1500549000 366084
1500549000 529715
1500549000 616967
1500549000 779192
1500549000 866124
1500549000 951562
1500549001 38743
1500549001 124924
1500549001 211261
1500549001 297581
1500549001 383439
1500549001 469514
1500549001 554940
1500549001 641572
1500549001 728385
1500549001 814738
1500549001 900800
1500549002 188794
1500549002 274776
1500549002 667762
1500549002 850128
1500549002 946333
1500549003 32683
1500549003 195015
1500549003 282177
1500549003 637001
1500549003 723035
1500549003 809216
1500549003 894499
1500549003 981690
1500549004 67930
1500549004 154098
1500549004 240351
1500549004 326565
1500549004 412816
1500549004 499167
1500549004 585198
1500549004 671422
1500549004 757721
1500549004 843813
1500549004 939172
1500549005 25719
1500549005 111607
1500549005 197886
1500549005 284027
1500549005 370129
1500549005 456485
1500549005 542403
1500549005 628000
1500549005 714999
1500549005 801315
1500549005 887406
1500549005 973632
1500549006 68926
1500549006 155077
1500549006 242231
1500549006 327497
1500549006 414658
1500549006 501008
1500549006 587115
1500549006 673584
1500549006 759675
1500549006 873938
1500549006 961075
1500549007 47242
1500549007 133406
1500549007 219952
1500549007 373098
1500549007 459305
1500549007 698915
1500549007 833085
1500549007 966405
1500549008 120854
1500549008 465757
1500549008 551934
1500549008 638215
1500549008 724378
1500549008 810425
1500549008 896870
1500549008 982960
1500549009 69326
1500549009 155482
1500549009 241727
1500549009 327800
1500549009 413994
1500549009 500132
1500549009 586486
1500549009 672666
1500549009 758988
1500549009 845100
1500549009 931448
1500549010 17552
1500549010 112842
1500549010 199058
1500549010 286156
1500549010 372332
1500549010 458419
1500549010 543774
1500549010 631080
1500549010 717519
1500549010 803471
1500549010 889654
1500549010 975793
1500549011 62070
1500549011 148263
1500549011 339933
1500549011 426028
1500549011 512187
1500549011 598455
1500549011 684435
1500549011 769878
1500549011 856898
1500549011 942451
1500549012 29404
1500549012 115647
1500549012 201801
1500549012 307192
1500549012 555850
1500549012 642014
1500549012 728132
1500549012 814487
1500549012 890596
1500549012 967726
1500549013 54056
1500549013 130280
1500549013 216492
1500549013 303559
1500549013 379680
1500549013 571576
1500549013 657471
1500549013 983414
1500549014 69574
1500549014 155812
1500549014 337307
1500549014 682055
1500549014 777257
1500549014 969765
1500549015 56213
1500549015 142334
1500549015 314685
1500549015 640424
1500549015 774851
1500549015 899247
1500549015 985308
1500549016 71757
1500549016 157624
1500549016 243981
1500549016 330121
1500549016 416359
1500549016 511615
1500549016 761244
1500549016 847423
1500549016 933774
1500549017 19747
1500549017 105981
1500549017 192638
1500549017 278659
1500549017 364530
1500549017 450808
1500549017 536190
1500549017 623191
1500549017 709593
1500549017 795700
1500549017 881806
1500549017 968111
1500549018 54387
1500549018 140832
1500549018 226834
1500549018 312824
1500549018 398124
1500549018 485602
1500549018 571621
1500549018 657946
1500549018 744143
1500549018 830318
1500549018 916518
1500549019 2757
1500549019 88879
1500549019 175064
1500549019 261053
1500549019 346462
1500549019 433553
1500549019 961144
1500549020 47297
1500549020 133324
1500549020 219667
1500549020 305902
1500549020 392081
1500549020 478175
1500549020 564648
1500549020 650666
1500549020 736990
1500549020 823159
1500549020 909330
1500549020 995816
1500549021 81755
1500549021 167902
1500549021 254382
1500549021 340183
1500549021 502860
1500549021 589078
1500549021 675227
1500549021 761261
1500549021 846728
1500549021 962007
1500549022 230843
1500549022 317846
1500549022 404039
1500549022 490222
1500549022 576272
1500549022 661554
1500549022 748741
1500549022 834988
1500549022 921161
1500549023 7657
1500549023 93756
1500549023 179981
1500549023 266108
1500549023 352282
1500549023 438389
1500549023 523865
1500549023 610945
1500549023 697059
1500549023 783283
1500549023 869502
1500549023 955656
1500549024 41184
1500549024 128276
1500549024 214563
1500549024 300682
1500549024 386824
1500549024 473345
1500549024 559334
1500549024 645545
1500549024 731762
1500549024 817877
1500549024 904075
1500549025 9268
1500549025 220017
1500549025 306192
1500549025 565299
1500549025 651170
1500549025 737184
1500549025 823422
1500549025 909621
1500549025 995782
1500549026 82021
1500549026 168256
1500549026 254612
1500549026 340748
1500549026 426880
1500549026 513112
1500549026 599319
1500549026 685571
1500549026 771740
1500549026 858042
1500549026 944263
1500549027 30424
1500549027 116544
1500549027 202814
1500549027 288948
1500549027 375266
1500549027 461351
1500549027 546830
1500549027 633936
1500549027 720056
1500549027 806349
1500549027 892597
1500549027 978881
1500549028 64960
1500549028 151058
1500549028 236472
1500549028 323590
1500549028 409770
1500549028 496182
1500549028 582380
1500549028 668426
1500549028 754742
1500549028 840959
1500549029 118571
1500549029 204767
1500549029 291938
1500549029 378292
1500549029 464496
1500549029 550730
1500549029 636810
1500549029 722841
1500549030 154214
1500549030 240539
1500549030 326624
1500549030 412653
1500549030 499108
1500549030 585058
1500549031 55416
1500549031 141472
1500549031 227740
1500549031 313816
1500549031 400070
1500549031 639806
1500549031 927510
1500549032 13676
1500549032 99725
1500549032 185972
1500549032 608233
1500549032 694146
1500549032 780385
1500549032 866669
1500549032 952939
1500549033 39021
1500549033 240719
1500549033 326738
1500549033 413109
1500549033 499100
1500549033 748691
1500549033 834703
1500549033 920120
1500549034 7436
1500549034 93588
1500549034 179736
1500549034 390609
1500549034 476681
1500549034 658929
1500549034 745250
1500549034 936682
1500549035 157359
1500549035 243544
1500549035 329681
1500549035 453942
1500549035 540139
1500549035 627196
1500549035 713429
1500549035 799633
1500549035 885615
1500549035 971047
1500549036 58309
1500549036 144515
1500549036 230734
1500549036 317031
1500549036 403005
1500549036 489376
1500549036 575670
1500549036 661696
1500549036 747941
1500549036 834332
1500549036 920456
1500549037 6558
1500549037 92846
1500549037 179149
1500549037 265075
1500549037 350505
1500549037 437529
1500549037 523787
1500549037 610168
1500549037 696316
1500549037 782531
1500549037 868694
1500549037 955006
1500549038 41111
1500549038 127678
1500549038 213666
1500549038 299888
1500549038 386193
1500549038 472278
1500549038 789093
1500549038 875289
1500549038 961712
1500549039 47691
1500549039 133862
1500549039 220064
1500549039 306268
1500549039 392578
1500549039 478568
1500549039 919840
1500549040 5972
1500549040 92165
1500549040 178512
1500549040 264606
1500549040 350935
1500549040 437086
1500549040 523124
1500549040 609313
1500549040 695550
1500549040 781916
1500549040 868067
1500549040 954341
1500549041 40826
1500549041 126818
1500549041 212917
1500549041 299319
1500549041 385387
1500549041 471383
1500549041 557738
1500549041 644146
1500549041 730017
1500549041 816353
1500549041 902600
1500549041 988788
1500549042 75033
1500549042 161518
1500549042 247430
1500549042 333544
1500549042 419955
1500549042 506116
1500549042 592440
1500549042 678758
1500549042 764639
1500549042 850846
1500549042 937142
1500549043 23429
1500549043 109693
1500549043 195887
1500549043 282018
1500549043 368233
1500549043 454532
1500549043 540535
1500549043 626936
1500549043 712965
1500549043 799405
1500549043 885412
1500549043 971684
1500549044 57850
1500549044 144103
1500549044 230254
1500549044 316635
1500549044 402707
1500549044 488924
1500549044 575206
1500549044 661490
1500549044 747718
1500549044 833857
1500549044 920116
1500549045 6425
1500549045 92536
1500549045 178810
1500549045 264910
1500549045 351242
1500549045 437403
1500549045 523604
1500549045 609948
1500549045 695851
1500549045 782065
1500549045 868316
1500549045 954553
1500549046 40856
1500549046 127014
1500549046 213244
1500549046 299395
1500549046 385544
1500549046 471724
1500549046 557974
1500549046 644191
1500549046 730407
1500549046 816711
1500549046 902846
1500549046 989130
1500549047 75323
1500549047 161624
1500549047 247898
1500549047 334184
1500549047 420318
1500549047 506384
1500549047 592763
1500549047 678765
1500549047 765115
1500549047 851192
1500549047 937475
1500549048 23720
1500549048 109991
1500549048 196276
1500549048 282342
1500549048 368539
1500549048 455045
1500549048 540988
1500549048 627286
1500549048 713469
1500549048 799610
1500549048 885856
1500549048 972187
1500549049 58198
1500549049 144547
1500549049 230875
1500549049 316925
1500549049 402973
1500549049 489234
1500549049 575412
1500549049 661600
1500549049 747801
1500549049 834131
1500549049 920256
1500549050 6504
1500549050 92934
1500549050 179098
1500549050 265213
1500549050 351516
1500549050 437729
1500549050 523818
1500549050 610232
1500549050 696374
1500549050 782659
1500549050 868771
1500549050 954943
1500549051 41236
1500549051 127357
1500549051 213730
1500549051 299999
1500549051 385891
1500549051 472169
1500549051 558409
1500549051 663839
1500549051 749844
1500549051 836139
1500549051 922394
1500549052 8731
1500549052 94722
1500549052 229175
1500549052 315512
1500549052 401643
1500549052 487867
1500549052 698444
1500549052 784628
1500549052 870543
1500549052 956791
1500549053 43149
1500549053 129306
1500549053 215609
1500549053 301691
1500549053 387855
1500549053 474112
1500549053 589611
1500549053 675685
1500549053 761984
1500549053 848245
1500549053 934367
1500549054 20678
1500549054 106801
1500549054 193136
1500549054 279220
1500549054 365381
1500549054 451569
1500549054 537670
1500549054 623979
1500549054 710136
1500549054 796376
1500549054 882575
1500549054 968751
1500549055 55039
1500549055 141352
1500549055 227407
1500549055 313711
1500549055 399951
1500549055 486085
1500549055 572401
1500549055 658442
1500549055 744625
1500549055 830914
1500549055 917056
1500549056 3486
1500549056 89611
1500549056 175732
1500549056 262159
1500549056 348379
1500549056 434368
1500549056 520641
1500549056 606962
1500549056 693131
1500549056 779405
1500549056 865454
1500549056 951640
1500549057 37828
1500549057 124017
1500549057 210525
1500549057 296525
1500549057 382626
1500549057 488092
1500549057 574235
1500549057 775625
1500549057 881119
1500549057 967240
1500549058 53457
1500549058 139828
1500549058 225803
1500549058 312124
1500549058 398178
1500549058 484460
1500549058 839376
1500549058 925389
1500549059 11685
1500549059 98031
1500549059 184256
1500549059 270426
1500549059 356639
1500549059 443127
1500549059 529009
1500549060 85571
1500549060 364030
1500549060 508211
1500549060 594362
1500549060 699698
1500549060 785888
1500549060 871958
1500549060 958146
1500549061 101821
1500549061 332347
1500549061 418442
1500549061 504644
1500549061 590988
1500549061 677138
1500549061 763203
1500549061 849442
1500549061 935682
1500549062 40212
1500549062 136293
1500549062 222456
1500549062 308822
1500549062 413830
1500549062 500168
1500549062 634606
1500549063 37538
1500549063 200814
1500549063 287071
1500549063 373046
1500549063 459213
1500549063 545573
1500549063 631967
1500549063 717966
1500549063 804132
1500549063 890569
1500549063 976742
1500549064 62960
1500549064 148980
1500549064 235183
1500549064 321480
1500549064 407643
1500549064 493781
1500549064 580096
1500549064 666513
1500549064 752431
1500549064 838711
1500549064 925082
1500549065 11498
1500549065 97332
1500549065 182735
1500549065 268945
1500549065 355186
1500549065 441327
1500549065 527469
1500549065 613669
1500549065 700257
1500549065 786159
1500549065 872308
1500549065 958709
1500549066 44821
1500549066 131113
1500549066 217166
1500549066 303467
1500549066 389522
1500549066 475892
1500549066 562027
1500549066 648328
