1502298261 991886
1502298262 558296
1502298262 663778
1502298262 749994
1502298262 884273
1502298263 105755
1502298263 374211
1502298263 489472
1502298263 719653
1502298263 902144
1502298264 74698
1502298264 237857
1502298264 324241
1502298264 669895
1502298266 887757
1502298267 137371
1502298267 319773
1502298267 502160
1502298267 693625
1502298267 905147
1502298268 1292
1502298268 135575
1502298268 499496
1502298268 624781
1502298268 730103
1502298269 191024
1502298269 430741
1502298269 603999
1502298269 709453
1502298269 929830
1502298270 93059
1502298270 285481
1502298270 371631
1502298270 746431
1502298270 908871
1502298271 44140
1502298271 312746
1502298271 504296
1502298271 763734
1502298271 879050
1502298272 90476
1502298272 233950
1502298272 339094
1502298272 512535
1502298274 125225
1502298274 278518
1502298274 509057
1502298274 806738
1502298274 950936
1502298275 85289
1502298275 219582
1502298275 315789
1502298275 440124
1502298275 526262
1502298275 641584
1502298275 968250
1502298276 207796
1502298276 639949
1502298277 532764
1502298277 801477
1502298278 60980
1502298278 291459
1502298278 943964
1502298279 155438
1502298279 385967
1502298279 644510
1502298279 866031
1502298279 962233
1502298280 124598
1502298280 210862
1502298280 384191
1502298280 480314
1502298280 700980
1502298280 892380
1502298280 988512
1502298281 152038
1502298281 238243
1502298281 468629
1502298281 670129
1502298281 862540
1502298282 44995
1502298282 131089
1502298282 399850
1502298282 668487
1502298282 889777
1502298283 541481
1502298283 742906
1502298283 858186
1502298283 973383
1502298284 376354
1502298284 587703
1502298288 216847
1502298288 657881
1502298289 358586
1502298290 222489
1502298290 452929
1502298291 546517
1502298292 17492
1502298292 180927
1502298293 34737
1502298293 927730
1502298294 62110
1502298294 206405
1502298295 741903
1502298296 222058
1502298296 395313
1502298296 653923
1502298296 846301
1502298297 249384
1502298297 662178
1502298297 911681
1502298297 988811
1502298298 161316
1502298300 734056
1502298301 166013
1502298301 530870
1502298301 636211
1502298301 818754
1502298302 212482
1502298311 754768
1502298312 138694
1502298314 548151
1502298314 682524
1502298315 47350
1502298315 258626
1502298315 451118
1502298315 700627
1502298316 612618
1502298316 833180
1502298317 44635
1502298317 168974
1502298317 697219
1502298317 850541
1502298318 13949
1502298318 282580
1502298318 464927
1502298318 906934
1502298319 194614
1502298319 337919
1502298319 453167
1502298319 587503
1502298319 809003
1502298319 895081
1502298319 981309
1502298320 163738
1502298320 269066
1502298320 518651
1502298320 787284
1502298321 27684
1502298321 843560
1502298328 92637
1502298328 438497
1502298328 620892
1502298328 995662
1502298329 706224
1502298330 147301
1502298330 396909
1502298330 492998
1502298330 732602
1502298330 992077
1502298331 453266
1502298331 616502
1502298331 856061
1502298332 28582
1502298332 115599
1502298332 298051
1502298332 441411
1502298332 672033
1502298332 998805
1502298333 718289
1502298333 948969
1502298334 371715
1502298334 563183
1502298334 649372
1502298334 918872
1502298335 72292
1502298335 206648
1502298335 456155
1502298335 724800
1502298335 926297
1502298336 819225
1502298337 213110
1502298337 356514
1502298337 500708
1502298337 625929
1502298337 769406
1502298338 9844
1502298338 115069
1502298338 240295
1502298338 326633
1502298338 595196
1502298338 777805
1502298338 940994
1502298339 314878
1502298339 564503
1502298339 766802
1502298340 255905
1502298340 390251
1502298340 582627
1502298340 822218
1502298341 542670
1502298341 926624
1502298344 825258
1502298345 16689
1502298345 736358
1502298346 610277
1502298346 859977
1502298347 32328
1502298347 358919
1502298347 512436
1502298348 635813
1502298348 818240
1502298349 441756
1502298349 854583
1502298349 941132
1502298350 248469
1502298350 488029
1502298350 987200
1502298351 658749
1502298352 90764
1502298352 551640
1502298352 637902
1502298352 954622
1502298353 147063
1502298353 406689
1502298354 539129
1502298354 692558
1502298354 894068
1502298355 374162
1502298355 614541
1502298355 835105
1502298356 55791
1502298356 229185
1502298356 669996
1502298356 910488
1502298357 131046
1502298357 236216
1502298357 409677
1502298357 640072
1502298357 812559
1502298358 24100
1502298358 244458
1502298358 734605
1502298358 916921
1502298359 99403
1502298360 87682
1502298360 260949
1502298360 491542
1502298360 663920
1502298360 932469
1502298361 18680
1502298361 700347
1502298362 161478
1502298363 207744
1502298363 457240
1502298363 870192
1502298364 283074
1502298364 388320
1502298364 599963
1502298364 773160
1502298364 993632
1502298365 214172
1502298365 463884
1502298365 665161
1502298366 385837
1502298367 105403
1502298367 249651
1502298367 710653
1502298368 267044
1502298368 602837
1502298368 709142
1502298368 929514
1502298369 15695
1502298369 217203
1502298369 352499
1502298369 428584
1502298369 630162
1502298369 784438
1502298370 23880
1502298370 235379
1502298370 407887
1502298370 581152
1502298370 782607
1502298370 859022
1502298370 954963
1502298371 137448
1502298371 540371
1502298371 693750
1502298371 770804
1502298372 414284
1502298374 833693
1502298375 447192
1502298375 552397
1502298375 975481
1502298376 147800
1502298376 330126
1502298376 877398
1502298377 242390
1502298377 501783
1502298377 856741
1502298378 96154
1502298378 423084
1502298378 845832
1502298379 277760
1502298379 575406
1502298379 844017
1502298380 515606
1502298380 659917
1502298380 918598
1502298381 149063
1502298381 610052
1502298381 801604
1502298382 13021
1502298384 451425
1502298385 642106
1502298385 728286
1502298385 929778
1502298387 302805
1502298387 514268
1502298387 763820
1502298387 917359
1502298388 204878
1502298389 194073
1502298389 481821
1502298389 712291
1502298390 125274
1502298390 288558
1502298390 739591
1502298391 133560
1502298391 343915
1502298391 872112
1502298393 100933
1502298393 705325
1502298394 147204
1502298394 300560
1502298394 521126
1502298394 665335
1502298399 272809
1502298399 599452
1502298400 117777
1502298400 309173
1502298400 616915
1502298400 971659
1502298405 838640
1502298405 972906
1502298406 174495
1502298406 597245
1502298406 673513
1502298406 904115
1502298407 77379
1502298407 576483
1502298407 797172
1502298407 998520
1502298408 679984
1502298408 890571
1502298408 977635
1502298409 53900
1502298409 322632
1502298409 543960
1502298409 649263
1502298409 802766
1502298409 917939
1502298410 417213
1502298411 377099
1502298411 751898
1502298412 192894
1502298412 395443
1502298412 605982
1502298413 412718
1502298413 796515
1502298413 949895
1502298414 333801
1502298414 593385
1502298414 813921
1502298415 35439
1502298415 150583
1502298415 342308
1502298415 572560
1502298415 716059
1502298415 927444
1502298416 340490
1502298416 954748
1502298417 137027
1502298417 309513
1502298417 904842
1502298418 279695
1502298418 423139
1502298418 519128
1502298418 692518
1502298419 306907
1502298419 508350
1502298419 594572
1502298419 709871
1502298420 257081
1502298421 140127
1502298421 408721
1502298421 485797
1502298421 687188
1502298421 897866
1502298422 147396
1502298422 368833
1502298422 512297
1502298422 627580
1502298423 405231
1502298423 558675
1502298424 394431
1502298424 662960
1502298424 816555
1502298424 902579
1502298425 430694
1502298425 814654
1502298426 45149
1502298426 151282
1502298426 400867
1502298426 669416
1502298427 72631
1502298427 437272
1502298428 887416
1502298429 607091
1502298430 403916
1502298430 672616
1502298430 835825
1502298430 970163
1502298431 450179
1502298431 603967
1502298431 930431
1502298432 74560
1502298432 304289
1502298432 525576
1502298432 649934
1502298432 755295
1502298432 937786
1502298433 178184
1502298433 321532
1502298433 572120
1502298433 734498
1502298434 99300
1502298434 320673
1502298434 522117
1502298434 742830
1502298434 944254
1502298435 88494
1502298435 357031
1502298435 491394
1502298435 673955
1502298436 441584
1502298436 691111
1502298436 873500
1502298437 746446
1502298437 948064
1502298438 197690
1502298438 351775
1502298438 562292
1502298439 4462
1502298439 167798
1502298439 762980
1502298439 916549
1502298440 338562
1502298440 732178
1502298440 943664
1502298441 212282
1502298441 346621
1502298441 615202
1502298442 86171
1502298443 218828
1502298443 458423
1502298443 554607
1502298443 688897
1502298443 957504
1502298444 91781
1502298444 197923
1502298444 370598
1502298444 581867
1502298444 725326
1502298444 859743
1502298445 22962
1502298445 177244
1502298445 416745
1502298445 599236
1502298445 810698
1502298445 954085
1502298446 98290
1502298446 261668
1502298447 135564
1502298448 786228
1502298449 506023
1502298450 15088
1502298450 149401
1502298450 283678
1502298450 514236
1502298450 696592
1502298451 167782
1502298451 330180
1502298451 493497
1502298451 627805
1502298451 733896
1502298451 916292
1502298452 59682
1502298452 155833
1502298452 281148
1502298452 520763
1502298452 914563
1502298453 29748
1502298453 212283
1502298453 298502
1502298453 442925
1502298454 114261
1502298454 930300
1502298455 294859
1502298457 272615
1502298457 463876
1502298457 685328
1502298458 59203
1502298458 193630
1502298458 404864
1502298458 855882
1502298458 961219
1502298459 201714
1502298460 238018
1502298460 824381
1502298460 958664
1502298461 44884
1502298461 237474
1502298461 332633
1502298461 418731
1502298461 611424
1502298461 841740
1502298462 100342
1502298462 196486
1502298462 426957
1502298462 619374
1502298462 695648
1502298463 146623
1502298463 271871
1502298463 848091
1502298463 953471
1502298464 164806
1502298464 577781
1502298465 259435
1502298465 402673
1502298465 604155
1502298465 739432
1502298466 813973
1502298466 920068
1502298467 140697
1502298467 668664
1502298468 100732
1502298468 820589
1502298468 926502
1502298469 31804
1502298469 281316
1502298469 463877
1502298469 943836
1502298470 596341
1502298471 162818
1502298471 902276
1502298472 324246
1502298472 477639
1502298472 833546
1502298473 35263
1502298473 236332
1502298473 697547
1502298473 965941
1502298474 61359
1502298474 186670
1502298474 301741
1502298474 522306
1502298474 675607
1502298474 762683
1502298474 887419
1502298475 338157
1502298475 434307
1502298475 577783
1502298475 703045
1502298475 866435
1502298476 9949
1502298476 250259
1502298476 508790
1502298476 749461
1502298476 951255
1502298477 200261
1502298477 305726
1502298477 469018
1502298477 594060
1502298477 824839
1502298477 997221
1502298478 92424
1502298478 525288
1502298479 24290
1502298479 619000
1502298479 734114
1502298480 108834
1502298480 511839
1502298481 107141
1502298481 299533
1502298481 520080
1502298482 556431
1502298482 825889
1502298483 545544
1502298483 699044
1502298484 159986
1502298484 380530
1502298484 581881
1502298485 33955
1502298485 138212
1502298485 387957
1502298485 609217
1502298485 714441
1502298485 887814
1502298486 127484
1502298486 232884
1502298486 328848
1502298486 780010
1502298486 923421
1502298487 403347
1502298487 922445
1502298488 440565
1502298488 699405
1502298489 93288
1502298489 486955
1502298489 573235
1502298489 793787
1502298490 437248
1502298490 801916
1502298491 32453
1502298491 195880
1502298491 301008
1502298491 464429
1502298491 636834
1502298491 800189
1502298492 644999
1502298493 57952
1502298493 460940
1502298493 681483
1502298493 758543
1502298493 902924
1502298494 133403
1502298494 334765
1502298494 593446
1502298494 670677
1502298494 804950
1502298494 901125
1502298495 6438
1502298495 150695
1502298495 371281
1502298495 610826
1502298495 813160
1502298495 937496
1502298496 206166
1502298496 657226
1502298496 811387
1502298496 983916
1502298497 185281
1502298497 319760
1502298497 636321
1502298497 847782
1502298498 203678
1502298498 404971
1502298498 606539
1502298498 980363
1502298499 336126
1502298499 518506
1502298499 719923
1502298500 200039
1502298500 286230
1502298501 466895
1502298501 563062
1502298501 850751
1502298502 916211
1502298503 108498
1502298503 261890
1502298503 406245
1502298503 511524
1502298504 500774
1502298504 750680
1502298504 845627
1502298505 76049
1502298505 297525
1502298505 392775
1502298505 547049
1502298505 642317
1502298506 122432
1502298506 295888
1502298506 449204
1502298506 593415
1502298506 814062
1502298507 73621
1502298507 265117
1502298507 457570
1502298507 553752
1502298507 812254
1502298508 41770
1502298508 282304
1502298508 531946
1502298508 781600
1502298509 69197
1502298509 337859
1502298509 549209
1502298509 922991
1502298510 163699
1502298510 413147
1502298511 180862
1502298511 363204
1502298511 535706
1502298511 766169
1502298512 73821
1502298512 669150
1502298512 803481
1502298513 321645
1502298513 466050
1502298513 590157
1502298513 849919
1502298513 993236
1502298514 137525
1502298514 617822
1502298514 722814
1502298514 972390
1502298515 221969
1502298515 318097
1502298515 510640
1502298515 760119
1502298517 545173
1502298517 987146
1502298518 169544
1502298518 457219
1502298518 563331
1502298518 649599
1502298519 100736
1502298519 273963
1502298519 628884
1502298519 849301
1502298520 70864
1502298520 195022
1502298520 358598
1502298520 540809
1502298520 713357
1502298520 819408
1502298521 88287
1502298521 356682
1502298521 452854
1502298521 683436
1502298522 873936
1502298523 180756
1502298524 15812
1502298524 265609
1502298524 659252
1502298524 870541
1502298525 32951
1502298525 167290
1502298525 416876
1502298525 685437
1502298525 781648
1502298525 974028
1502298526 290818
1502298526 741926
1502298526 991278
1502298527 394331
1502298527 798103
1502298528 27798
1502298528 488821
1502298528 623067
1502298528 767350
1502298529 218336
1502298529 410800
1502298529 660433
1502298529 890773
1502298530 236559
1502298530 495256
1502298531 292087
1502298531 830151
1502298532 166012
1502298532 329269
1502298532 799478
1502298533 38967
1502298533 202390
1502298533 452036
1502298533 643412
1502298533 912081
1502298534 85280
1502298534 248702
1502298534 382952
1502298534 507263
1502298534 622530
1502298535 343104
1502298535 755044
1502298535 909409
1502298536 178089
1502298536 504795
1502298536 629014
1502298536 763350
1502298537 272498
1502298537 425880
1502298537 579173
1502298537 848841
1502298538 88329
1502298538 347890
1502298538 578528
1502298538 750761
1502298539 19499
1502298539 105574
1502298539 220831
1502298539 998582
1502298540 430785
1502298540 901614
1502298541 93217
1502298541 333767
1502298541 544066
1502298541 669436
1502298541 832812
1502298542 43219
1502298542 427117
1502298542 533433
1502298542 763128
1502298542 849949
1502298543 310192
1502298543 540578
1502298544 78748
1502298545 777591
1502298546 189673
1502298546 554523
1502298546 803942
1502298547 121643
1502298547 323038
1502298547 639765
1502298547 908393
1502298548 119884
1502298548 464831
1502298548 569963
1502298548 723375
1502298548 934737
1502298549 424967
1502298549 731592
1502298549 827894
1502298550 86516
1502298550 557388
1502298550 787925
1502298551 785283
1502298552 169535
1502298552 313527
1502298553 810820
1502298553 993230
1502298554 127547
1502298554 368002
1502298554 483287
1502298555 212838
1502298555 442593
1502298555 961599
1502298556 95913
1502298556 230298
1502298556 786663
1502298557 333716
1502298557 602377
1502298558 6242
1502298558 226816
