1501768653 448849
1501768653 755084
1501768653 839193
1501768653 964050
1501768654 44521
1501768654 155442
1501768654 250456
1501768654 330741
1501768654 446927
1501768654 564611
1501768654 685280
1501768654 815834
1501768654 908413
1501768654 992348
1501768655 69364
1501768655 189567
1501768655 262902
1501768655 355153
1501768655 449388
1501768655 583461
1501768655 701554
1501768655 823024
1501768655 887592
1501768655 977006
1501768656 97779
1501768656 207919
1501768656 294423
1501768656 398683
1501768656 485468
1501768656 560020
1501768656 674969
1501768656 752435
1501768656 844510
1501768656 934483
1501768657 39039
1501768657 135146
1501768657 208473
1501768657 280446
1501768657 403643
1501768657 484784
1501768657 551273
1501768657 674601
1501768657 789810
1501768657 874823
1501768657 962928
1501768658 73201
1501768658 152321
1501768658 275614
1501768658 406346
1501768658 536381
1501768658 648076
1501768658 736936
1501768658 808130
1501768658 885506
1501768659 2839
1501768659 94604
1501768659 218235
1501768659 309589
1501768659 397598
1501768659 505779
1501768659 625347
1501768659 708336
1501768659 838862
1501768659 929143
1501768660 953
1501768660 130392
1501768660 256832
1501768660 361843
1501768660 487376
1501768660 618153
1501768660 698582
1501768660 826747
1501768660 918026
1501768661 38285
1501768661 145406
1501768661 252641
1501768661 387203
1501768661 522374
1501768661 653918
1501768661 761498
1501768661 854400
1501768661 950458
1501768662 42958
1501768662 147851
1501768662 244244
1501768662 337644
1501768662 418580
1501768662 535670
1501768662 664247
1501768662 797642
1501768662 881656
1501768662 971825
1501768663 68003
1501768663 144143
1501768663 236461
1501768663 332455
1501768663 419965
1501768663 512091
1501768663 600602
1501768663 725877
1501768663 843058
1501768663 937210
1501768664 31215
1501768664 110714
1501768664 233628
1501768664 356852
1501768664 424901
1501768664 489725
1501768664 566704
1501768664 678913
1501768664 792990
1501768664 912713
1501768665 9046
1501768665 102465
1501768665 222327
1501768665 297555
1501768665 407955
1501768665 489329
1501768665 561429
1501768665 687674
1501768665 791071
1501768665 927428
1501768666 32616
1501768666 152825
1501768666 278236
1501768666 384526
1501768666 507707
1501768666 604130
1501768666 722469
1501768666 844602
1501768666 933891
1501768667 15210
1501768667 115472
1501768667 191585
1501768667 325656
1501768667 405192
1501768667 531312
1501768667 669972
1501768667 779107
1501768667 881256
1501768668 2717
1501768668 89835
1501768668 225155
1501768668 353368
1501768668 462566
1501768668 548424
1501768668 627106
1501768668 725668
1501768668 854682
1501768668 949139
1501768669 77308
1501768669 161560
1501768669 248360
1501768669 327285
1501768669 412895
1501768669 499277
1501768669 603459
1501768669 707781
1501768669 837144
1501768669 956387
1501768670 39842
1501768670 168015
1501768670 272180
1501768670 399461
1501768670 509852
1501768670 597018
1501768670 733070
1501768670 807778
1501768670 904084
1501768671 35022
1501768671 137320
1501768671 212690
1501768671 340855
1501768671 445306
1501768671 577584
1501768671 689535
1501768671 798782
1501768671 900099
1501768671 978452
1501768672 86976
1501768672 198949
1501768672 300040
1501768672 405580
1501768672 492948
1501768672 599996
1501768672 725262
1501768672 821643
1501768672 917892
1501768673 4621
1501768673 72448
1501768673 141211
1501768673 232788
1501768673 324581
1501768673 420158
1501768673 550118
1501768673 665376
1501768673 755505
1501768673 831696
1501768673 960253
1501768674 75500
1501768674 144469
1501768674 256884
1501768674 345964
1501768674 473020
1501768674 593588
1501768674 724664
1501768674 808951
1501768674 901454
1501768674 985465
1501768675 91587
1501768675 189808
1501768675 311114
1501768675 453006
1501768675 564141
1501768675 660824
1501768675 752830
1501768675 835013
1501768675 929188
1501768676 37381
1501768676 132886
1501768676 206651
1501768676 278080
1501768676 349505
1501768676 434340
1501768676 520533
1501768676 606662
1501768676 728769
1501768676 852339
1501768676 974709
1501768677 89900
1501768677 213076
1501768677 301573
1501768677 391832
1501768677 515675
1501768677 600414
1501768677 693101
1501768677 778422
1501768677 900489
1501768677 995788
1501768678 78157
1501768678 200141
1501768678 315521
1501768678 381026
1501768678 483777
1501768678 581024
1501768678 697233
1501768678 782605
1501768678 910712
1501768678 991090
1501768679 82239
1501768679 177443
1501768679 257466
1501768679 393076
1501768679 492840
1501768679 584393
1501768679 714353
1501768679 844712
1501768679 957895
1501768680 39031
1501768680 110538
1501768680 197137
1501768680 317891
1501768680 434118
1501768680 522827
1501768680 601968
1501768680 724763
1501768680 835115
1501768680 916401
1501768680 985578
1501768681 118940
1501768681 219398
1501768681 309251
1501768681 420842
1501768681 491705
1501768681 565721
1501768681 655677
1501768681 740260
1501768681 828725
1501768681 940686
1501768682 22843
1501768682 99054
1501768682 203269
1501768682 283583
1501768682 371634
1501768682 441951
1501768682 515395
1501768682 603400
1501768682 681664
1501768682 758098
1501768682 859273
1501768682 993572
1501768683 123717
1501768683 197140
1501768683 298960
1501768683 394341
1501768683 506609
1501768683 623927
1501768683 697282
1501768683 822041
1501768683 900336
1501768684 22256
1501768684 89534
1501768684 154201
1501768684 233305
1501768684 342836
1501768684 405781
1501768684 487226
1501768684 601020
1501768684 673598
1501768684 749603
1501768684 840589
1501768684 939970
1501768685 12457
1501768685 101600
1501768685 195514
1501768685 287831
1501768685 380002
1501768685 494246
1501768685 601657
1501768685 712642
1501768685 810212
1501768685 939808
1501768686 12401
1501768686 127551
1501768686 213869
1501768686 329104
1501768686 402222
1501768686 504432
1501768686 616644
1501768686 745962
1501768686 848143
1501768686 919518
1501768687 56648
1501768687 172089
1501768687 249465
1501768687 326464
1501768687 396638
1501768687 484950
1501768687 587452
1501768687 711383
1501768687 788028
1501768687 861778
1501768687 982152
1501768688 73428
1501768688 152575
1501768688 260824
1501768688 346088
1501768688 458571
1501768688 583706
1501768688 718029
1501768688 794207
1501768688 932513
1501768689 30920
1501768689 148757
1501768689 280389
1501768689 404669
1501768689 490885
1501768689 563266
1501768689 660501
1501768689 792662
1501768689 870834
1501768690 1169
1501768690 131479
1501768690 254668
1501768690 363203
1501768690 448675
1501768690 565664
1501768690 685968
1501768690 783025
1501768690 879125
1501768690 989282
1501768691 87170
1501768691 171024
1501768691 279577
1501768691 361447
1501768691 429551
1501768691 503153
1501768691 578267
1501768691 649267
1501768691 759224
1501768691 843709
1501768691 931633
1501768691 997966
1501768692 85004
1501768692 161277
1501768692 240817
1501768692 318590
1501768692 398017
1501768692 516259
1501768692 635857
1501768692 749032
1501768692 841895
1501768692 964652
1501768693 74301
1501768693 192075
1501768693 289099
1501768693 360039
1501768693 461206
1501768693 567390
1501768693 686690
1501768693 816445
1501768693 900667
1501768694 34682
1501768694 148867
1501768694 244271
1501768694 332225
1501768694 414525
1501768694 520623
1501768694 603963
1501768694 704212
1501768694 827464
1501768694 901728
1501768695 40937
1501768695 161294
1501768695 276939
1501768695 381620
1501768695 512143
1501768695 592597
1501768695 720641
1501768695 802141
1501768695 902282
1501768695 999588
1501768696 111754
1501768696 241012
1501768696 343344
1501768696 442613
1501768696 572541
1501768696 673140
1501768696 741254
1501768696 857462
1501768696 988818
1501768697 58961
1501768697 155267
1501768697 247205
1501768697 357632
1501768697 437027
1501768697 510029
1501768697 614358
1501768697 717640
1501768697 800207
1501768697 932564
1501768698 22533
1501768698 134652
1501768698 209847
1501768698 287271
1501768698 354557
1501768698 469521
1501768698 575085
1501768698 699152
1501768698 797451
1501768698 861645
1501768698 962488
1501768699 63793
1501768699 190273
1501768699 268649
1501768699 401853
1501768699 523820
1501768699 641163
1501768699 721396
1501768699 794840
1501768699 889545
1501768699 963219
1501768700 92024
1501768700 164422
1501768700 238729
1501768700 312660
1501768700 407708
1501768700 492081
1501768700 618143
1501768700 694391
1501768700 805718
1501768700 928908
1501768701 52447
1501768701 176705
1501768701 269080
1501768701 368058
1501768701 468193
1501768701 581598
1501768701 684829
1501768701 798972
1501768701 887586
1501768702 14590
1501768702 112942
1501768702 242030
1501768702 322527
1501768702 432625
1501768702 503967
1501768702 593970
1501768702 694407
1501768702 772300
1501768702 870586
1501768702 977822
1501768703 108901
1501768703 191140
1501768703 294653
1501768703 394159
1501768703 480386
1501768703 580471
1501768703 674692
1501768703 750000
1501768703 845906
1501768703 948559
1501768704 73844
1501768704 172145
1501768704 293461
1501768704 386920
1501768704 512845
1501768704 601133
1501768704 739103
1501768704 847522
1501768704 916940
1501768705 54119
1501768705 136502
1501768705 236582
1501768705 359976
1501768705 446197
1501768705 549610
1501768705 627711
1501768705 751851
1501768705 855319
1501768705 951599
1501768706 45784
1501768706 147012
1501768706 273456
1501768706 373569
1501768706 472765
1501768706 573906
1501768706 676003
1501768706 753002
1501768706 867896
1501768706 928925
1501768707 8204
1501768707 102255
1501768707 200581
1501768707 281008
1501768707 374853
1501768707 461202
1501768707 543195
1501768707 668683
1501768707 747049
1501768707 824207
1501768707 924391
1501768708 14337
1501768708 132814
1501768708 209710
1501768708 323855
1501768708 399331
1501768708 508381
1501768708 627532
1501768708 698831
1501768708 834013
1501768708 912386
1501768709 22624
1501768709 98819
1501768709 217324
1501768709 315319
1501768709 421650
1501768709 496903
1501768709 589970
1501768709 674090
1501768709 780312
1501768709 865577
1501768709 977828
1501768710 53148
1501768710 143332
1501768710 259274
1501768710 354835
1501768710 469903
1501768710 547145
1501768710 674532
1501768710 783826
1501768710 870209
1501768710 954272
1501768711 68504
1501768711 175769
1501768711 295093
1501768711 373591
1501768711 467336
1501768711 579477
1501768711 656758
1501768711 728077
1501768711 831382
1501768711 904883
1501768712 36036
1501768712 115472
1501768712 195073
1501768712 273442
1501768712 364529
1501768712 454691
1501768712 557167
1501768712 636401
1501768712 711323
1501768712 836518
1501768712 916809
1501768713 38278
1501768713 160349
1501768713 288080
1501768713 414117
1501768713 531523
1501768713 665925
1501768713 742154
1501768713 815837
1501768713 895202
1501768713 982200
1501768714 72725
1501768714 170593
1501768714 246846
1501768714 375073
1501768714 453580
1501768714 564506
1501768714 637844
1501768714 714881
1501768714 818077
1501768714 891417
1501768714 980075
1501768715 53387
1501768715 124505
1501768715 197312
1501768715 296408
1501768715 381776
1501768715 509201
1501768715 617784
1501768715 703523
1501768715 817946
1501768715 917088
1501768716 52157
1501768716 138558
1501768716 224644
1501768716 347798
1501768716 438179
1501768716 528263
1501768716 606468
1501768716 704822
1501768716 777780
1501768716 883496
1501768717 14481
1501768717 93034
1501768717 210032
1501768717 288179
1501768717 390596
1501768717 529887
1501768717 603958
1501768717 734403
1501768717 808784
1501768717 936894
1501768718 30074
1501768718 156345
1501768718 286722
1501768718 378658
1501768718 503551
1501768718 597793
1501768718 727898
1501768718 809043
1501768718 893202
1501768718 987614
1501768719 75517
1501768719 200227
1501768719 319346
1501768719 430290
1501768719 557992
1501768719 671973
1501768719 757521
1501768719 887644
1501768720 6418
1501768720 125276
1501768720 220667
1501768720 328404
1501768720 442190
1501768720 549165
1501768720 616200
1501768720 709495
1501768720 815670
1501768720 938842
1501768721 28287
1501768721 117316
1501768721 248402
1501768721 342578
1501768721 456807
1501768721 560090
1501768721 675395
1501768721 766572
1501768721 876860
1501768721 982228
1501768722 112005
1501768722 218277
1501768722 303692
1501768722 387024
1501768722 449257
1501768722 572634
1501768722 657847
1501768722 761738
1501768722 869105
1501768722 957641
1501768723 52076
1501768723 138096
1501768723 207903
1501768723 299299
1501768723 407159
1501768723 518901
1501768723 609988
1501768723 709225
1501768723 822690
1501768723 921539
1501768724 7132
1501768724 132007
1501768724 240380
1501768724 315506
1501768724 392897
1501768724 513791
1501768724 630017
1501768724 707569
1501768724 812425
1501768724 917908
1501768724 992946
1501768725 82085
1501768725 176216
1501768725 288386
1501768725 369784
1501768725 467953
1501768725 600186
1501768725 728496
1501768725 819923
1501768725 952972
1501768726 57267
1501768726 141750
1501768726 251670
1501768726 375005
1501768726 477388
1501768726 572726
1501768726 678782
1501768726 761091
1501768726 838340
1501768726 922484
1501768727 16662
1501768727 96188
1501768727 223176
1501768727 342508
1501768727 470857
1501768727 586831
1501768727 716521
1501768727 846665
1501768727 924942
1501768728 1165
1501768728 91337
1501768728 173630
1501768728 289904
1501768728 399090
1501768728 488456
1501768728 565330
1501768728 693673
1501768728 784155
1501768728 870153
1501768728 988458
1501768729 86779
1501768729 165218
1501768729 244458
1501768729 326392
1501768729 406477
1501768729 508769
1501768729 594025
1501768729 692428
1501768729 826465
1501768729 898405
1501768730 28270
1501768730 106739
1501768730 211725
1501768730 312956
1501768730 438766
1501768730 503776
1501768730 598525
1501768730 668395
1501768730 754015
1501768730 848080
1501768730 954273
1501768731 43350
1501768731 153633
1501768731 275129
1501768731 374154
1501768731 484456
1501768731 555702
1501768731 688573
1501768731 785389
1501768731 882556
1501768731 964569
1501768732 43651
1501768732 127856
1501768732 235249
1501768732 346578
1501768732 475735
1501768732 547895
1501768732 659222
1501768732 758153
1501768732 864501
1501768732 935585
1501768733 55832
1501768733 157369
1501768733 278715
1501768733 381134
1501768733 450896
1501768733 535149
1501768733 624443
1501768733 733501
1501768733 820149
1501768733 934016
1501768734 59210
1501768734 171825
1501768734 268827
1501768734 380108
1501768734 504092
1501768734 623655
1501768734 729000
1501768734 858359
1501768734 994635
1501768735 96897
1501768735 226168
1501768735 352566
1501768735 446977
1501768735 557174
1501768735 696155
1501768735 820596
1501768735 946822
1501768736 73175
1501768736 165550
1501768736 249399
1501768736 331813
1501768736 428089
1501768736 545588
1501768736 640638
1501768736 743897
1501768736 858093
1501768736 967490
1501768737 78914
1501768737 158207
1501768737 274229
1501768737 351429
1501768737 459692
1501768737 556966
1501768737 673069
1501768737 776388
1501768737 859775
1501768737 947982
1501768738 54156
1501768738 173190
1501768738 305530
1501768738 384073
1501768738 506144
1501768738 637543
1501768738 765538
1501768738 883861
1501768738 985207
1501768739 94800
1501768739 228078
1501768739 306405
1501768739 400144
1501768739 532574
1501768739 650895
1501768739 729429
1501768739 863403
1501768739 975936
1501768740 83024
1501768740 205298
1501768740 283532
1501768740 419580
1501768740 516048
1501768740 628213
1501768740 723584
1501768740 802841
1501768740 890956
1501768740 961242
1501768741 53337
1501768741 167526
1501768741 274680
1501768741 376776
1501768741 486138
1501768741 558801
1501768741 673966
1501768741 784022
1501768741 913472
1501768742 14767
1501768742 135793
1501768742 223331
1501768742 331206
1501768742 436479
1501768742 532695
1501768742 602873
1501768742 732362
1501768742 804775
1501768742 923480
1501768743 12403
1501768743 98931
1501768743 195466
1501768743 292796
1501768743 400813
1501768743 478757
1501768743 591490
1501768743 692610
1501768743 772066
1501768743 848890
1501768743 933305
1501768744 45611
1501768744 122900
1501768744 230059
1501768744 303336
1501768744 407590
1501768744 518875
1501768744 648239
1501768744 742156
1501768744 844236
1501768744 964981
1501768745 38789
1501768745 156065
1501768745 237203
1501768745 309524
1501768745 414825
1501768745 503815
1501768745 599053
1501768745 694190
1501768745 789676
1501768745 889823
1501768745 958019
1501768746 38345
1501768746 117525
1501768746 219609
1501768746 305050
1501768746 419168
1501768746 518384
1501768746 647556
1501768746 763886
1501768746 855239
1501768746 975334
1501768747 68743
1501768747 136876
1501768747 273125
1501768747 373497
1501768747 469836
1501768747 584766
1501768747 694090
1501768747 831440
1501768747 921788
1501768748 21596
1501768748 113104
1501768748 238461
1501768748 332706
1501768748 401005
1501768748 517090
1501768748 650406
1501768748 741843
1501768748 861075
1501768748 972285
1501768749 55457
1501768749 133787
1501768749 237967
1501768749 370327
1501768749 480736
1501768749 575902
1501768749 669835
1501768749 802106
1501768749 902572
1501768750 5801
1501768750 139069
1501768750 255404
1501768750 344513
1501768750 444924
1501768750 548214
1501768750 687337
1501768750 813416
1501768750 907845
1501768751 3842
1501768751 117618
1501768751 230965
1501768751 352181
1501768751 434775
1501768751 551044
1501768751 636543
1501768751 718539
1501768751 800904
1501768751 905935
1501768752 15420
1501768752 98473
1501768752 229529
1501768752 325994
1501768752 417557
1501768752 549446
1501768752 616913
1501768752 730260
1501768752 841307
1501768752 912859
1501768753 8447
1501768753 98725
1501768753 186192
1501768753 260504
1501768753 377410
1501768753 459221
1501768753 525266
1501768753 608177
1501768753 721083
1501768753 848508
1501768753 961012
1501768754 84305
1501768754 167241
1501768754 289448
1501768754 403048
1501768754 512180
1501768754 589560
1501768754 680694
1501768754 787656
1501768754 886194
1501768754 974066
1501768755 86909
1501768755 163547
1501768755 248041
1501768755 374372
1501768755 456763
1501768755 567129
1501768755 689115
1501768755 764945
1501768755 846110
1501768755 932298
1501768756 36618
1501768756 118775
1501768756 225093
1501768756 356296
1501768756 447620
1501768756 521893
1501768756 610892
1501768756 699139
1501768756 814421
1501768756 943585
1501768757 28789
1501768757 125158
1501768757 241303
1501768757 366468
1501768757 478972
1501768757 616177
1501768757 710511
1501768757 832452
1501768757 924871
1501768758 27095
1501768758 135354
1501768758 216527
1501768758 304782
1501768758 397077
1501768758 527143
1501768758 619708
1501768758 747075
1501768758 852169
1501768758 927460
1501768759 12347
1501768759 136663
1501768759 256905
1501768759 374271
1501768759 459581
1501768759 579735
1501768759 706080
1501768759 786364
1501768759 872636
1501768760 3700
1501768760 107769
1501768760 191122
1501768760 277219
1501768760 386805
1501768760 454499
1501768760 517383
1501768760 636194
1501768760 733632
1501768760 845861
1501768760 927272
1501768761 31656
1501768761 125524
1501768761 243567
1501768761 351155
1501768761 440381
1501768761 564466
1501768761 661274
1501768761 744692
1501768761 855275
1501768761 979429
1501768762 51889
1501768762 127093
1501768762 225258
1501768762 351049
1501768762 464184
1501768762 551907
1501768762 625779
1501768762 747935
1501768762 845229
1501768762 947706
1501768763 51588
1501768763 144235
1501768763 216549
1501768763 335390
1501768763 426479
1501768763 525012
1501768763 608928
1501768763 735841
1501768763 844464
1501768763 970075
1501768764 72331
1501768764 149336
1501768764 228691
1501768764 327857
1501768764 410831
1501768764 518157
1501768764 613524
1501768764 703640
1501768764 793677
1501768764 876152
1501768764 986981
1501768765 73425
1501768765 204564
1501768765 301167
1501768765 399192
1501768765 533261
1501768765 626772
1501768765 722758
1501768765 851262
1501768765 961216
1501768766 66838
1501768766 151793
1501768766 223038
1501768766 339207
1501768766 463923
1501768766 586077
1501768766 710571
1501768766 801752
1501768766 880275
1501768766 992422
1501768767 60302
1501768767 128881
1501768767 247230
1501768767 331261
1501768767 402589
1501768767 510595
1501768767 618482
1501768767 710093
1501768767 808473
1501768767 926529
1501768768 47846
1501768768 148163
1501768768 246029
1501768768 365522
1501768768 442551
1501768768 565842
1501768768 670081
1501768768 740527
1501768768 807397
1501768768 924857
1501768769 8717
1501768769 102414
1501768769 224133
1501768769 351584
1501768769 442030
1501768769 571952
1501768769 658296
1501768769 766613
1501768769 852641
1501768769 971049
1501768770 99162
1501768770 200631
1501768770 302860
1501768770 403896
1501768770 499457
1501768770 597325
1501768770 666740
1501768770 780116
1501768770 901051
1501768771 23778
1501768771 156953
1501768771 270137
1501768771 338233
1501768771 455398
1501768771 581017
1501768771 697514
1501768771 830254
1501768771 950591
1501768772 28658
1501768772 124911
1501768772 252819
1501768772 386947
1501768772 501032
1501768772 580318
1501768772 667533
1501768772 769782
1501768772 904485
1501768773 23167
1501768773 126427
1501768773 224181
1501768773 329585
1501768773 440854
1501768773 520572
1501768773 615581
1501768773 692964
1501768773 775202
1501768773 844264
1501768773 970164
1501768774 75451
1501768774 148654
1501768774 262037
1501768774 379089
1501768774 502437
1501768774 631617
1501768774 715933
1501768774 846546
1501768774 940470
1501768775 58678
1501768775 129902
1501768775 267034
1501768775 347534
1501768775 425718
1501768775 516565
1501768775 650958
1501768775 737142
1501768775 831466
1501768775 917585
1501768776 46015
1501768776 176374
1501768776 310431
1501768776 400768
1501768776 507022
1501768776 616272
1501768776 711537
1501768776 809762
1501768776 892973
1501768777 9354
1501768777 138454
1501768777 227641
1501768777 301582
1501768777 412110
1501768777 489959
1501768777 622590
1501768777 744833
1501768777 863007
1501768777 958467
1501768778 52786
1501768778 152826
1501768778 246478
1501768778 366277
1501768778 447523
1501768778 573792
1501768778 652092
1501768778 741193
1501768778 855459
1501768778 934707
1501768779 10892
1501768779 94219
1501768779 224299
1501768779 330546
1501768779 447931
1501768779 579181
1501768779 673385
1501768779 759642
1501768779 855814
1501768779 939156
1501768780 42336
1501768780 171675
1501768780 279874
1501768780 381230
1501768780 507400
1501768780 605591
1501768780 719016
1501768780 834028
1501768780 963831
1501768781 85344
1501768781 179234
1501768781 263822
1501768781 338031
1501768781 408769
1501768781 503332
1501768781 613422
1501768781 684839
1501768781 780071
1501768781 850159
1501768781 964428
1501768782 49361
1501768782 152808
1501768782 250141
1501768782 372270
1501768782 474291
1501768782 589873
1501768782 684798
1501768782 759006
1501768782 850658
1501768782 941822
1501768783 24870
1501768783 137055
1501768783 266139
1501768783 342699
1501768783 413766
1501768783 509817
1501768783 627961
1501768783 737441
1501768783 810760
1501768783 889576
1501768783 980242
1501768784 87958
1501768784 167648
1501768784 268597
1501768784 397969
1501768784 504086
1501768784 579361
1501768784 690475
1501768784 804087
1501768784 881016
1501768785 17505
1501768785 145891
1501768785 244827
1501768785 326027
1501768785 405093
1501768785 489431
1501768785 581644
1501768785 693779
1501768785 794029
1501768785 897309
1501768785 984077
1501768786 75195
1501768786 181195
1501768786 280733
1501768786 399646
1501768786 506964
1501768786 622585
1501768786 695707
1501768786 794028
1501768786 921840
1501768787 50234
1501768787 181829
1501768787 275724
1501768787 378138
1501768787 487573
1501768787 612520
1501768787 705302
1501768787 829557
1501768787 911694
1501768788 35906
1501768788 128775
1501768788 205413
1501768788 273516
1501768788 363036
1501768788 496833
1501768788 617104
1501768788 718464
1501768788 829724
1501768788 940636
1501768789 64180
1501768789 176572
1501768789 309777
1501768789 441820
1501768789 521040
1501768789 627652
1501768789 724490
1501768789 842719
1501768789 970466
1501768790 84726
1501768790 169629
1501768790 243834
1501768790 368016
1501768790 491504
1501768790 576820
1501768790 696736
1501768790 811883
1501768790 907233
1501768791 26538
1501768791 103776
1501768791 222345
1501768791 325196
1501768791 398472
1501768791 519916
1501768791 600829
1501768791 729391
1501768791 855666
1501768791 956073
1501768792 71915
1501768792 152317
1501768792 255453
1501768792 386704
1501768792 471891
1501768792 596263
1501768792 687558
1501768792 787008
1501768792 895020
1501768792 996254
1501768793 106327
1501768793 205786
1501768793 282763
1501768793 397957
1501768793 473266
1501768793 591520
1501768793 688763
1501768793 779201
1501768793 917173
1501768794 1398
1501768794 85710
1501768794 196103
1501768794 289194
1501768794 411302
1501768794 511739
1501768794 621941
1501768794 733155
1501768794 822376
1501768794 944624
1501768795 70824
1501768795 176219
1501768795 273473
1501768795 364719
1501768795 471070
1501768795 594231
1501768795 689477
1501768795 796689
1501768795 910045
1501768796 3333
1501768796 117482
1501768796 232668
1501768796 338943
1501768796 431152
1501768796 555510
1501768796 649752
1501768796 771287
1501768796 893026
1501768796 996525
1501768797 64344
1501768797 157558
1501768797 237194
1501768797 334262
1501768797 460144
1501768797 558837
1501768797 670781
1501768797 757873
1501768797 884157
1501768797 984490
1501768798 101015
1501768798 232010
1501768798 320332
1501768798 391653
1501768798 461906
1501768798 540766
1501768798 655272
1501768798 720240
1501768798 847718
1501768798 926032
1501768798 993268
1501768799 71145
1501768799 184553
1501768799 293912
1501768799 369191
1501768799 457095
1501768799 528494
1501768799 641646
1501768799 766842
1501768799 834850
1501768799 940135
1501768800 22225
1501768800 154782
1501768800 258593
1501768800 388386
1501768800 489451
1501768800 624915
1501768800 714838
1501768800 795015
1501768800 874402
1501768800 966592
1501768801 78835
1501768801 201830
1501768801 297078
1501768801 427391
1501768801 543564
1501768801 649403
1501768801 740391
1501768801 856583
1501768801 981941
1501768802 67044
1501768802 185053
1501768802 286284
1501768802 403529
1501768802 476773
1501768802 549582
1501768802 626882
1501768802 697452
1501768802 808117
1501768802 918826
1501768803 40076
1501768803 125377
1501768803 225903
1501768803 344851
1501768803 412019
1501768803 525496
1501768803 612876
1501768803 742658
1501768803 845321
1501768803 929116
1501768803 999953
1501768804 103071
1501768804 218731
1501768804 343406
1501768804 448288
1501768804 521839
1501768804 627836
1501768804 720282
1501768804 831274
1501768804 945851
1501768805 35008
1501768805 100896
1501768805 186026
1501768805 254465
1501768805 333718
1501768805 437623
1501768805 516130
1501768805 650343
1501768805 782709
1501768805 903850
1501768806 30155
1501768806 127146
1501768806 224783
1501768806 356028
1501768806 471265
1501768806 586267
1501768806 680787
1501768806 811158
1501768806 945046
1501768807 29754
1501768807 140831
1501768807 212017
1501768807 315217
1501768807 392198
1501768807 465262
1501768807 575588
1501768807 703130
1501768807 803410
1501768807 877268
1501768808 8438
1501768808 78605
1501768808 174273
1501768808 276150
1501768808 381660
1501768808 474622
1501768808 549133
1501768808 672358
1501768808 784332
1501768808 896500
1501768809 25795
1501768809 108269
1501768809 198281
1501768809 290449
1501768809 406699
1501768809 481969
1501768809 609189
1501768809 727517
1501768809 862636
1501768809 992942
1501768810 111264
1501768810 204513
1501768810 330756
1501768810 469027
1501768810 561968
1501768810 687650
1501768810 766901
1501768810 865107
1501768810 937322
1501768811 12453
1501768811 112604
1501768811 212836
1501768811 336184
1501768811 457614
1501768811 591614
1501768811 688196
1501768811 764340
1501768811 837385
1501768811 973640
1501768812 72764
1501768812 198073
1501768812 293343
1501768812 373723
1501768812 501888
1501768812 633980
1501768812 745286
1501768812 816516
1501768812 949629
1501768813 21970
1501768813 135212
1501768813 264332
1501768813 388860
1501768813 469950
1501768813 584226
1501768813 715437
1501768813 807745
1501768813 915940
1501768813 991223
1501768814 110377
1501768814 183564
1501768814 299019
1501768814 433466
1501768814 533406
1501768814 656850
1501768814 783923
1501768814 857125
1501768814 958379
1501768815 53570
1501768815 129781
1501768815 244113
1501768815 339341
1501768815 447269
1501768815 563469
1501768815 646635
1501768815 735143
1501768815 845210
1501768815 922392
1501768816 13452
1501768816 137145
1501768816 207970
1501768816 327462
1501768816 425518
1501768816 536019
1501768816 660901
1501768816 766416
1501768816 875429
1501768816 996323
1501768817 100023
1501768817 188462
1501768817 272388
1501768817 358557
1501768817 487026
1501768817 571393
1501768817 666497
1501768817 788679
1501768817 876820
1501768818 1308
1501768818 124178
1501768818 248509
1501768818 352083
1501768818 443524
1501768818 567547
1501768818 648756
1501768818 720650
1501768818 802029
1501768818 908012
1501768819 27277
1501768819 127036
1501768819 262154
1501768819 378315
1501768819 467890
1501768819 556888
1501768819 649036
1501768819 779003
1501768819 873349
1501768819 997791
1501768820 64618
1501768820 188190
1501768820 276506
1501768820 374666
1501768820 497904
1501768820 585314
1501768820 677188
1501768820 753441
1501768820 828590
1501768820 949976
1501768821 30281
1501768821 159096
1501768821 251398
1501768821 377973
1501768821 473343
1501768821 592511
1501768821 713659
1501768821 798663
1501768821 929047
1501768822 5449
1501768822 82655
1501768822 208840
1501768822 292076
1501768822 400274
1501768822 489550
1501768822 571732
1501768822 679968
1501768822 792119
1501768822 868576
1501768822 973611
1501768823 55592
1501768823 157986
1501768823 277198
1501768823 381223
1501768823 471331
1501768823 591957
1501768823 699989
1501768823 794657
1501768823 902280
1501768823 983827
1501768824 91775
1501768824 198158
1501768824 315217
1501768824 424523
1501768824 507895
1501768824 625883
1501768824 707468
1501768824 794341
1501768824 914532
1501768825 4911
1501768825 111953
1501768825 215425
1501768825 300734
1501768825 380719
1501768825 504121
1501768825 607075
1501768825 684630
1501768825 814641
1501768825 906964
1501768826 35133
1501768826 133436
1501768826 243765
1501768826 342874
1501768826 460093
1501768826 587331
1501768826 666646
1501768826 795778
1501768826 876142
1501768826 984453
1501768827 115593
1501768827 188764
1501768827 289177
1501768827 407258
1501768827 505679
1501768827 598036
1501768827 729958
1501768827 818338
1501768827 918466
1501768828 14658
1501768828 140164
1501768828 269193
1501768828 383596
1501768828 484808
1501768828 587150
1501768828 724192
1501768828 822585
1501768828 910831
1501768828 996956
1501768829 67194
1501768829 182448
1501768829 314699
1501768829 433906
1501768829 516154
1501768829 605327
1501768829 719666
1501768829 819986
1501768829 930225
1501768830 69269
1501768830 149619
1501768830 231208
1501768830 338959
1501768830 458572
1501768830 554575
1501768830 653132
1501768830 743022
1501768830 875592
1501768830 989504
1501768831 92825
1501768831 171962
1501768831 275235
1501768831 388803
1501768831 477682
1501768831 604809
1501768831 679088
1501768831 802318
1501768831 886714
1501768831 997827
1501768832 129043
1501768832 215292
1501768832 309507
1501768832 393779
1501768832 478851
1501768832 573132
1501768832 703559
1501768832 793783
1501768832 877779
1501768832 986040
1501768833 103317
1501768833 180714
1501768833 265633
1501768833 349846
1501768833 432059
1501768833 557246
1501768833 645785
1501768833 749943
1501768833 885113
1501768834 5507
1501768834 78821
1501768834 207705
1501768834 282100
1501768834 381239
1501768834 461381
1501768834 587600
1501768834 723913
1501768834 856285
1501768834 984535
1501768835 79850
1501768835 170078
1501768835 253272
1501768835 334380
1501768835 420575
1501768835 503001
1501768835 593654
1501768835 714305
1501768835 800513
1501768835 907661
1501768835 980921
1501768836 92060
1501768836 181322
1501768836 303585
1501768836 419887
1501768836 549126
1501768836 624350
1501768836 740614
1501768836 825779
1501768836 914239
1501768837 36203
1501768837 141437
1501768837 244756
1501768837 370084
1501768837 463277
1501768837 540522
1501768837 649774
1501768837 759146
1501768837 881157
1501768837 997777
1501768838 84696
1501768838 196991
1501768838 270156
1501768838 380548
1501768838 489730
1501768838 620884
1501768838 716176
1501768838 808390
1501768838 906687
1501768839 17941
1501768839 135218
1501768839 224457
1501768839 301634
1501768839 384788
1501768839 513060
1501768839 640334
1501768839 738626
1501768839 872791
1501768839 981085
1501768840 78341
1501768840 152709
1501768840 267767
1501768840 352204
1501768840 474235
1501768840 597551
1501768840 687021
1501768840 808964
1501768840 937280
1501768841 16498
1501768841 134709
1501768841 222025
1501768841 324248
1501768841 409507
1501768841 528638
1501768841 623892
1501768841 741118
1501768841 836603
1501768841 942592
1501768842 65841
1501768842 139158
1501768842 259727
1501768842 388635
1501768842 480848
1501768842 548983
1501768842 634269
1501768842 743352
1501768842 868644
1501768842 987026
1501768843 88127
1501768843 203608
1501768843 300694
1501768843 382888
1501768843 510297
1501768843 612327
1501768843 706589
1501768843 786774
1501768843 884956
1501768843 964268
1501768844 85486
1501768844 205655
1501768844 337245
1501768844 433465
1501768844 545526
1501768844 644614
1501768844 768895
1501768844 891245
1501768845 10409
1501768845 139754
1501768845 246333
1501768845 339275
1501768845 465424
1501768845 557075
1501768845 686924
1501768845 807253
1501768845 930567
1501768846 36896
1501768846 132335
1501768846 220268
1501768846 315144
1501768846 432619
1501768846 558034
1501768846 657450
1501768846 774461
1501768846 871702
1501768846 965968
1501768847 80248
1501768847 214517
1501768847 332844
1501768847 457298
1501768847 550759
1501768847 674153
1501768847 755291
1501768847 854443
1501768847 959756
1501768848 43711
1501768848 162199
1501768848 247454
1501768848 319558
1501768848 400540
1501768848 523023
1501768848 593839
1501768848 689382
1501768848 807343
1501768848 931984
1501768849 25014
1501768849 117349
1501768849 189565
1501768849 302714
1501768849 403663
1501768849 482942
1501768849 590407
1501768849 701379
1501768849 794909
1501768849 918711
1501768850 16337
1501768850 131538
1501768850 258465
1501768850 341893
1501768850 470580
1501768850 590493
1501768850 668135
1501768850 783095
1501768850 876322
1501768851 1297
1501768851 84838
1501768851 182994
1501768851 314284
1501768851 436636
1501768851 569844
1501768851 697905
1501768851 780257
1501768851 853259
1501768851 972513
1501768852 91064
1501768852 184004
1501768852 300447
1501768852 408970
1501768852 493062
1501768852 619344
1501768852 730240
1501768852 797713
1501768852 872665
1501768852 965737
1501768853 45156
1501768853 118514
1501768853 221653
1501768853 304709
1501768853 413773
1501768853 548157
1501768853 643584
1501768853 732900
1501768853 810833
1501768853 905908
1501768854 14172
1501768854 119474
1501768854 215580
1501768854 294843
1501768854 424393
1501768854 554341
1501768854 659042
1501768854 782952
1501768854 901525
1501768854 992697
1501768855 100027
1501768855 212270
1501768855 329197
1501768855 402758
1501768855 518969
1501768855 595832
1501768855 683390
1501768855 793489
1501768855 924843
1501768856 29202
1501768856 107011
1501768856 181264
1501768856 278654
1501768856 359958
1501768856 452156
1501768856 548370
1501768856 672279
1501768856 779427
1501768856 859079
1501768856 994906
1501768857 119405
1501768857 242928
1501768857 354961
1501768857 425385
1501768857 513376
1501768857 624711
1501768857 718027
1501768857 842282
1501768857 966522
1501768858 53402
1501768858 177084
1501768858 277969
1501768858 361194
1501768858 430324
1501768858 546746
1501768858 623893
1501768858 737004
1501768858 810275
1501768858 915686
1501768859 32562
1501768859 139933
1501768859 257210
1501768859 354500
1501768859 464643
1501768859 581910
1501768859 690152
1501768859 826725
1501768859 922677
1501768860 32033
1501768860 100394
1501768860 190456
1501768860 323582
1501768860 457867
1501768860 534097
1501768860 639278
1501768860 742558
1501768860 864773
1501768860 993219
1501768861 89321
1501768861 217967
1501768861 330827
1501768861 444061
1501768861 553305
1501768861 656521
1501768861 735831
1501768861 837029
1501768861 929154
1501768862 58495
1501768862 195670
1501768862 281976
1501768862 390222
1501768862 505906
1501768862 636741
1501768862 759360
1501768862 887363
1501768862 972658
1501768863 64890
1501768863 181126
1501768863 258241
1501768863 378615
1501768863 493760
1501768863 573330
1501768863 662140
1501768863 738339
1501768863 834471
1501768863 928770
1501768864 58954
1501768864 163341
1501768864 243494
1501768864 339693
1501768864 436217
1501768864 518087
1501768864 630404
1501768864 744582
1501768864 852984
1501768864 962098
1501768865 54211
1501768865 181574
1501768865 300760
1501768865 404085
1501768865 531391
1501768865 620633
1501768865 722682
1501768865 844083
1501768865 955398
1501768866 45629
1501768866 155886
1501768866 270077
1501768866 373698
1501768866 499352
1501768866 589718
1501768866 667633
1501768866 747777
1501768866 866968
1501768866 944141
1501768867 38496
1501768867 122721
1501768867 240141
1501768867 351350
1501768867 457448
1501768867 547814
1501768867 664032
1501768867 775024
1501768867 896192
1501768868 820
1501768868 99051
1501768868 211331
1501768868 318514
1501768868 409458
1501768868 525640
1501768868 649301
1501768868 734187
1501768868 856721
1501768868 984730
1501768869 90332
1501768869 185532
1501768869 305492
1501768869 409070
1501768869 490513
1501768869 622276
1501768869 751688
1501768869 840056
1501768869 904221
1501768869 981444
1501768870 96198
1501768870 205781
1501768870 289127
1501768870 397995
1501768870 522211
1501768870 631468
1501768870 758647
1501768870 867451
1501768870 964362
1501768871 81155
1501768871 192506
1501768871 270653
1501768871 365696
1501768871 483022
1501768871 577378
1501768871 665949
1501768871 797801
1501768871 873394
1501768871 951586
1501768872 74633
1501768872 170788
1501768872 271266
1501768872 388233
1501768872 509814
1501768872 629021
1501768872 760229
1501768872 834530
1501768872 909702
1501768873 15929
1501768873 133904
1501768873 211708
1501768873 311585
1501768873 423802
1501768873 533022
1501768873 630401
1501768873 760527
1501768873 892540
1501768873 999129
1501768874 104411
1501768874 198251
1501768874 280898
1501768874 350653
1501768874 422072
1501768874 546132
1501768874 659702
1501768874 762618
1501768874 829835
1501768874 942256
1501768875 46240
1501768875 168756
1501768875 303213
1501768875 380694
1501768875 464515
1501768875 559715
1501768875 646708
1501768875 748079
1501768875 821705
1501768875 900497
1501768875 994692
1501768876 128962
1501768876 228957
1501768876 357112
1501768876 435343
1501768876 552973
1501768876 666132
1501768876 784536
1501768876 906318
1501768877 42859
1501768877 137220
1501768877 261407
1501768877 363892
1501768877 481771
1501768877 581324
1501768877 700270
1501768877 819777
1501768877 920735
1501768878 23060
1501768878 118644
1501768878 226779
1501768878 308134
1501768878 396278
1501768878 521430
1501768878 645649
1501768878 756879
1501768878 873779
1501768878 983442
1501768879 82381
1501768879 174543
1501768879 256643
1501768879 327318
1501768879 444140
1501768879 531579
1501768879 647476
1501768879 720769
1501768879 805843
1501768879 918199
1501768880 3696
1501768880 117569
1501768880 221106
1501768880 304449
1501768880 382274
1501768880 459462
1501768880 556934
1501768880 639951
1501768880 729456
1501768880 829258
1501768880 939830
1501768881 48774
1501768881 126287
1501768881 221513
1501768881 350779
1501768881 425583
1501768881 532739
1501768881 651115
1501768881 774351
1501768881 899635
1501768882 24011
1501768882 149588
1501768882 236641
1501768882 322082
1501768882 447936
1501768882 533131
1501768882 627623
1501768882 755917
1501768882 829970
1501768882 933089
1501768883 17308
1501768883 143718
1501768883 221016
1501768883 295230
1501768883 420299
1501768883 490702
1501768883 617825
1501768883 727071
1501768883 806324
1501768883 877269
1501768883 995451
1501768884 74965
1501768884 149718
1501768884 250262
1501768884 356525
1501768884 457895
1501768884 582858
1501768884 685965
1501768884 796236
1501768884 901706
1501768885 3205
1501768885 79340
1501768885 196214
1501768885 309520
1501768885 435060
1501768885 515394
1501768885 600135
1501768885 686631
1501768885 762835
1501768885 878030
1501768885 969018
1501768886 89496
1501768886 188392
1501768886 300091
1501768886 428901
1501768886 551630
1501768886 654852
1501768886 764121
1501768886 899022
1501768886 980329
1501768887 58818
1501768887 159682
1501768887 287350
1501768887 406518
1501768887 532491
1501768887 607955
1501768887 704440
1501768887 814064
1501768887 887467
1501768887 996534
1501768888 119907
1501768888 247329
1501768888 357398
1501768888 470650
1501768888 584849
1501768888 659999
1501768888 760568
1501768888 874768
1501768889 12064
1501768889 99976
1501768889 184544
1501768889 292407
1501768889 408010
1501768889 527297
1501768889 592523
1501768889 701313
1501768889 780627
1501768889 888356
1501768890 17671
1501768890 138825
1501768890 248699
1501768890 342469
1501768890 411150
1501768890 545425
1501768890 681720
1501768890 777964
1501768890 854216
1501768890 967683
1501768891 44818
1501768891 172955
1501768891 274148
1501768891 382406
1501768891 475568
1501768891 553856
1501768891 634139
1501768891 737225
1501768891 844464
1501768891 943737
1501768892 55703
1501768892 137212
1501768892 225933
1501768892 330529
1501768892 451833
1501768892 547091
1501768892 639247
1501768892 760268
1501768892 839462
1501768892 975995
1501768893 92396
1501768893 179603
1501768893 287835
1501768893 363938
1501768893 492139
1501768893 590523
1501768893 704735
1501768893 835910
1501768893 932793
1501768894 18133
1501768894 131293
1501768894 262018
1501768894 376215
1501768894 493266
1501768894 612806
1501768894 723969
1501768894 823055
1501768894 909524
1501768894 989384
1501768895 91949
1501768895 197791
1501768895 295006
1501768895 393310
1501768895 476826
1501768895 591960
1501768895 678834
1501768895 753349
1501768895 851624
1501768895 951850
1501768896 48089
1501768896 136937
1501768896 260081
1501768896 372464
1501768896 480084
1501768896 555375
1501768896 678156
1501768896 771715
1501768896 883534
1501768896 967134
1501768897 85124
1501768897 216243
1501768897 330902
1501768897 453842
1501768897 527520
1501768897 635411
1501768897 749478
1501768897 824833
1501768897 920963
1501768898 23500
1501768898 105652
1501768898 183842
1501768898 255022
1501768898 335947
1501768898 434132
1501768898 512636
1501768898 588822
1501768898 711981
1501768898 831264
1501768898 953285
1501768899 46680
1501768899 114950
1501768899 210143
1501768899 295109
1501768899 411434
1501768899 528570
1501768899 625770
1501768899 730266
1501768899 849618
1501768899 960769
1501768900 87871
1501768900 188407
1501768900 286271
1501768900 410594
1501768900 483771
1501768900 599972
1501768900 731521
1501768900 849843
1501768900 973144
1501768901 68034
1501768901 189358
1501768901 282556
1501768901 399085
1501768901 478331
1501768901 574605
1501768901 652953
1501768901 779241
1501768901 860462
1501768901 952700
1501768902 72592
1501768902 161572
1501768902 239762
1501768902 357318
1501768902 438468
1501768902 542707
1501768902 642577
1501768902 732213
1501768902 836087
1501768902 936204
1501768903 4510
1501768903 130710
1501768903 227855
1501768903 323853
1501768903 447701
1501768903 570635
1501768903 701176
1501768903 788474
1501768903 914399
1501768904 33083
1501768904 164230
1501768904 238600
1501768904 355713
1501768904 426646
1501768904 512097
1501768904 623972
1501768904 725207
1501768904 854871
1501768904 939225
1501768905 42296
1501768905 139518
1501768905 229466
1501768905 350036
1501768905 456965
1501768905 536207
1501768905 617435
1501768905 709657
1501768905 837715
1501768905 912254
1501768905 985207
1501768906 100678
1501768906 175952
1501768906 252141
1501768906 355014
1501768906 466527
1501768906 589104
1501768906 673116
1501768906 747264
1501768906 834403
1501768906 948573
1501768907 51590
1501768907 173868
1501768907 254093
1501768907 331210
1501768907 439456
1501768907 558979
1501768907 672049
1501768907 803128
1501768907 911498
1501768907 985965
1501768908 117915
1501768908 245204
1501768908 369841
1501768908 465839
1501768908 574017
1501768908 695331
1501768908 800921
1501768908 886628
1501768909 9211
1501768909 89557
1501768909 216685
1501768909 328994
1501768909 417272
1501768909 544457
1501768909 629370
1501768909 731632
1501768909 816149
1501768909 910281
1501768910 38530
1501768910 150600
1501768910 232085
1501768910 333020
1501768910 448353
1501768910 529718
1501768910 635648
1501768910 762134
1501768910 838761
1501768910 965672
1501768911 47956
1501768911 179076
1501768911 253157
1501768911 366219
1501768911 495366
1501768911 579839
1501768911 666009
1501768911 749525
1501768911 853669
1501768911 973112
1501768912 60202
1501768912 162523
1501768912 250409
1501768912 376854
1501768912 461258
1501768912 590159
1501768912 664608
1501768912 791766
1501768912 921731
1501768913 18462
1501768913 152219
1501768913 255003
1501768913 388762
1501768913 457351
1501768913 542088
1501768913 658809
1501768913 775802
1501768913 905285
1501768913 995584
1501768914 83585
1501768914 217971
1501768914 294900
1501768914 397029
1501768914 511412
1501768914 586725
1501768914 705340
1501768914 824298
1501768914 897196
1501768915 17941
1501768915 139060
1501768915 228338
1501768915 332444
1501768915 419502
1501768915 546626
1501768915 655186
1501768915 744486
1501768915 860542
1501768915 949968
1501768916 78212
1501768916 156155
1501768916 239575
1501768916 360509
1501768916 467221
1501768916 538095
1501768916 619132
1501768916 748358
1501768916 816918
1501768916 910034
1501768917 34319
1501768917 139256
1501768917 254858
1501768917 365686
1501768917 492940
1501768917 571627
1501768917 690417
1501768917 822924
1501768917 926124
1501768918 41131
1501768918 158641
1501768918 250094
1501768918 339243
1501768918 454472
1501768918 541685
1501768918 643731
1501768918 724952
1501768918 798391
1501768918 892568
1501768919 8746
1501768919 116144
1501768919 197386
1501768919 292644
1501768919 375497
1501768919 500682
1501768919 609754
1501768919 687091
1501768919 797586
1501768919 891531
1501768919 979136
1501768920 84217
1501768920 205521
1501768920 313625
1501768920 389901
1501768920 496135
1501768920 584631
1501768920 664447
1501768920 737413
1501768920 818012
1501768920 931093
1501768921 48578
1501768921 119643
1501768921 233905
1501768921 345099
1501768921 474438
1501768921 557225
1501768921 647588
1501768921 764520
1501768921 886965
1501768922 3645
1501768922 127100
1501768922 199771
1501768922 300954
1501768922 416273
1501768922 506088
1501768922 597721
1501768922 678142
1501768922 769582
1501768922 846510
1501768922 979644
1501768923 105842
1501768923 219354
1501768923 318697
1501768923 441380
1501768923 555082
1501768923 667966
1501768923 753652
1501768923 825781
1501768923 946972
1501768924 71896
1501768924 174647
1501768924 306647
1501768924 380948
1501768924 506896
1501768924 610464
1501768924 697343
1501768924 826586
1501768924 949198
1501768925 68108
1501768925 157640
1501768925 284561
1501768925 403889
1501768925 523532
1501768925 605816
1501768925 689100
1501768925 805421
1501768925 926499
1501768926 53481
1501768926 161801
1501768926 293792
1501768926 404154
1501768926 515439
1501768926 590606
1501768926 723826
1501768926 810397
1501768926 894728
1501768926 968909
1501768927 43968
1501768927 137086
1501768927 211264
1501768927 284398
1501768927 386712
1501768927 512586
1501768927 630883
1501768927 716204
1501768927 832544
1501768927 957959
1501768928 63202
1501768928 156325
1501768928 284461
1501768928 407070
1501768928 502023
1501768928 627217
1501768928 730401
1501768928 856512
1501768928 981205
1501768929 70396
1501768929 150829
1501768929 282775
1501768929 369781
1501768929 494274
1501768929 604389
1501768929 711682
1501768929 783848
1501768929 882902
1501768929 996391
1501768930 91578
1501768930 179591
1501768930 262080
1501768930 376957
1501768930 491583
1501768930 582896
1501768930 659030
1501768930 774259
1501768930 855603
1501768930 983385
1501768931 74950
1501768931 196761
1501768931 322457
1501768931 418798
1501768931 494885
1501768931 592831
1501768931 699368
1501768931 776337
1501768931 901795
1501768931 991817
1501768932 118285
1501768932 217581
1501768932 314393
1501768932 446927
1501768932 565330
1501768932 640137
1501768932 772567
1501768932 886894
1501768932 986465
1501768933 94279
1501768933 215531
1501768933 287029
1501768933 396163
1501768933 521039
1501768933 653430
1501768933 773746
1501768933 859291
1501768933 967560
1501768934 60703
1501768934 169563
1501768934 285311
1501768934 396175
1501768934 526831
1501768934 659905
1501768934 758281
1501768934 891470
1501768935 4768
1501768935 97838
1501768935 202331
1501768935 329527
1501768935 428571
1501768935 509758
1501768935 582868
1501768935 679133
1501768935 761247
1501768935 876475
1501768935 960000
1501768936 52033
1501768936 158086
1501768936 241577
1501768936 348798
1501768936 466035
1501768936 558837
1501768936 670639
1501768936 773549
1501768936 864062
1501768936 978247
1501768937 95618
1501768937 210966
1501768937 300143
1501768937 377025
1501768937 462466
1501768937 545248
1501768937 645978
1501768937 725404
1501768937 822403
1501768937 940193
1501768938 61394
1501768938 178017
1501768938 301244
1501768938 412389
1501768938 485445
1501768938 581579
1501768938 713911
1501768938 818529
1501768938 945473
1501768939 48967
1501768939 164015
1501768939 299519
1501768939 395468
1501768939 523644
1501768939 630333
1501768939 742611
1501768939 864820
1501768939 982270
1501768940 105373
1501768940 213705
1501768940 312026
1501768940 405190
1501768940 520395
1501768940 639393
1501768940 772900
1501768940 853270
1501768940 926031
1501768941 35582
1501768941 152825
1501768941 255834
1501768941 343279
1501768941 433152
1501768941 553397
1501768941 667203
1501768941 769901
1501768941 898220
1501768941 972756
1501768942 49809
1501768942 175891
1501768942 272354
1501768942 374404
1501768942 460585
1501768942 564754
1501768942 650907
1501768942 725066
1501768942 833719
1501768942 965826
1501768943 93955
1501768943 188577
1501768943 284338
1501768943 390513
1501768943 518146
1501768943 591341
1501768943 677583
1501768943 777894
1501768943 880064
1501768944 1927
1501768944 74214
1501768944 185358
1501768944 318718
1501768944 421490
1501768944 504190
1501768944 587300
1501768944 682149
1501768944 774125
1501768944 886325
1501768944 991411
1501768945 74491
1501768945 161013
1501768945 255816
1501768945 371423
1501768945 496646
1501768945 575905
1501768945 697131
1501768945 787139
1501768945 921562
1501768946 11844
1501768946 110028
1501768946 219975
1501768946 345249
1501768946 452877
1501768946 522049
1501768946 625196
1501768946 756185
1501768946 876941
1501768946 979696
1501768947 53372
1501768947 126466
1501768947 219389
1501768947 343076
1501768947 444154
1501768947 533066
1501768947 652192
1501768947 757808
1501768947 887019
1501768948 15399
1501768948 121779
1501768948 191890
1501768948 309117
1501768948 409388
1501768948 510575
1501768948 611666
1501768948 717413
1501768948 848897
1501768948 978096
1501768949 81772
1501768949 170045
1501768949 282012
1501768949 401214
1501768949 478469
1501768949 574655
1501768949 713122
1501768949 819529
1501768949 894713
1501768949 973951
1501768950 64151
1501768950 144256
1501768950 273088
1501768950 369766
1501768950 465572
