1499940458 340208
1499940458 527925
1499940458 670469
1499940458 808644
1499940458 968093
1499940459 132200
1499940459 300455
1499940459 469926
1499940459 625282
1499940459 797577
1499940459 960116
1499940460 104445
1499940460 251070
1499940460 409074
1499940460 584476
1499940460 745906
1499940460 926250
1499940461 91714
1499940461 263022
1499940461 397647
1499940461 543640
1499940461 701401
1499940461 852419
1499940461 996858
1499940462 154046
1499940462 328397
1499940462 486654
1499940462 640141
1499940462 782626
1499940462 949883
1499940463 132158
1499940463 284558
1499940463 445027
1499940463 623875
1499940463 772701
1499940463 926367
1499940464 112290
1499940464 255080
1499940464 394478
1499940464 555534
1499940464 690751
1499940464 845110
1499940464 988393
1499940465 145809
1499940465 330301
1499940465 471949
1499940465 646040
1499940465 785321
1499940465 956230
1499940466 118621
1499940466 281970
1499940466 428974
1499940466 590212
1499940466 769316
1499940466 931930
1499940467 78865
1499940467 225624
1499940467 397027
1499940467 560228
1499940467 708780
1499940467 857215
1499940468 38594
1499940468 206751
1499940468 373130
1499940468 532622
1499940468 714742
1499940468 867155
1499940469 33554
1499940469 172117
1499940469 344526
1499940469 492578
1499940469 642135
1499940469 818565
1499940469 977063
1499940470 112120
1499940470 256559
1499940470 431970
1499940470 611242
1499940470 771814
1499940470 944935
1499940471 90299
1499940471 243541
1499940471 381945
1499940471 558451
1499940471 702778
1499940471 838927
1499940471 983264
1499940472 138817
1499940472 288118
1499940472 454419
1499940472 629951
1499940472 782771
1499940472 956515
1499940473 110823
1499940473 284189
1499940473 469683
1499940473 634959
1499940473 816527
1499940473 980737
1499940474 135960
1499940474 303483
1499940474 451462
1499940474 606458
1499940474 781597
1499940474 966165
1499940475 114471
1499940475 283879
1499940475 437717
1499940475 615061
1499940475 794687
1499940475 934225
1499940476 116526
1499940476 276790
1499940476 427491
1499940476 608605
1499940476 752035
1499940476 902462
1499940477 68746
1499940477 220046
1499940477 388454
1499940477 547581
1499940477 695194
1499940477 874500
1499940478 34981
1499940478 198362
1499940478 359547
1499940478 530112
1499940478 708630
1499940478 868774
1499940479 10123
1499940479 175567
1499940479 308783
1499940479 463165
1499940479 638525
1499940479 816138
1499940479 986273
1499940480 129510
1499940480 269040
1499940480 441558
1499940480 604390
1499940480 752925
1499940480 930389
1499940481 112812
1499940481 259245
1499940481 412718
1499940481 551331
1499940481 738640
1499940481 891868
1499940482 31300
1499940482 192461
1499940482 362824
1499940482 512201
1499940482 689607
1499940482 857295
1499940483 39390
1499940483 195769
1499940483 359136
1499940483 501493
1499940483 685669
1499940483 864300
1499940484 17645
1499940484 181831
1499940484 356258
1499940484 529829
1499940484 696268
1499940484 855483
1499940485 20896
1499940485 191220
1499940485 341651
1499940485 500085
1499940485 666392
1499940485 811884
1499940485 996221
1499940486 182499
1499940486 367135
1499940486 541411
1499940486 686780
1499940486 856437
1499940487 2387
1499940487 180628
1499940487 333238
1499940487 494622
1499940487 672962
1499940487 818242
1499940488 9769
1499940488 160013
1499940488 299350
1499940488 469714
1499940488 618971
1499940488 785447
1499940488 933694
1499940489 124195
1499940489 302587
1499940489 444883
1499940489 614391
1499940489 799766
1499940489 975275
1499940490 126411
1499940490 299828
1499940490 456125
1499940490 649473
1499940490 841793
1499940491 1528
1499940491 165915
1499940491 314144
1499940491 471443
1499940491 617844
1499940491 798237
1499940491 954706
1499940492 141885
1499940492 312368
1499940492 482643
1499940492 636204
1499940492 820701
1499940492 973986
1499940493 159590
1499940493 302831
1499940493 468207
1499940493 645617
1499940493 798770
1499940493 939288
1499940494 109625
1499940494 262989
1499940494 420315
1499940494 600693
1499940494 767077
1499940494 920554
1499940495 103011
1499940495 275380
1499940495 451761
1499940495 598207
1499940495 734522
1499940495 902829
1499940496 64083
1499940496 251455
1499940496 422963
1499940496 571331
1499940496 736350
1499940496 918723
1499940497 66369
1499940497 235626
1499940497 393142
1499940497 578393
1499940497 741935
1499940497 899115
1499940498 73522
1499940498 244968
1499940498 427344
1499940498 571693
1499940498 755137
1499940498 902511
1499940499 70799
1499940499 216105
1499940499 392405
1499940499 561857
1499940499 745363
1499940499 884637
1499940500 74079
1499940500 238345
1499940500 394626
1499940500 550046
1499940500 729473
1499940500 902955
1499940501 85281
1499940501 242643
1499940501 397026
1499940501 533407
1499940501 696722
1499940501 859056
1499940502 16297
1499940502 189855
1499940502 376041
1499940502 549441
1499940502 727092
1499940502 911265
1499940503 53607
1499940503 235895
1499940503 419656
1499940503 591865
1499940503 732230
1499940503 917725
1499940504 96893
1499940504 276352
1499940504 439859
1499940504 597159
1499940504 756349
1499940504 935817
1499940505 122167
1499940505 267695
1499940505 425953
1499940505 590255
1499940505 732740
1499940505 899018
1499940506 54307
1499940506 247771
1499940506 405161
1499940506 553571
1499940506 743890
1499940506 901363
1499940507 92832
1499940507 259958
1499940507 427455
1499940507 602064
1499940507 754436
1499940507 932451
1499940508 107053
1499940508 276308
1499940508 450680
1499940508 631138
1499940508 812538
1499940508 964992
1499940509 111216
1499940509 281651
1499940509 437075
1499940509 625374
1499940509 815007
1499940509 963254
1499940510 125812
1499940510 301791
1499940510 476371
1499940510 652645
1499940510 816258
1499940510 965463
1499940511 103693
1499940511 258006
1499940511 401564
1499940511 545662
1499940511 695075
1499940511 843513
1499940511 991789
1499940512 172092
1499940512 329536
1499940512 476859
1499940512 631326
1499940512 793385
1499940512 943884
1499940513 104045
1499940513 293617
1499940513 445998
1499940513 591314
1499940513 743643
1499940513 934022
1499940514 100462
1499940514 284838
1499940514 429099
1499940514 586716
1499940514 765025
1499940514 942172
1499940515 128541
1499940515 313246
1499940515 495603
1499940515 650053
1499940515 812145
1499940515 975594
1499940516 117012
1499940516 289490
1499940516 431718
1499940516 617292
1499940516 779689
1499940516 968018
1499940517 119459
1499940517 257785
1499940517 424963
1499940517 577316
1499940517 759668
1499940517 917070
1499940518 93467
1499940518 280766
1499940518 444500
1499940518 611630
1499940518 795916
1499940518 978421
1499940519 163757
1499940519 325189
1499940519 491624
1499940519 667954
1499940519 810579
1499940519 977627
1499940520 136987
1499940520 287257
1499940520 438715
1499940520 616064
1499940520 791454
1499940520 956906
1499940521 135470
1499940521 286637
1499940521 460091
1499940521 621392
1499940521 757558
1499940521 944195
1499940522 91576
1499940522 252807
1499940522 404076
1499940522 580469
1499940522 755876
1499940522 915385
1499940523 58601
1499940523 218088
1499940523 397472
1499940523 581849
1499940523 735172
1499940523 906552
1499940524 54917
1499940524 214208
1499940524 374705
1499940524 551800
1499940524 739260
1499940524 908878
1499940525 73100
1499940525 230689
1499940525 393008
1499940525 540326
1499940525 715612
1499940525 872039
1499940526 26647
1499940526 211681
1499940526 387378
1499940526 574708
1499940526 742916
1499940526 929382
1499940527 83652
1499940527 238192
1499940527 402682
1499940527 566963
1499940527 742218
1499940527 882687
1499940528 43015
1499940528 197316
1499940528 363491
1499940528 513001
1499940528 673244
1499940528 839700
1499940529 18069
1499940529 200458
1499940529 382807
1499940529 548221
1499940529 697758
1499940529 868011
1499940530 56308
1499940530 241757
1499940530 422293
1499940530 570515
1499940530 737841
1499940530 894450
1499940531 51796
1499940531 224119
1499940531 405606
1499940531 581007
1499940531 742321
1499940531 909647
1499940532 68224
1499940532 248522
1499940532 440771
1499940532 613313
1499940532 799529
1499940532 967929
1499940533 127312
1499940533 310735
1499940533 490512
1499940533 642653
1499940533 826972
1499940533 967507
1499940534 141832
1499940534 287076
1499940534 430419
1499940534 601770
1499940534 777137
1499940534 939350
1499940535 88764
1499940535 277186
1499940535 426778
1499940535 571942
1499940535 746477
1499940535 933612
1499940536 81154
1499940536 226502
1499940536 368825
1499940536 554139
1499940536 727615
1499940536 892985
1499940537 68406
1499940537 224647
1499940537 372055
1499940537 533429
1499940537 707686
1499940537 845134
1499940537 997347
1499940538 147720
1499940538 329183
1499940538 489535
1499940538 655973
1499940538 803466
1499940538 955576
1499940539 99000
1499940539 257246
1499940539 439686
1499940539 612061
1499940539 768522
1499940539 944030
1499940540 112356
1499940540 267559
1499940540 449888
1499940540 633430
1499940540 777712
1499940540 933137
1499940541 82476
1499940541 232873
1499940541 418146
1499940541 603528
1499940541 769017
1499940541 952384
1499940542 137727
1499940542 304129
1499940542 451373
1499940542 594841
1499940542 747256
1499940542 905630
1499940543 91783
1499940543 245421
1499940543 382823
1499940543 525181
1499940543 674181
1499940543 852725
1499940544 28558
1499940544 168514
1499940544 343649
1499940544 528144
1499940544 713622
1499940544 869009
1499940545 49304
1499940545 203839
1499940545 381324
1499940545 550366
1499940545 711749
1499940545 869501
1499940546 27656
1499940546 184928
1499940546 367373
1499940546 535599
1499940546 712176
1499940546 866420
1499940547 44879
1499940547 186444
1499940547 365491
1499940547 541991
1499940547 715343
1499940547 863649
1499940548 12449
1499940548 164416
1499940548 343715
1499940548 520308
1499940548 670590
1499940548 851931
1499940549 32321
1499940549 199723
1499940549 365473
1499940549 538562
1499940549 675979
1499940549 848236
1499940550 11683
1499940550 159837
1499940550 324208
1499940550 492740
1499940550 667071
1499940550 809438
1499940550 969872
1499940551 144137
1499940551 305458
1499940551 480722
1499940551 632212
1499940551 788403
1499940551 943913
1499940552 79316
1499940552 233621
1499940552 401102
1499940552 574246
1499940552 720730
1499940552 889855
1499940553 35401
1499940553 220761
1499940553 380133
1499940553 533443
1499940553 715054
1499940553 877194
1499940554 57589
1499940554 232012
1499940554 378427
1499940554 515700
1499940554 656968
1499940554 816373
1499940554 992666
1499940555 160182
1499940555 310538
1499940555 464847
1499940555 614603
1499940555 778688
