1502205839 272417
1502205839 349516
1502205839 426122
1502205839 524684
1502205839 606619
1502205839 683559
1502205839 759849
1502205839 836879
1502205839 913489
1502205840 345184
1502205840 441193
1502205840 518419
1502205840 594643
1502205840 671747
1502205840 748937
1502205840 825071
1502205841 56812
1502205841 334245
1502205841 439483
1502205841 516635
1502205841 747254
1502205841 823439
1502205841 900726
1502205841 977045
1502205842 207548
1502205842 284418
1502205842 360599
1502205842 437758
1502205842 514929
1502205842 591468
1502205842 668238
1502205842 745469
1502205842 821680
1502205842 898766
1502205842 975044
1502205843 52105
1502205843 138378
1502205843 214614
1502205843 291752
1502205843 368870
1502205843 445110
1502205843 560321
1502205843 637406
1502205843 713876
1502205843 790819
1502205843 868097
1502205843 944208
1502205844 22492
1502205844 270956
1502205844 414579
1502205844 491486
1502205844 567775
1502205844 644848
1502205844 721152
1502205844 874421
1502205844 999694
1502205845 172215
1502205845 249189
1502205845 508750
1502205845 614018
1502205845 758366
1502205845 834673
1502205845 911705
1502205845 988861
1502205846 65100
1502205846 142246
1502205846 218482
1502205846 295626
1502205846 372203
1502205846 449298
1502205846 526285
1502205846 688532
1502205846 775784
1502205846 938240
1502205847 15228
1502205847 92367
1502205847 168834
1502205847 245799
1502205847 322965
1502205847 399111
1502205847 476309
1502205847 552466
1502205847 629795
1502205847 706767
1502205847 783008
1502205847 860286
1502205847 937213
1502205848 13490
1502205848 90720
1502205848 167756
1502205848 243955
1502205848 321296
1502205848 398311
1502205848 474545
1502205848 551640
1502205848 627854
1502205848 704968
1502205848 781298
1502205848 858344
1502205848 935534
1502205849 11698
1502205849 88901
1502205849 165174
1502205849 242204
1502205849 319798
1502205849 396044
1502205849 472858
1502205849 548976
1502205849 626100
1502205849 702614
1502205849 779551
1502205849 856664
1502205849 932841
1502205850 10261
1502205850 86503
1502205850 163455
1502205850 240489
1502205850 336987
1502205850 411065
1502205850 487246
1502205850 573218
1502205850 659525
1502205850 745661
1502205850 831885
1502205850 918950
1502205851 4590
1502205851 90810
1502205851 176973
1502205851 263264
1502205851 349448
1502205851 435676
1502205851 523059
1502205851 608958
1502205851 695198
1502205851 781413
1502205851 867693
1502205851 954005
1502205852 40319
1502205852 127231
1502205852 213483
1502205852 299643
1502205852 385864
1502205852 472083
1502205852 558457
1502205852 644516
1502205852 730706
1502205852 817008
1502205852 903094
1502205852 989492
1502205853 85530
1502205853 171887
1502205853 257922
1502205853 355112
1502205853 437559
1502205853 514767
1502205853 590997
1502205853 668077
1502205853 744293
1502205853 821487
1502205853 898567
1502205853 974919
1502205854 51970
1502205854 128230
1502205854 205878
1502205854 291612
1502205854 541132
1502205854 618410
1502205854 694645
1502205854 867796
1502205854 944057
1502205855 145579
1502205855 222705
1502205855 299805
1502205855 376028
1502205855 453251
1502205855 568424
1502205855 644653
1502205855 721769
1502205855 798237
1502205855 904212
1502205856 124786
1502205856 202190
1502205856 384345
1502205856 460715
1502205856 537572
1502205856 614776
1502205856 806791
1502205857 36964
1502205857 114246
1502205857 190282
1502205857 267213
1502205857 343526
1502205857 420552
1502205857 496897
1502205857 574023
1502205857 654805
1502205857 737391
1502205857 813706
1502205857 890772
1502205857 986463
1502205858 60395
1502205858 146299
1502205858 232568
1502205858 318823
1502205858 405605
1502205858 491687
1502205858 577763
1502205858 663894
1502205858 750187
1502205858 990690
1502205859 105929
1502205859 192095
1502205859 460717
1502205859 547045
1502205859 633131
1502205859 719329
1502205859 805571
1502205859 891788
1502205859 978131
1502205860 65151
1502205860 151353
1502205860 237779
1502205860 323916
1502205860 410189
1502205860 496261
1502205860 582468
1502205860 668761
1502205860 755766
1502205860 841886
1502205860 928321
1502205861 14511
1502205861 101510
1502205861 188007
1502205861 475529
1502205861 561684
1502205861 715888
1502205861 859321
1502205861 993734
1502205862 80704
1502205862 166887
1502205862 253158
1502205862 339506
1502205862 437755
1502205862 519901
1502205862 597296
1502205862 673227
1502205862 750565
1502205862 827041
1502205862 903739
1502205862 980820
1502205863 57137
1502205863 134320
1502205863 210537
1502205863 287612
1502205863 363888
1502205863 441201
1502205863 518359
1502205863 594320
1502205863 671484
1502205863 769829
1502205863 851188
1502205863 928758
1502205864 4659
1502205864 81673
1502205864 158892
1502205864 235191
1502205864 312326
1502205864 388525
1502205864 465624
1502205864 541726
1502205864 618919
1502205864 695183
1502205864 772274
1502205864 849539
1502205864 925695
1502205865 3008
1502205865 80346
1502205865 156403
1502205865 233290
1502205865 309544
1502205865 386624
1502205865 462942
1502205865 540066
1502205865 616385
1502205865 693411
1502205865 808707
1502205865 884941
1502205866 48361
1502205866 249739
1502205866 326999
1502205866 403083
1502205866 480192
1502205866 556462
1502205866 690768
1502205866 767925
1502205866 845168
1502205866 931309
1502205867 17526
1502205867 94572
1502205867 170954
1502205867 247964
1502205867 325072
1502205867 401275
1502205867 478448
1502205867 554843
1502205867 631901
1502205867 709044
1502205867 785237
1502205867 862416
1502205867 939543
1502205868 15709
1502205868 92892
1502205868 255267
1502205868 342378
1502205868 418726
1502205868 495788
1502205868 611045
1502205868 687320
1502205868 812478
1502205868 955972
1502205869 32986
1502205869 109317
1502205869 186333
1502205869 263615
1502205869 339847
1502205869 416997
1502205869 493224
1502205869 571539
1502205869 790720
1502205869 868014
1502205869 944180
1502205870 88580
1502205870 232698
1502205870 309023
1502205870 386133
1502205870 462332
1502205870 539508
1502205870 617001
1502205870 692902
1502205870 770199
1502205870 846274
1502205870 923601
1502205870 999656
1502205871 77889
1502205871 153948
1502205871 230077
1502205871 307255
1502205871 383741
1502205871 470597
1502205871 546857
1502205871 623950
1502205871 700171
1502205871 777337
1502205871 853476
1502205871 930614
1502205872 6939
1502205872 189307
1502205872 266484
1502205872 343006
1502205872 419921
1502205872 535138
1502205872 717568
1502205872 860947
1502205872 937999
1502205873 14233
1502205873 91369
1502205873 168638
1502205873 302898
1502205873 379040
1502205873 456195
1502205873 533297
1502205873 609631
1502205873 686721
1502205873 763005
1502205873 840081
1502205873 917189
1502205873 993458
1502205874 89712
1502205874 244054
1502205874 511689
1502205874 626852
1502205874 703968
1502205874 780362
1502205874 914572
1502205874 992005
1502205875 67980
1502205875 145113
1502205875 221311
1502205875 298714
1502205875 374686
1502205875 451744
1502205875 528131
1502205875 605266
1502205875 682292
1502205875 758931
1502205875 835673
1502205875 911970
1502205875 989001
1502205876 65368
1502205876 142371
1502205876 218614
1502205876 392032
1502205876 468183
1502205876 545468
1502205876 881155
1502205876 958345
1502205877 34559
1502205877 111669
1502205877 188825
1502205877 265026
1502205877 342223
1502205877 418367
1502205877 495539
1502205877 571790
1502205877 648890
1502205877 726003
1502205877 802414
1502205877 917533
1502205878 138102
1502205878 407581
1502205878 483813
1502205878 560967
1502205878 733415
1502205878 810556
1502205878 887580
1502205878 973895
1502205879 50081
1502205879 127267
1502205879 204356
1502205879 280596
1502205879 357875
1502205879 664417
1502205879 741731
1502205879 827843
1502205879 904027
1502205879 981209
1502205880 134536
1502205880 211693
1502205880 288816
1502205880 365259
1502205880 442211
1502205880 519308
1502205880 595746
1502205880 672695
1502205880 864189
1502205880 941211
1502205881 17536
1502205881 228955
1502205881 325161
1502205881 401465
1502205881 526777
1502205881 603872
1502205881 679967
1502205881 948651
1502205882 25833
1502205882 103192
1502205882 180423
1502205882 256352
1502205882 332548
1502205882 409699
1502205882 485968
1502205882 563021
1502205882 640132
1502205882 716797
1502205882 793510
1502205882 871876
1502205882 946936
1502205883 24074
1502205883 417962
1502205883 494089
1502205883 571259
1502205883 648360
1502205883 724581
1502205883 810907
1502205883 887280
1502205883 964269
1502205884 89549
1502205884 165754
1502205884 242897
1502205884 319066
1502205884 396154
1502205884 472484
1502205884 549813
1502205884 625770
1502205884 702973
1502205884 779269
1502205884 856275
1502205884 933500
1502205885 9765
1502205885 86820
1502205885 162928
1502205885 240226
1502205885 317269
1502205885 393497
1502205885 470609
1502205885 547288
1502205885 633340
1502205885 710308
1502205885 921728
1502205886 17888
1502205886 152369
1502205886 228535
1502205886 305619
1502205886 382837
1502205886 459435
1502205886 651738
1502205886 747573
1502205886 823885
1502205886 900974
1502205887 303870
1502205887 380922
1502205887 591554
1502205887 668974
1502205887 744778
1502205887 822046
1502205887 956341
1502205888 196876
1502205888 379210
1502205888 522666
1502205888 705161
1502205888 782202
1502205888 858383
1502205888 935549
1502205889 13052
1502205889 88937
1502205889 166047
1502205889 243207
1502205889 319410
1502205889 396594
1502205889 472807
1502205889 549958
1502205889 877193
1502205889 952806
1502205890 29943
1502205890 135357
1502205890 404332
1502205890 481047
1502205890 567309
1502205890 768833
1502205890 846144
1502205890 922092
1502205890 999251
1502205891 76295
1502205891 219724
1502205891 296827
1502205891 584529
1502205891 661829
1502205891 737882
1502205891 815132
1502205891 892278
1502205891 968461
1502205892 45554
1502205892 121896
1502205892 199280
1502205892 276039
1502205892 352257
1502205892 429466
1502205892 506541
1502205892 582815
1502205892 659873
1502205892 736208
1502205892 813507
1502205892 890411
1502205892 966641
1502205893 43856
1502205893 120905
1502205893 197132
1502205893 274518
1502205893 351675
1502205893 427691
1502205893 504780
1502205893 581014
1502205893 658202
1502205893 735641
1502205893 811952
1502205893 888766
1502205893 974987
1502205894 52123
1502205894 128474
1502205894 205434
1502205894 282525
1502205894 358853
1502205894 435877
1502205894 512143
1502205894 589457
1502205894 665501
1502205894 742602
1502205894 819694
1502205894 895960
1502205894 973124
1502205895 49389
1502205895 126599
1502205895 203748
1502205895 279855
1502205895 357238
1502205895 434196
1502205895 510353
1502205895 588014
1502205895 663803
1502205895 779014
1502205895 857030
1502205895 942401
1502205896 19602
1502205896 96038
1502205896 200945
1502205896 278148
1502205896 651996
1502205896 824471
1502205897 94186
1502205897 170259
1502205897 256418
1502205897 333560
1502205897 409699
1502205897 486889
1502205897 563977
1502205897 640228
1502205897 746455
1502205897 822770
1502205897 899863
1502205897 977006
1502205898 53234
1502205898 216503
1502205898 293582
1502205898 369990
1502205898 533274
1502205898 610391
1502205898 686602
1502205898 763716
1502205898 840012
1502205898 984364
1502205899 282130
1502205899 397232
1502205899 493438
1502205899 569615
1502205899 646826
1502205899 723006
1502205899 800193
1502205899 877302
1502205899 953510
1502205900 30661
1502205900 106938
1502205900 280194
1502205900 357296
1502205900 433523
1502205900 510640
1502205900 586979
1502205900 664098
1502205900 741147
1502205900 817427
1502205900 894592
1502205900 970868
1502205901 47979
1502205901 124098
1502205901 201344
1502205901 278461
1502205901 354630
1502205901 431699
1502205901 507995
1502205901 585222
1502205901 661442
1502205901 738537
1502205901 814825
1502205901 891873
1502205901 969085
1502205902 45241
1502205902 122920
1502205902 199556
1502205902 276179
1502205902 352947
1502205902 429196
1502205902 506269
1502205902 582471
1502205902 659628
1502205902 739994
1502205902 823032
1502205902 899320
1502205902 976433
1502205903 53779
1502205903 264081
1502205903 341632
1502205903 417423
1502205903 532675
1502205903 609795
1502205903 686072
1502205903 763241
1502205903 974673
1502205904 80018
1502205904 156991
1502205904 233753
1502205904 310644
1502205904 450769
1502205904 530987
1502205904 608100
1502205904 684328
1502205904 819862
1502205905 78402
1502205905 155372
1502205905 231556
1502205905 308647
1502205905 731779
1502205905 807909
1502205905 885052
1502205905 962045
1502205906 38360
1502205906 115528
1502205906 191697
1502205906 268804
1502205906 345932
1502205906 422227
1502205906 499517
1502205906 575720
1502205906 652680
1502205906 729851
1502205906 806034
1502205906 883205
1502205907 27509
1502205907 103785
1502205907 180829
1502205907 449446
1502205907 602880
1502205907 738089
1502205907 814240
1502205907 891403
1502205907 967682
1502205908 44784
1502205908 121868
1502205908 246274
1502205908 323409
1502205908 543909
1502205908 899590
1502205909 62096
1502205909 273537
1502205909 398800
1502205909 475014
1502205909 552136
1502205909 628361
1502205909 705554
1502205909 783005
1502205910 99396
1502205910 175600
1502205910 253082
1502205910 416039
1502205910 617535
1502205910 695120
1502205910 770953
1502205910 924241
1502205911 106793
1502205911 203000
1502205911 280106
1502205911 357081
1502205911 433405
1502205911 510573
1502205911 586831
1502205911 663883
1502205911 740404
1502205911 817234
1502205911 894445
1502205912 66932
1502205912 144027
1502205912 220189
1502205912 297308
1502205912 586227
1502205912 671274
1502205912 748378
1502205912 825530
1502205912 920903
1502205912 997850
1502205913 228476
1502205913 305748
1502205913 391839
1502205913 468057
1502205913 574173
1502205913 698600
1502205913 775913
1502205913 852801
1502205913 929121
1502205914 6210
1502205914 83268
1502205914 159607
1502205914 236706
1502205914 313329
1502205914 413088
1502205914 497119
1502205914 573350
1502205914 650495
1502205914 727744
1502205914 804060
1502205914 881038
1502205914 958103
1502205915 34408
1502205915 111567
1502205915 187676
1502205915 264810
1502205915 341085
1502205915 418245
1502205915 495365
1502205915 571698
1502205915 648779
1502205915 724929
1502205915 802353
1502205915 878399
1502205915 955754
1502205916 31763
1502205916 108878
1502205916 185973
1502205916 262217
1502205916 339545
1502205916 415578
1502205916 492743
1502205916 569031
1502205916 646086
1502205916 722543
1502205916 799801
1502205916 952822
1502205917 30137
1502205917 106554
1502205917 183267
1502205917 259540
1502205917 336709
1502205917 414029
1502205917 490065
1502205917 567228
1502205917 644365
1502205917 720616
1502205917 797782
1502205917 873942
1502205917 951110
1502205918 28230
1502205918 104423
1502205918 181591
1502205918 258864
1502205918 334952
1502205918 412143
1502205918 488306
1502205918 565569
1502205918 641673
1502205918 824008
1502205918 978727
1502205919 54603
1502205919 131757
1502205919 448500
1502205919 612041
1502205919 803325
1502205919 995920
1502205920 91810
1502205920 168141
1502205920 245194
1502205920 321518
1502205920 398727
1502205920 474901
1502205920 551968
1502205920 628172
1502205920 705258
1502205920 781628
1502205920 858811
1502205920 935934
1502205921 41315
1502205921 204480
1502205921 319977
1502205921 444021
1502205921 521196
1502205921 626436
1502205921 703541
1502205921 780124
1502205921 856909
1502205921 933218
1502205922 10312
1502205922 86552
1502205922 163693
1502205922 240866
1502205922 317144
1502205922 394216
1502205922 471420
1502205922 547562
1502205922 624700
1502205922 700923
1502205922 787206
1502205922 998918
1502205923 75880
1502205923 151940
1502205923 229116
1502205923 306239
1502205923 382830
1502205923 469351
1502205923 546104
1502205923 623111
1502205923 700276
1502205923 776479
1502205923 853483
1502205923 929699
1502205924 7217
1502205924 83121
1502205924 160352
1502205924 237341
1502205924 313553
1502205924 390769
1502205924 467510
1502205924 543990
1502205924 621242
1502205924 697464
1502205924 774603
1502205924 850863
1502205924 927979
1502205925 5286
1502205925 81575
1502205925 158563
1502205925 234730
1502205925 312167
1502205925 388962
1502205925 465233
1502205925 542371
1502205925 619437
1502205925 695701
1502205925 772874
1502205925 849099
1502205925 926265
1502205926 3295
1502205926 79520
1502205926 156798
1502205926 233962
1502205926 310060
1502205926 387237
1502205926 463590
1502205926 540568
1502205926 617754
1502205926 694033
1502205926 771189
1502205926 876407
1502205926 953540
1502205927 30592
1502205927 106832
1502205927 270234
1502205927 347341
1502205927 616057
1502205927 692408
1502205927 769378
1502205927 846488
1502205927 922727
1502205928 77089
1502205928 153525
1502205928 239439
1502205929 9296
1502205929 84353
1502205929 228627
1502205929 305993
1502205929 381996
1502205929 459339
1502205929 535551
1502205929 612460
1502205929 688781
1502205929 765865
1502205929 842107
1502205929 919625
1502205929 996388
1502205930 72968
1502205930 149769
1502205930 227144
1502205930 303091
1502205930 380484
1502205930 457475
1502205930 533628
1502205930 611045
1502205930 688305
1502205930 764366
1502205930 841300
1502205930 917605
1502205930 994848
1502205931 70987
1502205931 148014
1502205931 225169
1502205931 301485
1502205931 378677
1502205931 454757
1502205931 628079
1502205931 704301
1502205931 781434
1502205931 858535
1502205932 146242
1502205932 223418
1502205932 299607
1502205932 376744
1502205932 463010
1502205932 540084
1502205932 616275
1502205932 693491
1502205932 769691
1502205932 846860
1502205932 923959
1502205933 427
1502205933 77378
1502205933 153610
1502205933 230705
1502205933 355055
1502205933 547415
1502205933 633921
1502205933 767933
1502205933 845296
1502205933 921323
1502205933 998617
1502205934 286491
1502205934 391442
1502205934 468541
1502205934 545715
1502205934 621891
1502205934 699132
1502205934 775410
1502205934 852393
1502205934 929577
1502205935 5773
1502205935 82896
1502205935 159350
1502205935 351482
1502205935 428728
1502205935 504868
1502205935 582081
1502205935 658525
1502205935 735547
1502205935 811871
1502205935 888779
1502205935 965041
1502205936 42383
1502205936 119331
1502205936 195583
1502205936 272827
1502205936 349224
1502205936 617550
1502205936 887087
1502205937 11446
1502205937 88509
1502205937 251907
1502205937 587577
1502205937 722021
1502205937 799092
1502205937 990547
1502205938 134869
1502205938 212048
1502205938 288167
1502205938 365344
1502205938 508999
1502205938 643064
1502205938 787356
1502205938 864520
1502205938 969716
1502205939 640636
1502205939 717746
1502205939 793807
1502205939 879686
1502205939 957189
1502205940 43172
1502205940 129196
1502205940 206681
1502205940 292571
1502205940 370068
1502205940 456041
1502205940 542211
1502205940 628521
1502205940 705772
1502205940 791752
1502205940 877910
1502205940 964125
1502205941 50420
1502205941 291195
1502205941 377030
1502205941 501928
1502205941 876163
1502205941 962404
1502205942 336607
1502205942 422846
1502205942 509056
1502205942 595413
1502205942 681568
1502205942 767947
1502205942 854872
1502205942 941090
1502205943 27557
1502205943 132736
1502205943 219631
1502205943 335070
1502205943 449229
1502205943 535457
1502205943 622537
1502205943 708691
1502205943 910231
1502205944 188796
1502205944 342226
1502205944 428475
1502205944 519225
1502205944 601043
1502205944 687034
1502205944 802433
1502205944 888566
1502205944 975674
1502205945 61888
1502205945 148015
1502205945 234275
1502205945 321384
1502205945 407585
1502205945 493799
1502205945 580032
1502205945 666299
1502205945 752486
1502205945 838665
1502205945 924873
1502205946 241591
1502205946 328080
1502205946 414031
1502205946 500254
1502205946 587408
1502205946 674678
1502205946 760270
1502205946 913189
1502205947 47469
1502205947 153632
1502205947 374129
1502205947 460394
1502205947 547493
1502205947 633804
1502205947 720180
1502205947 844406
1502205947 931549
1502205948 27668
1502205948 113821
1502205948 229080
1502205948 315258
1502205948 401445
1502205948 487748
1502205948 574011
1502205948 661040
1502205948 747221
1502205948 958684
1502205949 44978
1502205949 131103
1502205949 217300
1502205949 303617
1502205949 390704
1502205949 476848
1502205949 563279
1502205949 649266
1502205949 736404
1502205949 822962
1502205949 908791
1502205949 995040
1502205950 81175
1502205950 167499
1502205950 254637
1502205950 341021
1502205950 427014
1502205950 513229
1502205950 599388
1502205950 685608
1502205950 775144
1502205950 859334
1502205950 945226
1502205951 31882
1502205951 117908
1502205951 203738
1502205951 289991
1502205951 520495
1502205951 606795
1502205951 769812
1502205951 856294
1502205952 711
1502205952 87269
1502205952 173118
1502205952 260228
1502205952 346552
1502205952 435268
1502205952 518824
1502205952 605074
1502205952 692645
1502205952 778318
1502205952 864550
1502205952 950807
1502205953 37084
1502205953 114114
1502205953 200330
1502205953 286597
1502205953 363601
1502205953 449841
1502205953 527055
1502205953 613223
1502205953 699497
1502205953 785673
1502205953 862831
1502205953 949028
1502205954 26212
1502205954 112338
1502205954 188621
1502205954 294756
1502205954 448132
1502205954 525542
1502205954 649612
1502205954 726724
1502205954 803970
1502205954 890152
1502205954 976405
1502205955 62495
1502205955 139720
1502205955 225872
1502205955 303212
1502205955 389230
1502205955 475421
1502205955 552543
1502205955 638836
1502205955 724969
1502205955 802076
1502205955 888817
1502205955 974567
1502205956 51768
1502205956 137973
1502205956 224115
1502205956 310417
1502205956 387473
1502205956 473665
1502205956 550817
1502205956 637255
1502205956 723261
1502205956 848480
1502205956 934661
1502205957 404808
1502205957 635340
1502205957 712613
1502205957 798627
1502205957 874878
1502205957 952070
1502205958 29124
1502205958 115389
1502205958 191636
1502205958 268759
1502205958 345853
1502205958 432073
1502205958 509195
1502205958 595396
1502205958 671665
1502205958 748745
1502205958 824995
1502205958 902126
1502205958 979324
1502205959 55718
1502205959 132651
1502205959 209280
1502205959 334126
1502205959 411202
1502205959 487669
1502205959 613196
1502205959 698956
1502205959 776042
1502205959 977600
1502205960 179053
1502205960 256353
1502205960 342604
1502205960 428722
1502205960 505885
1502205960 591940
1502205960 668143
1502205960 745513
1502205960 821505
1502205960 898623
1502205960 975897
1502205961 52070
1502205961 129393
1502205961 206409
1502205961 282517
1502205961 359702
1502205961 435889
1502205961 513051
1502205961 590304
1502205961 666409
1502205961 743578
1502205961 819788
1502205962 79665
1502205962 511688
1502205962 588764
1502205962 664660
1502205963 327115
1502205963 404323
1502205963 490624
1502205963 566781
1502205963 644177
1502205963 720317
1502205963 797267
1502205963 874442
1502205963 950568
1502205964 27681
1502205964 104198
1502205964 181117
1502205964 258244
1502205964 334517
1502205964 411572
1502205964 487813
1502205964 565017
1502205964 641186
1502205964 718545
1502205964 795486
1502205964 871717
1502205965 35219
1502205965 112118
1502205965 188446
1502205965 265555
1502205965 592267
1502205965 668858
1502205965 745636
1502205965 860923
1502205965 937112
1502205966 100502
1502205966 187833
1502205966 283168
1502205966 437186
1502205966 513397
1502205966 590572
1502205966 666821
1502205966 753037
1502205966 974456
1502205967 50607
1502205967 127920
1502205967 204118
1502205967 281073
1502205967 415485
1502205967 558833
1502205967 713323
1502205967 789422
1502205967 866445
1502205967 942655
1502205968 19900
1502205968 96905
1502205968 173183
1502205968 365799
1502205968 441787
1502205968 528944
1502205968 825699
1502205968 903027
1502205968 979032
1502205969 56208
1502205969 133385
1502205969 209805
1502205969 286746
1502205969 401893
1502205969 478177
1502205969 699613
1502205969 872068
1502205969 987264
1502205970 63572
1502205970 140660
1502205970 227079
1502205970 304130
1502205970 380515
1502205970 457405
1502205970 534538
1502205970 610793
1502205970 755042
1502205970 899776
1502205971 52935
1502205971 235771
1502205971 503669
1502205971 753269
1502205971 830684
1502205971 906677
1502205971 983921
1502205972 60897
1502205972 137198
1502205972 214334
1502205972 291761
1502205972 367757
1502205972 444858
1502205972 521976
1502205972 598281
1502205972 675974
1502205972 761533
1502205972 838615
1502205972 914909
1502205972 992028
1502205973 68530
1502205973 279657
1502205973 365960
1502205973 443085
1502205973 529261
1502205973 605536
1502205973 721442
1502205973 807859
1502205973 884178
1502205973 961194
1502205974 37537
1502205974 114638
1502205974 191768
1502205974 268059
1502205974 345393
1502205974 421375
1502205974 498514
1502205974 575786
1502205974 651903
1502205974 729011
1502205974 805238
1502205974 882392
1502205974 968581
1502205975 92988
1502205975 199122
1502205975 275505
1502205975 352561
1502205975 524911
1502205975 601997
1502205975 687960
1502205975 870705
1502205975 962666
1502205976 48778
1502205976 134731
1502205976 423443
1502205976 509540
1502205976 595983
1502205976 682138
1502205976 768163
1502205976 893627
1502205976 979686
1502205977 65802
1502205977 152170
1502205977 239266
1502205977 325414
1502205977 411611
1502205977 497797
1502205977 584066
1502205977 671117
1502205977 757335
1502205977 843643
1502205977 929965
1502205978 15956
1502205978 103099
1502205978 189403
1502205978 439135
1502205978 525305
1502205978 745623
1502205978 832746
1502205978 918940
1502205979 5158
1502205979 91370
1502205979 177608
1502205979 263793
1502205979 351528
1502205979 437251
1502205979 523762
1502205979 648711
1502205980 41585
1502205980 128452
1502205980 214224
1502205980 300419
1502205980 386471
1502205980 472637
1502205980 559699
1502205980 646025
1502205980 943615
1502205981 29907
1502205981 384647
1502205981 711355
1502205981 845697
1502205981 931885
1502205982 19265
1502205982 162452
1502205982 248576
1502205982 566288
1502205982 652454
1502205982 738912
1502205982 824904
1502205982 911102
1502205982 997301
1502205983 83513
1502205983 160602
1502205983 246889
1502205983 324034
1502205983 410174
1502205983 535515
1502205983 659732
1502205983 746193
1502205983 833309
1502205983 919751
1502205984 5539
1502205984 91792
1502205984 177914
1502205984 264130
1502205984 341253
1502205984 417530
1502205984 494973
1502205984 580909
1502205984 657308
1502205985 104234
1502205985 188977
1502205985 333189
1502205985 419448
1502205985 505639
1502205985 727044
1502205985 813224
1502205985 909442
1502205985 995638
1502205986 178134
1502205986 264319
1502205986 350436
1502205986 436757
1502205986 523884
1502205986 610059
1502205986 696400
1502205986 782462
1502205986 868843
1502205986 955772
1502205987 41987
1502205987 128208
1502205987 214721
1502205987 300716
1502205987 387826
1502205987 483328
1502205987 915052
1502205988 2403
1502205988 415055
1502205988 501314
1502205988 587633
1502205988 702950
1502205988 788990
1502205988 875183
1502205988 980595
1502205989 115670
1502205989 355429
1502205989 470453
1502205989 556737
1502205989 642944
1502205989 730129
1502205989 816319
1502205989 902461
1502205989 988673
1502205990 74983
1502205990 161996
1502205990 248266
1502205990 334424
1502205990 420675
1502205990 506927
1502205990 593119
1502205990 679495
1502205990 765575
1502205990 851988
1502205990 938835
1502205991 25126
1502205991 111431
1502205991 197523
1502205991 283734
1502205991 369965
1502205991 456144
1502205991 542601
1502205991 628580
1502205991 715718
1502205991 801885
1502205991 888120
1502205991 974344
1502205992 61636
1502205992 147675
1502205992 233815
1502205992 435504
1502205992 521498
1502205992 608697
1502205992 694960
1502205992 791222
1502205992 915477
1502205993 280468
1502205993 588102
1502205993 674117
1502205993 760573
1502205993 846557
1502205993 932765
1502205994 154385
1502205994 269478
1502205994 393714
1502205994 729654
1502205994 835605
1502205994 921802
1502205995 8072
1502205995 94340
1502205995 181626
1502205995 267830
1502205995 353900
1502205995 440088
1502205995 526351
1502205995 613407
1502205995 699686
1502205995 786055
1502205996 160820
1502205996 246942
1502205996 333097
1502205996 419275
1502205996 505494
1502205996 591722
1502205996 678821
1502205996 765213
1502205996 870504
1502205996 956518
1502205997 91773
1502205997 178146
1502205997 264157
1502205997 350389
1502205997 436725
1502205997 522798
1502205997 609030
1502205997 695904
1502205997 782419
1502205997 868541
1502205997 954778
1502205998 41007
1502205998 127431
1502205998 213872
1502205998 299736
1502205998 389105
1502205998 472300
1502205998 559221
1502205998 645377
1502205998 779776
1502205999 154573
1502205999 259817
1502205999 509430
1502205999 758856
1502205999 845271
1502205999 998984
1502206000 84683
1502206000 171197
1502206000 286582
1502206000 372326
1502206000 460091
1502206000 545735
1502206000 631857
1502206000 718112
1502206000 804691
1502206000 890508
1502206000 967704
1502206001 54314
1502206001 140085
1502206001 217415
1502206001 303426
1502206001 389689
1502206001 475898
1502206001 553027
1502206001 639216
1502206001 744534
1502206001 821765
1502206001 898758
1502206001 984972
1502206002 71311
1502206002 148329
1502206002 224552
1502206002 301633
1502206002 377856
1502206002 455238
1502206002 531260
1502206002 608409
1502206002 684755
1502206002 761793
1502206002 838053
1502206002 915225
1502206002 992285
1502206003 68460
1502206003 145533
1502206003 240947
1502206003 318073
1502206003 395195
1502206003 471499
1502206003 817418
1502206003 894392
1502206003 970709
1502206004 57734
1502206004 133964
1502206004 211241
1502206004 287287
1502206004 402537
1502206004 479773
1502206004 565904
1502206004 652063
1502206004 777462
1502206004 863551
1502206004 940691
1502206005 35990
1502206005 142140
1502206005 295536
1502206005 448879
1502206005 526413
1502206005 603145
1502206005 679383
1502206005 756601
1502206005 832802
1502206005 909860
1502206005 986222
1502206006 63297
1502206006 140358
1502206006 216606
1502206006 293821
1502206006 369998
1502206006 447177
1502206006 523396
1502206006 629529
1502206006 753920
1502206006 830943
1502206007 99729
1502206007 196384
1502206007 279091
1502206007 365720
1502206007 519517
1502206007 596105
1502206007 681941
1502206007 768151
1502206007 854409
1502206007 940861
1502206008 27227
1502206008 113529
1502206008 199616
1502206008 285720
1502206008 371967
1502206008 458222
1502206008 545339
1502206008 631709
1502206008 717754
1502206008 803946
1502206008 890175
1502206008 977319
1502206009 63439
1502206009 149749
1502206009 236003
1502206009 322074
1502206009 408276
1502206009 494548
1502206009 582819
1502206009 667920
1502206009 754201
1502206009 840658
1502206009 926546
1502206010 13107
1502206010 100101
1502206010 186073
1502206010 272327
1502206010 358595
1502206010 444729
1502206010 531831
1502206010 618044
1502206010 704326
1502206010 790770
1502206010 876930
1502206010 963806
1502206011 50063
1502206011 136235
1502206011 222528
1502206011 308710
1502206011 395053
1502206011 481061
1502206011 567565
1502206011 654566
1502206011 740803
1502206011 826806
1502206011 913182
1502206011 999431
1502206012 85504
1502206012 172101
1502206012 258881
1502206012 345077
1502206012 431329
1502206012 517593
1502206012 603772
1502206012 690844
1502206012 777143
1502206012 863267
1502206012 949549
1502206013 35864
1502206013 121885
1502206013 208098
1502206013 294280
1502206013 380503
1502206013 486933
1502206013 659147
1502206013 745298
1502206013 831559
1502206013 917737
1502206013 994908
1502206014 81178
1502206014 167353
1502206014 263519
1502206014 397774
1502206014 474946
1502206014 705412
1502206014 858792
1502206014 955434
1502206015 41659
1502206015 127619
1502206015 213609
1502206015 290837
1502206015 377082
1502206015 463175
1502206015 540387
1502206015 626577
1502206015 712901
1502206015 789898
1502206015 876114
1502206015 962335
1502206016 39475
1502206016 125639
1502206016 202767
1502206016 289001
1502206016 365323
1502206016 442401
1502206016 518578
1502206016 595828
1502206016 672862
1502206016 749121
1502206016 826221
1502206016 902457
1502206016 979847
1502206017 56771
1502206017 133047
1502206017 210162
1502206017 286461
1502206017 363468
1502206017 440881
1502206017 516924
1502206017 593987
1502206017 670371
1502206017 747354
1502206017 824807
1502206017 900787
1502206017 976990
1502206018 54137
1502206018 131461
1502206018 207477
1502206018 284711
1502206018 572290
1502206018 649477
1502206018 726604
1502206018 802796
1502206018 879989
1502206018 957148
1502206019 446329
1502206019 599594
1502206019 695775
1502206019 772921
1502206019 849113
1502206020 41483
1502206020 156751
1502206020 387408
1502206020 559715
1502206020 655997
1502206020 953560
1502206021 31834
1502206021 117035
1502206021 194229
1502206021 270454
1502206021 347511
1502206021 423944
1502206021 501318
1502206021 577975
1502206021 654537
1502206021 731433
1502206021 807539
1502206021 884729
1502206021 961829
1502206022 38059
1502206022 287602
1502206022 374790
1502206022 451026
1502206022 528226
1502206022 633353
1502206022 979158
1502206023 123467
1502206023 343964
1502206023 430371
1502206023 506503
1502206023 605795
1502206023 693349
1502206023 779666
1502206023 865876
1502206023 952884
1502206024 39089
1502206024 125358
1502206024 278620
1502206024 365799
1502206024 451968
1502206024 538203
1502206024 624505
1502206024 710592
1502206024 797813
1502206024 922079
1502206025 18300
1502206025 104500
1502206025 219798
1502206025 305990
1502206025 392237
1502206025 478432
1502206025 564628
1502206025 650898
1502206025 742536
1502206025 824144
1502206025 910399
1502206025 996714
1502206026 82853
1502206026 169886
1502206026 256124
1502206026 342354
1502206026 428589
1502206026 515681
1502206026 601854
1502206026 688078
1502206026 774383
1502206026 860553
1502206026 947657
1502206027 33959
1502206027 120136
1502206027 206415
1502206027 292732
1502206027 378969
1502206027 464999
1502206027 551248
1502206027 638547
1502206027 724595
1502206027 810988
1502206027 916339
1502206028 2207
1502206028 88464
1502206028 174563
1502206028 261402
1502206028 347314
1502206028 434386
1502206028 520338
1502206028 606542
1502206028 692756
1502206028 782234
1502206028 865129
1502206028 951759
1502206029 38528
1502206029 124745
1502206029 211198
1502206029 297154
1502206029 383399
1502206029 469800
1502206029 557617
1502206029 642916
1502206029 729129
1502206029 815413
1502206029 901643
1502206029 978696
1502206030 65096
1502206030 151163
1502206030 228330
1502206030 314438
1502206030 391646
1502206030 478209
1502206030 564045
1502206030 641140
1502206030 727932
1502206030 813647
1502206030 890763
1502206030 976965
1502206031 54040
1502206031 140541
1502206031 226531
1502206031 303735
1502206031 389977
1502206031 476186
1502206031 553222
1502206031 647016
1502206031 725698
1502206031 802770
1502206031 889084
1502206031 975279
1502206032 51461
1502206032 128663
1502206032 206911
1502206032 292014
1502206032 369094
1502206032 455309
1502206032 531735
1502206032 608680
1502206032 685890
1502206032 772063
1502206032 848468
1502206032 925405
1502206033 2526
1502206033 136848
1502206033 405608
1502206033 482487
1502206033 866596
1502206033 962697
1502206034 48865
1502206034 125133
1502206034 202235
1502206034 375681
1502206034 461712
1502206034 538032
1502206034 615183
1502206034 692265
1502206034 778460
1502206034 854980
1502206034 931820
1502206035 8023
1502206035 85242
1502206035 161448
1502206035 238602
1502206035 314795
1502206035 391949
1502206035 468164
1502206035 545369
1502206035 622439
1502206035 698646
1502206035 775851
1502206035 900110
1502206035 994953
1502206036 319123
1502206036 406531
1502206036 501854
1502206036 656133
1502206036 732246
1502206036 818553
1502206036 895629
1502206036 971823
1502206037 49074
1502206037 126152
1502206037 202424
1502206037 288646
1502206037 365699
1502206037 441971
1502206037 519145
1502206037 682495
1502206037 760726
1502206037 835817
1502206038 37641
1502206038 123532
1502206038 200696
1502206038 276956
1502206038 354031
1502206038 430220
1502206038 507392
1502206038 584432
1502206038 660805
1502206038 737925
1502206038 815031
1502206038 891663
1502206038 968376
1502206039 45480
1502206039 121729
1502206039 198886
1502206039 275208
1502206039 352245
1502206039 429350
1502206039 505640
1502206039 582781
1502206039 659055
1502206039 736168
1502206039 813347
1502206039 889905
1502206039 966658
1502206040 130046
1502206040 494838
1502206040 571090
1502206040 648331
1502206040 734402
1502206040 820638
1502206040 897711
1502206041 12973
1502206041 99169
1502206041 175463
1502206041 252691
1502206041 328860
1502206041 405963
1502206041 501297
1502206041 636418
1502206041 741794
1502206041 943246
1502206042 71021
1502206042 144719
1502206042 221938
1502206042 608711
1502206042 885327
1502206042 961736
1502206043 38556
1502206043 115672
1502206043 336291
1502206043 413309
1502206043 566697
1502206043 652942
1502206043 730426
1502206043 806621
1502206043 883362
1502206043 959727
1502206044 36848
1502206044 113077
1502206044 506918
1502206044 593129
1502206044 699339
1502206044 833593
1502206044 909836
1502206044 986903
1502206045 63175
1502206045 140369
1502206045 217452
1502206045 370885
1502206045 447181
1502206045 524269
1502206045 601359
1502206045 687518
1502206045 764643
1502206045 975295
1502206046 52402
1502206046 129547
1502206046 205647
1502206046 292016
1502206046 369158
1502206046 446221
1502206046 541589
1502206046 618633
1502206046 723978
1502206046 801067
1502206047 98799
1502206047 223041
1502206047 300189
1502206047 395664
1502206047 491704
1502206047 568839
1502206047 645889
1502206047 895538
1502206047 971763
1502206048 68023
1502206048 145056
1502206048 221759
1502206048 298401
1502206048 374665
1502206048 451957
1502206048 529062
1502206048 951242
1502206049 76215
1502206049 152811
1502206049 229558
1502206049 594439
1502206049 710035
1502206049 786802
1502206049 863017
1502206049 940108
1502206050 16589
1502206050 131569
1502206050 208773
1502206050 285186
1502206050 381214
1502206050 458243
1502206050 534599
1502206050 659823
1502206050 793473
1502206050 876826
1502206050 963804
1502206051 50151
1502206051 136228
1502206051 222450
1502206051 308728
1502206051 395021
1502206051 482142
1502206051 568193
1502206051 654460
1502206051 740610
1502206051 826848
1502206051 913025
1502206051 999241
1502206052 85624
1502206052 171864
1502206052 258315
1502206052 344227
1502206052 430451
1502206052 516514
1502206052 603080
1502206052 690290
1502206052 776156
1502206052 862274
1502206052 948664
1502206053 34709
1502206053 275278
1502206053 361492
1502206053 447680
1502206053 535145
1502206053 621616
1502206053 707372
1502206053 793344
1502206053 879670
1502206053 965873
1502206054 53016
1502206054 139181
1502206054 225458
1502206054 311801
1502206054 397811
1502206054 485088
1502206054 571362
1502206054 657255
1502206054 743560
1502206054 829719
1502206054 915978
1502206055 2183
1502206055 251750
1502206055 655586
1502206055 741797
1502206055 827937
1502206055 972483
1502206056 58800
1502206056 144741
1502206056 259960
1502206056 452351
1502206056 855366
1502206056 941584
1502206057 27750
1502206057 142991
1502206057 230214
1502206057 316420
1502206057 402493
1502206057 488771
1502206057 575048
1502206057 661180
1502206057 747433
1502206057 834490
1502206057 920711
1502206058 7093
1502206058 93159
1502206058 179353
1502206058 266521
1502206058 352729
1502206058 442617
1502206058 525158
1502206058 612382
1502206058 698490
1502206058 784898
1502206058 871049
1502206058 957061
1502206059 44289
1502206059 130347
1502206059 216664
1502206059 302791
1502206059 389036
1502206059 562419
1502206059 648660
1502206059 734836
1502206059 822206
1502206059 908220
1502206060 147738
1502206060 233926
1502206060 321458
1502206060 407437
1502206060 531659
1502206060 617751
1502206060 704931
1502206061 88929
1502206061 175352
1502206061 261355
1502206061 347459
1502206061 433703
1502206061 539874
1502206061 750376
1502206061 837824
1502206061 972085
1502206062 383766
1502206062 460931
1502206062 547248
1502206062 633355
1502206062 710504
1502206062 796776
1502206062 882906
1502206062 960117
1502206063 46378
1502206063 132878
1502206063 218873
1502206063 295794
1502206063 382073
1502206063 458367
1502206063 535473
1502206063 621643
1502206063 699103
1502206063 785386
1502206063 862279
1502206063 938432
1502206064 15467
1502206064 92616
1502206064 168832
1502206064 246022
1502206064 351584
1502206064 457728
1502206064 543792
1502206064 629865
1502206064 716147
1502206064 802395
1502206064 908691
1502206064 994687
1502206065 80933
1502206065 167200
1502206065 254241
1502206065 397954
1502206065 483821
1502206065 560983
1502206065 647300
1502206065 734268
1502206065 820508
1502206065 907311
1502206065 992908
1502206066 79319
1502206066 165385
1502206066 242506
1502206066 328938
1502206066 425013
1502206066 511227
1502206066 771794
1502206066 943061
1502206067 20205
1502206067 106640
1502206067 192649
1502206067 278897
1502206067 356024
1502206067 442335
1502206067 528464
1502206067 624624
1502206067 826046
1502206067 960688
1502206068 37509
1502206068 123759
1502206068 201221
1502206068 287138
1502206068 373318
1502206068 450553
1502206068 536638
1502206068 613840
1502206068 700022
1502206068 786596
1502206068 872441
1502206068 949826
1502206069 35813
1502206069 112953
1502206069 199257
1502206069 285425
1502206069 362474
1502206069 448774
1502206069 525025
1502206069 602151
1502206069 679317
1502206069 765554
1502206069 842545
1502206069 928907
1502206070 15081
1502206070 92119
1502206070 179606
1502206070 264570
1502206070 341649
1502206070 428284
1502206070 514217
1502206070 591224
1502206070 677466
1502206070 763746
1502206070 840888
1502206070 927063
1502206071 4181
1502206071 90418
1502206071 176626
1502206071 256426
1502206071 339950
1502206071 416160
1502206071 493385
1502206071 569610
1502206071 646730
1502206071 722986
1502206071 800040
1502206071 876305
1502206071 953860
1502206072 30553
1502206072 106880
1502206072 183952
1502206072 260135
1502206072 337253
1502206072 414650
1502206072 490709
1502206072 567746
1502206073 86388
1502206073 239344
1502206073 325593
1502206073 402684
1502206073 479838
1502206073 556085
1502206073 633207
1502206073 709403
1502206073 786664
1502206073 988023
1502206074 65236
1502206074 141454
1502206074 295695
1502206074 564511
1502206074 669675
1502206074 746839
1502206074 823042
1502206075 111697
1502206075 188695
1502206075 265026
1502206075 342024
1502206075 429375
1502206075 533556
1502206075 610671
1502206075 812201
1502206076 157922
1502206076 234021
1502206076 311245
1502206076 387562
1502206076 464651
1502206076 542006
1502206076 617923
1502206076 695057
1502206076 771377
1502206076 848567
1502206076 925683
1502206077 1849
1502206077 78978
1502206077 155224
1502206077 232381
1502206077 309554
1502206077 385830
1502206077 463105
1502206077 540292
1502206077 616389
1502206077 693843
1502206077 769609
1502206077 846807
1502206077 923033
1502206078 246
1502206078 77612
1502206078 153542
1502206078 230698
1502206078 307836
1502206078 475637
1502206078 559665
1502206078 741753
1502206078 982526
1502206079 423135
1502206079 509321
1502206079 778900
1502206079 865166
1502206079 951397
1502206080 37754
1502206080 124607
1502206080 211379
1502206080 297198
1502206080 383257
1502206080 469589
1502206080 555685
1502206080 641909
1502206080 728987
1502206080 815245
1502206080 901503
1502206080 987714
1502206081 74461
1502206081 160972
1502206081 247558
1502206081 333363
1502206081 419693
1502206081 505872
1502206081 593023
1502206081 679164
1502206081 765728
1502206081 851638
1502206081 938659
1502206082 24967
1502206082 111590
1502206082 283857
1502206082 370095
1502206082 456155
1502206082 542377
1502206082 638371
1502206082 724686
1502206082 811726
1502206082 899177
1502206082 984239
1502206083 70305
1502206083 156736
1502206083 243043
1502206083 329077
1502206083 406159
1502206083 492588
1502206083 578601
1502206083 656164
1502206083 742220
1502206083 828277
1502206083 914369
1502206083 991885
1502206084 77862
1502206084 155053
1502206084 241339
1502206084 327314
1502206084 404558
1502206084 490946
1502206084 577175
1502206084 663311
1502206084 740202
1502206084 858121
1502206084 942548
1502206085 28884
1502206085 115022
1502206085 201129
1502206085 278391
1502206085 364475
1502206085 450731
1502206085 536893
1502206085 614037
1502206085 700305
1502206085 776532
1502206085 854838
1502206085 939977
1502206086 17022
1502206086 94147
1502206086 180314
1502206086 266657
1502206086 352952
1502206086 429932
1502206086 506156
1502206086 583283
1502206086 659858
1502206086 736640
1502206086 813757
1502206086 890065
1502206086 967237
1502206087 43492
1502206087 120500
1502206087 197671
1502206087 274186
1502206087 351270
1502206087 427303
1502206087 504469
1502206087 580696
1502206087 657937
1502206087 737523
1502206087 821243
1502206087 897467
1502206087 974525
1502206088 51885
1502206088 127927
1502206088 205041
1502206088 282301
1502206088 358437
1502206088 435711
1502206088 511692
1502206088 617286
1502206088 694154
1502206088 771566
1502206088 847490
1502206088 924702
1502206089 1883
1502206089 78347
1502206089 155208
1502206089 232291
1502206089 520063
1502206089 616169
1502206089 692442
1502206089 769579
1502206089 846768
1502206089 922918
1502206090 307
1502206090 77230
1502206090 201481
1502206090 278653
1502206090 355078
1502206090 432057
1502206090 509318
1502206090 585407
1502206090 662584
1502206090 738820
1502206090 816065
1502206090 893059
1502206090 969537
1502206091 46450
1502206091 123560
1502206091 199785
1502206091 276889
1502206091 354234
1502206091 430387
1502206091 507442
1502206091 805084
1502206091 881224
1502206091 958639
1502206092 34631
1502206092 111904
1502206092 189051
1502206092 265175
1502206092 342887
1502206092 418465
1502206092 495882
1502206092 571916
1502206092 649400
1502206092 744355
1502206093 90282
1502206093 416769
1502206093 743755
1502206093 819623
1502206093 896932
1502206093 973266
1502206094 50229
1502206094 127399
1502206094 203827
1502206094 463283
1502206094 540366
1502206094 616473
1502206094 693870
1502206094 799159
1502206094 876480
1502206094 952368
1502206095 29981
1502206095 106760
1502206095 182877
1502206095 413396
1502206095 490710
1502206095 566670
1502206095 643726
1502206095 720022
1502206095 797359
1502206095 873443
1502206095 950529
1502206096 26780
1502206096 103931
1502206096 181125
1502206096 401735
1502206096 477771
1502206096 554927
1502206096 632060
1502206096 756635
1502206096 833523
1502206097 54255
1502206097 131169
1502206097 303642
1502206097 380767
1502206097 456998
1502206097 620303
1502206097 697463
1502206097 779100
1502206097 888947
1502206098 42472
1502206098 157580
1502206098 244636
1502206098 427147
1502206098 503368
1502206098 580419
1502206098 666946
1502206098 907450
1502206098 983647
1502206099 60514
1502206099 136739
1502206099 213885
1502206099 290093
1502206099 367303
1502206099 444450
1502206099 636294
1502206099 713443
1502206099 789601
1502206099 867591
1502206099 943555
1502206100 19773
1502206100 97136
1502206100 174127
1502206100 250295
1502206100 327409
1502206100 403609
1502206100 480873
1502206100 557912
1502206100 634130
1502206100 711272
1502206100 788455
1502206100 864702
1502206100 942119
1502206101 85137
1502206101 210859
1502206101 440908
1502206101 518109
1502206101 594296
1502206101 671439
1502206101 747704
1502206101 825338
1502206101 901970
1502206101 978186
1502206102 55367
1502206102 132923
1502206102 208634
1502206102 285774
1502206102 363395
1502206102 439123
1502206102 516423
1502206102 592540
1502206102 669642
1502206102 746835
1502206102 823363
1502206102 900167
1502206102 977731
1502206103 53573
1502206103 131082
1502206103 208291
1502206103 284009
1502206103 361096
1502206103 735053
1502206103 860343
1502206103 965622
1502206104 42800
1502206104 483802
1502206104 560946
1502206104 638108
1502206104 714501
1502206104 809306
1502206104 980122
1502206105 66468
1502206105 153493
1502206105 239782
1502206105 383128
1502206105 537414
1502206105 738879
1502206105 824972
1502206105 911303
1502206105 997697
1502206106 83728
1502206106 173218
1502206106 256998
1502206106 343229
1502206106 429490
1502206106 516715
1502206106 602915
1502206106 689038
1502206106 775245
1502206106 861498
1502206106 948629
1502206107 34794
1502206107 120985
1502206107 207181
1502206107 293419
1502206107 389820
1502206107 582039
1502206107 706271
1502206107 792506
1502206107 878807
1502206107 966133
1502206108 52100
1502206108 138231
1502206108 224542
1502206108 310667
1502206108 397859
1502206108 484088
1502206108 570285
1502206108 656451
1502206108 742720
1502206108 828898
1502206108 916030
1502206109 2219
1502206109 88446
1502206109 184635
1502206109 539479
1502206109 625716
1502206109 712842
1502206109 952306
1502206110 38568
1502206110 470535
1502206110 557708
1502206110 711180
1502206110 826353
1502206110 922726
1502206111 8797
1502206111 104947
1502206111 306419
1502206111 392617
1502206111 680305
1502206111 920791
1502206112 7070
1502206112 93231
1502206112 179375
1502206112 294680
1502206112 497345
1502206112 659516
1502206112 745670
1502206112 832752
1502206112 919038
1502206113 5225
1502206113 158617
1502206113 244834
1502206113 427233
1502206113 648734
1502206113 734983
1502206113 831093
1502206113 917321
1502206114 89783
1502206114 252992
1502206114 339493
1502206114 425399
1502206114 512641
1502206114 598831
1502206114 685095
1502206114 771246
1502206114 857496
1502206115 49848
1502206115 232171
1502206115 318425
1502206115 404636
1502206115 490885
1502206115 578045
1502206115 664213
1502206115 750645
1502206115 836686
1502206115 922880
1502206116 9094
1502206116 95478
1502206116 181568
1502206116 267880
1502206116 354405
1502206116 440137
1502206116 526564
1502206116 632583
1502206116 718757
1502206117 44571
1502206117 130950
1502206117 216945
1502206117 303152
1502206117 389425
1502206117 475567
1502206117 561803
1502206117 649536
1502206117 735128
1502206117 821335
1502206117 917602
1502206118 3761
1502206118 90002
1502206118 177136
1502206118 263355
1502206118 359520
1502206118 445733
1502206118 589163
1502206118 676434
1502206118 762501
1502206118 850152
1502206118 934874
1502206119 21051
1502206119 108250
1502206119 194587
1502206119 280907
1502206119 366895
1502206119 521363
1502206119 607829
1502206119 693608
1502206119 780093
1502206119 865924
1502206119 952151
1502206120 38470
1502206120 124614
1502206120 210865
1502206120 297011
1502206120 374225
1502206120 460388
1502206120 557181
1502206120 640101
1502206120 717271
1502206120 832557
1502206121 33934
1502206121 110172
1502206121 187594
1502206121 263556
1502206121 341020
1502206121 417812
1502206121 494310
1502206121 571372
1502206121 647633
1502206121 724549
1502206121 800779
1502206121 877906
1502206121 959043
1502206122 41501
1502206122 117541
1502206122 194610
1502206122 270869
1502206122 348023
1502206122 425241
1502206122 501741
1502206122 578605
1502206122 655880
1502206122 731949
1502206122 809033
1502206122 885480
1502206122 962434
1502206123 39519
1502206123 115798
1502206123 192987
1502206123 273461
1502206123 356261
1502206123 432830
1502206123 518466
1502206123 595882
1502206123 672943
1502206123 749179
1502206123 826340
1502206123 902519
1502206123 980394
1502206124 59301
1502206124 143097
1502206124 220377
1502206124 296416
1502206124 373519
1502206124 451003
1502206124 526910
1502206124 604716
1502206124 680264
1502206124 757550
1502206124 834876
1502206124 910725
1502206124 987924
1502206125 102265
1502206125 179428
1502206125 812761
1502206125 888987
1502206125 966204
1502206126 43331
1502206126 119571
1502206126 196818
1502206126 273041
1502206126 359985
1502206126 436237
1502206126 513398
1502206126 753000
1502206126 830147
1502206126 907453
1502206127 2562
1502206127 79767
1502206127 155888
1502206127 309285
1502206127 386469
1502206127 463537
1502206127 540085
1502206127 626024
1502206127 875268
1502206127 952652
1502206128 29819
1502206128 135497
1502206128 221318
1502206128 577111
1502206128 653631
1502206128 730447
1502206128 806681
1502206128 892889
1502206128 978945
1502206129 56468
1502206129 132467
1502206129 209675
1502206129 287065
1502206129 362973
1502206129 440096
1502206129 516354
1502206129 602335
1502206129 679839
1502206129 755914
1502206129 841846
1502206129 919264
1502206129 995512
1502206130 81378
1502206130 158796
1502206130 235160
1502206130 494888
1502206130 648044
1502206130 734199
1502206130 849405
1502206130 984162
1502206131 387698
1502206131 464298
1502206131 694374
1502206131 771514
1502206131 847785
1502206131 924795
1502206132 2070
1502206132 212453
1502206132 299663
1502206132 375857
1502206132 481961
1502206132 558248
1502206132 635478
1502206132 855925
1502206132 962057
1502206133 240081
1502206133 316967
1502206133 394106
1502206133 470311
1502206133 768022
1502206133 893297
1502206134 75630
1502206134 151896
1502206134 229031
1502206134 401417
1502206134 478551
