1500555730 381172
1500555730 882414
1500555730 965864
1500555731 51961
1500555731 137284
1500555731 224596
1500555731 310916
1500555731 397042
1500555731 542339
1500555731 627674
1500555731 744851
1500555731 839508
1500555731 925443
1500555732 11887
1500555732 97788
1500555732 183921
1500555732 271253
1500555732 356993
1500555732 443532
1500555732 529447
1500555732 615808
1500555732 703393
1500555732 789263
1500555732 875392
1500555732 961697
1500555733 47478
1500555733 135304
1500555733 221027
1500555733 307146
1500555733 393457
1500555733 479472
1500555733 566991
1500555733 653001
1500555733 739054
1500555733 847608
1500555733 940833
1500555734 26929
1500555734 114669
1500555734 200211
1500555734 539796
1500555734 644986
1500555734 766837
1500555734 862654
1500555734 958106
1500555735 138408
1500555735 226721
1500555735 375927
1500555735 467224
1500555735 562401
1500555735 658497
1500555735 753821
1500555735 841123
