1500903749 854097
1500903750 74573
1500903750 747212
1500903750 823241
1500903750 900399
1500903750 976396
1500903751 53451
1500903751 427527
1500903751 647926
1500903751 725369
1500903751 801360
1500903752 175598
1500903752 396877
1500903752 473002
1500903752 550146
1500903752 924103
1500903753 955
1500903753 77250
1500903753 154171
1500903753 528007
1500903753 749472
1500903753 825664
1500903754 200508
1500903754 421652
1500903754 488667
1500903754 710123
1500903754 777204
1500903755 141984
1500903755 660272
1500903755 727443
1500903755 794456
1500903756 466186
1500903757 580580
1500903757 801065
1500903757 868540
1500903758 88475
1500903758 156072
1500903758 377359
1500903758 597553
1500903759 115837
1500903759 183104
1500903759 548075
1500903759 615030
1500903759 980321
1500903760 200571
1500903760 421067
1500903760 785892
1500903760 853056
1500903761 74390
1500903761 141440
1500903761 208780
1500903761 429174
1500903761 803904
1500903761 871133
1500903761 938226
1500903762 5243
1500903762 72374
1500903762 139584
1500903762 206809
1500903762 427513
1500903762 494604
1500903763 13730
1500903763 80693
1500903763 148353
1500903763 368587
1500903763 435551
1500903763 656123
1500903763 723656
1500903764 98646
1500903764 474190
1500903764 693392
1500903764 769696
1500903764 991384
1500903765 67791
1500903765 287812
1500903765 662845
1500903765 740171
1500903765 816046
1500903766 190770
1500903766 266969
1500903766 344250
1500903766 421422
1500903766 641781
1500903766 862493
1500903767 84034
1500903767 611411
1500903767 985976
1500903768 63336
1500903768 437880
1500903768 514103
1500903768 888053
1500903768 965074
1500903769 42141
1500903769 271856
1500903769 348820
1500903769 569459
1500903769 789985
1500903770 10676
1500903770 87546
1500903770 163759
1500903770 240605
1500903770 316774
1500903770 393994
1500903770 624290
1500903770 700710
1500903770 921271
1500903771 142392
1500903771 219434
1500903771 746483
1500903771 823702
1500903771 900060
1500903771 977267
1500903772 197491
1500903772 274413
1500903772 495128
1500903772 571408
1500903772 792773
1500903773 13740
1500903773 387616
1500903773 464096
1500903773 684555
1500903774 59481
1500903774 290096
1500903774 520472
1500903774 588509
1500903775 259196
1500903775 326670
1500903775 547390
1500903775 768688
1500903776 583605
1500903776 650642
1500903777 621068
1500903777 986586
1500903778 52880
1500903778 119843
1500903778 187004
1500903778 254223
1500903778 321326
1500903778 388455
1500903778 455568
1500903778 522786
1500903778 589872
1500903778 954997
1500903779 21944
1500903779 242665
1500903779 310131
1500903780 278953
1500903780 346090
1500903780 413183
1500903780 634179
1500903780 854357
1500903781 75650
1500903781 594826
1500903781 814487
1500903782 35083
1500903782 256622
1500903782 323465
1500903782 390670
1500903782 755671
1500903782 976028
1500903783 341384
1500903783 561350
1500903783 628695
1500903783 993390
1500903784 215298
1500903784 435414
1500903784 800037
1500903784 867243
1500903784 934498
1500903785 2371
1500903785 519770
1500903785 587152
1500903785 808396
1500903786 28925
1500903786 393910
1500903786 460975
1500903786 528197
1500903787 343964
1500903787 564615
1500903787 631587
1500903787 996319
1500903788 63068
1500903788 285002
1500903788 505555
1500903788 572907
1500903788 639577
1500903788 860263
1500903788 927365
1500903789 292328
1500903789 512664
1500903789 877648
1500903790 98967
1500903790 166083
1500903790 233304
1500903790 300200
1500903790 368474
1500903790 434676
1500903790 502100
1500903790 569328
1500903790 636048
1500903790 703146
1500903791 221685
1500903791 288617
1500903791 355730
1500903791 720615
1500903792 85432
1500903792 152637
1500903792 373065
1500903792 593757
1500903792 661729
1500903792 728801
1500903793 103328
1500903793 169856
1500903794 591545
1500903794 668228
1500903794 888729
1500903794 964913
1500903795 935204
1500903796 11461
1500903796 88587
1500903796 165592
1500903796 241931
1500903797 509671
1500903797 730722
1500903797 807415
1500903797 883614
1500903798 105129
1500903798 478946
1500903798 853742
1500903799 74271
1500903799 294723
1500903799 372541
1500903799 592565
1500903799 669095
1500903799 745691
1500903799 966355
1500903800 341008
1500903800 417871
1500903800 494459
1500903800 571397
1500903800 792188
1500903801 12920
1500903801 89695
1500903801 310225
1500903801 387417
1500903801 464445
1500903801 540591
1500903802 511102
1500903802 587102
1500903802 664366
1500903802 740424
1500903802 817678
1500903802 894867
1500903803 115496
1500903803 192552
1500903803 268614
1500903803 345814
1500903803 423090
1500903803 499245
1500903803 576063
1500903803 652539
1500903803 729486
1500903803 950254
1500903804 27430
1500903804 103551
1500903804 478341
1500903804 554621
1500903804 632025
1500903804 861544
1500903805 82080
1500903805 159061
1500903805 235258
1500903805 610066
1500903805 830552
1500903805 907545
1500903805 984712
1500903806 61099
1500903806 138084
1500903806 214210
1500903806 291413
1500903806 367586
1500903806 444786
1500903806 819059
1500903807 347193
1500903807 721799
1500903807 942489
1500903808 18273
1500903808 94479
1500903808 468732
1500903808 545694
1500903808 766372
1500903808 843496
1500903808 919739
1500903809 141349
1500903809 361658
1500903809 438723
1500903809 658496
1500903809 735757
1500903809 956015
1500903810 33142
1500903810 704904
1500903810 926526
1500903811 156593
1500903811 232915
1500903811 453571
1500903811 674624
1500903811 895458
1500903812 116413
1500903812 193136
1500903812 423897
1500903812 500068
1500903812 874806
1500903813 105246
1500903813 181269
1500903813 555221
1500903813 632410
1500903813 708573
1500903813 930038
1500903814 303965
1500903814 525355
1500903814 601487
1500903814 678566
1500903814 754986
1500903814 832056
1500903814 908187
1500903815 128842
1500903815 503683
1500903815 877500
1500903815 954676
1500903816 175140
1500903816 252256
1500903817 78437
1500903817 605389
1500903817 826017
1500903818 47404
1500903818 123562
1500903818 796422
1500903819 25903
1500903819 543903
1500903819 765352
1500903820 436877
1500903820 513945
1500903821 42481
1500903821 118494
1500903821 340028
1500903821 415995
1500903821 493145
1500903822 21618
1500903822 251318
1500903822 625016
1500903822 999978
1500903823 75993
1500903823 153074
1500903823 230047
1500903823 306461
1500903823 383632
1500903823 460776
1500903823 681306
1500903823 758567
1500903823 988217
1500903824 65245
1500903824 142088
1500903824 218470
1500903824 440152
1500903824 660430
1500903824 880990
1500903824 957955
1500903825 331949
1500903825 409024
1500903825 783892
1500903826 311331
1500903826 532588
1500903826 753494
1500903826 982772
1500903827 204346
1500903827 280371
1500903827 501796
1500903827 577812
1500903827 798543
1500903828 19904
1500903828 96193
1500903828 317385
1500903828 393815
1500903828 615595
1500903828 691487
1500903828 912812
1500903829 286929
1500903829 507394
1500903829 882635
1500903830 410199
1500903830 486523
1500903830 861322
1500903830 938445
1500903831 159808
1500903831 236030
1500903831 312239
1500903831 389377
1500903831 465624
1500903831 542827
1500903832 215487
1500903832 444982
1500903832 521951
1500903832 599281
1500903833 126460
1500903833 203512
1500903833 279654
1500903833 501321
1500903833 721857
1500903834 96543
1500903834 317034
1500903834 393395
1500903834 613867
1500903834 835212
1500903835 209410
1500903835 286460
1500903835 363335
1500903835 584099
1500903835 958158
1500903836 35180
1500903836 255656
1500903836 332607
1500903836 408851
1500903836 486047
1500903836 562324
1500903836 639286
1500903836 716728
1500903836 947094
1500903837 23404
1500903837 100367
1500903837 474434
1500903837 551556
1500903837 781935
1500903837 859095
1500903837 935128
1500903838 12438
1500903838 540691
1500903838 616916
1500903838 838248
1500903839 365660
1500903839 442938
1500903839 663206
1500903839 883850
1500903840 556189
1500903840 633270
1500903840 709428
1500903840 929931
1500903841 150458
1500903841 525230
1500903841 601543
1500903841 821989
1500903842 196877
1500903842 417524
1500903842 494720
1500903842 715269
1500903842 792206
1500903842 868197
1500903842 945811
1500903843 22819
1500903843 396849
1500903843 924867
1500903844 145603
1500903844 366738
1500903844 442925
1500903844 817961
1500903844 895120
1500903845 422541
1500903845 643756
1500903845 873720
1500903846 94765
1500903846 324338
1500903846 699220
1500903846 775427
1500903846 852362
1500903846 929634
1500903847 303639
1500903847 380532
1500903847 457135
1500903847 534218
1500903847 610336
1500903847 687192
1500903847 764526
1500903848 291993
1500903848 369109
1500903848 445156
1500903848 522120
1500903848 743067
1500903848 819871
1500903849 194571
1500903850 164067
1500903850 241086
1500903850 317329
1500903850 394266
1500903850 470468
1500903850 547584
1500903850 624079
1500903850 701028
1500903850 921579
1500903851 143040
1500903851 219607
1500903851 296450
1500903851 670532
1500903851 748136
1500903852 122285
1500903852 198659
1500903852 274594
1500903852 496275
1500903852 572380
1500903853 398321
1500903853 475507
1500903853 695881
1500903853 916466
1500903854 137966
1500903854 214112
1500903854 291279
1500903854 367288
1500903854 444766
1500903854 665413
1500903854 886649
1500903854 963710
1500903855 40079
1500903855 116273
1500903855 491037
1500903855 568754
1500903855 644454
1500903855 721486
1500903855 798743
1500903856 325957
1500903856 403126
1500903856 480113
1500903857 8208
1500903857 84659
1500903857 305192
1500903857 833422
1500903857 910520
1500903858 130944
1500903858 505847
1500903858 581902
1500903859 407830
1500903860 233705
1500903860 309818
1500903860 387063
1500903860 607674
1500903860 684611
1500903860 760711
1500903860 837930
1500903860 914148
1500903860 991360
1500903861 68273
1500903861 144503
1500903861 366274
1500903861 442461
1500903861 519498
1500903861 595762
1500903861 970688
1500903862 47722
1500903862 123780
1500903862 200979
1500903862 277215
1500903862 354396
1500903862 430578
1500903862 507920
1500903862 584920
1500903862 661093
1500903862 738519
1500903862 815423
1500903862 891610
1500903863 112240
1500903863 333581
1500903863 707559
1500903863 929162
1500903864 5282
1500903864 226564
1500903864 302886
1500903864 379929
1500903864 456389
1500903864 533384
1500903864 610615
1500903864 686887
1500903864 763904
1500903864 841044
1500903864 917223
1500903864 994292
1500903865 70642
1500903865 147691
1500903865 224785
1500903865 598992
1500903865 829312
1500903866 49715
1500903866 126930
1500903866 202970
1500903866 280047
1500903866 808590
1500903866 884689
1500903866 961736
1500903867 644249
1500903867 874816
1500903867 950054
1500903868 775365
1500903868 852211
1500903869 380378
1500903869 754313
1500903869 831512
1500903869 908470
1500903870 129059
1500903870 206223
1500903870 282212
1500903870 359608
1500903870 436623
1500903870 512703
1500903871 41140
1500903871 118370
1500903871 194659
1500903871 569152
1500903871 789947
1500903872 164508
1500903872 384895
1500903872 462083
1500903872 989506
1500903873 66551
1500903873 287286
1500903873 507570
1500903873 584726
1500903873 805471
1500903874 180285
1500903874 256371
1500903874 476870
1500903874 554036
1500903874 928758
1500903875 5119
1500903875 81188
1500903875 302556
1500903875 677095
1500903875 753510
1500903875 829756
1500903876 348282
1500903876 723084
1500903876 800143
1500903877 20783
1500903877 241572
1500903877 461580
1500903877 682283
1500903877 759395
1500903878 277549
1500903878 354199
1500903878 728633
1500903878 804707
1500903878 881826
1500903879 102339
1500903879 179520
1500903879 257167
1500903879 630579
1500903879 707618
1500903879 784486
1500903879 861476
1500903880 236820
1500903880 609935
1500903880 686804
1500903881 205241
1500903881 425726
1500903881 647054
1500903882 318729
1500903882 395791
1500903882 769619
1500903882 990875
1500903883 211562
1500903883 288770
1500903883 365055
1500903883 739688
1500903884 257846
1500903884 335015
1500903884 556228
1500903885 84075
1500903885 755397
1500903885 832363
1500903885 908699
1500903886 581046
1500903886 657300
1500903886 734411
1500903886 811735
1500903887 32014
1500903887 109095
1500903887 185300
1500903887 262396
1500903887 636917
1500903887 713947
1500903887 935130
1500903888 10424
1500903888 231921
1500903888 308251
1500903888 385127
1500903888 605757
1500903888 682796
1500903888 759877
1500903888 836310
1500903888 913300
1500903888 989311
1500903889 66576
1500903889 143765
1500903889 219979
1500903889 297132
1500903889 374195
1500903890 497049
1500903890 574141
1500903890 650360
1500903890 727298
1500903890 947994
1500903891 25474
1500903891 245737
1500903891 322831
1500903891 399025
1500903891 620572
1500903891 696792
1500903891 918217
1500903892 138956
1500903892 215167
1500903892 436231
1500903892 656841
1500903893 32148
1500903893 252221
1500903893 627163
1500903894 596167
1500903894 971000
1500903895 47132
1500903895 124212
1500903895 200618
1500903895 277640
1500903895 354995
1500903896 180065
1500903896 401212
1500903896 477356
1500903896 554508
1500903896 929410
1500903897 149946
1500903897 524033
1500903897 899654
1500903897 975752
1500903898 51953
1500903898 128945
1500903898 349627
1500903898 426642
1500903898 647363
1500903898 724385
1500903898 800683
1500903898 877761
1500903898 955045
1500903899 329040
1500903900 1576
1500903900 78088
1500903900 297977
1500903900 519424
1500903900 739862
1500903900 816989
1500903901 37963
1500903901 114070
1500903901 191028
1500903901 411534
1500903901 632973
1500903902 151271
1500903902 228766
1500903902 746357
1500903903 572433
1500903903 648616
1500903903 869052
1500903904 91335
1500903904 311105
1500903904 388130
1500903904 608773
1500903904 983553
1500903905 203991
1500903905 281074
1500903905 357766
1500903905 875531
1500903906 250018
1500903906 624169
1500903906 701642
1500903906 921926
1500903906 998882
1500903907 219558
1500903907 297114
1500903907 967539
1500903908 44650
1500903908 121491
1500903908 197880
1500903908 419394
1500903908 495477
1500903908 717112
1500903908 793250
1500903908 870472
1500903908 946440
1500903909 619774
1500903909 696128
1500903910 70055
1500903910 147359
1500903910 223308
1500903910 300484
1500903910 972342
1500903911 193747
1500903911 269703
1500903911 346915
1500903911 423914
1500903911 644718
1500903911 721740
1500903912 240002
1500903912 316553
1500903912 393311
1500903912 767908
1500903913 296259
1500903913 372849
1500903913 746497
1500903914 571272
1500903914 792765
1500903914 868796
1500903915 89885
1500903915 608073
1500903915 982812
1500903916 357018
1500903916 433930
1500903917 259156
1500903918 84071
1500903918 161136
1500903918 228100
1500903918 295389
1500903918 362670
1500903918 429908
1500903918 496773
1500903918 563793
1500903918 630868
1500903918 698346
1500903918 920133
1500903918 996100
1500903919 63327
1500903919 438119
1500903919 813075
1500903920 33446
1500903920 253868
1500903920 476350
1500903920 696742
1500903920 916207
1500903921 587863
1500903922 106219
1500903922 183220
1500903922 557440
1500903922 778364
1500903922 855872
1500903922 931740
1500903923 450037
1500903923 526220
1500903923 593434
1500903923 661641
1500903923 737613
1500903923 815183
1500903924 35789
1500903924 112482
1500903924 188778
1500903924 861740
1500903924 937632
1500903925 610178
1500903925 687389
1500903926 205566
1500903926 283159
1500903926 502961
1500903926 723584
1500903926 944077
1500903927 760713
1500903927 836346
1500903928 58251
1500903928 431299
1500903929 103053
1500903929 323595
1500903929 391094
1500903929 910079
1500903930 130401
1500903930 206545
1500903930 428088
1500903930 648463
1500903931 166996
1500903931 387773
1500903931 464065
1500903931 541349
1500903931 617485
1500903932 290335
1500903932 510914
1500903932 732559
1500903933 259486
1500903933 336633
1500903933 413726
1500903933 787656
1500903933 865256
1500903933 940796
1500903934 315942
1500903934 834016
1500903935 55860
1500903935 131775
1500903935 208646
1500903935 285050
1500903935 362005
1500903935 582876
1500903936 110565
1500903936 485228
1500903936 859675
1500903936 936695
1500903937 13916
1500903937 90116
1500903937 167086
1500903937 243346
1500903937 320455
1500903937 397699
1500903937 473918
1500903937 551318
1500903937 926478
1500903938 2141
1500903938 222549
1500903938 443667
1500903938 664090
1500903939 39230
1500903939 115475
1500903939 192500
1500903939 269792
1500903939 345850
1500903939 423221
1500903939 499970
1500903939 720925
1500903939 797096
1500903939 874104
1500903939 951363
1500903940 27776
1500903940 104698
1500903940 776499
1500903940 996979
1500903941 74078
1500903941 294710
1500903941 669492
1500903941 889950
1500903941 966999
1500903942 43336
1500903942 120206
1500903942 197469
1500903942 273694
1500903942 351207
1500903942 426905
1500903942 503955
1500903942 581146
1500903942 657815
1500903942 734917
1500903942 955362
1500903943 176305
1500903943 252782
1500903943 329041
1500903943 396751
1500903943 473285
1500903943 694015
1500903943 771279
1500903944 289841
1500903944 509756
1500903944 586730
1500903944 662883
1500903944 883458
1500903945 556125
1500903945 930899
1500903946 7058
1500903946 84967
1500903946 602435
1500903947 274968
1500903947 495460
1500903947 571693
1500903947 945121
1500903948 12310
1500903948 79528
1500903948 148379
1500903948 224412
1500903948 742448
1500903948 963528
1500903949 30603
1500903949 97777
1500903949 472309
1500903949 539354
1500903949 913624
1500903949 980835
1500903950 355699
1500903950 422280
1500903950 490363
1500903950 566421
1500903950 633258
1500903950 854917
1500903950 921767
1500903950 988888
1500903951 353843
1500903951 421117
1500903951 488801
1500903951 564610
1500903951 785914
1500903952 304439
1500903952 381096
1500903952 448600
1500903952 515880
1500903953 187962
1500903953 264462
1500903953 484000
1500903953 551215
1500903953 618757
1500903953 839783
1500903953 907002
1500903953 974114
1500903954 41302
1500903954 108832
1500903954 328883
1500903954 550191
1500903954 770068
1500903954 837188
1500903954 904179
1500903954 971444
1500903955 38626
1500903955 105720
1500903955 326277
1500903955 393393
1500903955 460485
1500903955 527604
1500903955 595625
1500903955 960994
1500903956 27773
1500903956 248172
1500903956 468956
1500903956 536056
1500903956 603264
1500903956 670235
1500903956 737485
1500903957 102341
1500903957 323811
1500903957 390856
1500903957 611477
1500903957 986103
1500903958 53146
1500903959 176231
1500903959 397208
1500903959 464429
1500903959 531635
1500903959 598517
1500903959 819446
1500903960 194223
1500903960 568329
1500903960 788564
1500903960 856553
1500903961 77186
1500903961 441783
1500903961 662767
1500903961 729620
1500903962 94424
1500903962 161772
1500903962 679809
1500903962 901218
1500903962 968375
1500903963 784234
1500903963 851389
1500903963 918513
1500903963 985659
1500903964 206096
1500903964 274021
1500903964 341475
1500903964 715308
1500903964 935913
1500903965 3241
1500903965 71041
1500903965 589224
1500903965 656814
1500903965 723438
1500903965 790538
1500903966 11296
1500903966 232774
1500903966 299865
1500903966 520192
1500903966 587356
1500903966 654676
1500903966 721903
1500903966 788812
1500903966 856116
1500903966 923140
1500903967 143850
1500903967 211833
1500903967 730384
1500903968 248081
1500903968 766636
1500903968 988322
1500903969 55477
1500903969 122080
1500903969 189037
1500903969 861007
1500903970 81457
1500903970 302793
1500903970 369897
1500903970 437039
1500903970 504438
1500903970 571288
1500903970 792057
1500903970 859134
1500903970 926279
1500903971 147543
1500903971 214692
1500903972 30851
1500903972 97720
1500903972 471915
1500903973 288547
1500903973 355568
1500903973 422800
1500903973 489953
1500903973 557515
1500903973 777873
1500903973 844835
1500903974 65232
1500903974 430398
1500903974 497457
1500903974 565098
1500903974 786022
1500903974 853045
1500903975 668964
1500903975 736393
1500903975 803337
1500903976 23815
1500903976 90858
1500903976 455928
1500903976 522813
1500903976 744316
1500903977 109262
1500903977 176324
1500903977 243412
1500903977 310518
1500903977 531170
1500903977 598164
1500903977 819627
1500903977 886754
1500903977 953850
1500903978 174720
1500903978 241674
1500903978 617119
1500903978 683739
1500903979 201877
1500903979 422313
1500903979 797111
1500903979 864329
1500903980 382626
1500903980 603129
1500903980 670449
1500903981 45478
1500903981 419812
1500903981 793682
1500903981 860696
1500903982 379038
1500903982 753723
1500903982 821107
1500903983 636731
1500903983 857388
1500903984 77833
1500903984 298611
1500903984 365647
1500903984 432714
1500903984 950919
1500903985 18885
1500903985 85751
1500903985 153131
1500903985 220634
1500903985 287658
1500903985 354600
1500903985 728709
1500903986 93872
1500903986 160585
1500903986 381979
1500903986 449247
1500903986 516676
1500903986 583429
1500903986 650386
1500903986 870921
1500903987 389152
1500903987 457261
1500903987 975707
1500903988 42710
1500903988 109590
1500903988 330337
1500903988 397375
1500903988 464628
1500903988 983059
1500903989 357617
1500903989 578109
1500903989 953340
1500903990 20358
1500903990 87498
1500903990 155054
1500903990 221524
1500903990 288820
1500903991 104783
1500903991 325937
1500903991 546513
1500903991 613673
1500903991 680876
1500903992 199039
1500903992 266198
1500903992 333352
1500903992 698184
1500903993 72893
1500903993 140268
1500903993 361016
1500903993 427766
1500903993 494733
1500903993 562392
1500903993 783551
1500903994 3938
1500903994 71288
1500903994 589601
1500903994 657177
1500903994 724081
1500903994 945197
1500903995 319084
1500903995 386061
1500903995 453488
1500903995 521216
1500903996 193043
1500903996 711489
1500903996 778403
1500903996 845821
1500903996 913487
1500903997 287340
