1500903749 854135
1500903750 74627
1500903750 747309
1500903750 823329
1500903750 900496
1500903750 976426
1500903751 53482
1500903751 427570
1500903751 647955
1500903751 725411
1500903751 801399
1500903752 175640
1500903752 396917
1500903752 473063
1500903752 550135
1500903752 924172
1500903753 975
1500903753 77328
1500903753 154192
1500903753 528061
1500903753 749527
1500903753 825734
1500903754 200583
1500903754 421692
1500903754 488710
1500903754 710165
1500903754 777250
1500903755 142042
1500903755 660308
1500903755 727515
1500903755 794504
1500903756 466266
1500903757 580617
1500903757 801132
1500903757 868582
1500903758 88520
1500903758 156120
1500903758 377386
1500903758 597576
1500903759 115868
1500903759 183142
1500903759 548084
1500903759 615067
1500903759 980373
1500903760 200611
1500903760 421103
1500903760 785936
1500903760 853095
1500903761 74433
1500903761 141497
1500903761 208839
1500903761 429221
1500903761 803936
1500903761 871169
1500903761 938293
1500903762 5270
1500903762 72406
1500903762 139625
1500903762 206840
1500903762 427554
1500903762 494621
1500903763 13766
1500903763 80735
1500903763 148393
1500903763 368641
1500903763 435599
1500903763 656171
1500903763 723691
1500903764 98678
1500903764 474192
1500903764 693442
1500903764 769741
1500903764 991425
1500903765 67832
1500903765 287849
1500903765 662898
1500903765 740202
1500903765 816100
1500903766 190824
1500903766 267014
1500903766 344286
1500903766 421447
1500903766 641815
1500903766 862536
1500903767 84082
1500903767 611488
1500903767 986022
1500903768 63367
1500903768 437883
1500903768 514158
1500903768 888090
1500903768 965168
1500903769 42204
1500903769 271930
1500903769 348882
1500903769 569507
1500903769 790038
1500903770 10706
1500903770 87598
1500903770 166300
1500903770 240653
1500903770 316783
1500903770 394055
1500903770 624331
1500903770 700779
1500903770 921308
1500903771 142450
1500903771 219449
1500903771 746524
1500903771 823738
1500903771 900095
1500903771 977329
1500903772 197513
1500903772 274450
1500903772 495213
1500903772 571449
1500903772 792813
1500903773 13768
1500903773 387670
1500903773 464139
1500903773 684563
1500903774 59555
1500903774 290131
1500903774 520491
1500903774 588596
1500903775 259232
1500903775 326716
1500903775 547438
1500903775 768734
1500903776 583643
1500903776 650676
1500903777 621103
1500903777 986632
1500903778 52920
1500903778 119901
1500903778 187038
1500903778 254274
1500903778 321366
1500903778 388489
1500903778 455591
1500903778 522818
1500903778 589902
1500903778 955050
1500903779 21987
1500903779 242701
1500903779 310178
1500903780 279001
1500903780 346144
1500903780 413215
1500903780 634259
1500903780 854392
1500903781 75697
1500903781 594869
1500903781 814534
1500903782 35136
1500903782 256658
1500903782 323494
1500903782 390719
1500903782 755723
1500903782 976092
1500903783 341430
1500903783 561394
1500903783 628739
1500903783 993429
1500903784 215367
1500903784 435455
1500903784 800135
1500903784 867287
1500903784 934558
1500903785 2401
1500903785 519825
1500903785 587199
1500903785 808438
1500903786 28970
1500903786 393946
1500903786 461025
1500903786 528239
1500903787 344043
1500903787 564688
1500903787 631638
1500903787 996363
1500903788 63120
1500903788 285060
1500903788 505596
1500903788 572949
1500903788 639603
1500903788 860298
1500903788 927362
1500903789 292354
1500903789 512709
1500903789 877682
1500903790 99008
1500903790 166121
1500903790 233341
1500903790 300237
1500903790 368512
1500903790 434713
1500903790 502143
1500903790 569371
1500903790 636082
1500903790 703211
1500903791 221729
1500903791 288659
1500903791 355770
1500903791 720657
1500903792 85482
1500903792 152681
1500903792 373090
1500903792 593792
1500903792 661778
1500903792 728849
1500903793 103380
1500903793 169905
1500903794 591549
1500903794 668275
1500903794 888773
1500903794 964954
1500903795 935248
1500903796 11501
1500903796 88641
1500903796 165627
1500903796 241966
1500903797 509699
1500903797 730799
1500903797 807459
1500903797 883637
1500903798 105185
1500903798 478988
1500903798 853785
1500903799 74318
1500903799 294772
1500903799 372569
1500903799 592614
1500903799 669129
1500903799 745723
1500903799 966392
1500903800 341029
1500903800 417925
1500903800 494485
1500903800 571435
1500903800 792266
1500903801 12996
1500903801 89748
1500903801 310298
1500903801 387460
1500903801 464488
1500903801 540625
1500903802 511164
1500903802 587139
1500903802 664402
1500903802 740513
1500903802 817710
1500903802 894912
1500903803 115511
1500903803 192598
1500903803 268634
1500903803 345836
1500903803 423110
1500903803 499296
1500903803 576095
1500903803 652620
1500903803 729523
1500903803 950292
1500903804 27486
1500903804 103583
1500903804 478435
1500903804 554663
1500903804 632079
1500903804 861596
1500903805 82119
1500903805 159145
1500903805 235296
1500903805 610298
1500903805 830612
1500903805 907588
1500903805 984750
1500903806 61143
1500903806 138118
1500903806 214252
1500903806 291453
1500903806 367624
1500903806 444833
1500903806 819141
1500903807 347308
1500903807 721830
1500903807 942572
1500903808 18309
1500903808 94514
1500903808 468765
1500903808 545746
1500903808 766407
1500903808 843529
1500903808 919780
1500903809 141394
1500903809 361696
1500903809 438753
1500903809 658529
1500903809 735781
1500903809 956067
1500903810 33197
1500903810 704947
1500903810 926643
1500903811 156625
1500903811 232951
1500903811 453608
1500903811 674666
1500903811 895501
1500903812 116511
1500903812 193187
1500903812 423938
1500903812 500124
1500903812 874857
1500903813 105296
1500903813 181306
1500903813 555250
1500903813 632450
1500903813 708608
1500903813 930073
1500903814 304003
1500903814 525383
1500903814 601528
1500903814 678614
1500903814 755016
1500903814 832100
1500903814 908201
1500903815 128889
1500903815 503725
1500903815 877525
1500903815 954721
1500903816 175186
1500903816 252302
1500903817 78480
1500903817 605419
1500903817 826064
1500903818 47437
1500903818 123601
1500903818 796478
1500903819 25949
1500903819 543959
1500903819 765384
1500903820 436918
1500903820 513986
1500903821 42546
1500903821 118531
1500903821 340084
1500903821 416060
1500903821 493196
1500903822 21655
1500903822 251357
1500903822 625057
1500903823 29
1500903823 76043
1500903823 153113
1500903823 230099
1500903823 306502
1500903823 383668
1500903823 460813
1500903823 681348
1500903823 758598
1500903823 988270
1500903824 65276
1500903824 142171
1500903824 218512
1500903824 440205
1500903824 660470
1500903824 881046
1500903824 958019
1500903825 331972
1500903825 409062
1500903825 783935
1500903826 311379
1500903826 532642
1500903826 753560
1500903826 982868
1500903827 204370
1500903827 280412
1500903827 501842
1500903827 577855
1500903827 798589
1500903828 19945
1500903828 96225
1500903828 317403
1500903828 393840
1500903828 615634
1500903828 691529
1500903828 912852
1500903829 286968
1500903829 507496
1500903829 882681
1500903830 410305
1500903830 486566
1500903830 861315
1500903830 938479
1500903831 159844
1500903831 236073
1500903831 312311
1500903831 389439
1500903831 465723
1500903831 542864
1500903832 215533
1500903832 445015
1500903832 521952
1500903832 599310
1500903833 126501
1500903833 203541
1500903833 279723
1500903833 501358
1500903833 721901
1500903834 96591
1500903834 317062
1500903834 393465
1500903834 613921
1500903834 835262
1500903835 209504
1500903835 286487
1500903835 363361
1500903835 584164
1500903835 958181
1500903836 35267
1500903836 255696
1500903836 332647
1500903836 408892
1500903836 486067
1500903836 562369
1500903836 639335
1500903836 716772
1500903836 947122
1500903837 23415
1500903837 100405
1500903837 474491
1500903837 551597
1500903837 782035
1500903837 859132
1500903837 935166
1500903838 12487
1500903838 540727
1500903838 616953
1500903838 838294
1500903839 365741
1500903839 442973
1500903839 663239
1500903839 883864
1500903840 556233
1500903840 633317
1500903840 709461
1500903840 929956
1500903841 150493
1500903841 525271
1500903841 601576
1500903841 822023
1500903842 196916
1500903842 417582
1500903842 494763
1500903842 715303
1500903842 792244
1500903842 868234
1500903842 945847
1500903843 22859
1500903843 396901
1500903843 924904
1500903844 145659
1500903844 366789
1500903844 442957
1500903844 817984
1500903844 895157
1500903845 422602
1500903845 643781
1500903845 873721
1500903846 94816
1500903846 324378
1500903846 699258
1500903846 775507
1500903846 852412
1500903846 929690
1500903847 303675
1500903847 380582
1500903847 457185
1500903847 534290
1500903847 610418
1500903847 687223
1500903847 764569
1500903848 292048
1500903848 369153
1500903848 445188
1500903848 522146
1500903848 743088
1500903848 819898
1500903849 194609
1500903850 164123
1500903850 241133
1500903850 317370
1500903850 394308
1500903850 470511
1500903850 547615
1500903850 624118
1500903850 701056
1500903850 921615
1500903851 143078
1500903851 219635
1500903851 296500
1500903851 670575
1500903851 748185
1500903852 122324
1500903852 198708
1500903852 274682
1500903852 496331
1500903852 572417
1500903853 398348
1500903853 475542
1500903853 695935
1500903853 916510
1500903854 138012
1500903854 214151
1500903854 291319
1500903854 367306
1500903854 444822
1500903854 665472
1500903854 886682
1500903854 963750
1500903855 40120
1500903855 116327
1500903855 491109
1500903855 568242
1500903855 644485
1500903855 721520
1500903855 798785
1500903856 325998
1500903856 403179
1500903856 480145
1500903857 8254
1500903857 84688
1500903857 305229
1500903857 833469
1500903857 910550
1500903858 130973
1500903858 505880
1500903858 581943
1500903859 407864
1500903860 233748
1500903860 309872
1500903860 387105
1500903860 607710
1500903860 684675
1500903860 760776
1500903860 837968
1500903860 914191
1500903860 991404
1500903861 68303
1500903861 144553
1500903861 366330
1500903861 442497
1500903861 519537
1500903861 595784
1500903861 970729
1500903862 47763
1500903862 123819
1500903862 201043
1500903862 277277
1500903862 354430
1500903862 430629
1500903862 507972
1500903862 584949
1500903862 661126
1500903862 738555
1500903862 815450
1500903862 891637
1500903863 112268
1500903863 333614
1500903863 707628
1500903863 929191
1500903864 5317
1500903864 226600
1500903864 302925
1500903864 379965
1500903864 456423
1500903864 533433
1500903864 610657
1500903864 686933
1500903864 763956
1500903864 841097
1500903864 917259
1500903864 994350
1500903865 70630
1500903865 147735
1500903865 224824
1500903865 599041
1500903865 829354
1500903866 49760
1500903866 126966
1500903866 203046
1500903866 280091
1500903866 808642
1500903866 884715
1500903866 966326
1500903867 644290
1500903867 874854
1500903867 950076
1500903868 775413
1500903868 852262
1500903869 380421
1500903869 754419
1500903869 831564
1500903869 908508
1500903870 129100
1500903870 206279
1500903870 282264
1500903870 359661
1500903870 436639
1500903870 512759
1500903871 41202
1500903871 118466
1500903871 194686
1500903871 569200
1500903871 789998
1500903872 164550
1500903872 384924
1500903872 462124
1500903872 989600
1500903873 66602
1500903873 287322
1500903873 507610
1500903873 584758
1500903873 805507
1500903874 180324
1500903874 256443
1500903874 476899
1500903874 554046
1500903874 928816
1500903875 5155
1500903875 81226
1500903875 302649
1500903875 677176
1500903875 753536
1500903875 829791
1500903876 348321
1500903876 723125
1500903876 800198
1500903877 20826
1500903877 241640
1500903877 461620
1500903877 682321
1500903877 759442
1500903878 277598
1500903878 354331
1500903878 728693
1500903878 804765
1500903878 881855
1500903879 102396
1500903879 179559
1500903879 257209
1500903879 630685
1500903879 707655
1500903879 784543
1500903879 861516
1500903880 236865
1500903880 609973
1500903880 686840
1500903881 205309
1500903881 425752
1500903881 647121
1500903882 318813
1500903882 395833
1500903882 769658
1500903882 990918
1500903883 211599
1500903883 288804
1500903883 365088
1500903883 739721
1500903884 257880
1500903884 335065
1500903884 556277
1500903885 84116
1500903885 755437
1500903885 832420
1500903885 908746
1500903886 581067
1500903886 657341
1500903886 734441
1500903886 811785
1500903887 32051
1500903887 109127
1500903887 185331
1500903887 262437
1500903887 636969
1500903887 713978
1500903887 935159
1500903888 10448
1500903888 231959
1500903888 308311
1500903888 385169
1500903888 605797
1500903888 682833
1500903888 759905
1500903888 836352
1500903888 913342
1500903888 989352
1500903889 66607
1500903889 143798
1500903889 220006
1500903889 297168
1500903889 374220
1500903890 497083
1500903890 574158
1500903890 650402
1500903890 727359
1500903890 948040
1500903891 25505
1500903891 245826
1500903891 322867
1500903891 399072
1500903891 620628
1500903891 696803
1500903891 918273
1500903892 138991
1500903892 215201
1500903892 436271
1500903892 656882
1500903893 32194
1500903893 252262
1500903893 627208
1500903894 596207
1500903894 971043
1500903895 47176
1500903895 124251
1500903895 200666
1500903895 277640
1500903895 355030
1500903896 180125
1500903896 401258
1500903896 477400
1500903896 554550
1500903896 929435
1500903897 149998
1500903897 524100
1500903897 899702
1500903897 975790
1500903898 52010
1500903898 128978
1500903898 349667
1500903898 426680
1500903898 647413
1500903898 724400
1500903898 800713
1500903898 877786
1500903898 955081
1500903899 329079
1500903900 1635
1500903900 78160
1500903900 298021
1500903900 519468
1500903900 739897
1500903900 817024
1500903901 38018
1500903901 114104
1500903901 191070
1500903901 411575
1500903901 633020
1500903902 151309
1500903902 228851
1500903902 746409
1500903903 572480
1500903903 648656
1500903903 869100
1500903904 91462
1500903904 311206
1500903904 388181
1500903904 608837
1500903904 983613
1500903905 204031
1500903905 281104
1500903905 357790
1500903905 875598
1500903906 250076
1500903906 624208
1500903906 701661
1500903906 921979
1500903906 998908
1500903907 219593
1500903907 297148
1500903907 967579
1500903908 44699
1500903908 121532
1500903908 197905
1500903908 419459
1500903908 495517
1500903908 717151
1500903908 793281
1500903908 870507
1500903908 946499
1500903909 619821
1500903909 696177
1500903910 70086
1500903910 147394
1500903910 223352
1500903910 300526
1500903910 972402
1500903911 193792
1500903911 269743
1500903911 346950
1500903911 423934
1500903911 644751
1500903911 721777
1500903912 240034
1500903912 316605
1500903912 393361
1500903912 767936
1500903913 296301
1500903913 372886
1500903913 746533
1500903914 571303
1500903914 792794
1500903914 868847
1500903915 89908
1500903915 608105
1500903915 982847
1500903916 357053
1500903916 433963
1500903917 259202
1500903918 84124
1500903918 161183
1500903918 228166
1500903918 295413
1500903918 362714
1500903918 430002
1500903918 496805
1500903918 563880
1500903918 630897
1500903918 698421
1500903918 920175
1500903918 996137
1500903919 63367
1500903919 438158
1500903919 813123
1500903920 33484
1500903920 253906
1500903920 476389
1500903920 696794
1500903920 916260
1500903921 587904
1500903922 106280
1500903922 183250
1500903922 557496
1500903922 778395
1500903922 854615
1500903922 931771
1500903923 450069
1500903923 526287
1500903923 593466
1500903923 661689
1500903923 737632
1500903923 815218
1500903924 35817
1500903924 112525
1500903924 188837
1500903924 861741
1500903924 937659
1500903925 610210
1500903925 687419
1500903926 205615
1500903926 283206
1500903926 502999
1500903926 723620
1500903926 944102
1500903927 760746
1500903927 836399
1500903928 58314
1500903928 431337
1500903929 103092
1500903929 323637
1500903929 391142
1500903929 910127
1500903930 130437
1500903930 206584
1500903930 428118
1500903930 648503
1500903931 167042
1500903931 387814
1500903931 464109
1500903931 541382
1500903931 617500
1500903932 290373
1500903932 510952
1500903932 732609
1500903933 259526
1500903933 336692
1500903933 413765
1500903933 787707
1500903933 865310
1500903933 940840
1500903934 316016
1500903934 834050
1500903935 55907
1500903935 131826
1500903935 208686
1500903935 285117
1500903935 362046
1500903935 582920
1500903936 110595
1500903936 485259
1500903936 859728
1500903936 936741
1500903937 13977
1500903937 90163
1500903937 167135
1500903937 243420
1500903937 320487
1500903937 397738
1500903937 473947
1500903937 551354
1500903937 926514
1500903938 2178
1500903938 222588
1500903938 443701
1500903938 664146
1500903939 39262
1500903939 115515
1500903939 192544
1500903939 269819
1500903939 345895
1500903939 423262
1500903939 500012
1500903939 720964
1500903939 797145
1500903939 874143
1500903939 951409
1500903940 27819
1500903940 104737
1500903940 776551
1500903940 997017
1500903941 74101
1500903941 294776
1500903941 669521
1500903941 890004
1500903941 967043
1500903942 43363
1500903942 120248
1500903942 197516
1500903942 273722
1500903942 351238
1500903942 426951
1500903942 503987
1500903942 581178
1500903942 657842
1500903942 734974
1500903942 955399
1500903943 176358
1500903943 252823
1500903943 329079
1500903943 396819
1500903943 473319
1500903943 694064
1500903943 771325
1500903944 289919
1500903944 509803
1500903944 586762
1500903944 662947
1500903944 883494
1500903945 556166
1500903945 930954
1500903946 7106
1500903946 85015
1500903946 602502
1500903947 274963
1500903947 495473
1500903947 571736
1500903947 945155
1500903948 12346
1500903948 79555
1500903948 148414
1500903948 224437
1500903948 742501
1500903948 963562
1500903949 30643
1500903949 97809
1500903949 472344
1500903949 539399
1500903949 913662
1500903949 980859
1500903950 355755
1500903950 422321
1500903950 490391
1500903950 566478
1500903950 633349
1500903950 854955
1500903950 921802
1500903950 988922
1500903951 353888
1500903951 421159
1500903951 488839
1500903951 564669
1500903951 785956
1500903952 304493
1500903952 381210
1500903952 448636
1500903952 515920
1500903953 187983
1500903953 264494
1500903953 484051
1500903953 551245
1500903953 618804
1500903953 839819
1500903953 907080
1500903953 974149
1500903954 41347
1500903954 108867
1500903954 328917
1500903954 550232
1500903954 770102
1500903954 837223
1500903954 904223
1500903954 971482
1500903955 38680
1500903955 105759
1500903955 326313
1500903955 393428
1500903955 460532
1500903955 527645
1500903955 595659
1500903955 961054
1500903956 27807
1500903956 248211
1500903956 469003
1500903956 536097
1500903956 603314
1500903956 670286
1500903956 737508
1500903957 102381
1500903957 323869
1500903957 390896
1500903957 611524
1500903957 986140
1500903958 53180
1500903959 176267
1500903959 397235
1500903959 464451
1500903959 531703
1500903959 598587
1500903959 819485
1500903960 194292
1500903960 568376
1500903960 788603
1500903960 856584
1500903961 77220
1500903961 441821
1500903961 662810
1500903961 729655
1500903962 94459
1500903962 161798
1500903962 679883
1500903962 901263
1500903962 968410
1500903963 784287
1500903963 851419
1500903963 918544
1500903963 985701
1500903964 206126
1500903964 274060
1500903964 341514
1500903964 715390
1500903964 935952
1500903965 3299
1500903965 71064
1500903965 589271
1500903965 656876
1500903965 723466
1500903965 790578
1500903966 11335
1500903966 232819
1500903966 299906
1500903966 520226
1500903966 587388
1500903966 654705
1500903966 721929
1500903966 788849
1500903966 856140
1500903966 923177
1500903967 143899
1500903967 211860
1500903967 730435
1500903968 248115
1500903968 766696
1500903968 988355
1500903969 55498
1500903969 122108
1500903969 189070
1500903969 861061
1500903970 81521
1500903970 302830
1500903970 369970
1500903970 437069
1500903970 504467
1500903970 571319
1500903970 792089
1500903970 859177
1500903970 926325
1500903971 147624
1500903971 214732
1500903972 30911
1500903972 97750
1500903972 471980
1500903973 288595
1500903973 355590
1500903973 422832
1500903973 489986
1500903973 557552
1500903973 777931
1500903973 844877
1500903974 65264
1500903974 430450
1500903974 497518
1500903974 565149
1500903974 786080
1500903974 853084
1500903975 669006
1500903975 736436
1500903975 803384
1500903976 23857
1500903976 90901
1500903976 455994
1500903976 522848
1500903976 744344
1500903977 109315
1500903977 176364
1500903977 243441
1500903977 310562
1500903977 531218
1500903977 598204
1500903977 819662
1500903977 886786
1500903977 953887
1500903978 174760
1500903978 241712
1500903978 617163
1500903978 683765
1500903979 201907
1500903979 422353
1500903979 797163
1500903979 864375
1500903980 382706
1500903980 603177
1500903980 670512
1500903981 45630
1500903981 419865
1500903981 793717
1500903981 860745
1500903982 379078
1500903982 753767
1500903982 821161
1500903983 636785
1500903983 857464
1500903984 77884
1500903984 298689
1500903984 365685
1500903984 432752
1500903984 950992
1500903985 18918
1500903985 85787
1500903985 153176
1500903985 220662
1500903985 287697
1500903985 354652
1500903985 728760
1500903986 93923
1500903986 160615
1500903986 382010
1500903986 449306
1500903986 516716
1500903986 583465
1500903986 650428
1500903986 870978
1500903987 389197
1500903987 457303
1500903987 975767
1500903988 42751
1500903988 109639
1500903988 330379
1500903988 397412
1500903988 464665
1500903988 983108
1500903989 357659
1500903989 578147
1500903989 953391
1500903990 20400
1500903990 87560
1500903990 155111
1500903990 221558
1500903990 288859
1500903991 104834
1500903991 325978
1500903991 546556
1500903991 613705
1500903991 680908
1500903992 199101
1500903992 266253
1500903992 333393
1500903992 698306
1500903993 72932
1500903993 140299
1500903993 361058
1500903993 427798
1500903993 494760
1500903993 562419
1500903993 783584
1500903994 3972
1500903994 71324
1500903994 589637
1500903994 657222
1500903994 724116
1500903994 945232
1500903995 319124
1500903995 386089
1500903995 453525
1500903995 521252
1500903996 193087
1500903996 711522
1500903996 778457
1500903996 845861
1500903996 913550
1500903997 287396
