1502707013 794687
1502707014 33985
1502707014 274650
1502707014 514251
1502707014 754844
1502707025 775253
1502707026 24964
1502707026 265373
1502707026 504884
1502707026 745466
1502707026 984963
1502707027 234539
1502707027 475058
1502707027 714645
1502707027 954229
1502707028 203813
1502707028 444405
1502707028 683842
1502707028 923772
1502707029 173075
1502707029 413909
1502707029 653104
1502707029 892666
1502707030 142178
1502707030 381871
1502707030 622281
1502707030 862129
1502707031 111459
1502707031 352003
