1500555844 805702
1500555845 44997
1500555845 132155
1500555845 218483
1500555845 343390
1500555845 429120
1500555845 515908
1500555845 602219
1500555845 688438
1500555845 774658
1500555845 860942
1500555845 947886
1500555846 34323
1500555846 130302
1500555846 225539
1500555846 312791
1500555846 407973
1500555846 504158
1500555846 599508
1500555846 695642
1500555846 791550
1500555846 887513
1500555846 983371
1500555847 79219
1500555847 174898
1500555847 269934
1500555847 384899
1500555847 528719
1500555847 624050
1500555847 720013
1500555847 815665
1500555847 910939
1500555848 7052
1500555848 102871
1500555848 199015
1500555848 294629
1500555848 390399
1500555848 485676
1500555848 572823
1500555848 668509
1500555848 764184
1500555848 860067
1500555848 956384
1500555849 51716
1500555849 147814
1500555849 243767
1500555849 339329
1500555849 435003
1500555849 531257
1500555849 626828
1500555849 722147
1500555849 818264
1500555849 914137
1500555850 9705
1500555850 105576
1500555850 201449
1500555850 297237
