1500555844 805776
1500555845 45047
1500555845 132193
1500555845 218524
1500555845 343442
1500555845 429156
1500555845 515938
1500555845 602264
1500555845 688475
1500555845 774713
1500555845 860981
1500555845 947925
1500555846 34353
1500555846 130335
1500555846 225577
1500555846 312840
1500555846 408019
1500555846 504203
1500555846 599545
1500555846 695681
1500555846 791597
1500555846 887571
1500555846 983433
1500555847 79259
1500555847 174933
1500555847 269981
1500555847 384917
1500555847 528752
1500555847 624096
1500555847 720070
1500555847 815716
1500555847 910992
1500555848 7109
1500555848 102908
1500555848 199045
1500555848 294662
1500555848 390452
1500555848 485717
1500555848 572891
1500555848 668535
1500555848 764217
1500555848 860108
1500555848 956423
1500555849 51752
1500555849 147878
1500555849 243863
1500555849 339371
1500555849 435047
1500555849 531292
1500555849 626865
1500555849 722197
1500555849 818300
1500555849 914203
1500555850 9750
1500555850 105643
1500555850 201500
1500555850 297278
