1502199709 165394
1502199709 185212
1502199709 261575
1502199709 280817
1502199709 376847
1502199709 396156
1502199709 520214
1502199709 539549
1502199709 721690
1502199709 740907
1502199709 990323
1502199710 9561
1502199710 181727
1502199710 200806
1502199710 287049
1502199710 306920
1502199710 392316
1502199710 411361
1502199710 545678
1502199710 564718
1502199710 786169
1502199710 805460
1502199711 35733
1502199711 55035
1502199711 198150
1502199711 217264
1502199711 294344
1502199711 313706
1502199711 437742
1502199711 457054
1502199711 610171
1502199711 629574
1502199711 878847
1502199711 898173
1502199712 22153
1502199712 41321
1502199712 281685
1502199712 301049
1502199712 492253
1502199712 516703
1502199712 654721
1502199712 673779
1502199712 895229
1502199712 923096
1502199713 163888
1502199713 183164
1502199713 403527
1502199713 422911
1502199713 594935
1502199713 614230
1502199713 844456
1502199713 863784
1502199714 16931
1502199714 36242
1502199714 218321
1502199714 237634
1502199714 419887
1502199714 439141
1502199714 649365
1502199714 669265
1502199714 860852
1502199714 880730
1502199715 43332
1502199715 63267
1502199715 149426
1502199715 168827
1502199715 340987
1502199715 360270
1502199715 590501
1502199715 610014
1502199715 714825
1502199715 734182
1502199715 944461
1502199715 964252
1502199716 79613
1502199716 99022
1502199716 242028
1502199716 261123
1502199716 367292
1502199716 387018
