1502195030 838707
1502195031 2108
1502195031 184579
1502195031 290578
1502195031 549283
1502195031 731562
1502195031 933429
1502195032 58319
1502195032 268925
1502195032 346078
1502195032 519446
1502195032 662708
1502195032 835560
1502195033 27501
1502195033 190872
1502195033 449655
1502195033 472763
1502195033 564870
1502195033 645432
1502195033 805358
1502195033 817911
1502195033 901460
1502195033 904084
1502195034 96467
1502195034 102977
1502195034 179199
1502195034 230841
1502195034 409699
1502195034 432216
1502195034 509439
1502195034 534946
1502195034 643695
1502195034 698314
1502195034 870721
1502195034 883262
1502195035 130211
1502195035 132878
1502195035 229025
1502195035 369842
1502195035 468622
1502195035 504109
1502195035 580370
1502195035 676551
1502195035 689127
1502195035 833454
