1502195030 838818
1502195031 2258
1502195031 184677
1502195031 290831
1502195031 549377
1502195031 731634
1502195031 933517
1502195032 58398
1502195032 269019
1502195032 346176
1502195032 519551
1502195032 662802
1502195032 835675
1502195033 27592
1502195033 190968
1502195033 449745
1502195033 472847
1502195033 564987
1502195033 645516
1502195033 805503
1502195033 818016
1502195033 901538
1502195033 904169
1502195034 96558
1502195034 103066
1502195034 179286
1502195034 230941
1502195034 409776
1502195034 432320
1502195034 509535
1502195034 535049
1502195034 643796
1502195034 698405
1502195034 870820
1502195034 883390
1502195035 130291
1502195035 132968
1502195035 229131
1502195035 369948
1502195035 468738
1502195035 504195
1502195035 580459
1502195035 676667
1502195035 689254
1502195035 833565
