1502367303 850159
1502367304 90642
1502367304 330109
1502367304 569757
1502367304 819277
1502367305 59748
1502367305 299343
1502367305 538957
1502367305 788490
1502367306 28968
1502367306 268568
1502367306 509017
1502367306 758609
1502367306 998164
1502367307 238708
1502367307 478237
1502367307 727804
1502367307 968304
1502367308 207943
1502367308 447470
1502367308 697093
1502367308 937537
1502367309 177067
1502367309 417586
1502367309 667216
1502367309 906797
1502367310 147374
1502367310 386919
1502367310 636498
1502367310 876997
1502367311 116567
1502367311 357000
1502367343 303666
1502367343 315812
1502367344 14205
1502367344 25439
1502367344 542359
1502367344 552737
1502367345 683980
1502367345 695248
1502367346 164033
1502367346 174436
1502367346 498890
1502367346 510190
1502367346 604176
1502367346 616395
1502367346 959027
1502367346 970322
1502367347 438189
1502367347 450401
1502367347 813111
1502367347 825273
1502367348 465480
1502367348 477677
1502367348 561736
1502367348 573865
1502367348 686855
1502367348 699146
1502367349 41803
1502367349 54036
1502367349 560434
1502367349 572671
1502367350 732527
1502367350 743769
1502367350 952928
1502367350 965190
1502367351 10756
1502367351 22405
1502367351 797687
1502367351 809256
1502367352 470185
1502367352 481590
1502367352 565313
1502367352 577718
1502367352 622549
1502367352 634863
1502367353 131623
1502367353 143845
1502367353 332981
1502367353 345385
1502367353 774075
1502367353 786390
1502367354 80745
1502367354 94212
1502367354 138799
1502367354 151247
1502367354 196073
1502367354 209452
1502367354 502856
1502367354 516246
1502367354 559915
1502367354 573256
1502367355 126276
1502367355 140020
1502367355 385876
1502367355 399123
1502367355 442951
1502367355 456174
1502367355 856160
1502367355 869327
1502367356 95761
1502367356 108836
1502367356 844266
1502367356 857550
1502367357 16654
1502367357 30882
1502367357 573776
1502367357 587487
1502367357 861488
1502367357 874643
1502367357 938578
1502367357 951767
1502367358 178206
1502367358 191494
1502367358 389643
1502367358 403106
1502367358 610264
1502367358 623714
1502367359 281922
1502367359 296016
1502367359 348848
1502367359 363042
1502367359 464709
1502367359 478453
1502367360 87681
1502367360 101997
1502367360 452403
1502367360 466566
1502367360 615548
1502367360 629610
