1502207897 169949
1502207897 265160
1502207897 467584
1502207897 543810
1502207897 745348
1502207897 812391
1502207898 61918
1502207898 254311
1502207898 359543
1502207898 436750
1502207898 513896
1502207898 570987
1502207898 801563
1502207898 964870
1502207899 32010
1502207899 108254
1502207899 310643
1502207899 415926
1502207899 588355
1502207899 703626
1502207899 934082
1502207900 40270
1502207900 212692
1502207900 346989
1502207900 405089
1502207900 558484
1502207900 711857
1502207900 788945
1502207900 923297
1502207901 153843
1502207901 384361
1502207901 546747
1502207901 777203
1502207901 883517
1502207902 26840
1502207902 209167
1502207902 276394
1502207902 372591
1502207902 611236
1502207902 784597
1502207902 918838
1502207903 120322
1502207903 293648
1502207903 350812
1502207903 552288
1502207903 658517
1502207903 744661
1502207903 965221
1502207904 195742
1502207904 301001
1502207904 522478
1502207904 713890
1502207904 944472
1502207905 11532
1502207905 107769
1502207905 242016
1502207905 462708
1502207905 558782
1502207905 760213
1502207905 932637
1502207906 115072
1502207906 288450
1502207906 451752
1502207906 672241
1502207906 854787
1502207906 959947
1502207907 190415
1502207907 421039
1502207907 546197
1502207907 775921
1502207907 949176
1502207908 131534
1502207908 188689
1502207908 438276
1502207908 620694
1502207908 707843
1502207908 861192
1502207909 100759
1502207909 312215
1502207909 552675
1502207909 609940
1502207909 859520
1502207910 12785
1502207910 89923
1502207910 329484
1502207910 463814
1502207910 521880
1502207910 627183
1502207910 857637
1502207910 991970
1502207911 193458
1502207911 375901
1502207911 481997
1502207911 654447
1502207911 817832
1502207911 952077
1502207912 28385
1502207912 258893
1502207912 364108
1502207912 450437
1502207912 623717
1502207912 854155
1502207913 74695
1502207913 305245
1502207913 382342
1502207913 449510
1502207913 689071
1502207913 938648
1502207914 24884
1502207914 140082
1502207914 207276
1502207914 370609
1502207914 456839
1502207914 534001
1502207914 591138
1502207914 812538
1502207915 14047
1502207915 110246
1502207915 320838
1502207915 407922
1502207915 599461
1502207915 762661
1502207915 974189
1502207916 184702
1502207916 242791
1502207916 425161
1502207916 607575
1502207916 684706
1502207916 905287
1502207917 106721
1502207917 308198
1502207917 538658
1502207917 769325
1502207917 999786
1502207918 230198
1502207918 373677
1502207918 459842
1502207918 546084
1502207918 690367
1502207919 7032
1502207919 84235
1502207919 295681
1502207919 516127
1502207919 602416
1502207919 832869
1502207919 986204
1502207920 226727
1502207920 399130
1502207920 600776
1502207920 802067
1502207920 860205
1502207921 80654
1502207921 166910
1502207921 244030
1502207921 474547
1502207921 550795
1502207921 733184
1502207921 868369
1502207922 117963
1502207922 185155
1502207922 415749
1502207922 617104
1502207922 818534
1502207922 981882
1502207923 135224
1502207923 317689
1502207923 490056
1502207923 614491
1502207923 815855
1502207923 902134
1502207924 84505
1502207924 190798
1502207924 305947
1502207924 555563
1502207924 776007
1502207924 843194
1502207925 63680
1502207925 265203
1502207925 332392
1502207925 543739
1502207925 716197
1502207925 783375
1502207926 32943
1502207926 158111
1502207926 397701
1502207926 493899
1502207926 590095
1502207926 705378
1502207926 839688
1502207927 22113
1502207927 118253
1502207927 348739
1502207927 454075
1502207927 665509
1502207927 799795
1502207928 10353
1502207928 97644
1502207928 260822
1502207928 452303
1502207928 605714
1502207928 759945
1502207928 855236
1502207928 989574
1502207929 162874
1502207929 383403
1502207929 507676
1502207929 690114
1502207929 843484
1502207930 45831
1502207930 132192
1502207930 314540
1502207930 400687
1502207930 602169
1502207930 842712
1502207930 928881
1502207931 63195
1502207931 197442
1502207931 264641
1502207931 514199
1502207931 667703
1502207931 869067
1502207932 71480
1502207932 272835
1502207932 388107
1502207932 550541
1502207932 627717
1502207932 781072
1502207932 954499
1502207933 145925
1502207933 300141
1502207933 530696
1502207933 597952
1502207933 741228
1502207933 866506
1502207934 106036
1502207934 173163
1502207934 355577
1502207934 605128
1502207934 681344
1502207934 911856
1502207935 56163
1502207935 228572
1502207935 286769
1502207935 526274
1502207935 689596
1502207935 766778
1502207935 997313
1502207936 217740
1502207936 274921
1502207936 457332
1502207936 678776
1502207936 899282
1502207937 14548
1502207937 245064
1502207937 321295
1502207937 503766
1502207937 734180
1502207937 936562
1502207938 119021
1502207938 281422
1502207938 435670
1502207938 598168
1502207938 685303
1502207938 771562
1502207938 972900
1502207939 107309
1502207939 308754
1502207939 442999
1502207939 568268
1502207939 779651
1502207939 904019
1502207939 981158
1502207940 219805
1502207940 450361
1502207940 699926
1502207940 806143
1502207941 16635
1502207941 151840
1502207941 209065
1502207941 410572
1502207941 612101
1502207941 699109
1502207941 775305
1502207941 842510
1502207941 948946
1502207942 159200
1502207942 246296
1502207942 419031
1502207942 582053
1502207942 668344
1502207942 879653
1502207943 100278
1502207943 330724
1502207943 513115
1502207943 695574
1502207943 926125
1502207944 175679
1502207944 357990
1502207944 473309
1502207944 703795
1502207944 789995
1502207944 866200
1502207945 29577
1502207945 231075
1502207945 336386
1502207945 490581
1502207945 576788
1502207945 749225
1502207945 864485
1502207946 94993
1502207946 200231
1502207946 440700
1502207946 584128
1502207946 795569
1502207946 881757
1502207947 64198
1502207947 131361
1502207947 332807
1502207947 438993
1502207947 563308
1502207947 668595
1502207947 831957
1502207947 919061
1502207948 72460
1502207948 282959
1502207948 456298
1502207948 571527
1502207948 628794
1502207948 830162
1502207948 898291
1502207949 32642
1502207949 108770
1502207949 358350
1502207949 540733
1502207949 655952
1502207949 714109
1502207949 963636
1502207950 78960
1502207950 232302
1502207950 385653
1502207950 577998
1502207950 693333
1502207950 904702
1502207951 134404
1502207951 269711
1502207951 480082
1502207951 586277
1502207951 796789
1502207951 935033
1502207952 190636
1502207952 363090
1502207952 478343
1502207952 669787
1502207952 805013
1502207952 958371
1502207953 73669
1502207953 140848
1502207953 227003
1502207953 409370
1502207953 658944
1502207953 793273
1502207953 879467
1502207954 52810
1502207954 254306
1502207954 340495
1502207954 465727
1502207954 551942
1502207954 638179
1502207954 868720
1502207954 992983
1502207955 194460
1502207955 415011
1502207955 540261
1502207955 645486
1502207955 770759
1502207955 953145
1502207956 58383
1502207956 192741
1502207956 347021
1502207956 596557
1502207956 720875
1502207956 836121
1502207957 37579
1502207957 200957
1502207957 383372
1502207957 584802
1502207957 642908
1502207957 767224
1502207957 920623
1502207958 170201
1502207958 381570
1502207958 486893
1502207958 650218
1502207958 727373
1502207958 909746
1502207959 53162
1502207959 149360
1502207959 369874
1502207959 466108
1502207959 667695
1502207959 763741
1502207959 927079
1502207960 51357
1502207960 243818
1502207960 397169
1502207960 550535
1502207960 791003
1502207961 21526
1502207961 193958
1502207961 271130
1502207961 376380
1502207961 587793
1502207961 837385
1502207961 961681
1502207962 68021
1502207962 154068
1502207962 240292
1502207962 403613
1502207962 508927
1502207962 758607
1502207962 854700
1502207962 989109
1502207963 133287
1502207963 315682
1502207963 507167
1502207963 727700
1502207963 813926
1502207963 968235
1502207964 140604
1502207964 342040
1502207964 428279
1502207964 486341
1502207964 572599
1502207964 725950
1502207964 899344
1502207965 33570
1502207965 264113
1502207965 474657
1502207965 561775
1502207965 676998
1502207965 897519
1502207966 137120
1502207966 329456
1502207966 530949
1502207966 761637
1502207966 981977
1502207967 49118
1502207967 183511
1502207967 279621
1502207967 500166
1502207967 577266
1502207967 634441
1502207967 874998
1502207968 66421
1502207968 278097
1502207968 402225
1502207968 642698
1502207968 718940
1502207968 949462
1502207969 141812
1502207969 391435
1502207969 496630
1502207969 611914
1502207969 718108
1502207969 794302
1502207969 890509
1502207970 34840
1502207970 121012
1502207970 284375
1502207970 475952
1502207970 725633
1502207970 955910
1502207971 33073
1502207971 100236
1502207971 195505
1502207971 445032
1502207971 617494
1502207971 751839
1502207971 934244
1502207972 11358
1502207972 164705
1502207972 405223
1502207972 606629
1502207972 731931
1502207972 933390
1502207973 67656
1502207973 298203
1502207973 460658
1502207973 643033
1502207973 845419
1502207974 65954
1502207974 143107
1502207974 229283
1502207974 430782
1502207974 623182
1502207974 805551
1502207974 987053
1502207975 131325
1502207975 351836
1502207975 534265
1502207975 716646
1502207975 841889
1502207975 919149
1502207976 148652
1502207976 331028
1502207976 504403
1502207976 686874
1502207976 821171
1502207977 41653
1502207977 147791
1502207977 378277
1502207977 627882
1502207977 790397
1502207977 944589
1502207978 39857
1502207978 117042
1502207978 232274
1502207978 289466
1502207978 366575
1502207978 529922
1502207978 769513
1502207978 846629
1502207978 980935
1502207979 38199
1502207979 268639
1502207979 354843
1502207979 441051
1502207979 633392
1502207979 786862
1502207980 8217
1502207980 228795
1502207980 324130
1502207980 381235
1502207980 439272
1502207980 611645
1502207980 851379
1502207980 938402
1502207981 62902
1502207981 139939
1502207981 322268
1502207981 475729
1502207981 580985
1502207981 773342
1502207981 964821
1502207982 99155
1502207982 204409
1502207982 310637
1502207982 531123
1502207982 646421
1502207982 809728
1502207982 953097
1502207983 135554
1502207983 317933
1502207983 443120
1502207983 625650
1502207983 720780
1502207983 826064
1502207983 912326
1502207984 104680
1502207984 268033
1502207984 469503
1502207984 680054
1502207984 882409
1502207984 958633
1502207985 102929
1502207985 180116
1502207985 371586
1502207985 496805
1502207985 727325
1502207985 947821
1502207986 101191
1502207986 302752
1502207986 476054
1502207986 648524
1502207986 868973
1502207987 71606
1502207987 214758
1502207987 416156
1502207987 521434
1502207987 732897
1502207987 906201
1502207988 116771
1502207988 299209
1502207988 481590
1502207988 587798
1502207988 674143
1502207988 779359
1502207988 856410
1502207989 47902
1502207989 172165
1502207989 413046
1502207989 633325
1502207989 786613
1502207989 901855
1502207990 103299
1502207990 199521
1502207990 324767
1502207990 419988
1502207990 545210
1502207990 622356
1502207990 717705
1502207990 948128
1502207991 149681
1502207991 351130
1502207991 571594
1502207991 648725
1502207991 821199
1502207991 927406
1502207992 80699
1502207992 311254
1502207992 502731
1502207992 598873
1502207992 790440
1502207992 962854
1502207993 58995
1502207993 136108
1502207993 318509
1502207993 520112
1502207993 644328
1502207993 731476
1502207993 855788
1502207993 941966
1502207994 9178
1502207994 134430
1502207994 384036
1502207994 518260
1502207994 671639
1502207994 777828
1502207994 979286
1502207995 36436
1502207995 163734
1502207995 257883
1502207995 459493
1502207995 650804
1502207995 775176
1502207995 977524
1502207996 53763
1502207996 188021
1502207996 342464
1502207996 466639
1502207996 610917
1502207996 860533
1502207997 23870
1502207997 225413
1502207997 426773
1502207997 561111
1502207997 724416
1502207997 964096
1502207998 213577
1502207998 367870
1502207998 521194
1502207998 665512
1502207998 847916
1502207998 953181
1502207999 58473
1502207999 307982
1502207999 548513
1502207999 798106
1502207999 932432
1502208000 152955
1502208000 373433
1502208000 516792
1502208000 747368
1502208000 910692
1502208001 112171
1502208001 227409
1502208001 352615
1502208001 457884
1502208001 592194
1502208001 717420
1502208001 822690
1502208001 986042
1502208002 225607
1502208002 349994
1502208002 571350
1502208002 772859
1502208002 907230
1502208003 137705
1502208003 214808
1502208003 339200
1502208003 492481
1502208003 684918
1502208003 876376
1502208004 10667
1502208004 212158
1502208004 442658
1502208004 528859
1502208004 730368
1502208004 855579
1502208004 922789
1502208005 47043
1502208005 124234
1502208005 354675
1502208005 489016
1502208005 623342
1502208005 824804
1502208005 978160
1502208006 141482
1502208006 228637
1502208006 439180
1502208006 573454
1502208006 650638
1502208006 736851
1502208006 881104
1502208007 92608
1502208007 216894
1502208007 390204
1502208007 495516
1502208007 735075
1502208007 888452
1502208008 13656
1502208008 157042
1502208008 224251
1502208008 291379
1502208008 396681
1502208008 492843
1502208008 579074
1502208008 761479
1502208008 982909
1502208009 69111
1502208009 280532
1502208009 443858
1502208009 530160
1502208009 731607
1502208009 798773
1502208009 894930
1502208010 19351
1502208010 125473
1502208010 326911
1502208010 461223
1502208010 624557
1502208010 719921
1502208010 845070
1502208010 950393
1502208011 180909
1502208011 306064
1502208011 411363
1502208011 593761
1502208011 824243
1502208011 977682
1502208012 35682
1502208012 275288
1502208012 361567
1502208012 543915
1502208012 784422
1502208012 851573
1502208013 34001
1502208013 101110
1502208013 264453
1502208013 417842
1502208013 590326
1502208013 667418
1502208013 801684
1502208013 965065
1502208014 204626
1502208014 377971
1502208014 579503
1502208014 646608
1502208014 770963
1502208014 934240
1502208015 164813
1502208015 308173
1502208015 528725
1502208015 740063
1502208015 922542
1502208016 143970
1502208016 220158
1502208016 297334
1502208016 383552
1502208016 614061
1502208016 863599
1502208017 16971
1502208017 151326
1502208017 285614
1502208017 526127
1502208017 746650
1502208017 919071
1502208018 6153
1502208018 92371
1502208018 159504
1502208018 322936
1502208018 524303
1502208018 639605
1502208018 860096
1502208018 975378
1502208019 148696
1502208019 398232
1502208019 455442
1502208019 628762
1502208019 715077
1502208019 916428
1502208019 993615
1502208020 243136
1502208020 367481
1502208020 597957
1502208020 780364
1502208021 898
1502208021 222366
1502208021 356592
1502208021 539063
1502208021 730483
1502208021 836716
1502208021 922915
1502208022 18197
1502208022 76240
1502208022 171558
1502208022 266875
1502208022 488348
1502208022 622658
1502208022 746979
1502208022 910335
1502208023 140808
1502208023 256018
1502208023 476543
1502208023 726459
1502208023 822271
1502208023 985637
1502208024 71885
1502208024 244329
1502208024 484841
1502208024 609105
1502208024 830528
1502208024 935808
1502208025 137282
1502208025 348809
1502208025 454024
1502208025 521191
1502208025 761613
1502208025 847839
1502208025 934061
1502208026 11226
1502208026 88310
1502208026 203617
1502208026 327898
1502208026 539371
1502208026 615606
1502208026 683770
1502208026 769038
1502208026 942309
1502208027 57526
1502208027 230038
1502208027 335239
1502208027 498558
1502208027 671898
1502208027 825260
1502208028 64884
1502208028 295382
1502208028 458695
1502208028 602122
1502208028 707427
1502208028 928811
1502208029 5015
1502208029 226483
1502208029 476016
1502208029 563003
1502208029 705621
1502208029 936201
1502208030 108582
1502208030 329954
1502208030 531478
1502208030 607713
1502208030 790331
1502208030 896252
1502208030 972524
1502208031 49695
1502208031 203055
1502208031 414442
1502208031 587029
1502208031 741335
1502208031 932647
1502208032 105924
1502208032 278495
1502208032 412718
1502208032 556137
1502208032 805647
1502208033 36145
1502208033 199505
1502208033 332978
1502208033 573731
1502208033 669590
1502208033 899210
1502208033 966362
1502208034 139667
1502208034 321135
1502208034 532631
1502208034 705987
1502208034 859342
1502208034 955534
1502208035 50847
1502208035 117965
1502208035 214140
1502208035 348474
1502208035 511805
1502208035 675306
1502208035 752271
1502208035 991856
1502208036 136445
1502208036 365778
1502208036 587221
1502208036 720564
1502208036 787751
1502208036 922082
1502208037 76462
1502208037 191765
1502208037 335036
1502208037 556432
1502208037 738811
1502208037 978393
1502208038 179990
1502208038 334146
1502208038 458500
1502208038 544697
1502208038 755227
1502208038 985732
1502208039 101077
1502208039 341672
1502208039 552011
1502208039 782559
1502208039 926840
1502208040 118295
1502208040 243530
1502208040 339744
1502208040 569304
1502208040 751723
1502208040 867114
1502208040 953268
1502208041 20524
1502208041 241810
1502208041 366269
1502208041 558513
1502208041 749999
1502208041 885151
1502208041 971453
1502208042 134804
1502208042 230021
1502208042 403543
1502208042 623984
1502208042 739267
1502208042 940623
1502208043 171138
1502208043 267346
1502208043 496924
1502208043 746473
1502208043 861750
1502208044 111409
1502208044 255589
1502208044 400252
1502208044 524205
1502208044 754713
1502208044 985397
1502208045 177962
1502208045 398196
1502208045 475290
1502208045 685807
1502208045 849160
1502208046 69638
1502208046 310111
1502208046 482627
1502208046 675317
1502208046 924565
1502208046 991734
1502208047 184090
1502208047 327484
1502208047 528937
1502208047 769450
1502208047 893802
1502208048 105216
1502208048 201525
1502208048 364754
1502208048 460083
1502208048 671539
1502208048 815733
1502208048 901970
1502208048 978162
1502208049 64406
1502208049 246805
1502208049 353047
1502208049 477351
1502208049 583537
1502208049 823176
1502208050 15501
1502208050 206992
1502208050 370390
1502208050 504628
1502208050 715159
1502208050 840380
1502208051 89928
1502208051 281493
1502208051 368539
1502208051 589059
1502208051 704420
1502208051 771539
1502208052 21095
1502208052 241583
1502208052 452970
1502208052 530206
1502208052 635406
1502208052 712534
1502208052 855960
1502208053 19284
1502208053 163585
1502208053 278843
1502208053 422227
1502208053 643654
1502208053 768073
1502208053 960351
1502208054 65644
1502208054 258021
1502208054 325158
1502208054 440510
1502208054 564797
1502208054 699111
1502208054 862413
1502208055 6726
1502208055 141041
1502208055 275342
1502208055 447783
1502208055 659186
1502208055 850709
1502208055 917838
1502208056 33101
1502208056 263575
1502208056 426996
1502208056 619320
1502208056 839883
1502208057 89481
1502208057 175642
1502208057 415215
1502208057 568621
1502208057 731948
1502208057 933414
1502208058 125795
1502208058 202954
1502208058 270581
1502208058 442580
1502208058 605875
1502208058 702049
1502208058 931694
1502208059 85978
1502208059 162228
1502208059 306419
1502208059 450747
1502208059 517892
1502208059 613254
1502208059 680431
1502208059 891945
1502208060 74218
1502208060 218471
1502208060 333769
1502208060 554323
1502208060 679517
1502208060 881036
1502208061 82598
1502208061 274847
1502208061 341976
1502208061 514460
1502208061 629664
1502208061 879267
1502208061 956352
1502208062 128812
1502208062 321196
1502208062 560831
1502208062 801218
1502208062 915609
1502208063 98025
1502208063 290379
1502208063 405661
1502208063 578048
1502208063 751366
1502208063 827690
1502208063 923851
1502208064 965
1502208064 212414
1502208064 422959
1502208064 510034
1502208064 634406
1502208064 759624
1502208064 999261
1502208065 95397
1502208065 239722
1502208065 374018
1502208065 469305
1502208065 661699
1502208065 747891
1502208065 863140
1502208065 997476
1502208066 169856
1502208066 400383
1502208066 477498
1502208066 544683
1502208066 620887
1502208066 775189
1502208066 995736
1502208067 197138
1502208067 293366
1502208067 417719
1502208067 629145
1502208067 706263
1502208067 878744
1502208068 42044
1502208068 205404
1502208068 396881
1502208068 512159
1502208068 742674
1502208068 876938
1502208069 11292
1502208069 97543
1502208069 328017
1502208069 510381
1502208069 654669
1502208069 750870
1502208069 866139
1502208070 86865
1502208070 182897
1502208070 326313
1502208070 403385
1502208070 499590
1502208070 662971
1502208070 892525
1502208070 979698
1502208071 181106
1502208071 401655
1502208071 506867
1502208071 757374
1502208071 852682
1502208072 54156
1502208072 227484
1502208072 294576
1502208072 371745
1502208072 457938
1502208072 640348
1502208072 822796
1502208072 918097
1502208072 985227
1502208073 167656
1502208073 330965
1502208073 494259
1502208073 714858
1502208073 801961
1502208073 869143
1502208074 3425
1502208074 127732
1502208074 243035
1502208074 387378
1502208074 492582
1502208074 626889
1502208074 723032
1502208074 800230
1502208074 924514
1502208075 165274
1502208075 375555
1502208075 567956
1502208075 683224
1502208075 884671
1502208075 951841
1502208076 115199
1502208076 326651
1502208076 556242
1502208076 748593
1502208076 834809
1502208076 978202
1502208077 84402
1502208077 247732
1502208077 449194
1502208077 688796
1502208077 881189
1502208078 72613
1502208078 158857
1502208078 389376
1502208078 571817
1502208078 658925
1502208078 735087
1502208078 812281
1502208079 23693
1502208079 225241
1502208079 416638
1502208079 656282
1502208079 829605
1502208079 953946
1502208080 184389
1502208080 433967
1502208080 683546
1502208080 817824
1502208080 991175
1502208081 48396
1502208081 259780
1502208081 509371
1502208081 710829
1502208081 855124
1502208081 922230
1502208082 66579
1502208082 133722
1502208082 297078
1502208082 354229
1502208082 507635
1502208082 593864
1502208082 815225
1502208082 930499
1502208083 131988
1502208083 266279
1502208083 352462
1502208083 505808
1502208083 746316
1502208083 861603
1502208084 63069
1502208084 235475
1502208084 456898
1502208084 629317
1502208084 849805
1502208084 936995
1502208085 32264
1502208085 262811
1502208085 445187
1502208085 646601
1502208085 781087
1502208085 887134
1502208086 107647
1502208086 251099
1502208086 433475
1502208086 510588
1502208086 634934
1502208086 722028
1502208086 923475
1502208087 153996
1502208087 230225
1502208087 451641
1502208087 575965
1502208087 825555
1502208088 27041
1502208088 113269
1502208088 219407
1502208088 420826
1502208088 622297
1502208088 680384
1502208088 795624
1502208088 978072
1502208089 179549
1502208089 361938
1502208089 438154
1502208089 544345
1502208089 620571
1502208089 831978
1502208090 62549
1502208090 148732
1502208090 225874
1502208090 388341
1502208090 618864
1502208090 811245
1502208090 974563
1502208091 176036
1502208091 329401
1502208091 492734
1502208091 588051
1502208091 694250
1502208091 837627
1502208091 895642
1502208091 981872
1502208092 231410
1502208092 356661
1502208092 567261
1502208092 721549
1502208092 923004
1502208093 114622
1502208093 248770
1502208093 402163
1502208093 604478
1502208093 728854
1502208093 815094
1502208094 16478
1502208094 247062
1502208094 334162
1502208094 429436
1502208094 650828
1502208094 804234
1502208095 5746
1502208095 188049
1502208095 389509
1502208095 543803
1502208095 793432
1502208095 879610
1502208096 81074
1502208096 320667
1502208096 542042
1502208096 752608
1502208096 993088
1502208097 213623
1502208097 308892
1502208097 539581
1502208097 721837
1502208097 847028
1502208097 952309
1502208098 134778
1502208098 288165
1502208098 403357
1502208098 642909
1502208098 825383
1502208098 911584
1502208099 74976
1502208099 181070
1502208099 401624
1502208099 641181
1502208099 813606
1502208100 15971
1502208100 92224
1502208100 150373
1502208100 370820
1502208100 620375
1502208100 840930
1502208100 918060
1502208101 167618
1502208101 359116
1502208101 502460
1502208101 704831
1502208101 886377
1502208102 68747
1502208102 145870
1502208102 232161
1502208102 472605
1502208102 693117
1502208102 779373
1502208102 837378
1502208102 932772
1502208103 76972
1502208103 268521
1502208103 509002
1502208103 652352
1502208103 777608
1502208103 950004
1502208104 161450
1502208104 391951
1502208104 535346
1502208104 784952
1502208104 871107
1502208105 92539
1502208105 216847
1502208105 418349
1502208105 648930
1502208105 774132
1502208105 898428
1502208106 90815
1502208106 302191
1502208106 398405
1502208106 465548
1502208106 570850
1502208106 746810
1502208106 983809
1502208107 118060
1502208107 357625
1502208107 444775
1502208107 550025
1502208107 780590
1502208108 20136
1502208108 97260
1502208108 289689
1502208108 529238
1502208108 654476
1502208108 816958
1502208108 913227
1502208108 999328
1502208109 210778
1502208109 441378
1502208109 613774
1502208109 768083
1502208109 911403
1502208110 83792
1502208110 305157
1502208110 458637
1502208110 621951
1502208110 813392
1502208110 967692
1502208111 34802
1502208111 226522
1502208111 389662
1502208111 572091
1502208111 744494
1502208111 821618
1502208112 42192
1502208112 215520
1502208112 311711
1502208112 522192
1502208112 714610
1502208112 810838
1502208112 945117
1502208113 41383
1502208113 261841
1502208113 463334
1502208113 559549
1502208113 683800
1502208113 741958
1502208113 799132
1502208113 857131
1502208114 87670
1502208114 308144
1502208114 442509
1502208114 519661
1502208114 654095
1502208114 788279
1502208114 980332
1502208115 76052
1502208115 268414
1502208115 498846
1502208115 575035
1502208115 690283
1502208115 767520
1502208115 910845
1502208116 132279
1502208116 218455
1502208116 458054
1502208116 621396
1502208116 679533
1502208116 736629
1502208116 794810
1502208116 900047
1502208117 92357
1502208117 322031
1502208117 514366
1502208117 706821
1502208117 889195
1502208118 128796
1502208118 301237
1502208118 512700
1502208118 627844
1502208118 858359
1502208118 935547
1502208119 78922
1502208119 194290
1502208119 290370
1502208119 481906
1502208119 722358
1502208119 808545
1502208119 942857
1502208120 20009
1502208120 259643
1502208120 452036
1502208120 643457
1502208120 768672
1502208120 883935
1502208121 37308
1502208121 142569
1502208121 325038
1502208121 440235
1502208121 612605
1502208121 785923
1502208122 25547
1502208122 178937
1502208122 371366
1502208122 515608
1502208122 765199
1502208122 975755
1502208123 101002
1502208123 350596
1502208123 513832
1502208123 609293
1502208123 868675
1502208124 41121
1502208124 271630
1502208124 338852
1502208124 405932
1502208124 627425
1502208124 818830
1502208125 20451
1502208125 164556
1502208125 405075
1502208125 520365
1502208125 596575
1502208125 759945
1502208125 856120
1502208126 19456
1502208126 182802
1502208126 345245
1502208126 441435
1502208126 508569
1502208126 720065
1502208126 892472
1502208127 113932
1502208127 229158
1502208127 382564
1502208127 583980
1502208127 776346
1502208127 910688
1502208128 5975
1502208128 227390
1502208128 447976
1502208128 573182
1502208128 812753
1502208128 937989
1502208129 33267
1502208129 206577
1502208129 311870
1502208129 552345
1502208129 734721
1502208129 849106
1502208130 51524
1502208130 118649
1502208130 261987
1502208130 406307
1502208130 473486
1502208130 665902
1502208130 867340
1502208130 972578
1502208131 213069
1502208131 462642
1502208131 654162
1502208131 769354
1502208131 884626
1502208132 9870
1502208132 144187
1502208132 393896
1502208132 518072
1502208132 662334
1502208132 777603
1502208132 950023
1502208133 123350
1502208133 286732
1502208133 459161
1502208133 593490
1502208133 688764
1502208133 852088
1502208134 101665
1502208134 265032
1502208134 457383
1502208134 620785
1502208134 841306
1502208134 918424
1502208135 109886
1502208135 283286
1502208135 484901
1502208135 667367
1502208135 916647
1502208135 992925
1502208136 99086
1502208136 175359
1502208136 338621
1502208136 501983
1502208136 655333
1502208136 818678
1502208136 982061
1502208137 49197
1502208137 116394
1502208137 269783
1502208137 481177
1502208137 634528
1502208137 788918
1502208137 980306
1502208138 105602
1502208138 181749
1502208138 393214
1502208138 470370
1502208138 565982
1502208138 638412
1502208138 721348
1502208138 873497
1502208139 17671
1502208139 93943
1502208139 305300
1502208139 468603
1502208139 622011
1502208139 699092
1502208139 881556
1502208139 976932
1502208140 198226
1502208140 437808
1502208140 572139
1502208140 668303
1502208140 735494
1502208140 821672
1502208140 917969
1502208141 13135
1502208141 243676
1502208141 367972
1502208141 454202
1502208141 608474
1502208141 848353
1502208141 963372
1502208142 202889
1502208142 443415
1502208142 606760
1502208142 702048
1502208142 789191
1502208143 28786
1502208143 95870
1502208143 221100
1502208143 317401
1502208143 479787
1502208143 643109
1502208143 797471
1502208143 902666
1502208144 152176
1502208144 267456
1502208144 411819
1502208144 574266
1502208144 651433
1502208144 862803
1502208145 102374
1502208145 275745
1502208145 486232
1502208145 659772
1502208145 755877
1502208145 928209
1502208146 149184
1502208146 293009
1502208146 542639
1502208146 763092
1502208146 888321
1502208146 984584
1502208147 234081
1502208147 464589
1502208147 714175
1502208147 857533
1502208147 963736
1502208148 184354
1502208148 280416
1502208148 395685
1502208148 466924
1502208148 578148
1502208148 760477
1502208148 990995
1502208149 86337
1502208149 163441
1502208149 259559
1502208149 470218
1502208149 652609
1502208149 777817
1502208149 893050
1502208150 46433
1502208150 132648
1502208150 296007
1502208150 506544
1502208150 640908
1502208150 766010
1502208150 881344
1502208151 25600
1502208151 275204
1502208151 390486
1502208151 552869
1502208151 793358
1502208151 889562
1502208151 994787
1502208152 80974
1502208152 225357
1502208152 369607
1502208152 552147
1502208152 791666
1502208152 935990
1502208153 79291
1502208153 194540
1502208153 377114
1502208153 550264
1502208153 741798
1502208153 818923
1502208153 982238
1502208154 68421
1502208154 154681
1502208154 230892
1502208154 298095
1502208154 451435
1502208154 566868
1502208154 720107
1502208154 969640
1502208155 84868
1502208155 286336
1502208155 420754
1502208155 488695
1502208155 680190
1502208155 881661
1502208156 103051
1502208156 323665
1502208156 525045
1502208156 764664
1502208156 937075
1502208157 62312
1502208157 273798
1502208157 379237
1502208157 484289
1502208157 638640
1502208157 810994
1502208157 926277
1502208158 3377
1502208158 204889
1502208158 387288
1502208158 511591
1502208158 742105
1502208158 962598
1502208159 174065
1502208159 385490
1502208159 500762
1502208159 702249
1502208159 874639
1502208160 115124
1502208160 220383
1502208160 326559
1502208160 498990
1502208160 700488
1502208160 806606
1502208161 27162
1502208161 228799
1502208161 382011
1502208161 621550
1502208161 852115
1502208161 948225
1502208162 158857
1502208162 313058
1502208162 552695
1502208162 754179
1502208162 879401
1502208163 70895
1502208163 301354
1502208163 454746
1502208163 541833
1502208163 647224
1502208163 896709
1502208164 31041
1502208164 117311
1502208164 357689
1502208164 472999
1502208164 597313
1502208164 770558
1502208164 904957
1502208165 58313
1502208165 297872
1502208165 374978
1502208165 557532
1502208165 633674
1502208165 864099
1502208166 46534
1502208166 219897
1502208166 363314
1502208166 469441
1502208166 584672
1502208166 689941
1502208166 910480
1502208166 987580
1502208167 112858
1502208167 362442
1502208167 515782
1502208167 621062
1502208167 860666
1502208168 82053
1502208168 177338
1502208168 302587
1502208168 407892
1502208168 609327
1502208168 763598
1502208168 830807
1502208168 906980
1502208168 993218
1502208169 80299
1502208169 156526
1502208169 319912
1502208169 502435
1502208169 608477
1502208169 742962
1502208169 867147
1502208170 68523
1502208170 299154
1502208170 366320
1502208170 500547
1502208170 654877
1502208170 827309
1502208171 47829
1502208171 249268
1502208171 451634
1502208171 537824
1502208171 643110
1502208171 863651
1502208172 104118
1502208172 190278
1502208172 353677
1502208172 555101
1502208172 651308
1502208172 737488
1502208172 968162
1502208173 169454
1502208173 332968
1502208173 573394
1502208173 774876
1502208173 928168
1502208174 129675
1502208174 303014
1502208174 408260
1502208174 523533
1502208174 676871
1502208174 734967
1502208174 926441
1502208175 98902
1502208175 310267
1502208175 550812
1502208175 713292
1502208175 867457
1502208176 39916
1502208176 232294
1502208176 462829
1502208176 664232
1502208176 817679
1502208176 942009
1502208177 28177
1502208177 115324
1502208177 268701
1502208177 518267
1502208177 604441
1502208177 709723
1502208177 931182
1502208178 46629
1502208178 237924
1502208178 401240
1502208178 564623
1502208178 717965
1502208178 929410
1502208179 111811
1502208179 217098
1502208179 323329
1502208179 447572
1502208179 611025
1502208179 783371
1502208179 870455
1502208180 13903
1502208180 129094
1502208180 196302
1502208180 283438
1502208180 455809
1502208180 523094
1502208180 753413
1502208180 887788
1502208181 108848
1502208181 309747
1502208181 444124
1502208181 674564
1502208181 818925
1502208182 20339
1502208182 97440
1502208182 279966
1502208182 356093
1502208182 605747
1502208182 760022
1502208182 989539
1502208183 191975
1502208183 374392
1502208183 546743
1502208183 633010
1502208183 710106
1502208183 930625
1502208184 161208
1502208184 324488
1502208184 487878
1502208184 564117
1502208184 794620
1502208184 986045
1502208185 130408
1502208185 255610
1502208185 418035
1502208185 543465
1502208185 773834
1502208185 946399
1502208186 4435
1502208186 186762
1502208186 359062
1502208186 484466
1502208186 685892
1502208186 743015
1502208186 849132
1502208186 992501
1502208187 107857
1502208187 213983
1502208187 424540
1502208187 511644
1502208187 684134
1502208187 789482
1502208188 19880
1502208188 202245
1502208188 288450
1502208188 518999
1502208188 692296
1502208188 816745
1502208188 979994
1502208189 104375
1502208189 190569
1502208189 315716
1502208189 431160
1502208189 651514
1502208189 785860
1502208189 959149
1502208190 102594
1502208190 208774
1502208190 439220
1502208190 525461
1502208190 678828
1502208190 765066
1502208190 842165
1502208190 976557
1502208191 72698
1502208191 274120
1502208191 504685
1502208191 590886
1502208191 667979
1502208191 869489
1502208192 41931
1502208192 224862
1502208192 301409
1502208192 522010
1502208192 628094
1502208192 723455
1502208192 790586
1502208192 915766
1502208193 88233
1502208193 194423
1502208193 309676
1502208193 511085
1502208193 674499
1502208193 827882
1502208193 904926
1502208194 10232
1502208194 240700
1502208194 413171
1502208194 614718
1502208194 768940
1502208194 845144
1502208194 960485
1502208195 142891
