1500996725 844509
1500996725 930733
1500996726 17023
1500996726 103099
1500996726 190169
1500996726 276822
1500996726 362431
1500996726 448818
1500996726 582984
1500996726 899942
1500996726 986867
1500996727 73180
1500996727 159381
1500996727 274740
1500996727 360762
1500996727 850920
1500996727 937243
1500996728 23201
1500996728 109569
1500996728 195608
1500996728 282743
1500996728 369019
1500996728 455188
1500996728 541285
1500996728 627827
1500996728 714861
1500996728 801356
1500996728 887069
1500996728 973384
1500996729 59776
1500996729 146800
1500996729 233040
1500996729 319063
1500996729 405445
1500996729 492509
1500996729 578766
1500996729 664825
1500996729 751265
1500996729 837482
1500996729 924456
1500996730 10730
1500996730 96849
1500996730 183088
1500996730 269408
1500996730 356442
1500996730 442690
1500996730 528968
1500996730 615071
1500996730 701240
1500996730 788290
1500996730 874736
1500996730 961040
1500996731 47026
1500996731 133390
1500996731 220707
1500996731 306675
1500996731 392612
1500996731 479658
1500996731 565087
1500996731 652292
1500996731 738481
1500996731 825819
1500996731 911098
1500996731 998236
1500996732 84233
1500996732 170601
1500996732 257279
1500996732 343707
1500996732 430008
1500996732 516229
1500996732 602371
1500996732 689182
1500996732 775042
1500996732 862193
1500996732 948188
1500996733 34501
1500996733 120713
1500996733 206858
1500996733 293973
1500996733 380096
1500996733 466374
1500996733 552694
1500996733 638903
1500996733 725883
1500996733 812645
1500996733 898363
1500996733 984891
1500996734 70946
1500996734 158241
1500996734 244190
1500996734 330645
1500996734 416689
1500996734 503810
1500996734 590071
1500996734 676094
1500996734 762160
1500996734 848534
1500996734 935576
1500996735 22418
1500996735 108162
1500996735 194400
1500996735 280764
1500996735 367690
1500996735 453966
1500996735 540163
1500996735 626167
1500996735 712466
1500996735 799662
1500996735 885847
1500996735 972307
1500996736 58183
1500996736 144427
1500996736 231575
1500996736 317907
1500996736 403963
1500996736 490230
1500996736 577754
1500996736 663940
1500996736 749842
1500996736 835963
1500996736 922027
1500996737 9427
1500996737 95592
1500996737 181666
1500996737 267984
1500996737 354547
1500996737 441258
1500996737 527522
1500996737 613813
1500996737 699995
1500996737 786177
1500996737 873149
1500996737 959586
1500996738 45698
1500996738 132601
1500996738 218229
1500996738 305297
1500996738 391396
1500996738 477742
1500996738 563975
1500996738 651010
1500996738 737314
1500996738 823469
1500996738 909682
1500996738 995790
1500996739 82938
1500996739 274839
1500996739 361301
1500996739 494994
1500996739 582161
1500996739 697594
1500996739 784147
1500996739 869701
1500996739 956009
1500996740 42466
1500996740 349996
1500996740 436085
1500996740 522431
1500996740 609462
1500996740 695511
1500996740 781648
1500996740 868296
1500996740 954306
1500996741 41315
1500996741 127858
1500996741 300060
1500996741 386268
1500996741 473131
1500996741 559425
1500996741 645580
1500996741 732544
1500996741 818314
1500996741 905384
1500996741 991648
1500996742 77714
1500996742 163776
1500996742 250233
1500996742 337655
1500996742 528879
1500996742 653967
1500996742 740366
1500996742 865077
1500996743 249506
1500996743 411982
1500996743 498850
1500996743 604314
1500996743 757256
1500996743 843125
1500996743 997716
1500996744 410942
1500996744 497133
1500996744 583260
1500996744 669490
1500996744 755687
1500996744 843178
1500996744 929143
1500996745 15248
1500996745 101439
1500996745 187702
1500996745 275181
1500996745 620814
1500996745 850673
1500996745 937403
1500996746 23716
1500996746 109645
1500996746 196083
1500996746 311281
1500996746 397623
1500996746 484674
1500996746 570858
1500996746 657115
1500996746 743085
1500996746 829421
1500996746 916295
1500996747 2500
1500996747 99716
1500996747 185510
1500996747 271149
1500996747 357593
1500996747 443749
1500996747 531083
1500996747 617059
1500996747 703348
1500996747 789489
1500996747 875712
1500996747 962872
1500996748 49159
1500996748 145376
1500996748 231314
1500996748 317714
1500996748 403774
1500996748 490900
1500996748 577744
1500996748 663786
1500996748 749734
1500996748 836068
1500996748 923096
1500996749 9455
1500996749 95305
1500996749 181504
1500996749 267865
1500996749 355120
1500996749 441016
1500996749 527390
1500996749 613593
1500996749 699681
1500996749 786943
1500996749 872950
1500996749 959360
1500996750 45577
1500996750 131586
1500996750 218901
1500996750 305144
1500996750 391350
1500996750 477636
1500996750 563675
1500996750 650920
1500996750 737195
1500996750 823319
1500996750 909620
1500996750 997207
1500996751 83387
1500996751 169040
1500996751 255146
1500996751 341688
1500996751 428681
1500996751 515294
1500996751 601057
1500996751 687221
1500996751 773644
1500996751 861105
1500996751 946806
1500996752 32926
1500996752 119077
1500996752 205719
1500996752 292935
1500996752 378716
1500996752 465007
1500996752 551326
1500996752 637472
1500996752 724422
1500996752 810748
1500996752 896981
1500996752 983279
1500996753 69228
1500996753 156527
1500996753 242812
1500996753 328874
1500996753 415139
1500996753 502305
1500996753 588469
1500996753 675273
1500996753 760957
1500996753 847011
1500996753 934226
1500996754 20530
1500996754 106713
1500996754 192907
1500996754 279169
1500996754 367116
1500996754 452469
1500996754 538781
1500996754 624880
1500996754 711046
1500996754 798126
1500996754 884297
1500996754 970501
1500996755 56621
1500996755 142985
1500996755 230073
1500996755 316105
1500996755 402379
1500996755 489278
1500996755 575135
1500996755 662125
1500996755 748316
1500996755 834483
1500996755 920736
1500996756 7075
1500996756 94327
1500996756 180760
1500996756 266890
1500996756 353214
1500996756 440627
1500996756 526282
1500996756 612296
1500996756 698465
1500996756 784648
1500996756 871731
1500996756 958077
1500996757 44257
1500996757 130418
1500996757 217153
1500996757 304362
1500996757 390324
1500996757 476196
1500996757 562510
1500996757 648756
1500996757 735861
1500996757 822171
1500996757 908425
1500996757 994459
1500996758 80972
1500996758 167834
1500996758 254042
1500996758 340243
1500996758 426387
1500996758 512639
1500996758 600339
1500996758 685967
1500996758 771982
1500996758 858343
1500996758 944617
1500996759 31883
1500996759 117974
1500996759 204552
1500996759 290520
1500996759 377697
1500996759 463602
1500996759 549948
1500996759 636138
1500996759 722155
1500996759 809845
1500996759 895357
1500996759 981992
1500996760 68148
1500996760 154193
1500996760 241434
1500996760 327560
1500996760 413778
1500996760 500212
1500996760 586316
1500996760 673226
1500996760 759658
1500996760 846127
1500996760 931913
1500996761 18302
1500996761 105696
1500996761 191589
1500996761 277833
1500996761 363991
1500996761 450361
1500996761 537387
1500996761 623529
1500996761 709653
1500996761 795951
1500996761 883550
1500996761 969755
1500996762 55532
1500996762 141589
1500996762 228534
1500996762 315341
1500996762 401184
1500996762 487501
1500996762 573722
1500996762 659820
1500996762 746932
1500996762 833131
1500996762 919358
1500996763 5586
1500996763 91670
1500996763 179007
1500996763 264966
1500996763 351513
1500996763 437938
1500996763 523960
1500996763 610803
1500996763 697301
1500996763 783249
1500996763 869575
1500996763 955699
1500996764 42980
1500996764 129561
1500996764 215353
1500996764 301622
1500996764 388647
1500996764 474915
1500996764 561290
1500996764 647271
1500996764 733545
1500996764 820597
1500996764 906979
1500996764 992867
1500996765 79294
1500996765 165535
1500996765 252473
1500996765 339187
1500996765 424972
1500996765 511071
1500996765 597506
1500996765 684505
1500996765 770781
1500996765 857359
1500996765 943170
1500996766 29339
1500996766 116389
1500996766 202905
1500996766 289099
1500996766 375109
1500996766 461369
1500996766 548819
1500996766 634837
1500996766 720947
1500996766 807249
1500996766 893393
1500996766 980304
1500996767 66621
1500996767 152905
1500996767 238908
1500996767 326628
1500996767 412337
1500996767 498818
1500996767 585537
1500996767 671072
1500996767 758287
1500996767 844712
1500996767 930703
1500996768 17583
1500996768 103566
1500996768 218316
1500996768 305360
1500996768 391429
1500996768 477956
1500996768 564066
1500996768 650393
1500996768 737587
1500996768 824234
1500996768 909842
1500996768 995921
1500996769 82300
1500996769 169487
1500996769 255466
1500996769 341868
1500996769 428007
1500996769 514316
1500996769 602012
1500996769 687586
1500996769 773770
1500996769 860104
1500996769 975178
1500996770 61288
1500996770 321187
1500996770 407349
1500996770 493431
1500996770 580491
1500996770 724331
1500996770 839267
1500996771 31834
1500996771 176127
1500996771 262318
1500996771 358215
1500996771 444405
1500996771 530685
1500996771 722446
1500996771 809576
1500996771 895516
1500996771 981878
1500996772 67932
1500996772 154910
1500996772 327682
1500996772 452258
1500996772 567138
1500996772 663391
1500996772 798098
1500996772 883851
1500996772 971147
1500996773 57223
1500996773 143309
1500996773 229570
1500996773 316566
1500996773 402951
1500996773 489100
1500996773 575170
1500996773 661489
1500996773 767708
1500996773 853662
1500996774 766285
1500996774 871185
1500996774 957567
1500996775 44613
1500996775 130858
1500996775 216899
1500996775 351325
1500996775 437540
1500996775 524602
1500996775 610855
1500996775 696964
1500996775 783252
1500996775 869463
1500996775 956613
1500996776 42915
1500996776 129148
1500996776 215260
1500996776 301481
1500996776 388557
1500996776 474747
1500996776 560958
1500996776 647075
1500996776 791357
1500996776 877548
1500996777 60132
1500996777 194502
1500996777 309747
1500996777 395944
1500996777 502178
1500996777 598451
1500996777 684406
1500996777 808823
1500996777 896103
1500996777 982063
1500996778 68203
1500996778 155096
1500996778 240762
1500996778 327893
1500996778 414094
1500996778 500381
1500996778 586515
1500996778 672617
1500996778 759917
1500996778 846056
1500996778 932261
1500996779 18432
1500996779 104530
1500996779 191602
1500996779 278037
1500996779 364236
1500996779 450485
1500996779 536829
1500996779 623914
1500996779 710360
1500996779 797250
1500996779 882573
1500996779 969652
1500996780 56428
1500996780 142027
1500996780 228184
1500996780 314336
1500996780 401397
1500996780 487552
1500996780 574057
1500996780 660217
1500996780 746420
1500996780 833529
1500996780 919737
1500996781 53988
1500996781 140148
1500996781 274601
1500996781 360802
1500996781 610493
1500996781 697574
1500996781 783834
1500996781 869931
1500996781 956186
1500996782 100488
1500996782 187174
1500996782 301891
1500996782 398097
1500996782 714701
1500996782 800972
1500996782 887264
1500996782 974414
1500996783 406494
1500996783 492699
1500996783 579364
1500996783 665020
1500996783 751268
1500996783 838340
1500996783 924540
1500996784 10831
1500996784 97277
1500996784 183997
1500996784 270304
1500996784 356454
1500996784 443559
1500996784 529070
1500996784 702228
1500996784 788637
1500996784 922796
1500996785 8948
1500996785 95294
1500996785 210530
1500996785 297453
1500996785 383640
1500996785 480204
1500996785 566224
1500996785 652466
1500996785 738700
1500996785 824982
1500996785 911929
1500996785 998101
1500996786 84451
1500996786 170545
1500996786 256756
1500996786 343954
1500996786 429938
1500996786 516196
1500996786 602545
1500996786 689642
1500996786 776599
1500996786 861991
1500996786 948278
1500996787 34442
1500996787 121740
1500996787 207842
1500996787 294229
1500996787 380322
1500996787 466465
1500996787 553549
1500996787 639766
1500996787 726853
1500996787 812475
1500996787 898393
1500996787 985507
1500996788 71715
1500996788 158085
1500996788 244249
1500996788 330903
1500996788 417410
1500996788 503631
1500996788 589896
1500996788 676141
1500996788 762346
1500996788 897367
1500996788 983715
1500996789 70525
1500996789 156228
1500996789 242503
1500996789 329615
1500996789 415902
1500996789 502081
1500996789 588281
1500996789 674567
1500996789 761732
1500996789 848255
1500996789 934177
1500996790 68265
1500996790 174472
1500996790 260681
1500996790 347044
1500996790 471213
1500996790 932426
1500996791 18655
1500996791 105654
1500996791 191808
1500996791 278030
1500996791 364160
1500996791 450305
1500996791 748205
1500996791 835237
1500996791 930540
1500996792 17563
1500996792 103770
1500996792 190119
1500996792 276462
1500996792 362784
1500996792 458632
1500996792 574872
1500996792 804528
1500996792 890537
1500996792 977071
1500996793 63944
1500996793 150234
1500996793 236322
1500996793 322535
1500996793 409744
1500996793 495918
1500996793 582098
1500996793 668344
1500996793 860710
1500996793 956984
1500996794 138556
1500996794 408077
1500996794 571397
1500996794 801039
1500996794 887929
1500996794 974319
1500996795 60296
1500996795 146565
1500996795 233090
1500996795 320043
1500996795 406206
1500996795 492311
1500996795 578545
1500996795 665845
1500996795 752004
1500996795 838580
1500996795 924326
1500996796 10587
1500996796 97795
1500996796 386278
1500996796 471575
1500996796 557849
1500996796 644812
1500996796 913544
1500996797 66829
1500996797 153304
1500996797 259422
1500996797 345637
1500996797 432043
1500996797 518083
1500996797 604185
1500996797 691085
1500996797 777511
1500996797 863552
1500996797 950663
1500996798 36184
1500996798 161260
1500996798 333878
1500996798 420874
1500996798 507254
1500996798 593292
1500996798 679674
1500996798 766685
1500996798 852913
1500996798 939022
1500996799 25390
1500996799 111357
1500996799 197973
1500996799 284851
1500996799 370965
1500996799 457483
1500996799 543653
1500996799 629893
1500996799 716819
1500996799 802899
1500996799 889169
1500996799 975563
1500996800 61747
1500996800 398614
1500996800 484612
1500996800 570925
1500996800 656949
1500996800 744317
1500996800 830816
1500996800 916630
1500996801 2753
1500996801 88974
1500996801 176055
1500996801 262414
1500996801 348440
1500996801 434688
1500996801 520875
1500996801 607849
1500996801 694448
1500996801 780552
1500996801 866717
1500996801 952947
1500996802 40027
1500996802 126262
1500996802 212404
1500996802 298661
1500996802 385034
1500996802 472312
1500996802 558274
1500996802 644778
1500996802 730731
1500996802 817743
1500996802 904243
1500996802 990639
1500996803 76421
1500996803 162657
1500996803 249638
1500996803 335985
1500996803 422013
1500996803 508266
1500996803 595207
1500996803 767978
1500996803 854757
1500996803 940457
1500996804 26905
1500996804 113950
1500996804 199996
1500996804 286206
1500996804 372191
1500996804 458833
1500996804 545717
1500996804 631974
1500996804 718068
1500996804 804325
1500996804 890734
1500996804 977745
1500996805 63914
1500996805 150213
1500996805 236416
1500996805 322488
1500996805 409613
1500996805 495758
1500996805 582027
1500996805 668336
1500996805 755367
1500996805 841518
1500996805 927801
1500996806 13937
1500996806 100397
1500996806 292755
1500996806 505125
1500996806 619422
1500996806 829888
1500996806 917015
1500996807 3299
1500996807 89474
1500996807 175605
1500996807 463526
1500996807 550555
1500996807 636708
1500996807 722813
1500996808 68641
1500996808 154904
1500996808 240918
1500996808 328013
1500996808 414293
1500996808 500552
1500996808 586785
1500996808 672913
1500996808 760259
1500996808 846255
1500996808 932447
1500996809 18902
1500996809 105144
1500996809 192136
1500996809 278377
1500996809 364669
1500996809 450707
1500996809 536986
1500996809 623899
1500996809 710407
1500996809 796219
1500996809 882800
1500996809 969652
1500996810 55899
1500996810 142184
1500996810 228242
1500996810 314532
1500996810 401823
1500996810 487933
1500996810 574136
1500996810 660631
1500996810 747436
1500996810 833916
1500996810 920017
1500996811 6308
1500996811 92328
1500996811 178884
1500996811 265638
1500996811 351997
1500996811 438428
1500996811 524299
1500996811 610456
1500996811 697828
1500996811 783978
1500996812 90744
1500996812 245115
1500996812 379466
1500996812 465585
1500996812 638221
1500996812 744424
1500996812 830198
1500996812 916599
1500996813 2506
1500996813 90448
1500996813 243160
1500996813 329605
1500996813 415658
1500996813 501835
1500996813 588994
1500996813 675150
1500996813 761409
1500996813 847657
1500996813 933900
1500996814 20856
1500996814 107097
1500996814 193369
1500996814 279716
1500996814 365711
1500996814 453378
1500996814 539129
1500996814 625236
1500996814 711776
1500996814 797798
1500996814 884735
1500996814 971195
1500996815 57275
1500996815 143517
1500996815 230551
1500996815 316657
1500996815 402902
1500996815 489297
1500996815 575374
1500996815 662936
1500996815 748599
1500996815 834882
1500996815 921050
1500996816 7397
1500996816 94524
1500996816 180612
1500996816 795836
1500996816 881407
1500996816 967541
1500996817 53697
1500996817 140914
1500996817 227532
1500996817 313243
1500996817 399356
1500996817 485855
1500996817 572817
1500996817 658994
1500996817 745276
1500996817 831480
1500996817 917703
1500996818 4922
1500996818 91181
1500996818 177318
1500996818 330822
1500996818 417923
1500996818 542033
1500996818 628986
1500996818 715352
1500996818 801646
1500996818 907030
1500996818 993109
1500996819 79913
1500996819 204557
1500996819 290837
1500996819 377048
1500996819 464013
1500996819 550221
1500996819 636525
1500996819 722760
1500996819 808726
1500996819 896225
1500996819 982407
1500996820 68357
1500996820 154528
1500996820 240792
1500996820 328136
1500996820 414712
1500996820 500525
1500996820 586901
1500996820 674184
1500996820 760316
1500996820 846217
1500996820 932873
1500996821 18688
1500996821 105745
1500996821 192650
1500996821 278240
1500996821 364138
1500996821 450500
1500996821 537773
1500996821 623975
1500996821 710106
1500996821 806177
1500996821 892505
1500996821 978768
1500996822 64958
1500996822 152135
1500996822 305401
1500996822 507022
1500996822 593354
1500996822 920255
1500996823 140633
1500996823 438284
1500996823 524667
1500996823 611489
1500996823 697941
1500996823 783864
1500996823 870042
1500996823 956112
1500996824 43222
1500996824 158635
1500996824 244725
1500996824 503493
1500996824 637845
1500996824 725070
1500996824 811209
1500996824 897404
1500996824 983548
1500996825 70032
1500996825 156938
1500996825 300138
1500996825 425262
1500996825 530938
1500996825 703969
1500996825 790421
1500996826 97071
1500996826 184454
1500996826 394829
1500996826 587176
1500996826 673826
1500996826 885059
1500996827 67272
1500996827 364906
1500996827 595489
1500996827 681557
1500996827 767750
1500996827 854114
1500996827 940220
1500996828 27122
1500996828 113324
1500996828 199776
1500996828 286097
1500996828 373623
1500996828 459107
1500996828 545352
1500996828 689679
1500996828 775875
1500996828 862214
1500996828 948225
1500996829 34747
1500996829 121758
1500996829 207925
1500996829 294187
1500996829 380590
1500996829 466471
1500996829 553781
1500996829 640523
1500996829 726485
1500996829 812321
1500996829 898692
1500996829 985625
1500996830 71781
1500996830 158183
1500996830 244187
1500996830 331476
1500996830 417712
1500996830 503816
1500996830 590033
1500996830 676279
1500996830 763330
1500996830 849759
1500996830 935841
1500996831 22093
1500996831 108428
1500996831 195166
1500996831 281550
1500996831 367893
1500996831 453885
1500996831 540216
1500996831 627302
1500996831 713998
1500996831 799903
1500996831 886502
1500996831 972103
1500996832 59357
1500996832 145584
1500996832 231647
1500996832 317976
1500996832 404268
1500996832 491410
1500996832 577490
1500996832 663791
1500996832 749929
1500996832 836925
1500996832 923203
1500996833 9625
1500996833 95735
1500996833 181946
1500996833 269097
1500996833 355364
1500996833 441480
1500996833 527521
1500996833 613850
1500996833 700752
1500996833 787918
1500996833 873606
1500996833 959601
1500996834 45732
1500996834 132940
1500996834 219263
1500996834 305593
1500996834 641547
1500996834 814626
1500996834 900790
1500996835 169376
1500996835 255708
1500996835 341807
1500996835 429114
1500996835 515021
1500996835 659472
1500996835 861000
1500996836 282855
1500996836 369149
1500996836 475323
1500996836 561591
1500996836 647742
1500996836 733819
1500996836 821063
1500996836 907176
1500996836 993285
1500996837 79511
1500996837 232930
1500996837 396122
1500996837 483349
1500996837 569722
1500996837 655858
1500996837 742360
1500996837 876644
1500996837 962596
1500996838 154863
1500996838 241345
1500996838 327541
1500996838 414547
1500996838 500594
1500996838 586754
1500996838 673255
1500996838 759425
1500996838 903762
1500996838 989946
1500996839 335798
1500996839 509198
1500996839 815786
1500996840 170450
1500996840 257631
1500996840 343746
1500996840 429984
1500996840 516171
1500996840 602548
1500996840 689738
1500996840 775969
1500996840 862067
1500996840 987353
1500996841 73469
1500996841 159944
1500996841 246021
1500996841 332040
1500996841 447459
1500996841 534351
1500996841 620642
1500996841 707688
1500996841 889459
1500996841 975461
1500996842 100626
1500996842 254477
1500996842 369390
1500996842 455472
1500996842 541853
1500996842 628956
1500996842 715316
1500996842 801650
1500996842 888329
1500996842 973977
1500996843 60946
1500996843 271529
1500996843 358654
1500996843 444785
1500996843 531049
1500996843 617512
1500996843 703532
1500996843 790640
1500996843 876851
1500996843 963130
1500996844 49004
1500996844 135462
1500996844 222691
1500996844 308782
1500996844 394928
1500996844 481254
1500996844 567510
1500996844 656218
1500996844 740663
1500996844 826928
1500996844 913126
1500996844 999724
1500996845 86499
1500996845 172661
1500996845 258778
1500996845 345235
1500996845 431387
1500996845 518335
1500996845 604607
1500996845 691235
1500996845 777293
1500996845 864012
1500996845 950481
1500996846 36400
1500996846 122767
1500996846 209076
1500996846 296659
1500996846 382505
1500996846 468647
1500996846 554779
1500996846 641034
1500996846 728223
1500996846 814705
1500996846 900595
1500996846 986824
1500996847 73051
1500996847 160777
1500996847 246662
1500996847 333293
1500996847 418716
1500996847 505029
1500996847 592080
1500996847 678423
1500996847 764766
1500996847 947115
1500996848 33245
1500996848 119375
1500996848 206630
1500996848 293441
1500996848 378905
1500996848 465153
1500996848 552299
1500996848 638452
1500996848 724659
1500996848 811092
1500996848 897232
1500996848 984282
1500996849 70584
1500996849 417190
1500996849 541019
1500996849 626866
1500996849 723460
1500996849 809131
1500996849 953434
1500996850 39502
1500996850 193285
1500996850 279925
1500996850 366353
1500996850 452429
1500996850 568330
1500996850 653921
1500996850 740079
1500996850 827422
1500996850 913671
1500996850 999625
1500996851 86058
1500996851 172188
1500996851 509002
1500996851 739671
1500996851 825800
1500996851 912233
1500996852 210197
1500996852 295738
1500996852 381929
1500996852 468924
1500996852 555372
1500996852 641467
1500996852 727624
1500996852 813915
1500996852 901054
1500996852 987899
1500996853 73503
1500996853 159597
1500996853 246160
1500996853 333466
1500996853 495324
1500996853 582684
1500996853 697921
1500996853 784226
1500996854 158192
1500996854 273220
1500996854 360583
1500996854 446657
1500996854 532594
1500996854 618898
1500996854 705269
1500996854 792464
1500996854 878679
1500996854 964866
1500996855 50774
1500996855 137076
1500996855 224138
1500996855 310474
1500996855 396601
1500996855 598164
1500996855 761648
1500996855 857752
1500996856 21251
1500996856 107282
1500996856 232240
1500996856 318682
1500996856 434438
1500996856 520157
1500996856 606238
1500996856 692378
1500996856 779278
1500996856 866495
1500996856 952183
1500996857 38298
1500996857 124539
1500996857 210750
1500996857 297870
1500996857 384017
1500996857 470366
1500996857 556569
1500996857 643661
1500996857 730130
1500996857 815982
1500996857 902124
1500996857 988313
1500996858 74624
1500996858 161875
1500996858 247999
1500996858 334066
1500996858 420352
1500996858 506531
1500996858 593866
1500996858 679894
1500996858 766290
1500996858 852201
1500996858 939535
1500996859 25974
1500996859 112521
1500996859 198295
1500996859 284704
1500996859 371677
1500996859 457853
1500996859 543941
1500996859 630089
1500996859 716213
1500996859 803590
1500996859 889618
1500996859 975931
1500996860 62054
1500996860 148302
1500996860 235477
1500996860 321558
1500996860 407833
1500996860 494109
1500996860 580861
1500996860 667552
1500996860 753527
1500996860 839752
1500996860 926237
1500996861 12321
1500996861 99518
1500996861 185657
1500996861 271679
1500996861 357959
1500996861 444395
1500996861 588565
1500996861 790031
1500996861 877197
1500996861 963904
1500996862 49600
1500996862 135644
1500996862 222002
1500996862 309163
1500996862 395973
1500996862 481583
1500996862 567632
1500996862 654400
1500996862 741306
1500996862 827384
1500996862 913625
1500996862 999793
1500996863 86028
1500996863 259205
1500996863 595139
1500996863 681363
1500996863 768633
1500996863 855037
1500996863 940869
1500996864 27030
1500996864 113373
1500996864 247621
1500996864 334759
1500996864 420865
1500996864 507025
1500996864 593182
1500996864 680446
1500996864 901526
1500996865 131611
1500996865 217561
1500996865 303831
1500996865 390147
1500996865 477156
1500996865 639566
1500996865 726736
1500996865 812919
1500996865 899096
1500996866 62639
1500996866 148805
1500996866 235062
1500996866 321244
1500996866 446365
1500996866 618930
1500996866 706135
1500996866 849487
1500996867 3817
1500996867 108947
1500996867 463895
1500996867 549906
1500996867 867792
1500996868 30614
1500996868 155326
1500996868 375889
1500996868 461961
1500996868 568448
1500996868 788827
1500996868 875042
1500996868 962126
1500996869 124602
1500996869 614852
1500996869 749142
1500996869 835704
1500996869 921308
1500996870 8323
1500996870 94531
1500996870 180720
1500996870 286082
1500996870 468398
1500996870 593813
1500996870 679902
1500996871 160075
1500996871 246394
1500996871 332519
1500996871 420281
1500996871 505752
1500996871 591997
1500996871 678269
1500996871 764530
1500996871 851526
1500996872 284244
1500996872 504020
1500996872 696355
1500996872 811892
1500996872 965103
1500996873 214661
1500996873 300798
1500996873 406190
1500996873 493243
1500996873 579317
1500996873 665652
1500996873 752385
1500996873 837943
1500996874 164912
1500996874 251257
1500996874 337262
1500996874 424357
1500996874 510699
1500996874 596755
1500996874 682745
1500996874 769874
1500996874 856191
1500996874 942470
1500996875 28494
1500996875 114696
1500996875 307389
1500996875 393520
1500996875 595156
1500996875 681322
1500996875 768422
1500996876 75015
1500996876 161280
1500996876 468956
1500996876 651485
1500996876 737415
1500996876 823872
1500996876 949027
1500996877 83454
1500996877 169607
1500996877 284831
1500996877 620603
1500996877 957434
1500996878 100820
1500996878 360076
1500996878 628846
1500996878 715540
1500996878 801309
1500996878 888293
1500996878 974421
1500996879 60862
1500996879 147444
1500996879 233326
1500996879 320186
1500996879 406444
1500996879 694120
1500996879 780453
1500996879 867425
1500996879 953501
1500996880 39727
1500996880 126025
1500996880 213269
1500996880 300045
1500996880 385656
1500996880 471782
1500996880 558739
1500996880 644375
1500996880 730488
1500996880 816825
1500996880 903095
1500996880 990240
1500996881 76200
1500996881 162427
1500996881 249192
1500996881 334913
1500996881 422019
1500996881 508424
1500996881 594673
1500996881 680491
1500996881 766724
1500996881 854254
1500996881 940396
1500996882 27245
1500996882 112751
1500996882 198942
1500996882 286632
1500996882 372124
1500996882 458367
1500996882 544557
1500996882 630636
1500996882 717873
1500996882 804106
1500996882 890350
1500996882 976444
1500996883 63718
1500996883 150724
1500996883 236125
1500996883 322233
1500996883 409057
1500996883 495669
1500996883 582034
1500996883 668009
1500996883 754207
1500996883 840491
1500996883 927688
1500996884 13695
1500996884 99947
1500996884 186057
1500996884 272435
1500996884 359703
1500996884 445608
1500996884 532056
1500996884 618174
1500996884 704458
1500996884 791710
1500996884 877905
1500996884 964233
1500996885 50321
1500996885 136634
1500996885 223470
1500996885 309729
1500996885 395949
1500996885 482248
1500996885 569691
1500996885 655377
1500996885 741573
1500996885 827783
1500996885 914154
1500996886 1142
1500996886 87493
1500996886 173895
1500996886 259640
1500996886 345955
1500996886 433182
1500996886 519266
1500996886 605619
1500996886 691589
1500996886 778092
1500996886 865284
1500996886 951965
1500996887 37705
1500996887 123780
1500996887 210115
1500996887 297429
1500996887 383455
1500996887 469681
1500996887 555790
1500996887 642048
1500996887 729181
1500996887 815509
1500996887 902000
1500996887 987790
1500996888 74141
1500996888 161116
1500996888 247741
1500996888 333375
1500996888 419809
1500996888 505737
1500996888 592986
1500996888 679135
1500996888 765410
1500996888 851684
1500996888 938071
1500996889 25190
1500996889 111314
1500996889 197561
1500996889 283666
1500996889 370892
1500996889 457151
1500996889 543242
1500996889 629907
1500996889 716530
1500996889 802660
1500996889 888807
1500996889 975280
1500996890 62140
1500996890 148021
1500996890 235303
1500996890 320834
1500996890 407166
1500996890 493401
1500996890 579586
1500996890 666687
1500996890 752973
1500996890 839253
1500996890 925516
1500996891 11655
1500996891 98911
1500996891 185043
1500996891 271601
1500996891 357559
1500996891 443536
1500996891 530819
1500996891 616855
1500996891 702980
1500996891 789214
1500996891 962693
1500996892 48993
1500996892 135170
1500996892 221258
1500996892 308414
1500996892 395139
1500996892 480805
1500996892 567053
1500996892 653417
1500996892 740429
1500996892 826634
1500996892 912915
1500996892 999000
1500996893 85407
1500996893 172188
1500996893 258658
1500996893 344867
1500996893 430914
1500996893 613475
1500996893 699795
1500996893 806140
1500996893 940191
1500996894 26374
1500996894 112726
1500996894 208625
1500996894 439387
1500996894 525662
1500996894 611726
1500996894 698709
1500996894 871157
1500996894 957493
1500996895 44026
1500996895 130846
1500996895 216851
1500996895 303331
1500996895 389337
1500996895 553366
1500996895 976204
1500996896 61823
1500996896 147992
1500996896 234357
1500996896 320426
1500996896 407700
1500996896 493766
1500996896 579914
1500996896 695293
1500996896 781795
1500996896 896980
1500996897 41195
1500996897 127694
1500996897 252049
1500996897 347616
1500996897 434086
1500996897 693628
1500996897 779759
1500996898 1364
1500996898 203480
1500996898 288997
1500996898 375248
1500996898 461190
1500996898 548378
1500996898 634664
1500996898 720800
1500996898 807112
1500996898 893739
1500996898 980211
1500996899 66578
1500996899 152417
1500996899 353613
1500996899 478805
1500996899 564815
1500996899 650973
1500996899 737957
1500996899 824315
1500996899 910575
1500996899 996893
1500996900 82958
1500996900 170157
1500996900 256269
1500996900 535009
1500996900 621100
1500996900 707969
1500996900 793991
1500996900 879698
1500996900 966891
1500996901 53067
1500996901 139289
1500996901 225436
1500996901 312608
1500996901 398859
1500996901 485116
1500996901 571235
1500996901 657514
1500996901 744751
1500996901 830840
1500996901 916950
1500996902 3347
1500996902 89472
1500996902 176461
1500996902 263797
1500996902 349067
1500996902 434996
1500996902 522120
1500996902 608574
1500996902 694728
1500996902 781527
1500996902 867205
1500996902 953466
1500996903 40437
1500996903 126972
1500996903 212900
1500996903 299963
1500996903 385324
1500996903 472677
1500996903 558769
1500996903 644985
1500996903 730970
1500996903 818286
1500996903 904418
1500996903 990716
1500996904 77131
1500996904 163530
1500996904 250389
1500996904 336378
1500996904 422668
1500996904 508720
1500996904 595360
1500996904 682061
1500996904 768602
1500996904 854654
1500996904 969884
1500996905 56268
1500996905 142411
1500996905 229690
1500996905 383525
1500996905 575011
1500996905 661573
1500996905 747987
1500996905 834808
1500996905 920075
1500996906 6320
1500996906 141603
1500996906 228088
1500996906 352085
1500996906 649868
1500996907 245389
1500996907 341076
1500996907 494623
1500996907 580820
1500996907 666984
1500996907 830863
1500996907 964647
1500996908 51784
1500996908 138114
1500996908 224917
1500996908 310626
1500996908 396697
1500996908 521790
1500996908 607943
1500996908 694152
1500996908 781386
1500996908 924808
1500996909 184681
1500996909 693472
1500996910 241994
1500996910 442668
1500996910 624807
1500996910 710873
1500996910 797134
1500996910 883884
1500996910 970557
1500996911 57123
1500996911 143255
1500996911 228947
1500996911 315052
1500996911 402299
1500996911 488757
1500996911 574713
1500996911 661533
1500996911 747144
1500996911 834074
1500996911 920863
1500996912 6557
1500996912 92831
1500996912 179123
1500996912 266225
1500996912 352488
1500996912 438610
1500996912 525493
1500996912 610946
1500996912 698251
1500996912 784517
1500996912 870677
1500996912 956659
1500996913 43894
1500996913 131121
1500996913 216284
1500996913 302588
1500996913 389019
1500996913 475994
1500996913 562006
1500996913 648895
1500996913 734671
1500996913 820744
1500996913 907693
1500996913 994006
1500996914 80449
1500996914 166727
1500996914 252872
1500996914 339877
1500996914 426445
1500996914 512297
1500996914 598624
1500996914 684662
1500996914 771769
1500996914 858240
1500996914 944959
1500996915 30419
1500996915 117965
1500996915 203861
1500996915 289953
1500996915 376203
1500996915 463206
1500996915 549596
1500996915 635868
1500996915 722022
1500996915 808219
1500996915 894429
1500996915 981437
1500996916 68300
1500996916 154166
1500996916 240278
1500996916 326973
1500996916 413334
1500996916 499671
1500996916 585966
1500996916 671952
1500996916 758397
1500996916 845369
1500996916 931636
1500996917 17802
1500996917 104000
1500996917 190451
1500996917 277374
1500996917 364233
1500996917 487870
1500996917 575179
1500996917 661223
1500996917 747253
1500996917 833740
1500996917 949059
1500996918 35319
1500996918 122102
1500996918 208405
1500996918 294661
1500996918 380972
1500996918 467126
1500996918 554507
1500996918 640304
1500996918 726759
1500996918 813156
1500996918 899234
1500996918 986182
1500996919 72860
1500996919 158793
1500996919 245224
1500996919 332348
1500996919 419055
1500996919 609639
1500996919 706594
1500996919 802070
1500996919 888247
1500996919 974565
1500996920 60547
1500996920 147899
1500996920 234051
1500996920 320506
1500996920 406558
1500996920 589019
1500996920 723367
1500996920 810469
1500996921 1959
1500996921 213579
1500996921 299463
1500996921 385640
1500996921 674350
1500996921 760608
1500996921 846763
1500996921 932730
1500996922 19972
1500996922 106294
1500996922 192421
1500996922 278682
1500996922 364777
1500996922 452066
1500996922 538002
1500996922 624748
1500996922 710977
1500996922 797004
1500996922 883861
1500996922 970259
1500996923 56404
1500996923 142690
1500996923 364217
1500996923 613909
1500996923 699985
1500996923 786548
1500996923 872211
1500996923 958490
1500996924 45594
1500996924 131896
1500996924 217879
1500996924 304240
1500996924 390260
1500996924 477609
1500996924 563862
1500996924 649998
1500996924 736098
1500996924 822223
1500996924 910087
1500996924 996303
1500996925 82014
1500996925 168280
1500996925 254404
1500996925 341511
1500996925 427639
1500996925 513899
1500996925 600074
1500996925 693208
1500996925 782747
1500996925 869603
1500996925 955994
1500996926 205610
1500996926 291685
1500996926 378746
1500996926 541404
1500996926 848927
1500996926 935337
1500996927 21375
1500996927 107396
1500996927 193740
1500996927 280869
1500996927 367049
1500996927 453125
1500996927 540138
1500996927 625705
1500996927 731811
1500996927 818019
1500996927 904718
1500996927 990621
1500996928 77747
1500996928 163988
1500996928 249982
1500996928 336357
1500996928 422546
1500996928 509544
1500996928 596393
1500996928 682094
1500996928 768341
1500996928 854364
1500996928 941653
1500996929 27788
1500996929 114523
1500996929 200283
1500996929 287415
1500996929 373513
1500996929 459916
1500996929 546089
1500996929 632239
1500996929 719266
1500996929 805702
1500996929 891605
1500996929 977978
1500996930 63904
1500996930 151224
1500996930 237497
1500996930 323606
1500996930 409803
1500996930 495928
1500996930 583145
1500996930 670107
1500996930 755526
1500996930 841896
1500996930 928037
1500996931 15810
1500996931 101870
1500996931 187520
1500996931 273916
1500996931 359878
1500996931 447119
1500996931 534054
1500996931 619459
1500996931 705895
1500996931 792780
1500996931 879182
1500996931 965422
1500996932 51505
1500996932 137649
1500996932 224959
1500996932 311113
1500996932 397280
1500996932 483465
1500996932 569628
1500996932 657320
1500996932 743100
1500996932 829409
1500996932 915581
1500996933 1731
1500996933 88811
1500996933 175045
1500996933 261327
1500996933 347662
1500996933 433773
1500996933 520904
1500996933 606886
1500996933 693180
1500996933 779266
1500996933 866737
1500996933 952981
1500996934 38932
1500996934 125968
1500996934 211456
1500996934 298487
1500996934 384650
1500996934 470929
1500996934 557281
1500996934 643449
1500996934 730576
1500996934 816788
1500996934 902999
1500996934 988999
1500996935 75115
1500996935 162786
1500996935 248652
1500996935 335599
1500996935 421255
1500996935 507358
1500996935 594558
1500996935 680839
1500996935 766865
1500996935 853106
1500996935 939298
1500996936 26462
1500996936 112678
1500996936 199088
1500996936 285037
1500996936 372728
1500996936 458644
1500996936 544517
1500996936 631286
1500996936 716989
1500996936 804646
1500996936 890258
1500996936 976611
1500996937 62889
1500996937 149021
1500996937 236204
1500996937 322328
1500996937 409418
1500996937 494812
1500996937 580900
1500996937 667944
1500996937 754408
1500996937 840588
1500996937 926852
1500996938 12988
1500996938 100275
1500996938 186356
1500996938 272463
1500996938 358903
1500996938 444931
1500996938 532121
1500996938 618296
1500996938 704450
1500996938 790655
1500996938 877727
1500996938 963893
1500996939 50556
1500996939 194793
1500996939 300692
1500996939 424102
1500996939 511360
1500996939 597537
1500996939 683695
1500996939 769952
1500996939 857064
1500996939 943244
1500996940 30029
1500996940 115558
1500996940 201706
1500996940 287852
1500996940 375161
1500996940 461149
1500996940 547529
1500996940 768061
1500996940 855054
1500996940 941979
1500996941 27984
1500996941 113946
1500996941 200357
1500996941 287307
1500996941 373377
1500996941 459591
1500996941 546066
1500996941 632815
1500996941 718988
1500996941 805284
1500996941 891539
1500996941 996819
1500996942 112231
1500996942 199169
1500996942 285317
1500996942 372147
1500996942 457908
1500996942 544105
1500996942 631122
1500996942 746410
1500996942 832614
1500996942 918857
1500996943 5125
1500996943 139527
1500996943 273730
1500996943 360662
1500996943 446511
1500996943 533618
1500996943 619387
1500996943 705592
1500996943 791882
1500996943 879124
1500996943 965298
1500996944 51332
1500996944 137783
1500996944 223964
1500996944 473508
1500996944 560372
1500996944 646765
1500996944 953672
1500996945 40612
1500996945 126978
1500996945 213163
1500996945 299363
1500996945 385842
1500996945 473251
1500996945 558812
1500996945 645044
1500996945 798695
1500996945 884693
1500996945 971694
1500996946 57892
1500996946 144213
1500996946 230396
1500996946 316421
1500996946 404203
1500996946 489832
1500996946 576391
1500996946 662252
1500996946 748360
1500996946 835661
1500996946 922228
1500996947 8300
1500996947 94264
1500996947 180484
1500996947 267856
1500996947 353683
1500996947 440030
1500996947 526189
1500996947 613584
1500996947 699389
1500996947 804732
1500996947 890917
1500996947 978359
1500996948 64363
1500996948 150560
1500996948 236823
1500996948 322978
1500996948 410437
1500996948 496382
1500996948 582586
1500996948 668774
1500996948 880279
1500996948 966644
1500996949 81849
1500996949 168370
1500996949 254109
1500996949 341365
1500996949 427602
1500996949 638916
1500996949 725178
1500996949 849626
1500996949 936531
1500996950 195518
1500996950 281556
1500996950 474064
1500996950 560228
1500996950 694251
1500996950 809606
1500996950 896013
1500996950 983036
1500996951 69317
1500996951 155385
1500996951 242272
1500996951 327895
1500996951 415058
1500996951 501294
1500996951 587501
1500996951 673503
1500996951 759836
1500996951 846956
1500996951 933281
1500996952 19952
1500996952 105618
1500996952 192876
1500996952 278765
1500996952 365844
1500996952 451266
1500996952 537474
1500996952 624656
1500996952 711249
1500996952 797012
1500996952 883170
1500996952 970208
1500996953 56508
1500996953 142821
1500996953 229073
1500996953 315223
1500996953 401472
1500996953 488655
1500996953 574894
1500996953 661196
1500996953 747481
1500996953 833562
1500996953 920726
1500996954 6705
1500996954 93094
1500996954 179180
1500996954 265481
1500996954 352848
1500996954 438634
1500996954 525194
1500996954 611184
1500996954 698191
1500996954 784487
1500996954 871090
1500996954 957683
1500996955 43246
1500996955 130343
1500996955 216463
1500996955 369806
1500996955 456000
1500996955 639186
1500996955 974436
1500996956 99632
1500996956 185860
1500996956 272549
1500996956 359087
1500996956 445303
1500996956 531861
1500996956 617724
1500996956 703702
1500996956 790917
1500996956 877096
1500996956 973324
1500996957 59478
1500996957 309468
1500996957 395494
1500996957 520438
1500996957 606539
1500996957 692878
1500996957 779244
1500996957 865562
1500996957 952481
1500996958 38707
1500996958 124804
1500996958 211218
1500996958 297448
1500996958 384644
1500996958 470746
1500996958 556941
1500996958 643231
1500996958 730155
1500996958 816428
1500996958 902709
1500996958 988965
1500996959 75147
1500996959 162066
1500996959 248587
1500996959 334601
1500996959 421010
1500996959 507173
1500996959 594065
1500996959 680419
1500996959 767238
1500996959 852857
1500996959 939228
1500996960 26163
1500996960 112507
1500996960 198659
1500996960 284941
1500996960 371541
1500996960 458291
1500996960 544435
1500996960 630834
1500996960 716825
1500996960 803095
1500996960 890282
1500996960 976340
1500996961 62521
1500996961 148934
1500996961 235238
1500996961 322006
1500996961 408277
1500996961 494914
1500996961 580900
1500996961 667888
1500996961 753987
1500996961 840220
1500996961 926664
1500996962 12891
1500996962 99975
1500996962 186060
1500996962 272302
1500996962 358452
1500996962 449233
1500996962 540944
1500996962 626948
1500996962 714373
1500996962 800333
1500996962 886649
1500996962 972848
1500996963 232481
1500996963 348392
1500996963 441324
1500996963 530198
1500996963 807887
1500996963 894874
1500996963 985305
1500996964 77364
1500996964 163870
1500996964 249940
1500996964 335862
1500996964 423148
1500996964 509692
1500996964 595568
1500996964 681714
1500996964 767881
1500996964 855001
1500996964 941167
1500996965 27407
1500996965 114265
1500996965 200373
1500996965 287080
1500996965 373177
1500996965 459509
1500996965 545792
1500996965 631764
1500996965 718726
1500996965 805324
1500996965 891823
1500996965 977735
1500996966 63635
1500996966 151136
1500996966 237118
1500996966 323577
1500996966 409644
1500996966 495884
1500996966 583179
1500996966 669285
1500996966 763106
1500996966 851489
1500996966 937891
1500996967 24529
1500996967 111218
1500996967 197315
1500996967 283574
1500996967 369743
1500996967 455992
1500996967 543021
1500996967 629047
1500996967 715415
1500996967 801552
1500996967 887986
1500996967 975000
1500996968 61268
1500996968 147340
1500996968 233769
1500996968 319905
1500996968 407096
1500996968 493461
1500996968 579437
1500996968 665695
1500996968 752658
1500996968 839077
1500996968 925245
1500996969 11290
1500996969 97679
1500996969 184718
1500996969 270879
1500996969 357393
1500996969 444235
1500996969 529580
1500996969 616733
1500996969 702900
1500996969 789007
1500996969 875280
1500996969 961572
1500996970 48682
1500996970 134963
1500996970 221768
1500996970 308072
1500996970 393779
1500996970 480770
1500996970 566782
1500996970 653234
1500996970 740039
1500996970 825567
1500996970 912623
1500996970 998728
1500996971 85222
1500996971 171490
1500996971 257630
1500996971 344697
1500996971 431472
1500996971 517009
1500996971 603181
1500996971 689522
1500996971 776432
1500996971 862917
1500996971 949582
1500996972 35179
1500996972 121636
1500996972 208673
1500996972 294841
1500996972 380830
1500996972 467145
1500996972 553392
1500996972 640326
1500996972 726664
1500996972 812905
1500996972 899009
1500996972 985556
1500996973 73027
1500996973 159359
1500996973 244910
1500996973 331007
1500996973 418242
1500996973 504492
1500996973 590519
1500996973 676998
1500996973 908189
1500996974 80084
1500996974 167083
1500996974 252995
1500996974 406695
1500996974 511930
1500996974 627107
1500996974 934791
1500996975 20838
1500996975 107442
1500996975 194365
1500996975 280499
1500996975 366623
1500996975 452748
1500996975 539078
1500996975 626429
1500996975 712295
1500996975 798650
1500996975 884694
1500996975 981159
1500996976 67899
1500996976 154120
1500996976 240790
1500996976 365551
1500996976 490144
1500996976 652468
1500996977 113744
1500996977 277158
1500996977 392321
1500996977 478491
1500996977 564669
1500996977 651578
1500996977 747025
1500996977 872344
1500996977 968320
1500996978 63604
1500996978 150813
1500996978 246339
1500996978 333118
1500996978 428447
1500996978 669061
1500996978 765187
1500996978 860664
1500996978 947394
1500996979 33837
1500996979 283574
1500996979 407810
1500996979 494954
1500996979 600081
1500996979 686476
1500996979 782521
1500996979 917014
1500996980 3112
1500996980 90183
1500996980 204661
1500996980 387027
1500996980 473875
1500996980 598298
1500996980 704403
1500996980 800654
1500996980 895104
1500996980 982377
1500996981 69150
1500996981 154626
1500996981 241014
1500996981 327120
1500996981 423457
1500996981 509334
1500996981 595797
1500996981 731553
1500996981 826286
1500996981 913346
1500996981 999485
1500996982 85816
1500996982 172274
1500996982 777481
1500996982 863639
1500996982 950043
1500996983 36128
1500996983 122988
1500996983 257268
1500996983 400861
1500996983 487160
1500996983 574041
1500996983 660118
1500996983 746538
1500996983 920053
1500996984 6103
1500996984 92421
1500996984 178432
1500996984 264894
1500996984 351804
1500996984 438028
1500996984 524126
1500996984 610681
1500996984 697157
1500996984 783791
1500996984 869903
1500996984 956192
1500996985 42418
1500996985 129245
1500996985 215863
1500996985 302226
1500996985 388222
1500996985 474530
1500996985 560774
1500996985 647817
1500996985 733885
1500996985 820945
1500996985 906275
1500996985 992626
1500996986 79702
1500996986 357575
1500996986 732078
1500996986 857600
1500996986 952812
1500996987 97069
1500996987 193270
1500996987 279441
1500996987 365759
1500996987 451819
1500996987 615382
1500996987 701574
1500996987 816516
1500996987 903762
1500996987 999135
1500996988 86139
1500996988 172409
1500996988 258458
1500996988 345172
1500996988 431121
1500996988 517156
1500996988 603957
1500996988 690398
1500996988 776645
1500996988 863504
1500996988 949193
1500996989 35272
1500996989 121475
1500996989 207737
1500996989 294952
1500996989 381217
1500996989 467580
1500996989 554482
1500996989 639839
1500996989 726935
1500996989 813128
1500996989 899280
1500996989 985597
1500996990 72856
1500996990 158818
1500996990 245367
1500996990 331313
1500996990 417514
1500996990 504809
1500996990 590855
1500996990 677198
1500996990 763500
1500996990 849595
1500996990 936495
1500996991 22839
1500996991 243555
1500996991 330035
1500996991 415779
1500996991 503475
1500996991 589081
1500996991 675418
1500996991 761769
1500996991 848361
1500996991 934898
1500996992 136250
1500996992 222657
1500996992 308827
1500996992 394935
1500996992 482195
1500996992 568366
1500996992 654357
1500996992 741403
1500996992 826910
1500996992 914145
1500996993 320
1500996993 86452
1500996993 172712
1500996993 258890
1500996993 346131
1500996993 432348
1500996993 518520
1500996993 605291
1500996993 729950
1500996993 893905
1500996993 979631
1500996994 181193
1500996994 345061
1500996994 449605
1500996994 535812
1500996994 622987
1500996994 709067
1500996994 795530
1500996994 881492
1500996994 967623
1500996995 54882
1500996995 141183
1500996995 227196
1500996995 313551
1500996995 400496
1500996995 486893
1500996995 573107
1500996995 660116
1500996995 745919
1500996995 831744
1500996995 918806
1500996996 5170
1500996996 91281
1500996996 177597
1500996996 263568
1500996996 350659
1500996996 437808
1500996996 523379
1500996996 609361
1500996996 696580
1500996996 783581
1500996996 869173
1500996996 955389
1500996997 41402
1500996997 128548
1500996997 214702
1500996997 300961
1500996997 387612
1500996997 473350
1500996997 560573
1500996997 646519
1500996997 732924
1500996997 819250
1500996997 905253
1500996997 992545
1500996998 193970
1500996998 280254
1500996998 366534
1500996998 452555
1500996998 539780
1500996998 674056
1500996998 798555
1500996998 884644
1500996998 971921
1500996999 57761
1500996999 144628
1500996999 230497
1500996999 316505
1500996999 499020
1500996999 586070
1500996999 672089
1500996999 863888
1500996999 950877
1500997000 37004
1500997000 123415
1500997000 210000
1500997000 296451
1500997000 381945
1500997000 469125
1500997000 555370
1500997000 641713
1500997000 727611
1500997000 813768
1500997000 900870
1500997000 987184
1500997001 73794
1500997001 266046
1500997001 352856
1500997001 447476
1500997001 889772
1500997001 976503
1500997002 61735
1500997002 149073
1500997002 235010
1500997002 349971
1500997002 436317
1500997002 522760
1500997002 609011
1500997002 696075
1500997002 782510
1500997002 868549
1500997002 954529
1500997003 40862
1500997003 128077
1500997003 214483
1500997003 300388
1500997003 386698
1500997003 472896
1500997003 675544
1500997003 992120
1500997004 87971
1500997004 174506
1500997004 260763
1500997004 346885
1500997004 433276
1500997004 520322
1500997004 606444
1500997004 692553
1500997004 779602
1500997004 865611
1500997004 952122
1500997005 38307
1500997005 124588
1500997005 210903
1500997005 296972
1500997005 384007
1500997005 470484
1500997005 739079
1500997005 892404
1500997005 978559
1500997006 65683
1500997006 151917
1500997006 238597
1500997006 324361
1500997006 411452
1500997006 497722
1500997006 583812
1500997006 670102
1500997006 756065
1500997006 843240
1500997006 929674
1500997007 15751
1500997007 102170
1500997007 188212
1500997007 275235
1500997007 361513
1500997007 447965
1500997007 533833
1500997007 620167
1500997007 707348
1500997007 793597
1500997007 879750
1500997007 965722
1500997008 51904
1500997008 139128
1500997008 225873
1500997008 311754
1500997008 398061
1500997008 484211
1500997008 571165
1500997008 657466
1500997008 743744
1500997008 830118
1500997008 916199
1500997009 3178
1500997009 89419
1500997009 175750
1500997009 261905
1500997009 349639
1500997009 444351
1500997009 531044
1500997009 617569
1500997009 703968
1500997009 790226
1500997009 876143
1500997009 964060
1500997010 49426
1500997010 135550
1500997010 222944
1500997010 308429
1500997010 395437
1500997010 481588
1500997010 567836
1500997010 653847
1500997010 740142
1500997010 827093
1500997010 913578
1500997010 999749
1500997011 85905
1500997011 172285
1500997011 259269
1500997011 345231
1500997011 432379
1500997011 518044
1500997011 604051
1500997011 691206
1500997011 777403
1500997011 863703
1500997011 950625
1500997012 36113
1500997012 123015
1500997012 209295
1500997012 295716
1500997012 381732
1500997012 468924
1500997012 555030
1500997012 641693
1500997012 728091
1500997012 813826
1500997012 901338
1500997012 986982
1500997013 73342
1500997013 159521
1500997013 246234
1500997013 332958
1500997013 419271
1500997013 505333
1500997013 591606
1500997013 677638
1500997013 764628
1500997013 851354
1500997013 937097
1500997014 23625
1500997014 109803
1500997014 196922
1500997014 282991
1500997014 369336
1500997014 455436
1500997014 541719
1500997014 629358
1500997014 714987
1500997014 801212
1500997014 888098
1500997014 974625
1500997015 60652
1500997015 146888
1500997015 233243
1500997015 319494
1500997015 406773
1500997015 492752
1500997015 578949
1500997015 665297
1500997015 752307
1500997015 838667
1500997015 924844
1500997016 11036
1500997016 97890
1500997016 183560
1500997016 270473
1500997016 356690
1500997016 443394
1500997016 529251
1500997016 615260
1500997016 702304
1500997016 788695
1500997016 874910
1500997016 961112
1500997017 47407
1500997017 135278
1500997017 220547
1500997017 306731
1500997017 393274
1500997017 480074
1500997017 575369
1500997017 661816
1500997017 748754
1500997018 123024
1500997018 229657
1500997018 324820
1500997018 411250
1500997018 497424
1500997018 584500
1500997018 669970
1500997018 756031
1500997018 843216
1500997018 929461
1500997019 15562
1500997019 101968
1500997019 188022
1500997019 275346
1500997019 363069
1500997019 457707
1500997019 543812
1500997019 629882
1500997019 716189
1500997019 803492
1500997019 889696
1500997019 976580
1500997020 62076
1500997020 148837
1500997020 235402
1500997020 322119
1500997020 407809
1500997020 494132
1500997020 580209
1500997020 667568
1500997020 753709
1500997020 839745
1500997020 926178
1500997021 108532
1500997021 194870
1500997021 281621
1500997021 367749
1500997021 454156
1500997021 540216
1500997021 626472
1500997021 714067
1500997021 799864
1500997021 886740
1500997021 972278
1500997022 59652
1500997022 145541
1500997022 232382
1500997022 318101
1500997022 404999
1500997022 490418
1500997022 577523
1500997022 664457
1500997022 750212
1500997022 836292
1500997022 922941
1500997023 9686
1500997023 95761
1500997023 182180
1500997023 268269
1500997023 354913
1500997023 441883
1500997023 527868
1500997023 614099
