1502714286 823631
1502714286 899758
1502714286 956819
1502714287 18526
1502714287 90452
1502714287 157572
1502714287 225766
1502714287 283215
1502714287 340309
1502714287 398417
1502714287 455536
1502714287 513644
1502714287 570819
1502714287 629049
1502714287 686025
1502714287 744106
1502714287 801269
1502714287 859431
1502714287 916650
1502714287 974635
1502714288 31975
1502714288 89870
1502714288 147033
1502714288 205133
1502714288 262530
1502714288 319601
1502714288 377578
1502714288 434831
1502714288 492839
1502714288 550082
1502714288 608074
1502714288 665250
1502714288 723361
1502714288 780498
1502714288 838725
1502714288 895847
1502714288 953894
1502714289 11084
1502714289 69303
1502714289 126313
1502714289 184340
1502714289 241668
1502714289 298940
1502714289 356883
1502714289 414034
1502714289 472010
1502714289 529294
1502714289 587323
1502714289 644506
1502714289 702552
1502714289 759714
1502714289 817807
1502714289 875079
1502714289 933057
1502714289 990340
1502714290 48382
1502714290 105461
1502714290 163668
1502714290 230749
1502714290 287965
1502714290 346046
1502714290 413194
1502714290 480218
1502714290 537719
1502714290 595579
1502714290 652787
1502714290 719932
1502714290 777995
1502714290 835199
1502714290 893391
1502714290 950598
1502714291 7573
1502714291 65647
1502714291 122938
1502714291 181119
1502714291 238102
1502714291 296172
1502714291 363352
1502714291 430524
1502714291 497624
1502714291 564719
1502714291 631896
1502714291 699278
1502714291 766304
1502714291 833370
1502714291 900547
1502714291 967676
1502714292 34834
1502714292 102018
1502714292 169141
1502714292 237275
1502714292 304390
1502714292 371687
1502714292 438929
1502714292 505889
1502714292 573084
1502714292 640191
1502714292 707390
1502714292 774528
1502714292 841663
1502714292 908761
1502714292 976007
1502714293 43164
1502714293 110259
1502714293 177542
1502714293 244601
1502714293 311930
1502714293 378984
1502714293 446200
1502714293 513188
1502714293 581363
1502714293 648525
1502714293 715564
1502714293 782742
1502714293 849959
1502714293 916969
1502714293 984164
1502714294 51419
1502714294 118609
1502714294 185658
1502714294 252748
1502714294 319941
1502714294 387118
1502714294 454654
1502714294 521416
1502714294 588497
1502714294 655720
1502714294 722928
1502714294 790147
1502714294 858355
1502714294 925307
1502714294 992703
1502714295 59704
1502714295 126830
1502714295 194161
1502714295 261029
1502714295 328176
1502714295 395296
1502714295 462578
1502714295 529765
1502714295 596834
1502714295 663961
1502714295 731306
1502714295 798384
1502714295 865591
1502714295 932901
1502714295 999809
1502714296 67000
1502714296 134978
1502714296 202176
1502714296 269261
1502714296 336525
1502714296 403566
1502714296 470890
1502714296 537837
1502714296 605027
1502714296 673164
1502714296 739479
1502714296 806515
1502714296 873721
1502714296 940809
1502714297 8002
1502714297 75315
1502714297 142272
1502714297 209604
1502714297 276526
1502714297 343772
1502714297 410931
1502714297 478948
1502714297 546156
1502714297 613396
1502714297 680371
1502714297 747604
1502714297 814741
1502714297 882222
1502714297 949075
1502714298 16206
1502714298 83462
1502714298 150613
1502714298 217868
1502714298 285096
1502714298 352085
1502714298 419151
1502714298 486330
1502714298 553443
1502714298 620723
1502714298 687688
1502714298 754914
1502714298 822952
1502714298 890256
1502714298 957585
1502714299 24433
1502714299 91943
1502714299 158840
1502714299 225927
1502714299 293045
1502714299 360200
1502714299 427436
1502714299 494821
1502714299 561699
1502714299 628838
1502714299 696122
1502714299 763128
1502714299 830270
1502714299 897569
1502714299 964741
1502714300 31836
1502714300 99820
1502714300 167020
1502714300 234178
1502714300 301632
1502714300 368411
1502714300 435644
1502714300 502872
1502714300 569943
1502714300 637081
1502714300 704293
1502714300 771374
1502714300 838537
1502714300 906024
1502714300 972927
1502714301 40037
1502714301 107471
1502714301 174593
1502714301 241537
1502714301 308606
1502714301 375782
1502714301 443016
1502714301 510200
1502714301 577281
1502714301 644455
1502714301 711627
1502714301 779669
1502714301 846842
1502714301 914127
1502714301 981326
1502714302 47398
1502714302 114674
1502714302 181661
1502714302 248872
1502714302 315969
1502714302 383091
1502714302 450441
1502714302 517413
1502714302 584567
1502714302 651742
1502714302 718952
1502714302 786124
1502714302 853206
1502714302 920434
1502714302 987680
1502714303 54834
1502714303 122048
1502714303 189103
1502714303 256368
1502714303 323279
1502714303 390639
1502714303 457633
1502714303 524989
1502714303 591894
1502714303 659270
1502714303 726259
1502714303 793431
1502714303 860516
1502714303 927666
1502714303 985881
1502714304 53022
1502714304 120268
1502714304 187387
1502714304 244397
1502714304 302541
1502714304 359817
1502714304 426832
1502714304 494157
1502714304 561126
1502714304 628281
1502714304 695432
1502714304 762617
1502714304 829743
1502714304 898071
1502714304 965158
1502714305 38473
1502714305 100032
1502714305 166689
1502714305 233896
1502714305 301152
1502714305 368196
1502714305 435286
1502714305 502412
1502714305 569491
1502714305 637206
1502714305 703980
1502714305 771636
1502714305 838027
1502714305 905374
1502714305 972469
1502714306 39465
1502714306 106686
1502714306 173868
1502714306 242191
1502714306 309065
1502714306 376218
1502714306 443322
1502714306 510530
1502714306 577614
1502714306 644776
1502714306 711836
1502714306 779075
1502714306 846319
1502714306 913381
1502714306 980667
1502714307 48469
1502714307 115152
1502714307 182892
1502714307 249610
1502714307 316425
1502714307 383811
1502714307 450710
1502714307 518687
1502714307 585802
1502714307 652982
1502714307 720258
1502714307 787273
1502714307 854443
1502714307 921604
1502714307 988948
1502714308 57192
1502714308 123209
1502714308 198377
1502714308 267592
1502714308 333305
1502714308 400544
1502714308 468020
1502714308 534941
1502714308 602405
1502714308 669173
1502714308 736322
1502714308 804251
1502714308 861822
1502714308 919179
1502714308 977042
1502714309 34224
1502714309 92340
1502714309 149474
1502714309 207590
1502714309 264763
1502714309 322809
1502714309 380015
1502714309 438087
1502714309 495226
1502714309 553390
1502714309 610664
1502714309 668559
1502714309 725915
1502714309 783753
1502714309 841001
1502714309 898302
1502714309 956378
1502714310 13900
1502714310 71674
1502714310 128662
1502714310 186962
1502714310 243931
1502714310 302217
1502714310 359221
1502714310 417562
1502714310 475576
1502714310 532609
1502714310 589791
1502714310 647863
1502714310 704918
1502714310 763050
1502714310 820246
1502714310 877624
1502714310 935562
1502714310 992635
1502714311 50785
1502714311 107985
1502714311 165982
1502714311 223232
1502714311 281366
1502714311 338501
1502714311 396409
1502714311 453553
1502714311 511865
1502714311 568939
1502714311 627120
1502714311 684139
1502714311 742360
1502714311 799441
1502714311 857531
1502714311 914739
1502714311 971971
1502714312 30973
1502714312 87262
1502714312 145261
1502714312 202649
1502714312 260580
1502714312 317694
1502714312 375915
1502714312 432956
1502714312 490964
1502714312 548111
1502714312 606272
1502714312 663317
1502714312 721416
1502714312 778776
1502714312 836633
1502714312 894067
1502714312 951069
1502714313 9301
1502714313 66266
1502714313 124583
1502714313 181524
1502714313 239721
1502714313 296783
1502714313 354883
1502714313 411973
1502714313 470069
1502714313 527384
1502714313 585454
1502714313 652502
1502714313 719642
1502714313 786846
1502714313 854056
1502714313 921078
1502714313 988285
1502714314 55720
1502714314 123768
1502714314 190166
1502714314 256853
1502714314 324044
1502714314 391283
1502714314 458557
1502714314 525608
1502714314 592795
1502714314 660025
1502714314 727843
1502714314 795132
1502714314 862393
1502714314 929873
1502714314 996657
1502714315 63753
1502714315 130846
1502714315 197955
1502714315 265179
1502714315 332317
1502714315 399545
1502714315 466639
1502714315 533760
1502714315 600904
1502714315 668979
1502714315 735356
1502714315 802452
1502714315 869695
1502714315 936741
1502714316 4727
1502714316 71965
1502714316 139610
1502714316 206227
1502714316 273322
1502714316 340483
1502714316 408698
1502714316 474987
1502714316 532026
1502714316 590120
1502714316 647266
1502714316 705417
1502714316 762533
1502714316 820570
1502714316 877859
1502714316 935971
1502714316 992958
1502714317 51031
1502714317 108286
1502714317 166375
1502714317 223500
1502714317 280698
1502714317 338706
1502714317 396036
1502714317 453963
1502714317 511075
1502714317 569308
1502714317 626474
1502714317 684453
1502714317 741623
1502714317 799882
1502714317 857015
1502714317 915198
1502714317 972171
1502714318 30423
1502714318 97459
1502714318 164601
1502714318 231871
1502714318 299039
1502714318 366057
1502714318 433241
1502714318 500324
1502714318 567512
1502714318 634710
1502714318 702101
1502714318 769271
1502714318 838169
1502714318 903418
1502714318 970695
1502714319 37784
1502714319 105024
1502714319 171961
1502714319 239998
1502714319 307134
1502714319 374466
1502714319 441539
1502714319 508628
1502714319 575746
1502714319 643143
1502714319 710145
1502714319 777288
1502714319 844394
1502714319 911735
1502714319 978980
1502714320 45872
1502714320 113199
1502714320 180226
1502714320 247339
1502714320 314523
1502714320 381629
1502714320 448899
1502714320 515940
1502714320 584133
1502714320 651180
1502714320 718381
1502714320 785475
1502714320 852655
1502714320 919748
1502714320 987001
1502714321 54128
1502714321 121198
1502714321 188456
1502714321 255542
1502714321 322790
1502714321 389864
1502714321 457097
1502714321 530588
1502714321 591599
1502714321 659112
1502714321 726342
1502714321 793210
1502714321 860463
1502714321 928983
1502714321 995375
1502714322 62495
1502714322 130688
1502714322 196880
1502714322 263867
1502714322 331164
1502714322 398702
1502714322 465804
1502714322 532497
1502714322 600104
1502714322 666921
1502714322 734211
1502714322 801262
1502714322 868548
1502714322 935752
1502714323 3051
1502714323 74177
1502714323 137948
1502714323 204139
1502714323 272805
1502714323 338437
1502714323 404733
1502714323 471347
1502714323 539276
1502714323 605111
1502714323 673430
1502714323 739632
1502714323 806613
1502714323 873720
1502714323 940836
1502714324 8243
1502714324 75169
1502714324 142358
1502714324 209470
1502714324 282433
1502714324 345001
1502714324 412474
1502714324 479120
1502714324 546234
1502714324 613464
1502714324 687266
1502714324 747849
1502714324 814990
1502714324 882241
1502714324 949314
1502714325 16901
1502714325 83826
1502714325 151448
1502714325 217862
1502714325 285133
1502714325 352222
1502714325 419598
1502714325 487651
1502714325 554760
1502714325 626341
1502714325 688964
1502714325 757238
1502714325 823558
1502714325 890641
1502714325 957449
1502714326 24463
1502714326 91646
1502714326 159095
1502714326 225981
1502714326 293119
1502714326 360266
1502714326 427768
1502714326 485546
1502714326 552482
1502714326 619480
1502714326 677173
1502714326 735677
1502714326 794572
1502714326 859557
1502714326 927625
1502714326 983786
1502714327 41864
1502714327 99066
1502714327 157175
1502714327 214262
1502714327 272096
1502714327 329797
1502714327 387232
1502714327 444808
1502714327 502533
1502714327 569833
1502714327 627332
1502714327 684507
1502714327 742616
1502714327 799696
1502714327 857760
1502714327 914832
1502714327 973083
1502714328 30552
1502714328 88569
1502714328 145742
1502714328 203649
1502714328 260566
1502714328 318701
1502714328 377258
1502714328 442952
1502714328 501095
1502714328 558254
1502714328 615472
1502714328 673527
1502714328 730725
1502714328 788942
1502714328 845974
1502714328 904065
1502714328 961181
1502714329 19557
1502714329 76439
1502714329 134642
1502714329 191891
1502714329 249885
1502714329 307244
1502714329 365006
1502714329 422160
1502714329 480310
1502714329 537674
1502714329 594685
1502714329 652718
1502714329 709829
1502714329 768050
1502714329 825093
1502714329 883285
1502714329 940452
1502714329 998505
1502714330 65567
1502714330 132746
1502714330 199921
1502714330 267229
1502714330 334311
1502714330 401358
1502714330 468551
1502714330 535692
1502714330 602859
1502714330 670027
1502714330 737265
1502714330 804251
1502714330 871451
1502714330 938589
1502714331 7326
1502714331 73793
1502714331 141085
1502714331 208269
1502714331 275327
1502714331 342483
1502714331 409741
1502714331 476944
1502714331 544048
1502714331 611065
1502714331 678446
1502714331 745507
1502714331 812648
1502714331 879786
1502714331 946942
1502714332 14106
1502714332 81303
1502714332 148335
1502714332 215630
1502714332 283520
1502714332 350737
1502714332 417991
1502714332 485056
1502714332 552233
1502714332 619316
1502714332 686516
1502714332 753676
1502714332 820925
1502714332 888057
1502714332 955254
1502714333 22255
1502714333 89443
1502714333 156692
1502714333 223776
1502714333 291100
1502714333 359112
1502714333 425312
1502714333 492547
1502714333 550412
1502714333 617570
1502714333 674771
1502714333 732750
1502714333 800075
1502714333 867205
1502714333 934350
1502714333 992453
1502714334 59567
1502714334 126676
1502714334 193924
1502714334 261066
1502714334 328354
1502714334 395319
1502714334 452480
1502714334 510592
1502714334 577697
1502714334 644927
1502714334 712101
1502714334 779366
1502714334 846451
1502714334 913553
1502714334 980689
1502714335 47843
1502714335 115180
1502714335 182222
1502714335 249624
1502714335 316515
1502714335 383598
1502714335 450781
1502714335 518907
1502714335 585949
1502714335 653125
1502714335 720288
1502714335 787810
1502714335 854667
1502714335 921759
1502714335 988975
1502714336 56355
1502714336 123315
1502714336 190414
1502714336 257538
1502714336 324656
1502714336 391764
1502714336 459090
1502714336 526272
1502714336 593327
1502714336 660567
1502714336 727576
1502714336 795072
1502714336 863168
1502714336 929990
1502714336 997065
1502714337 64406
1502714337 132492
1502714337 198651
1502714337 266149
1502714337 333055
1502714337 400113
1502714337 467304
1502714337 534418
1502714337 601867
1502714337 669088
1502714337 736082
1502714337 803124
1502714337 870114
1502714337 937532
1502714338 4572
1502714338 71742
1502714338 139038
1502714338 206946
1502714338 274191
1502714338 341203
1502714338 408356
1502714338 475448
1502714338 542749
1502714338 610183
1502714338 676935
1502714338 744062
1502714338 811314
1502714338 878364
1502714338 945461
1502714339 12736
1502714339 79797
1502714339 146973
1502714339 214117
1502714339 281310
1502714339 348522
1502714339 415708
1502714339 482839
1502714339 549988
1502714339 618454
1502714339 685096
1502714339 752394
1502714339 819483
1502714339 886628
1502714339 953788
1502714340 20982
1502714340 88101
1502714340 155252
1502714340 222342
1502714340 289632
1502714340 356692
1502714340 423850
1502714340 490989
1502714340 558169
1502714340 625299
1502714340 692830
1502714340 759651
1502714340 826726
1502714340 895130
1502714340 962155
1502714341 29122
1502714341 96371
1502714341 163599
1502714341 230678
1502714341 297946
1502714341 365124
1502714341 432159
1502714341 499310
1502714341 566471
1502714341 633576
1502714341 700839
1502714341 767954
1502714341 835273
1502714341 902259
1502714341 969532
1502714342 36649
1502714342 104031
1502714342 171685
1502714342 238932
1502714342 305968
1502714342 373186
1502714342 440303
1502714342 507447
1502714342 574699
1502714342 641718
1502714342 709084
1502714342 776184
1502714342 843198
1502714342 910348
1502714342 977604
1502714343 44728
1502714343 112025
1502714343 179052
1502714343 246225
1502714343 313518
1502714343 380502
1502714343 447677
1502714343 515769
1502714343 582948
1502714343 650225
1502714343 717181
1502714343 784462
1502714343 850597
1502714343 917738
1502714343 984873
1502714344 51956
1502714344 119254
1502714344 186343
1502714344 253539
1502714344 320632
1502714344 387831
1502714344 454924
1502714344 522151
1502714344 590215
1502714344 657332
1502714344 724498
1502714344 791634
1502714344 858774
1502714344 925989
1502714344 993211
1502714345 60334
1502714345 127729
1502714345 194582
1502714345 261752
1502714345 328936
1502714345 396055
1502714345 463191
1502714345 530389
1502714345 597482
1502714345 664683
1502714345 731830
1502714345 798990
1502714345 866109
1502714345 933311
1502714346 480
1502714346 67620
1502714346 134703
1502714346 201949
1502714346 269075
1502714346 337706
1502714346 403369
1502714346 470530
1502714346 538020
1502714346 605007
1502714346 672048
1502714346 739279
1502714346 806504
1502714346 873486
1502714346 940626
1502714347 7741
1502714347 74961
1502714347 142211
1502714347 209223
1502714347 276396
1502714347 343594
1502714347 410730
1502714347 477888
1502714347 545531
1502714347 612223
1502714347 679321
1502714347 746481
1502714347 813638
1502714347 880783
1502714347 947997
1502714348 15263
1502714348 82424
1502714348 149470
1502714348 216965
1502714348 283873
1502714348 350885
1502714348 419014
1502714348 486361
1502714348 553235
1502714348 620442
1502714348 687732
1502714348 754913
1502714348 821909
1502714348 889044
1502714348 956242
1502714349 23354
1502714349 90585
1502714349 157663
1502714349 224817
1502714349 292081
1502714349 359135
1502714349 426499
1502714349 493448
1502714349 560803
1502714349 627833
1502714349 694894
1502714349 762057
1502714349 829360
1502714349 896393
1502714349 963575
1502714350 30735
1502714350 97898
1502714350 165006
1502714350 232135
1502714350 299914
1502714350 366758
1502714350 433622
1502714350 500958
1502714350 568074
1502714350 635342
1502714350 702408
1502714350 769399
1502714350 836562
1502714350 903723
1502714350 970956
1502714351 38322
1502714351 105276
1502714351 172491
1502714351 239521
1502714351 306826
1502714351 374753
1502714351 441782
1502714351 508953
1502714351 576225
1502714351 643396
1502714351 710615
1502714351 777760
1502714351 844924
1502714351 902163
1502714351 960193
1502714352 17453
1502714352 75434
1502714352 132562
1502714352 190574
1502714352 247879
1502714352 305897
1502714352 372823
1502714352 439723
1502714352 507040
1502714352 564538
1502714352 622542
1502714352 680167
1502714352 737870
1502714352 795006
1502714352 852930
1502714352 910406
1502714352 968210
1502714353 25558
1502714353 83647
1502714353 148443
1502714353 207864
1502714353 266151
1502714353 323271
1502714353 380247
1502714353 438354
1502714353 495720
1502714353 553551
1502714353 610916
1502714353 668965
1502714353 725980
1502714353 784248
1502714353 841377
1502714353 899416
1502714353 956557
1502714354 14860
1502714354 73920
1502714354 139016
1502714354 197060
1502714354 254374
1502714354 312245
1502714354 369402
1502714354 427514
1502714354 484719
1502714354 541827
1502714354 600082
1502714354 657127
1502714354 715310
1502714354 772426
1502714354 830599
1502714354 887649
1502714354 945777
1502714355 2946
1502714355 61039
1502714355 118176
1502714355 176247
1502714355 233390
1502714355 291721
1502714355 348731
1502714355 406896
1502714355 463912
1502714355 521060
1502714355 579354
1502714355 636427
1502714355 694701
1502714355 751605
1502714355 809653
1502714355 866848
1502714355 925027
1502714355 982334
1502714356 40338
1502714356 97810
1502714356 155421
1502714356 212642
1502714356 270902
1502714356 327956
1502714356 386126
1502714356 443122
1502714356 500381
1502714356 558372
1502714356 615519
1502714356 673641
1502714356 730844
1502714356 789093
1502714356 850440
1502714356 913208
1502714356 970716
1502714357 28473
1502714357 85646
1502714357 143642
1502714357 200930
1502714357 258984
1502714357 316202
1502714357 373336
1502714357 431746
1502714357 499798
1502714357 565837
1502714357 623805
1502714357 680948
1502714357 738152
1502714357 796184
1502714357 853341
1502714357 911427
1502714357 968582
1502714358 26893
1502714358 93946
1502714358 151032
1502714358 209118
1502714358 266352
1502714358 324356
1502714358 391515
1502714358 458719
1502714358 525830
1502714358 598564
1502714358 660340
1502714358 727486
1502714358 794479
1502714358 861542
1502714358 919668
1502714358 986969
1502714359 54054
1502714359 121079
1502714359 178420
1502714359 245448
1502714359 303521
1502714359 370682
1502714359 437823
1502714359 505002
1502714359 572112
1502714359 639300
1502714359 706555
1502714359 773646
1502714359 840745
1502714359 908052
1502714359 975139
1502714360 42272
1502714360 109392
1502714360 176511
1502714360 243700
1502714360 311757
1502714360 378964
1502714360 446321
1502714360 513200
1502714360 580377
1502714360 647547
1502714360 714757
1502714360 781899
1502714360 848996
1502714360 916242
1502714360 983344
1502714361 50510
1502714361 117592
1502714361 184749
1502714361 251952
1502714361 319061
1502714361 386302
1502714361 453385
1502714361 520579
1502714361 588590
1502714361 655745
1502714361 722989
1502714361 790196
1502714361 857201
1502714361 924361
1502714361 991659
1502714362 58724
1502714362 125893
1502714362 193011
1502714362 260204
1502714362 327312
1502714362 394638
1502714362 461599
1502714362 528946
1502714362 596012
1502714362 663278
1502714362 730582
1502714362 797493
1502714362 864666
1502714362 932619
1502714362 999787
1502714363 67002
1502714363 134166
1502714363 201294
1502714363 268409
1502714363 335683
1502714363 402812
1502714363 469889
1502714363 537041
1502714363 604230
1502714363 671513
1502714363 738681
1502714363 805682
1502714363 872760
1502714363 939948
1502714364 7126
1502714364 82490
1502714364 151387
1502714364 218665
1502714364 285706
1502714364 352842
1502714364 420172
1502714364 487256
1502714364 554379
1502714364 621490
1502714364 688687
1502714364 755850
1502714364 823858
1502714364 891081
1502714364 958190
1502714365 25345
1502714365 92712
1502714365 159611
1502714365 226877
1502714365 293960
1502714365 361113
1502714365 428337
1502714365 495410
1502714365 562615
1502714365 629740
1502714365 696851
1502714365 764110
1502714365 831186
1502714365 898656
1502714365 965638
1502714366 32712
1502714366 99850
1502714366 168111
1502714366 235096
1502714366 302232
1502714366 369501
1502714366 436524
1502714366 503629
1502714366 570871
1502714366 638044
1502714366 705119
1502714366 772322
1502714366 839853
1502714366 906689
1502714366 973831
1502714367 41083
1502714367 108261
1502714367 175420
1502714367 242510
1502714367 309713
1502714367 376755
1502714367 444033
1502714367 511927
1502714367 579122
1502714367 646231
1502714367 713466
1502714367 781188
1502714367 846722
1502714367 913989
1502714367 981090
1502714368 48248
1502714368 115443
1502714368 422162
1502714368 489404
1502714368 556386
1502714368 623584
1502714368 690785
1502714368 757875
1502714368 825064
1502714368 892247
1502714368 959368
1502714369 26522
1502714369 93753
1502714369 160820
1502714369 228023
1502714369 295147
1502714369 362322
1502714369 429465
1502714369 496629
1502714369 563778
1502714369 631054
1502714369 698075
1502714369 765268
1502714369 832371
1502714369 899551
1502714369 966673
1502714370 33884
1502714370 100995
1502714370 168157
1502714370 234941
1502714370 302603
1502714370 369337
1502714370 436449
1502714370 503797
1502714370 570797
1502714370 638472
1502714370 706149
1502714370 773135
1502714370 840327
1502714370 907427
1502714370 965118
1502714371 23260
1502714371 80220
1502714371 138567
1502714371 195595
1502714371 253574
1502714371 310757
1502714371 367887
1502714371 425943
1502714371 483162
1502714371 541536
1502714371 598449
1502714371 656470
1502714371 713835
1502714371 771815
1502714371 828929
1502714371 886975
1502714371 944445
1502714372 2643
1502714372 59395
1502714372 117458
1502714372 175011
1502714372 241959
1502714372 299954
1502714372 357026
1502714372 414335
1502714372 472373
1502714372 529465
1502714372 587558
1502714372 644940
1502714372 702827
1502714372 760176
1502714372 818297
1502714372 875218
1502714372 933341
1502714372 990617
1502714373 48727
1502714373 105765
1502714373 172875
1502714373 230964
1502714373 288082
1502714373 346221
1502714373 403364
1502714373 461513
1502714373 518698
1502714373 575853
1502714373 633897
1502714373 691125
1502714373 749211
1502714373 806409
1502714373 864381
1502714373 921556
1502714373 979866
1502714374 36809
1502714374 94987
1502714374 152147
1502714374 210165
1502714374 267319
1502714374 325397
1502714374 382663
1502714374 440852
1502714374 497858
1502714374 555997
1502714374 613186
1502714374 670337
1502714374 728347
1502714374 785569
1502714374 843615
1502714374 900821
1502714374 958939
1502714375 16155
1502714375 74231
1502714375 131383
1502714375 189302
1502714375 246561
1502714375 313707
1502714375 371794
1502714375 428961
1502714375 486977
1502714375 544182
1502714375 602377
1502714375 659447
1502714375 717531
1502714375 784673
1502714375 841914
1502714375 899953
1502714375 957196
1502714376 14273
1502714376 72462
1502714376 129556
1502714376 187640
1502714376 245027
1502714376 302929
1502714376 360070
1502714376 418282
1502714376 485297
1502714376 552409
1502714376 619611
1502714376 676723
1502714376 734894
1502714376 801991
1502714376 869190
1502714376 936448
1502714377 3534
1502714377 61793
1502714377 128952
1502714377 196011
1502714377 263053
1502714377 330535
1502714377 397550
1502714377 464473
1502714377 521674
1502714377 579860
1502714377 636907
1502714377 704031
1502714377 771222
1502714377 829357
1502714377 896498
1502714377 963550
1502714378 30983
1502714378 98096
1502714378 165039
1502714378 223226
1502714378 290343
1502714378 357479
1502714378 424584
1502714378 491799
1502714378 559035
1502714378 626109
1502714378 693229
1502714378 760435
1502714378 827798
1502714378 894721
1502714378 961994
1502714379 29034
1502714379 96183
1502714379 163329
1502714379 230443
1502714379 297644
1502714379 364954
1502714379 432045
1502714379 500128
1502714379 567218
1502714379 634539
1502714379 702332
1502714379 770306
1502714379 835877
1502714379 906358
1502714379 970112
1502714380 37282
1502714380 104546
1502714380 171732
1502714380 238727
1502714380 305840
1502714380 372995
1502714380 440254
1502714380 507381
1502714380 574523
1502714380 641808
1502714380 708836
1502714380 776836
1502714380 844017
1502714380 914376
1502714380 978548
1502714381 45490
1502714381 112749
1502714381 179835
1502714381 247001
1502714381 314102
1502714381 381249
1502714381 448562
1502714381 515823
1502714381 582790
1502714381 649869
1502714381 717315
1502714381 786481
1502714381 851408
1502714381 918754
1502714381 985668
1502714382 52890
1502714382 120909
1502714382 188042
1502714382 255176
1502714382 322449
1502714382 389526
1502714382 456673
1502714382 523885
1502714382 591205
1502714382 658165
1502714382 725240
1502714382 792449
1502714382 859652
1502714382 926796
1502714382 993900
1502714383 61063
1502714383 128141
1502714383 195331
1502714383 262509
1502714383 329844
1502714383 396842
1502714383 464841
1502714383 532094
1502714383 599197
1502714383 666344
1502714383 733505
1502714383 800709
1502714383 867919
1502714383 934997
1502714384 2288
1502714384 69283
1502714384 136447
1502714384 203634
1502714384 270752
1502714384 337925
1502714384 405043
1502714384 472278
1502714384 539511
1502714384 606607
1502714384 673715
1502714384 740883
1502714384 808920
1502714384 876042
1502714384 943180
1502714385 10403
1502714385 77808
1502714385 144709
1502714385 211876
1502714385 279033
1502714385 346381
1502714385 413400
1502714385 480695
1502714385 547669
1502714385 614787
1502714385 681942
1502714385 749111
1502714385 816223
1502714385 883372
1502714385 950621
1502714386 17703
1502714386 85942
1502714386 158552
1502714386 220269
1502714386 287281
1502714386 354423
1502714386 421538
1502714386 489042
1502714386 555895
1502714386 623062
1502714386 690166
1502714386 757346
1502714386 824469
1502714386 891713
1502714386 958862
1502714387 26088
1502714387 93234
1502714387 160261
1502714387 227429
1502714387 294625
1502714387 361965
1502714387 429762
1502714387 497010
1502714387 564291
1502714387 631220
1502714387 698399
1502714387 765599
1502714387 832718
1502714387 899856
1502714387 967005
1502714388 34167
1502714388 101378
1502714388 168490
1502714388 235650
1502714388 302749
1502714388 369910
1502714388 437080
1502714388 504231
1502714388 571418
1502714388 638611
1502714388 706667
1502714388 774052
1502714388 840999
1502714388 908043
1502714388 975257
1502714389 42814
1502714389 109632
1502714389 176713
1502714389 243876
1502714389 311282
1502714389 378339
1502714389 445357
1502714389 512457
1502714389 579640
1502714389 646829
1502714389 713972
1502714389 781095
1502714389 848293
1502714389 915439
1502714389 982624
1502714390 49852
1502714390 116979
1502714390 184922
1502714390 251397
1502714390 318400
1502714390 385601
1502714390 452687
1502714390 519807
1502714390 587064
1502714390 654168
1502714390 721323
1502714390 788550
1502714390 855559
1502714390 922809
1502714390 989871
1502714391 57113
1502714391 124213
1502714391 191352
1502714391 258714
1502714391 325775
1502714391 392830
1502714391 459996
1502714391 527156
1502714391 594386
1502714391 661599
1502714391 728595
1502714391 795790
1502714391 864039
1502714391 930989
1502714391 998180
1502714392 65338
1502714392 136004
1502714392 199608
1502714392 266818
1502714392 334102
1502714392 401123
1502714392 468191
1502714392 535334
1502714392 602798
1502714392 669774
1502714392 736892
1502714392 803970
1502714392 871165
1502714392 938387
1502714393 5488
1502714393 72660
1502714393 140059
1502714393 207847
1502714393 275008
1502714393 342189
1502714393 409358
1502714393 476492
1502714393 543607
1502714393 610826
1502714393 677904
1502714393 745081
1502714393 812291
1502714393 879321
1502714393 946591
1502714394 13881
1502714394 80892
1502714394 147982
1502714394 215178
1502714394 282506
1502714394 349635
1502714394 416590
1502714394 483933
1502714394 551951
1502714394 619038
1502714394 686224
1502714394 753337
1502714394 820761
1502714394 887586
1502714394 954838
1502714395 21951
1502714395 89061
1502714395 156490
1502714395 223612
1502714395 290643
1502714395 357695
1502714395 424924
1502714395 492160
1502714395 559235
1502714395 626416
1502714395 693464
1502714395 760702
1502714395 827805
1502714395 895828
1502714395 963299
1502714396 30281
1502714396 97365
1502714396 164513
1502714396 231624
1502714396 298831
1502714396 365923
1502714396 433375
1502714396 500324
1502714396 567423
1502714396 635048
1502714396 702047
1502714396 768898
1502714396 836089
1502714396 903326
1502714396 970467
1502714397 37448
1502714397 104729
1502714397 171851
1502714397 239999
1502714397 307264
1502714397 374263
1502714397 441400
1502714397 508501
1502714397 575772
1502714397 642919
1502714397 710079
1502714397 777189
1502714397 844534
1502714397 911506
1502714397 978681
1502714398 45852
1502714398 113113
1502714398 179765
1502714398 238156
1502714398 295330
1502714398 362486
1502714398 420716
1502714398 487769
1502714398 554649
1502714398 621803
1502714398 689047
1502714398 756123
1502714398 823179
1502714398 890316
1502714398 949029
1502714399 5967
1502714399 72793
1502714399 131261
1502714399 188301
1502714399 255141
1502714399 322292
1502714399 389511
1502714399 447834
1502714399 505136
1502714399 563227
1502714399 630379
1502714399 687416
1502714399 745639
1502714399 802929
1502714399 859931
1502714399 917994
1502714399 975158
1502714400 33198
1502714400 90625
1502714400 149310
1502714400 206433
1502714400 263788
1502714400 320897
1502714400 378959
1502714400 436195
1502714400 494286
1502714400 551536
1502714400 609587
1502714400 666904
1502714400 724743
1502714400 782041
1502714400 839930
1502714400 897399
1502714400 954456
1502714401 12783
1502714401 69750
1502714401 127714
1502714401 184799
1502714401 243016
1502714401 300221
1502714401 358217
1502714401 415477
1502714401 473413
1502714401 530641
1502714401 588822
1502714401 645868
1502714401 703908
1502714401 761120
1502714401 819114
1502714401 876537
1502714401 933694
1502714401 991676
1502714402 48865
1502714402 106868
1502714402 164584
1502714402 222314
1502714402 279236
1502714402 337420
1502714402 394678
1502714402 452840
1502714402 510027
1502714402 567831
1502714402 625014
1502714402 683111
1502714402 740421
1502714402 798309
1502714402 855557
1502714402 912710
1502714402 970777
1502714403 28005
1502714403 86031
1502714403 143489
1502714403 201295
1502714403 258609
1502714403 316547
1502714403 373753
1502714403 431832
1502714403 488973
1502714403 547076
1502714403 604226
1502714403 662375
1502714403 719458
1502714403 777753
1502714403 844634
1502714403 902043
1502714403 959959
1502714404 17280
1502714404 75161
1502714404 132561
1502714404 199707
1502714404 257720
1502714404 324707
1502714404 391918
1502714404 459045
1502714404 526594
1502714404 593423
1502714404 660583
1502714404 727778
1502714404 794816
1502714404 861995
1502714404 929188
1502714404 996321
1502714405 63452
1502714405 130597
1502714405 197927
1502714405 265042
1502714405 332097
1502714405 399535
1502714405 466542
1502714405 533620
1502714405 601595
1502714405 668761
1502714405 735920
1502714405 803047
1502714405 870247
1502714405 937575
1502714406 4665
1502714406 71739
1502714406 138865
1502714406 206052
1502714406 273168
1502714406 340368
1502714406 407653
1502714406 474715
1502714406 541853
1502714406 609095
1502714406 676115
1502714406 743205
1502714406 810446
1502714406 877599
1502714406 946327
1502714407 12795
1502714407 79934
1502714407 147246
1502714407 214270
1502714407 281420
1502714407 348620
1502714407 415695
1502714407 482831
1502714407 550225
1502714407 617404
1502714407 684318
1502714407 751729
1502714407 818665
1502714407 886177
1502714407 953521
1502714408 20140
1502714408 87311
1502714408 154517
1502714408 222475
1502714408 289602
1502714408 356786
1502714408 423906
1502714408 491151
1502714408 558284
1502714408 625393
1502714408 692553
1502714408 759721
1502714408 827075
1502714408 894063
1502714408 961242
1502714409 28420
1502714409 95542
1502714409 162701
1502714409 229841
1502714409 296985
1502714409 364091
1502714409 431313
1502714409 499316
1502714409 566545
1502714409 633763
1502714409 700808
1502714409 767974
1502714409 835107
1502714409 902374
1502714409 969486
1502714410 36711
1502714410 104233
1502714410 170926
1502714410 238290
1502714410 305147
1502714410 372359
1502714410 439553
1502714410 506992
1502714410 573990
1502714410 641105
1502714410 708195
1502714410 776463
1502714410 843145
1502714410 910346
1502714410 977475
1502714411 44498
1502714411 111774
1502714411 178854
1502714411 246036
1502714411 313127
1502714411 380745
1502714411 447511
1502714411 515020
1502714411 581888
1502714411 640133
1502714411 697311
1502714411 764258
1502714411 822496
1502714411 879811
1502714411 946576
1502714412 5001
1502714412 62138
1502714412 120347
1502714412 177470
1502714412 244290
1502714412 311465
1502714412 369778
1502714412 426925
1502714412 484994
1502714412 542387
1502714412 599378
1502714412 657428
1502714412 724258
1502714412 791484
1502714412 850062
1502714412 916686
1502714412 974157
1502714413 41105
1502714413 99451
1502714413 156617
1502714413 223425
1502714413 281834
1502714413 339024
1502714413 397177
1502714413 454362
1502714413 511387
1502714413 569666
1502714413 626769
1502714413 684768
1502714413 742065
1502714413 800099
1502714413 857232
1502714413 915229
1502714413 972466
1502714414 39494
1502714414 97775
1502714414 164502
1502714414 231647
1502714414 289236
1502714414 347186
1502714414 410262
1502714414 471509
1502714414 529620
1502714414 587144
1502714414 645013
1502714414 702048
1502714414 760179
1502714414 817301
1502714414 875535
1502714414 932538
1502714414 990712
1502714415 47778
1502714415 105161
1502714415 163143
1502714415 220366
1502714415 278382
1502714415 335448
1502714415 393549
1502714415 451004
1502714415 509144
1502714415 566119
1502714415 624129
1502714415 681241
1502714415 739386
1502714415 796554
1502714415 854570
1502714415 911818
1502714415 969813
1502714416 26974
1502714416 84434
1502714416 142361
1502714416 199560
1502714416 257597
1502714416 314687
1502714416 372788
1502714416 429935
1502714416 487974
1502714416 545330
1502714416 603320
1502714416 660539
1502714416 727457
1502714416 785940
1502714416 842809
1502714416 900996
1502714416 958142
1502714417 16238
1502714417 73537
1502714417 131410
1502714417 188842
1502714417 245815
1502714417 303817
1502714417 361117
1502714417 419092
1502714417 476237
1502714417 534406
1502714417 591558
1502714417 649662
1502714417 706827
1502714417 764762
1502714417 822045
1502714417 880111
1502714417 937265
1502714417 995304
1502714418 52689
1502714418 109755
1502714418 167824
1502714418 225025
1502714418 283089
1502714418 340254
1502714418 398297
1502714418 456145
1502714418 513556
1502714418 570719
1502714418 628973
1502714418 685985
1502714418 744072
1502714418 801370
1502714418 859337
1502714418 916507
1502714418 974616
1502714419 31868
1502714419 89850
1502714419 147042
1502714419 204161
1502714419 262228
1502714419 319435
1502714419 377484
1502714419 434695
1502714419 492751
1502714419 550039
1502714419 608081
1502714419 665228
1502714419 723250
1502714419 780531
1502714419 838476
1502714419 895620
1502714419 953783
1502714420 10971
1502714420 69113
1502714420 126228
1502714420 183331
1502714420 241437
1502714420 308569
1502714420 366062
1502714420 423952
1502714420 480985
1502714420 539093
1502714420 606295
1502714420 673445
1502714420 740699
1502714420 798833
1502714420 865824
1502714420 932965
1502714421 331
1502714421 67286
1502714421 134466
1502714421 201578
1502714421 268709
1502714421 336041
1502714421 403121
1502714421 470284
1502714421 537460
1502714421 604544
1502714421 671631
1502714421 738799
1502714421 805954
1502714421 873093
1502714421 940349
1502714422 7498
1502714422 74633
1502714422 142781
1502714422 209841
1502714422 276980
1502714422 344195
1502714422 411358
1502714422 478511
1502714422 545603
1502714422 613041
1502714422 679965
1502714422 747098
1502714422 814473
1502714422 881406
1502714422 948618
1502714423 15840
1502714423 82893
1502714423 150108
1502714423 217358
1502714423 284426
1502714423 351443
1502714423 418706
1502714423 486957
1502714423 553996
1502714423 621167
1502714423 688472
1502714423 755475
1502714423 822589
1502714423 889780
1502714423 956921
1502714424 24218
1502714424 91244
1502714424 158283
1502714424 225476
1502714424 292758
1502714424 359842
1502714424 426768
1502714424 493332
1502714424 560241
1502714424 627500
1502714424 694729
1502714424 761428
1502714424 828707
1502714424 895723
1502714424 953230
1502714425 20045
1502714425 87197
1502714425 145777
1502714425 202828
1502714425 260916
1502714425 318117
1502714425 376450
1502714425 433362
1502714425 491368
1502714425 548487
1502714425 606686
1502714425 663790
1502714425 722157
1502714425 784742
1502714425 846337
1502714425 904327
1502714425 961535
1502714426 19727
1502714426 76818
1502714426 134821
1502714426 191931
1502714426 250144
1502714426 307824
1502714426 365088
1502714426 422504
1502714426 479904
1502714426 537824
1502714426 604945
1502714426 662054
1502714426 720150
1502714426 787377
1502714426 854411
1502714426 921635
1502714426 988978
1502714427 56136
1502714427 123133
1502714427 190314
1502714427 257429
1502714427 324703
1502714427 391767
1502714427 459003
1502714427 526050
1502714427 593153
1502714427 661240
1502714427 728412
1502714427 795543
1502714427 862684
1502714427 930106
1502714427 997015
1502714428 64148
1502714428 131428
1502714428 198546
1502714428 265629
1502714428 332756
1502714428 399913
1502714428 467162
1502714428 534320
1502714428 601460
1502714428 668529
1502714428 735634
1502714428 802955
1502714428 870204
1502714428 937148
1502714429 5264
1502714429 72394
1502714429 139566
1502714429 206678
1502714429 274328
1502714429 341043
1502714429 408260
1502714429 475267
1502714429 542562
1502714429 609760
1502714429 676479
1502714429 743654
1502714429 810876
1502714429 877914
1502714429 945055
1502714430 12172
1502714430 69847
1502714430 127899
1502714430 184899
1502714430 243110
1502714430 300248
1502714430 358309
1502714430 415447
1502714430 473640
1502714430 530773
1502714430 588807
1502714430 645976
1502714430 704104
1502714430 761212
1502714430 819242
1502714430 876534
1502714430 933644
1502714430 991747
1502714431 49128
1502714431 109147
1502714431 174186
1502714431 231335
1502714431 289340
1502714431 346597
1502714431 404625
1502714431 461834
1502714431 519908
1502714431 577003
1502714431 635171
1502714431 692420
1502714431 750412
1502714431 807568
1502714431 865716
1502714431 922997
1502714431 989960
1502714432 48054
1502714432 116835
1502714432 183917
1502714432 249601
1502714432 316731
1502714432 383911
1502714432 451085
1502714432 518268
1502714432 585357
1502714432 652587
1502714432 719625
1502714432 786810
1502714432 844862
1502714432 912131
1502714432 979187
1502714433 46457
1502714433 113486
1502714433 180785
1502714433 247805
1502714433 315043
1502714433 382200
1502714433 449284
1502714433 507437
1502714433 574708
1502714433 641695
1502714433 708780
1502714433 776221
1502714433 843134
1502714433 910302
1502714433 977560
1502714434 44575
1502714434 101776
1502714434 159832
1502714434 227091
1502714434 294219
1502714434 361320
1502714434 419397
1502714434 486714
1502714434 553740
1502714434 620972
1502714434 688062
1502714434 755204
1502714434 822381
1502714434 889517
1502714434 956838
1502714435 23980
1502714435 90979
1502714435 158295
1502714435 225343
1502714435 292456
1502714435 359576
1502714435 426802
1502714435 493920
1502714435 561180
1502714435 628217
1502714435 695347
1502714435 763388
1502714435 830568
1502714435 897705
1502714435 964875
1502714436 32071
1502714436 99417
1502714436 166333
1502714436 233488
1502714436 300636
1502714436 367789
1502714436 434980
1502714436 502111
1502714436 569190
1502714436 636408
1502714436 703600
1502714436 770682
1502714436 837894
1502714436 905011
1502714436 972216
1502714437 39362
1502714437 107478
1502714437 174766
1502714437 241878
1502714437 308840
1502714437 376119
1502714437 443197
1502714437 510382
1502714437 577451
1502714437 644663
1502714437 711858
1502714437 778997
1502714437 846130
1502714437 913433
1502714437 980449
1502714438 47616
1502714438 114869
1502714438 181886
1502714438 249158
1502714438 316204
1502714438 383373
1502714438 451466
1502714438 518679
1502714438 585823
1502714438 652934
1502714438 720082
1502714438 787217
1502714438 854624
1502714438 921501
1502714438 988692
1502714439 55862
1502714439 122959
1502714439 190156
1502714439 257326
1502714439 324448
1502714439 391607
1502714439 458786
1502714439 525948
1502714439 593058
1502714439 660219
1502714439 727318
1502714439 795475
1502714439 862931
1502714439 929722
1502714439 996903
1502714440 64037
1502714440 131197
1502714440 198396
1502714440 265544
1502714440 332674
1502714440 399962
1502714440 466988
1502714440 534154
1502714440 601335
1502714440 668455
1502714440 735617
1502714440 802770
1502714440 869964
1502714440 937112
1502714441 4206
1502714441 71444
1502714441 139537
1502714441 206695
1502714441 273896
1502714441 340777
1502714441 407807
1502714441 474898
1502714441 546721
1502714441 618608
1502714441 685482
1502714441 752628
1502714441 819731
1502714441 886930
1502714441 954210
1502714442 21230
1502714442 88661
1502714442 155852
1502714442 222974
1502714442 290311
1502714442 357382
1502714442 424480
1502714442 491748
1502714442 559009
1502714442 625948
1502714442 693991
1502714442 761220
1502714442 828320
1502714442 895416
1502714442 962619
1502714443 29843
1502714443 96934
1502714443 164183
1502714443 231282
1502714443 298765
1502714443 365600
1502714443 432802
1502714443 499994
1502714443 567186
1502714443 634215
1502714443 701528
1502714443 768787
1502714443 835868
1502714443 902942
1502714443 970909
1502714444 37883
1502714444 105147
1502714444 172322
1502714444 239518
1502714444 306699
1502714444 373732
1502714444 440978
1502714444 508068
1502714444 578370
1502714444 642740
1502714444 709552
1502714444 776712
1502714444 843902
1502714444 911073
1502714444 978237
1502714445 45309
1502714445 112479
1502714445 179675
1502714445 247736
1502714445 314849
1502714445 381968
1502714445 449238
1502714445 516362
1502714445 583665
1502714445 650674
1502714445 717765
1502714445 784954
1502714445 852198
1502714445 919437
1502714445 986430
1502714446 53603
1502714446 120750
1502714446 187888
1502714446 255158
1502714446 322189
1502714446 389360
1502714446 456514
1502714446 523878
1502714446 591769
1502714446 658897
1502714446 726147
1502714446 793124
1502714446 860339
1502714446 927509
1502714446 994825
1502714447 61843
1502714447 128968
1502714447 196121
1502714447 263272
1502714447 330492
1502714447 397609
1502714447 464738
1502714447 531873
1502714447 599137
1502714447 666217
1502714447 733299
1502714447 800500
1502714447 868604
1502714447 935750
1502714448 2903
1502714448 70301
1502714448 137176
1502714448 204353
1502714448 271519
1502714448 338723
1502714448 405844
1502714448 473399
1502714448 540177
1502714448 607365
1502714448 674471
1502714448 741593
1502714448 808778
1502714448 875930
1502714448 943112
1502714449 10286
1502714449 77378
1502714449 144607
1502714449 212569
1502714449 279763
1502714449 346930
1502714449 414262
1502714449 481185
1502714449 548379
1502714449 615554
1502714449 682713
1502714449 749946
1502714449 817014
1502714449 884237
1502714449 951394
1502714450 18501
1502714450 85624
1502714450 152731
1502714450 220016
1502714450 287250
1502714450 354367
1502714450 421388
1502714450 488848
1502714450 556655
1502714450 623979
1502714450 691040
1502714450 758214
1502714450 824918
1502714450 891616
1502714450 958895
1502714451 25868
1502714451 93149
1502714451 160303
1502714451 227421
1502714451 294644
1502714451 361809
1502714451 429824
1502714451 496192
1502714451 563197
1502714451 630367
1502714451 697615
1502714451 769234
1502714451 831849
1502714451 899175
1502714451 966218
1502714452 33215
1502714452 100509
1502714452 167590
1502714452 234673
1502714452 301885
1502714452 369067
1502714452 437091
1502714452 504168
1502714452 571303
1502714452 638576
1502714452 705910
1502714452 772438
1502714452 839556
1502714452 910065
1502714452 973989
1502714453 41042
1502714453 108289
1502714453 175405
1502714453 242551
1502714453 309685
1502714453 376856
1502714453 435283
1502714453 502070
1502714453 569175
1502714453 636352
1502714453 693974
1502714453 752085
1502714453 809201
1502714453 867094
1502714453 924303
1502714453 982495
1502714454 39577
1502714454 97678
1502714454 154920
1502714454 212940
1502714454 270075
1502714454 328581
1502714454 385355
1502714454 443556
1502714454 500645
1502714454 557819
1502714454 615867
1502714454 673098
1502714454 731153
1502714454 788307
1502714454 846400
1502714454 903764
1502714454 961628
1502714455 18743
1502714455 76888
1502714455 144059
1502714455 211199
1502714455 278520
1502714455 345811
1502714455 412705
1502714455 479836
1502714455 546974
1502714455 614130
1502714455 681518
1502714455 748563
1502714455 815611
1502714455 882900
1502714455 949930
1502714456 17093
1502714456 85116
1502714456 152524
1502714456 220038
1502714456 286643
1502714456 353762
1502714456 421272
1502714456 488267
1502714456 555228
1502714456 622629
1502714456 690629
1502714456 756864
1502714456 823979
1502714456 891070
1502714456 958276
1502714457 25552
1502714457 92530
1502714457 159739
1502714457 227067
1502714457 294133
1502714457 361965
1502714457 429160
1502714457 496303
1502714457 563400
1502714457 630687
1502714457 697714
1502714457 765076
1502714457 832088
1502714457 899262
1502714457 966407
1502714458 33581
1502714458 100775
1502714458 167827
1502714458 235001
1502714458 302086
1502714458 369180
1502714458 436275
1502714458 503389
1502714458 560783
1502714458 627983
1502714458 694268
1502714458 761033
1502714458 828150
1502714458 886620
1502714458 943833
1502714459 2025
1502714459 59078
1502714459 117216
1502714459 174230
1502714459 232701
1502714459 289751
1502714459 347674
1502714459 404968
1502714459 462847
1502714459 520292
1502714459 577617
1502714459 635266
1502714459 692514
1502714459 750532
1502714459 807647
1502714459 865824
1502714459 922986
1502714459 981076
1502714460 38230
1502714460 96278
1502714460 153551
1502714460 211488
1502714460 268738
1502714460 326809
1502714460 384330
1502714460 442038
1502714460 499294
1502714460 557234
1502714460 614441
1502714460 671888
1502714460 729834
1502714460 786924
1502714460 845049
1502714460 902229
1502714460 960378
1502714461 17355
1502714461 75475
1502714461 132709
1502714461 190715
1502714461 247878
1502714461 305926
1502714461 363190
1502714461 421363
1502714461 478533
1502714461 536512
1502714461 593640
1502714461 650803
1502714461 708871
1502714461 766102
1502714461 824160
1502714461 881282
1502714461 939429
1502714461 996545
1502714462 54747
1502714462 111804
1502714462 169880
1502714462 227101
1502714462 285235
1502714462 342303
1502714462 400412
1502714462 457698
1502714462 515650
1502714462 572936
1502714462 640316
1502714462 707175
1502714462 774329
1502714462 841455
1502714462 899748
1502714462 966756
1502714463 34081
1502714463 101069
1502714463 168163
1502714463 235341
1502714463 302752
1502714463 369878
1502714463 436765
1502714463 503981
1502714463 571186
1502714463 638352
1502714463 705428
1502714463 772830
1502714463 839801
1502714463 908191
1502714463 974026
1502714464 32240
1502714464 102334
1502714464 166510
1502714464 233552
1502714464 300734
1502714464 368058
1502714464 435446
1502714464 506378
1502714464 569374
1502714464 627579
1502714464 694964
1502714464 761873
1502714464 828963
1502714464 896347
1502714464 963266
1502714465 30312
1502714465 88460
1502714465 155602
1502714465 222941
1502714465 290071
1502714465 357230
1502714465 424212
1502714465 491337
1502714465 558612
1502714465 616055
1502714465 683080
1502714465 740955
1502714465 798341
1502714465 856215
1502714465 923482
1502714465 980541
1502714466 38690
1502714466 105837
1502714466 172951
1502714466 240018
1502714466 307301
1502714466 374384
1502714466 441540
1502714466 508639
1502714466 575786
1502714466 642995
1502714466 710302
1502714466 777485
1502714466 844542
1502714466 912558
1502714466 979999
1502714467 46875
1502714467 113950
1502714467 181148
1502714467 249418
1502714467 315755
1502714467 382684
1502714467 450293
1502714467 516931
1502714467 584095
1502714467 651267
1502714467 718548
1502714467 785591
1502714467 852671
1502714467 919862
1502714467 987002
1502714468 54193
1502714468 121325
1502714468 188571
1502714468 256567
1502714468 323696
1502714468 390859
1502714468 457996
1502714468 525183
1502714468 592291
1502714468 659482
1502714468 726573
1502714468 793834
1502714468 861036
1502714468 928122
1502714468 996354
1502714469 62496
1502714469 129625
1502714469 196749
1502714469 263970
1502714469 331217
1502714469 398206
1502714469 465414
1502714469 533408
1502714469 601602
1502714469 667725
1502714469 734917
1502714469 802036
1502714469 869210
1502714469 936467
1502714470 3604
1502714470 70704
1502714470 137848
1502714470 205010
1502714470 272097
1502714470 339244
1502714470 406532
1502714470 474044
1502714470 540752
1502714470 607862
1502714470 675067
1502714470 742261
1502714470 809592
1502714470 876571
1502714470 944581
1502714471 11720
1502714471 78856
1502714471 146041
1502714471 213542
1502714471 280360
1502714471 347137
1502714471 414503
1502714471 481612
1502714471 548717
1502714471 615949
1502714471 682947
1502714471 750169
1502714471 817309
1502714471 884362
1502714471 951595
1502714472 10056
1502714472 67138
1502714472 125238
1502714472 182522
1502714472 240479
1502714472 298182
1502714472 364568
1502714472 431656
1502714472 498878
1502714472 557196
1502714472 614391
1502714472 672724
1502714472 729712
1502714472 787731
1502714472 844975
1502714472 902996
1502714472 960144
1502714473 18249
1502714473 85011
1502714473 142553
1502714473 200714
1502714473 257962
1502714473 315083
1502714473 373034
1502714473 430354
1502714473 497101
1502714473 555405
1502714473 620623
1502714473 679969
1502714473 737988
1502714473 795095
1502714473 853104
1502714473 910331
1502714473 968292
1502714474 25670
1502714474 92746
1502714474 150772
1502714474 207981
1502714474 265989
1502714474 323147
1502714474 381317
1502714474 438529
1502714474 496512
1502714474 553756
1502714474 611801
1502714474 679057
1502714474 736405
1502714474 794298
1502714474 851390
1502714474 909478
1502714474 966667
1502714475 23957
1502714475 81888
1502714475 139049
1502714475 197154
1502714475 254313
1502714475 312347
1502714475 369556
1502714475 427633
1502714475 484766
1502714475 542923
1502714475 600048
1502714475 658158
1502714475 725286
1502714475 792542
1502714475 859561
1502714475 926831
1502714475 993972
1502714476 61046
1502714476 128264
1502714476 195485
1502714476 262697
1502714476 329787
1502714476 397035
1502714476 464158
1502714476 531250
1502714476 598446
1502714476 665479
1502714476 732721
1502714476 799797
1502714476 868039
1502714476 935082
1502714477 2270
1502714477 69376
1502714477 136464
1502714477 203562
1502714477 270798
1502714477 337900
1502714477 405046
1502714477 472211
1502714477 539420
1502714477 606609
1502714477 673713
1502714477 740804
1502714477 807978
1502714477 875288
1502714477 942379
1502714478 9481
1502714478 76623
1502714478 143802
1502714478 211849
1502714478 278979
1502714478 346390
1502714478 413462
1502714478 480499
1502714478 547583
1502714478 614992
1502714478 686491
1502714478 749108
1502714478 816281
1502714478 883485
1502714478 950776
1502714479 17741
1502714479 84885
1502714479 152169
1502714479 219165
1502714479 286448
1502714479 353488
1502714479 420867
1502714479 487810
1502714479 555024
1502714479 622111
1502714479 689258
1502714479 756465
1502714479 823605
1502714479 891658
1502714479 959213
1502714480 26057
1502714480 93257
1502714480 166654
1502714480 236534
1502714480 303679
1502714480 370842
1502714480 438983
1502714480 506212
1502714480 573235
1502714480 640361
1502714480 708312
1502714480 773753
1502714480 840935
1502714480 907867
1502714480 975407
1502714481 41678
1502714481 108799
1502714481 175909
1502714481 242711
1502714481 309787
1502714481 376995
1502714481 444359
1502714481 511237
1502714481 578417
1502714481 645537
1502714481 712747
1502714481 779856
1502714481 847056
1502714481 914555
1502714481 972585
1502714482 29846
1502714482 96532
1502714482 164271
1502714482 231312
1502714482 298942
1502714482 366122
1502714482 423708
1502714482 481684
1502714482 538827
1502714482 596034
1502714482 654156
1502714482 711432
1502714482 769340
1502714482 826713
1502714482 884562
1502714482 941715
1502714482 999816
1502714483 57222
1502714483 115266
1502714483 172384
1502714483 230474
1502714483 287474
1502714483 350376
1502714483 412824
1502714483 469874
1502714483 528084
1502714483 585224
1502714483 643251
1502714483 710452
1502714483 777890
1502714483 844969
1502714483 912157
1502714483 979112
1502714484 46349
1502714484 113336
1502714484 180488
1502714484 247684
1502714484 314833
1502714484 381932
1502714484 449061
1502714484 516386
1502714484 583412
1502714484 650806
1502714484 717890
1502714484 784969
1502714484 852082
1502714484 919166
1502714484 987266
1502714485 54471
1502714485 121588
1502714485 189106
1502714485 255880
1502714485 323070
1502714485 390278
1502714485 457359
1502714485 524535
1502714485 591737
1502714485 658859
1502714485 726102
1502714485 793133
1502714485 860312
1502714485 927942
1502714485 994617
1502714486 66358
1502714486 128925
1502714486 196116
1502714486 264095
1502714486 331526
1502714486 398512
1502714486 465612
1502714486 533393
1502714486 600074
1502714486 667105
1502714486 734239
1502714486 801382
1502714486 868541
1502714486 938426
1502714487 2851
1502714487 70032
1502714487 137190
1502714487 204365
1502714487 271395
1502714487 338888
1502714487 405806
1502714487 472975
1502714487 540115
1502714487 608073
1502714487 675318
1502714487 742483
1502714487 809652
1502714487 876786
1502714487 943939
1502714488 11110
1502714488 78226
1502714488 145507
1502714488 212670
1502714488 279886
1502714488 346938
1502714488 413615
1502714488 480891
1502714488 548176
1502714488 615311
1502714488 682345
1502714488 749461
1502714488 816616
1502714488 883792
1502714488 942260
1502714488 999369
1502714489 57621
1502714489 114627
1502714489 172691
1502714489 229897
1502714489 288009
1502714489 355381
1502714489 412541
1502714489 470601
1502714489 537512
1502714489 604659
1502714489 671809
1502714489 739254
1502714489 796148
1502714489 854240
1502714489 921597
1502714489 988825
1502714490 56101
1502714490 122980
1502714490 180170
1502714490 238440
1502714490 295432
1502714490 353345
1502714490 420507
1502714490 477652
1502714490 535735
1502714490 602954
1502714490 660035
1502714490 718210
1502714490 775756
1502714490 833453
1502714490 890633
1502714490 948937
1502714491 5851
1502714491 64030
1502714491 121103
1502714491 180406
1502714491 246797
1502714491 314629
1502714491 381048
1502714491 448686
1502714491 515267
1502714491 582603
1502714491 649555
1502714491 717200
1502714491 783900
1502714491 851076
1502714491 918418
1502714491 985521
1502714492 52856
1502714492 120586
1502714492 187065
1502714492 253849
1502714492 321447
1502714492 388697
1502714492 456152
1502714492 523312
1502714492 590479
1502714492 657629
1502714492 724622
1502714492 791984
1502714492 859151
1502714492 926153
1502714493 2572
1502714493 70485
1502714493 137626
1502714493 204729
1502714493 271820
1502714493 339095
1502714493 406300
1502714493 473358
1502714493 540495
1502714493 607871
1502714493 674792
1502714493 741886
1502714493 809195
1502714493 876324
1502714493 943430
1502714494 10624
1502714494 77729
1502714494 144931
1502714494 212186
1502714494 279166
1502714494 347288
1502714494 414497
1502714494 481863
1502714494 549014
1502714494 616176
1502714494 683312
1502714494 750266
1502714494 817464
1502714494 884734
1502714494 951821
1502714495 19016
1502714495 86379
1502714495 153243
1502714495 220731
1502714495 287666
1502714495 354699
1502714495 421664
1502714495 488727
1502714495 555849
1502714495 622916
1502714495 690077
1502714495 748615
1502714495 805991
1502714495 863724
1502714495 921064
1502714495 978170
1502714496 36228
1502714496 93379
1502714496 152115
1502714496 208629
1502714496 266767
1502714496 323902
1502714496 381967
1502714496 439259
1502714496 497118
1502714496 554335
1502714496 612726
1502714496 669611
1502714496 727754
1502714496 784842
1502714496 843150
1502714496 910159
1502714496 977441
1502714497 44325
1502714497 111535
1502714497 178889
1502714497 245858
1502714497 313079
1502714497 380183
1502714497 447377
1502714497 514625
1502714497 581808
1502714497 648855
1502714497 715930
1502714497 784176
1502714497 850266
1502714497 917465
1502714497 984604
1502714498 51725
1502714498 119961
1502714498 186990
1502714498 254092
1502714498 321267
1502714498 388346
1502714498 455537
1502714498 522706
1502714498 589836
1502714498 656984
1502714498 724205
1502714498 791395
1502714498 858735
1502714498 925631
1502714498 992799
1502714499 60223
1502714499 127137
1502714499 194256
1502714499 261601
1502714499 328564
1502714499 395827
1502714499 463796
1502714499 530965
1502714499 598087
1502714499 665236
1502714499 732449
1502714499 799543
1502714499 866985
1502714499 933833
1502714500 1002
1502714500 68180
1502714500 135481
1502714500 202627
1502714500 269686
1502714500 336866
1502714500 403943
1502714500 471089
1502714500 538315
1502714500 605450
1502714500 672523
1502714500 739861
1502714500 807837
1502714500 874978
1502714500 942109
1502714501 9317
1502714501 76410
1502714501 143544
1502714501 210831
1502714501 278137
1502714501 345164
1502714501 418667
1502714501 488576
1502714501 555629
1502714501 622700
1502714501 689951
1502714501 757107
1502714501 824334
1502714501 890977
1502714501 958179
1502714502 25315
1502714502 94195
1502714502 159588
1502714502 226994
1502714502 293992
1502714502 361210
1502714502 428324
1502714502 495512
1502714502 562609
1502714502 630596
1502714502 688140
1502714502 746230
1502714502 813006
1502714502 880177
1502714502 937689
1502714502 995742
1502714503 53144
1502714503 110158
1502714503 168267
1502714503 225324
1502714503 283496
1502714503 340607
1502714503 398741
1502714503 465862
1502714503 532941
1502714503 600142
1502714503 667431
1502714503 734871
1502714503 801624
1502714503 868783
1502714503 936008
1502714504 3146
1502714504 70284
1502714504 137585
1502714504 204682
1502714504 272750
1502714504 339850
1502714504 406983
1502714504 474179
1502714504 541244
1502714504 608384
1502714504 675513
1502714504 742750
1502714504 809925
1502714504 877012
1502714504 944151
1502714505 11276
1502714505 78610
1502714505 145855
1502714505 212896
1502714505 279985
1502714505 356192
1502714505 423499
1502714505 490567
1502714505 557595
1502714505 624770
1502714505 692022
1502714505 759321
1502714505 826323
1502714505 893630
1502714505 960632
1502714506 27764
1502714506 95081
1502714506 162334
1502714506 229347
1502714506 296484
1502714506 363167
1502714506 430398
1502714506 497600
1502714506 564669
1502714506 631862
1502714506 699114
1502714506 766203
1502714506 833325
1502714506 900406
1502714506 958959
1502714507 16092
1502714507 82881
1502714507 141230
1502714507 198477
1502714507 256489
1502714507 313722
1502714507 371737
1502714507 428950
1502714507 487063
1502714507 544207
1502714507 602317
1502714507 659371
1502714507 717755
1502714507 774708
1502714507 832756
1502714507 889912
1502714507 947979
1502714508 14820
1502714508 82326
1502714508 139444
1502714508 197602
1502714508 254966
1502714508 312914
1502714508 380060
1502714508 447350
1502714508 514370
1502714508 581500
1502714508 648970
1502714508 715884
1502714508 783155
1502714508 850127
1502714508 919896
1502714508 984423
1502714509 51655
1502714509 118867
1502714509 185880
1502714509 253058
1502714509 320338
1502714509 387507
1502714509 454544
1502714509 521679
1502714509 589887
1502714509 657046
1502714509 724254
1502714509 791397
1502714509 858756
1502714509 925524
1502714509 998370
1502714510 69938
1502714510 136386
1502714510 203145
1502714510 270566
1502714510 337975
1502714510 404899
1502714510 472081
1502714510 539118
1502714510 606285
1502714510 673349
1502714510 740494
1502714510 807651
1502714510 874960
1502714510 941900
1502714511 9545
1502714511 75326
1502714511 142671
1502714511 209964
1502714511 277105
1502714511 343603
1502714511 410761
1502714511 477888
1502714511 544987
1502714511 612252
1502714511 679420
1502714511 746974
1502714511 814066
1502714511 881551
1502714511 948414
1502714512 15626
1502714512 82925
1502714512 149836
1502714512 217343
1502714512 284473
1502714512 351238
1502714512 418102
1502714512 485285
1502714512 552374
1502714512 619565
1502714512 686788
1502714512 753978
1502714512 821044
1502714512 888292
1502714512 955295
1502714513 13949
1502714513 70946
1502714513 128921
1502714513 186166
1502714513 244437
1502714513 301429
1502714513 359560
1502714513 416664
1502714513 474884
1502714513 531963
1502714513 589951
1502714513 647297
1502714513 705293
1502714513 762426
1502714513 819920
1502714513 877596
1502714513 934846
1502714513 992901
1502714514 50115
1502714514 108322
1502714514 165363
1502714514 223404
1502714514 290570
1502714514 357689
1502714514 414917
1502714514 472954
1502714514 540280
1502714514 607297
1502714514 674526
1502714514 742146
1502714514 808735
1502714514 866882
1502714514 933994
1502714515 1165
1502714515 68604
1502714515 136789
1502714515 202656
1502714515 269916
1502714515 337026
1502714515 404289
1502714515 471261
1502714515 538569
1502714515 605740
1502714515 672846
1502714515 739865
1502714515 807430
1502714515 874292
1502714515 941492
1502714516 8879
1502714516 75878
1502714516 142821
1502714516 210307
1502714516 277283
1502714516 344362
1502714516 411720
1502714516 478734
1502714516 546441
1502714516 612895
1502714516 680142
1502714516 747233
1502714516 814448
1502714516 881507
1502714516 948708
1502714517 15953
1502714517 83054
1502714517 150793
1502714517 217356
1502714517 284534
1502714517 351831
1502714517 418024
1502714517 485032
1502714517 552290
1502714517 619366
1502714517 686116
1502714517 753312
1502714517 820517
1502714517 878817
1502714517 936088
1502714517 994162
1502714518 51292
1502714518 108404
1502714518 166570
1502714518 223783
1502714518 281943
1502714518 338918
1502714518 402479
1502714518 464198
1502714518 531312
1502714518 598523
1502714518 666073
1502714518 733114
1502714518 799974
1502714518 867100
1502714518 934234
1502714519 1482
1502714519 68694
1502714519 135799
1502714519 202956
1502714519 270143
1502714519 338159
1502714519 405454
1502714519 472544
1502714519 539665
1502714519 606811
1502714519 673933
1502714519 741127
1502714519 808134
1502714519 875339
1502714519 942568
1502714520 9708
1502714520 76839
1502714520 144083
1502714520 211086
1502714520 278325
1502714520 345488
1502714520 412628
1502714520 479777
1502714520 546998
1502714520 614265
1502714520 682128
1502714520 749332
1502714520 816448
1502714520 883598
1502714520 950750
1502714521 17941
1502714521 85094
1502714521 152130
1502714521 219378
1502714521 286156
1502714521 353359
1502714521 420624
1502714521 487622
1502714521 554816
1502714521 626471
1502714521 699272
1502714521 756778
1502714521 823464
1502714521 881845
1502714521 938988
1502714521 997294
1502714522 54372
1502714522 112394
1502714522 169707
1502714522 227616
1502714522 284808
1502714522 342873
1502714522 399957
1502714522 457213
1502714522 515425
1502714522 572474
1502714522 630486
1502714522 687822
1502714522 745767
1502714522 802913
1502714522 860969
1502714522 918476
1502714522 976407
1502714523 33500
1502714523 91519
1502714523 148911
1502714523 206853
1502714523 264123
1502714523 322140
1502714523 379183
1502714523 437343
1502714523 504424
1502714523 571504
1502714523 628899
1502714523 686982
1502714523 744031
1502714523 802115
1502714523 859308
1502714523 918034
1502714523 974552
1502714524 32754
1502714524 99050
1502714524 157002
1502714524 214228
1502714524 272577
1502714524 339423
1502714524 406582
1502714524 473857
1502714524 530947
1502714524 588866
1502714524 656059
1502714524 718042
1502714524 771306
1502714524 828422
1502714524 886525
1502714524 943749
1502714525 1761
1502714525 59044
1502714525 117318
1502714525 174273
1502714525 232333
1502714525 302631
1502714525 366658
1502714525 433818
1502714525 500936
1502714525 568146
1502714525 635340
1502714525 702442
1502714525 769614
1502714525 836740
1502714525 903905
1502714525 971076
1502714526 38206
1502714526 105350
1502714526 172592
1502714526 239868
1502714526 307858
1502714526 374893
1502714526 442225
1502714526 509673
1502714526 577661
1502714526 644002
1502714526 710748
1502714526 777909
1502714526 845243
1502714526 912298
1502714526 979726
1502714527 46552
1502714527 114659
1502714527 180807
1502714527 248103
1502714527 315224
1502714527 382407
1502714527 449430
1502714527 517033
1502714527 583708
1502714527 651002
1502714527 718131
1502714527 785146
1502714527 852371
1502714527 919991
1502714527 986764
1502714528 53793
1502714528 120955
1502714528 187930
1502714528 255229
1502714528 322126
1502714528 389263
1502714528 456456
1502714528 523814
1502714528 590681
1502714528 658129
1502714528 725910
1502714528 793030
1502714528 850618
1502714528 908660
1502714528 965866
1502714529 23868
1502714529 81123
1502714529 139329
1502714529 205425
1502714529 263655
1502714529 320654
1502714529 378771
1502714529 435929
1502714529 493980
1502714529 561097
1502714529 628259
1502714529 695445
1502714529 762964
1502714529 829736
1502714529 896936
1502714529 964077
1502714530 31214
1502714530 98405
1502714530 165587
1502714530 232928
1502714530 300029
1502714530 368181
1502714530 435299
1502714530 502352
1502714530 569337
1502714530 636541
1502714530 703695
1502714530 770838
1502714530 837910
1502714530 905082
1502714530 972307
1502714531 39429
1502714531 106544
1502714531 173695
1502714531 240926
1502714531 308097
1502714531 375379
1502714531 442404
1502714531 509569
1502714531 576767
1502714531 643851
1502714531 712130
1502714531 779241
1502714531 846232
1502714531 913515
1502714531 980587
1502714532 47687
1502714532 114863
1502714532 181997
1502714532 249144
1502714532 316492
1502714532 383417
1502714532 450834
1502714532 517808
1502714532 584959
1502714532 652138
1502714532 719331
1502714532 786556
1502714532 853602
1502714532 920817
1502714532 987915
1502714533 55067
1502714533 122249
1502714533 188992
1502714533 256163
1502714533 323261
1502714533 381738
1502714533 438892
1502714533 496966
1502714533 554179
1502714533 612130
1502714533 669374
1502714533 727726
1502714533 794626
1502714533 861788
1502714533 928978
1502714533 996083
1502714534 63391
1502714534 130420
1502714534 197535
1502714534 264726
1502714534 331809
1502714534 399011
1502714534 466440
1502714534 533316
1502714534 600469
1502714534 667613
1502714534 734795
1502714534 802066
1502714534 869141
1502714534 936325
1502714535 3438
1502714535 71499
1502714535 138591
1502714535 205956
1502714535 273010
1502714535 340106
1502714535 407213
1502714535 474617
1502714535 541607
1502714535 608709
1502714535 675847
1502714535 743065
1502714535 810196
1502714535 877393
1502714535 944471
1502714536 11672
1502714536 78911
1502714536 146243
1502714536 213119
1502714536 280424
1502714536 347465
1502714536 415495
1502714536 482649
1502714536 549873
1502714536 617051
1502714536 684580
1502714536 751732
1502714536 818492
1502714536 885589
1502714536 952766
1502714537 20092
1502714537 87060
1502714537 154240
1502714537 221389
1502714537 288480
1502714537 355617
1502714537 422836
1502714537 489961
1502714537 557150
1502714537 624267
1502714537 692365
1502714537 759725
1502714537 826706
1502714537 893922
1502714537 961096
1502714538 28220
1502714538 95276
1502714538 162723
1502714538 229853
1502714538 303012
1502714538 373956
1502714538 441120
1502714538 508225
1502714538 575418
1502714538 642578
1502714538 709981
1502714538 776816
1502714538 844085
1502714538 911400
1502714538 978649
1502714539 45491
1502714539 112826
1502714539 179817
1502714539 247096
1502714539 314240
1502714539 381478
1502714539 448819
1502714539 515986
1502714539 583996
1502714539 651632
1502714539 718241
1502714539 785257
1502714539 853013
1502714539 919604
1502714539 986734
1502714540 53910
1502714540 121226
1502714540 188812
1502714540 256536
1502714540 323435
1502714540 389900
1502714540 457245
1502714540 524139
1502714540 591321
1502714540 659086
1502714540 725623
1502714540 792540
1502714540 859628
1502714540 927213
1502714540 994118
1502714541 61044
1502714541 128598
1502714541 195678
1502714541 262605
1502714541 329627
1502714541 396808
1502714541 463629
1502714541 530751
1502714541 597972
1502714541 665644
1502714541 732650
1502714541 798801
1502714541 865701
1502714541 932895
1502714541 999951
1502714542 58407
1502714542 115470
1502714542 173641
1502714542 230826
1502714542 288944
1502714542 346032
1502714542 404128
1502714542 471441
1502714542 538515
1502714542 605787
1502714542 662803
1502714542 720936
1502714542 787948
1502714542 845111
1502714542 903333
1502714542 970646
1502714543 37697
1502714543 104720
1502714543 171923
1502714543 239251
1502714543 306186
1502714543 373553
1502714543 440485
1502714543 508100
1502714543 574784
1502714543 641900
1502714543 709108
1502714543 777259
1502714543 844339
1502714543 914166
1502714543 978849
1502714544 45851
1502714544 112963
1502714544 180149
1502714544 247344
1502714544 314417
1502714544 381603
1502714544 453019
1502714544 515940
1502714544 583254
1502714544 650397
1502714544 717342
1502714544 784489
1502714544 858430
1502714544 918798
1502714544 985950
1502714545 53127
1502714545 120309
1502714545 187426
1502714545 254523
1502714545 321786
1502714545 388884
1502714545 456036
1502714545 523405
1502714545 590438
1502714545 657531
1502714545 725597
1502714545 792684
1502714545 859990
1502714545 927196
1502714545 994189
1502714546 61367
1502714546 128841
1502714546 195893
1502714546 262789
1502714546 329984
1502714546 397195
1502714546 464279
1502714546 531456
1502714546 598594
1502714546 670506
1502714546 732917
1502714546 800070
1502714546 867384
1502714546 934377
1502714547 1751
1502714547 68910
1502714547 136462
1502714547 203093
1502714547 270274
1502714547 337265
1502714547 410600
1502714547 472075
1502714547 530124
1502714547 597102
1502714547 664046
1502714547 731367
1502714547 798364
1502714547 865514
1502714547 932728
1502714547 999896
1502714548 67018
1502714548 134132
1502714548 201346
1502714548 268446
1502714548 335632
1502714548 404036
1502714548 469909
1502714548 542460
1502714548 604318
1502714548 672442
1502714548 739479
1502714548 806754
1502714548 874055
1502714548 940855
1502714549 7972
1502714549 75288
1502714549 142492
1502714549 209514
1502714549 276686
1502714549 343884
1502714549 411106
1502714549 478116
1502714549 545498
1502714549 612439
1502714549 680371
1502714549 746746
1502714549 813867
1502714549 881483
1502714549 949273
1502714550 16451
1502714550 83450
1502714550 150668
1502714550 217695
1502714550 284821
1502714550 352048
1502714550 419300
1502714550 486354
1502714550 553622
1502714550 620668
1502714550 688018
1502714550 755103
1502714550 822167
1502714550 889309
1502714550 956644
1502714551 23615
1502714551 90942
1502714551 157958
1502714551 225970
1502714551 293167
1502714551 360233
1502714551 430337
1502714551 498477
1502714551 561989
1502714551 629283
1502714551 696183
1502714551 763491
1502714551 835654
1502714551 915693
1502714551 983785
1502714552 51067
1502714552 117978
1502714552 185181
1502714552 252420
1502714552 329697
1502714552 396646
1502714552 463752
1502714552 530893
1502714552 598066
1502714552 665276
1502714552 732462
1502714552 799791
1502714552 866773
1502714552 934079
1502714553 1076
1502714553 68376
1502714553 135425
1502714553 202650
1502714553 269636
1502714553 336926
1502714553 404038
1502714553 471306
1502714553 538268
1502714553 605420
1502714553 672758
1502714553 739863
1502714553 806904
1502714553 874247
1502714553 941177
1502714554 8355
1502714554 75527
1502714554 142915
1502714554 209829
1502714554 277048
1502714554 344155
1502714554 411333
1502714554 478630
1502714554 545807
1502714554 612833
1502714554 680185
1502714554 747081
1502714554 818435
1502714554 891183
1502714554 957862
1502714555 24817
1502714555 92066
1502714555 159248
1502714555 226438
1502714555 293737
1502714555 360707
1502714555 427861
1502714555 495204
1502714555 562073
1502714555 629179
1502714555 696346
1502714555 763583
1502714555 830820
1502714555 897749
1502714555 965010
1502714556 32271
1502714556 100392
1502714556 166593
1502714556 233690
1502714556 300683
1502714556 367046
1502714556 444355
1502714556 510568
1502714556 577816
1502714556 645205
1502714556 712932
1502714556 779026
1502714556 846174
1502714556 913927
1502714556 981126
1502714557 48359
1502714557 115404
1502714557 182091
1502714557 249269
1502714557 317268
1502714557 383618
1502714557 451015
1502714557 517885
1502714557 585734
1502714557 652009
1502714557 719516
1502714557 787621
1502714557 853456
1502714557 920837
1502714557 989001
1502714558 55046
1502714558 122291
1502714558 189397
1502714558 256498
1502714558 324752
1502714558 391039
1502714558 457899
1502714558 525337
1502714558 592553
1502714558 659337
1502714558 726668
1502714558 793774
1502714558 860859
1502714558 928033
1502714558 995335
1502714559 62395
1502714559 129659
1502714559 196629
1502714559 263835
1502714559 331827
1502714559 398983
1502714559 465668
1502714559 532362
1502714559 599665
1502714559 666788
1502714559 734041
1502714559 801222
1502714559 868331
1502714559 936411
1502714560 2700
1502714560 69898
1502714560 137404
1502714560 203971
1502714560 271216
1502714560 338180
1502714560 405477
1502714560 472573
1502714560 540247
1502714560 606982
1502714560 674064
1502714560 741425
1502714560 808735
1502714560 875471
1502714560 942571
1502714561 9864
1502714561 77030
1502714561 144261
1502714561 211286
1502714561 278745
1502714561 345693
1502714561 412897
1502714561 479825
1502714561 547561
1502714561 614731
1502714561 681887
1502714561 749020
1502714561 816359
1502714561 883534
1502714561 941941
1502714561 998901
1502714562 56251
1502714562 114188
1502714562 180943
1502714562 238494
1502714562 296548
1502714562 353775
1502714562 411777
1502714562 468965
1502714562 527039
1502714562 584222
1502714562 641361
1502714562 699512
1502714562 756646
1502714562 814848
1502714562 882113
1502714562 949071
1502714563 16195
1502714563 83475
1502714563 150598
1502714563 217700
1502714563 284837
1502714563 351990
1502714563 419102
1502714563 486273
1502714563 553451
1502714563 626194
1502714563 688617
1502714563 755823
1502714563 822988
1502714563 890133
1502714563 957243
1502714564 24435
1502714564 91678
1502714564 158978
1502714564 225957
1502714564 293063
1502714564 360309
1502714564 427390
1502714564 494575
1502714564 561683
1502714564 628882
1502714564 696153
1502714564 763291
1502714564 830499
1502714564 897258
1502714564 964346
1502714565 31452
1502714565 89871
1502714565 147079
1502714565 205099
1502714565 262284
1502714565 320362
1502714565 377576
1502714565 435610
1502714565 502787
1502714565 569911
1502714565 637052
1502714565 704244
1502714565 771384
1502714565 838560
1502714565 905715
1502714565 972871
1502714566 40116
1502714566 107157
1502714566 174327
1502714566 241449
1502714566 308644
1502714566 375794
1502714566 443931
1502714566 511247
1502714566 578229
1502714566 645304
1502714566 712504
1502714566 779668
1502714566 846811
1502714566 913970
1502714566 981181
1502714567 48455
1502714567 115726
1502714567 182859
1502714567 249896
1502714567 317056
1502714567 384179
1502714567 451275
1502714567 518557
1502714567 585542
1502714567 652849
1502714567 719925
1502714567 787088
1502714567 854318
1502714567 921494
1502714567 989877
1502714568 55618
1502714568 122930
1502714568 190434
1502714568 262349
1502714568 333493
1502714568 400489
1502714568 474145
1502714568 544840
1502714568 612201
1502714568 679441
1502714568 746301
1502714568 813440
1502714568 880644
1502714568 947733
1502714569 15300
1502714569 82085
1502714569 149298
1502714569 216548
1502714569 283472
1502714569 350809
1502714569 417917
1502714569 485139
1502714569 552064
1502714569 619466
1502714569 686598
1502714569 753638
1502714569 820878
1502714569 887877
1502714569 955044
1502714570 22231
1502714570 89441
1502714570 156538
1502714570 223676
1502714570 290893
1502714570 358055
1502714570 425303
1502714570 492446
1502714570 559411
1502714570 626620
1502714570 693789
1502714570 761009
1502714570 828140
1502714570 895156
1502714570 962481
1502714571 29504
1502714571 96789
1502714571 164047
1502714571 231270
1502714571 298322
1502714571 365799
1502714571 433106
1502714571 499649
1502714571 566882
1502714571 634149
1502714571 701283
1502714571 768157
1502714571 835611
1502714571 902570
1502714571 969869
1502714572 36799
1502714572 104319
1502714572 171189
1502714572 238765
1502714572 305482
1502714572 372832
1502714572 439824
1502714572 507098
1502714572 574571
1502714572 642811
1502714572 708531
1502714572 775512
1502714572 842789
1502714572 909530
1502714572 976822
1502714573 43933
1502714573 111067
1502714573 178241
1502714573 246446
1502714573 313281
1502714573 380452
1502714573 447627
1502714573 514844
1502714573 572335
1502714573 630584
1502714573 687571
1502714573 745616
1502714573 802783
1502714573 860909
1502714573 918079
1502714573 976234
1502714574 43431
1502714574 110791
1502714574 177670
1502714574 244960
1502714574 312198
1502714574 379207
1502714574 446421
1502714574 513375
1502714574 580657
1502714574 647883
1502714574 715025
1502714574 782224
1502714574 849373
1502714574 916711
1502714574 983805
1502714575 50822
1502714575 117836
1502714575 185120
1502714575 252148
1502714575 320330
1502714575 387303
1502714575 454495
1502714575 521624
1502714575 588860
1502714575 656082
1502714575 723059
1502714575 790542
1502714575 857412
1502714575 924570
1502714575 991706
1502714576 59039
1502714576 126167
1502714576 193334
1502714576 260298
1502714576 327671
1502714576 394707
1502714576 461784
1502714576 528967
1502714576 597039
1502714576 664148
1502714576 731258
1502714576 798585
1502714576 865781
1502714576 932770
1502714577 63
1502714577 67126
1502714577 134305
1502714577 201414
1502714577 268603
1502714577 335723
1502714577 402965
1502714577 470268
1502714577 537410
1502714577 604286
1502714577 671634
1502714577 738636
1502714577 805819
1502714577 872889
1502714577 941019
1502714578 8203
1502714578 75483
1502714578 142537
1502714578 209617
1502714578 277061
1502714578 344165
1502714578 411150
1502714578 478401
1502714578 545394
1502714578 612838
1502714578 679568
1502714578 747039
1502714578 813390
1502714578 880466
1502714578 947470
1502714579 15048
1502714579 86481
1502714579 159032
1502714579 226287
1502714579 294424
1502714579 360595
1502714579 434359
1502714579 504850
1502714579 570935
1502714579 638198
1502714579 705267
1502714579 772628
1502714579 839562
1502714579 906787
1502714579 973909
1502714580 41108
1502714580 108120
1502714580 175371
1502714580 242535
1502714580 309814
1502714580 376868
1502714580 444006
1502714580 511187
1502714580 578382
1502714580 645546
1502714580 712616
1502714580 779956
1502714580 846985
1502714580 914050
1502714580 981148
1502714581 48540
1502714581 115627
1502714581 182690
1502714581 249842
1502714581 317037
1502714581 384319
1502714581 451228
1502714581 518492
1502714581 585544
1502714581 652804
1502714581 719900
1502714581 787113
1502714581 854014
1502714581 921043
1502714581 988276
1502714582 55344
1502714582 123473
1502714582 190534
1502714582 247991
1502714582 306135
1502714582 363279
1502714582 420393
1502714582 478657
1502714582 545919
1502714582 602820
1502714582 661141
1502714582 718091
1502714582 776111
1502714582 843346
1502714582 910654
1502714582 977605
1502714583 44772
1502714583 112168
1502714583 190561
1502714583 256235
1502714583 323342
1502714583 390572
1502714583 457677
1502714583 524860
1502714583 592007
1502714583 659184
1502714583 726383
1502714583 793530
1502714583 860829
1502714583 927818
1502714583 994996
1502714584 62186
1502714584 129274
1502714584 197348
1502714584 264446
1502714584 331679
1502714584 398966
1502714584 465980
1502714584 533076
