1502714286 751339
1502714286 824175
1502714286 900041
1502714286 957141
1502714287 23003
1502714287 90696
1502714287 157916
1502714287 225984
1502714287 283514
1502714287 340581
1502714287 398637
1502714287 456093
1502714287 513946
1502714287 571161
1502714287 629318
1502714287 686236
1502714287 744390
1502714287 801516
1502714287 861562
1502714287 916882
1502714287 974907
1502714288 32225
1502714288 90215
1502714288 147247
1502714288 205346
1502714288 262760
1502714288 319815
1502714288 377818
1502714288 435054
1502714288 493049
1502714288 550272
1502714288 608273
1502714288 665444
1502714288 723561
1502714288 780687
1502714288 838978
1502714288 896095
1502714288 954190
1502714289 11323
1502714289 69529
1502714289 126614
1502714289 184594
1502714289 241931
1502714289 299139
1502714289 357098
1502714289 414300
1502714289 472275
1502714289 529587
1502714289 587571
1502714289 644794
1502714289 702787
1502714289 759989
1502714289 818026
1502714289 875323
1502714289 933290
1502714289 990593
1502714290 48715
1502714290 105707
1502714290 163905
1502714290 231095
1502714290 288296
1502714290 346324
1502714290 413481
1502714290 480427
1502714290 537878
1502714290 595856
1502714290 652977
1502714290 720324
1502714290 778255
1502714290 835415
1502714290 893598
1502714290 950695
1502714291 7773
1502714291 65892
1502714291 123164
1502714291 181291
1502714291 238308
1502714291 296408
1502714291 363542
1502714291 430772
1502714291 497894
1502714291 565034
1502714291 632226
1502714291 699539
1502714291 766575
1502714291 833618
1502714291 900818
1502714291 967961
1502714292 35117
1502714292 102353
1502714292 169398
1502714292 237468
1502714292 304715
1502714292 371911
1502714292 439059
1502714292 506169
1502714292 573383
1502714292 640428
1502714292 707668
1502714292 774743
1502714292 841918
1502714292 908966
1502714292 976280
1502714293 43431
1502714293 110481
1502714293 177792
1502714293 244870
1502714293 312217
1502714293 379188
1502714293 446459
1502714293 513478
1502714293 581554
1502714293 648730
1502714293 715874
1502714293 783025
1502714293 850633
1502714293 917263
1502714293 984429
1502714294 51755
1502714294 119142
1502714294 185957
1502714294 252958
1502714294 320171
1502714294 387425
1502714294 454672
1502714294 521642
1502714294 588746
1502714294 655964
1502714294 723204
1502714294 790453
1502714294 858638
1502714294 925551
1502714294 993091
1502714295 59971
1502714295 127094
1502714295 194521
1502714295 261276
1502714295 328403
1502714295 395546
1502714295 462885
1502714295 530020
1502714295 597112
1502714295 664221
1502714295 731518
1502714295 799215
1502714295 865906
1502714295 933193
1502714296 87
1502714296 67268
1502714296 135298
1502714296 202525
1502714296 269520
1502714296 336886
1502714296 403884
1502714296 471131
1502714296 538248
1502714296 605248
1502714296 673470
1502714296 739840
1502714296 806818
1502714296 874064
1502714296 941037
1502714297 8252
1502714297 75509
1502714297 142543
1502714297 209867
1502714297 276840
1502714297 344118
1502714297 411292
1502714297 479235
1502714297 546402
1502714297 613644
1502714297 680625
1502714297 747835
1502714297 815123
1502714297 882487
1502714297 949282
1502714298 16486
1502714298 83667
1502714298 150831
1502714298 218051
1502714298 285291
1502714298 352274
1502714298 419352
1502714298 486608
1502714298 553702
1502714298 621000
1502714298 690226
1502714298 755156
1502714298 823217
1502714298 890476
1502714298 957831
1502714299 24710
1502714299 92209
1502714299 159061
1502714299 226186
1502714299 293461
1502714299 360429
1502714299 427745
1502714299 495022
1502714299 561927
1502714299 629217
1502714299 696319
1502714299 763383
1502714299 830532
1502714299 897852
1502714299 965010
1502714300 32105
1502714300 100070
1502714300 167262
1502714300 234558
1502714300 301952
1502714300 368664
1502714300 435954
1502714300 503087
1502714300 570199
1502714300 637392
1502714300 704623
1502714300 771601
1502714300 838791
1502714300 906227
1502714300 973156
1502714301 40247
1502714301 107785
1502714301 174802
1502714301 241870
1502714301 308918
1502714301 376085
1502714301 443308
1502714301 510526
1502714301 577540
1502714301 644712
1502714301 711848
1502714301 779932
1502714301 847105
1502714301 914368
1502714301 981516
1502714302 47601
1502714302 114931
1502714302 182079
1502714302 249194
1502714302 316215
1502714302 383332
1502714302 450958
1502714302 518117
1502714302 584802
1502714302 651979
1502714302 719154
1502714302 786672
1502714302 853529
1502714302 920650
1502714302 988151
1502714303 55080
1502714303 122451
1502714303 189250
1502714303 256610
1502714303 323658
1502714303 390783
1502714303 457892
1502714303 525172
1502714303 592160
1502714303 659349
1502714303 726480
1502714303 793643
1502714303 860762
1502714303 927883
1502714303 986130
1502714304 53245
1502714304 120525
1502714304 187501
1502714304 244817
1502714304 302820
1502714304 360137
1502714304 427102
1502714304 494452
1502714304 561771
1502714304 628598
1502714304 695651
1502714304 762844
1502714304 830020
1502714304 898284
1502714304 965491
1502714305 38860
1502714305 99811
1502714305 166857
1502714305 234193
1502714305 301458
1502714305 368639
1502714305 435537
1502714305 502641
1502714305 569747
1502714305 637427
1502714305 704420
1502714305 771920
1502714305 838526
1502714305 905835
1502714305 972736
1502714306 39804
1502714306 106953
1502714306 174247
1502714306 242522
1502714306 309378
1502714306 376512
1502714306 443743
1502714306 511496
1502714306 577857
1502714306 645152
1502714306 712060
1502714306 779745
1502714306 847078
1502714306 913663
1502714306 981172
1502714307 48792
1502714307 115493
1502714307 183156
1502714307 249868
1502714307 316647
1502714307 384022
1502714307 451001
1502714307 518916
1502714307 586110
1502714307 653209
1502714307 720527
1502714307 787527
1502714307 854759
1502714307 921832
1502714307 989345
1502714308 57427
1502714308 123529
1502714308 199260
1502714308 267898
1502714308 333523
1502714308 400765
1502714308 468243
1502714308 535469
1502714308 602663
1502714308 669539
1502714308 736740
1502714308 804501
1502714308 862151
1502714308 919373
1502714308 977344
1502714309 34436
1502714309 92595
1502714309 149697
1502714309 207830
1502714309 264978
1502714309 323059
1502714309 380227
1502714309 438326
1502714309 495483
1502714309 553559
1502714309 610835
1502714309 668780
1502714309 726137
1502714309 783921
1502714309 841185
1502714309 898590
1502714309 956588
1502714310 14180
1502714310 71752
1502714310 128837
1502714310 187247
1502714310 244164
1502714310 302322
1502714310 359402
1502714310 417879
1502714310 475779
1502714310 532811
1502714310 589981
1502714310 648048
1502714310 705130
1502714310 763262
1502714310 820421
1502714310 877849
1502714310 935783
1502714310 992977
1502714311 51011
1502714311 108244
1502714311 166244
1502714311 223451
1502714311 281557
1502714311 338899
1502714311 396642
1502714311 453818
1502714311 512061
1502714311 569157
1502714311 627285
1502714311 684376
1502714311 742556
1502714311 799651
1502714311 857716
1502714311 914956
1502714311 972235
1502714312 31292
1502714312 87481
1502714312 145499
1502714312 202886
1502714312 260829
1502714312 317973
1502714312 376214
1502714312 433493
1502714312 491176
1502714312 548383
1502714312 606499
1502714312 663531
1502714312 721616
1502714312 779038
1502714312 836943
1502714312 894341
1502714312 951274
1502714313 9583
1502714313 66468
1502714313 124819
1502714313 181757
1502714313 239975
1502714313 297078
1502714313 355161
1502714313 412383
1502714313 470319
1502714313 527675
1502714313 586154
1502714313 652796
1502714313 719961
1502714313 787160
1502714313 854293
1502714313 921403
1502714313 988548
1502714314 55988
1502714314 124093
1502714314 190399
1502714314 257196
1502714314 324325
1502714314 391689
1502714314 458721
1502714314 525851
1502714314 593033
1502714314 660301
1502714314 728121
1502714314 795350
1502714314 862661
1502714314 930175
1502714314 996977
1502714315 63945
1502714315 131105
1502714315 198238
1502714315 265615
1502714315 332547
1502714315 399736
1502714315 466892
1502714315 534086
1502714315 601231
1502714315 669256
1502714315 735552
1502714315 802661
1502714315 869990
1502714315 937010
1502714316 5086
1502714316 73105
1502714316 139887
1502714316 206553
1502714316 273572
1502714316 340747
1502714316 408943
1502714316 475376
1502714316 532242
1502714316 590347
1502714316 647545
1502714316 705746
1502714316 762750
1502714316 820846
1502714316 878114
1502714316 936172
1502714316 993178
1502714317 51241
1502714317 108536
1502714317 166560
1502714317 223729
1502714317 280927
1502714317 338931
1502714317 396174
1502714317 454292
1502714317 511264
1502714317 569591
1502714317 626709
1502714317 684660
1502714317 741888
1502714317 800101
1502714317 857290
1502714317 915408
1502714317 972427
1502714318 30502
1502714318 97683
1502714318 164854
1502714318 232153
1502714318 299334
1502714318 366329
1502714318 433524
1502714318 500592
1502714318 567708
1502714318 634920
1502714318 702386
1502714318 769556
1502714318 838421
1502714318 903883
1502714318 970942
1502714319 38036
1502714319 105259
1502714319 172177
1502714319 240256
1502714319 307378
1502714319 374775
1502714319 441823
1502714319 509000
1502714319 576063
1502714319 643478
1502714319 710470
1502714319 777508
1502714319 844630
1502714319 911966
1502714319 979180
1502714320 46292
1502714320 113424
1502714320 180408
1502714320 247599
1502714320 314732
1502714320 381841
1502714320 449054
1502714320 516162
1502714320 584374
1502714320 651413
1502714320 718601
1502714320 785812
1502714320 852876
1502714320 920015
1502714320 987343
1502714321 54354
1502714321 121488
1502714321 188635
1502714321 255772
1502714321 323049
1502714321 390206
1502714321 457481
1502714321 530978
1502714321 591829
1502714321 659384
1502714321 726414
1502714321 793244
1502714321 860270
1502714321 929367
1502714321 995603
1502714322 63081
1502714322 130756
1502714322 197129
1502714322 264336
1502714322 331562
1502714322 398801
1502714322 465817
1502714322 532902
1502714322 600685
1502714322 668215
1502714322 734484
1502714322 801631
1502714322 868738
1502714322 936067
1502714323 3294
1502714323 74482
1502714323 138830
1502714323 204671
1502714323 273074
1502714323 338850
1502714323 405454
1502714323 471763
1502714323 540119
1502714323 605581
1502714323 674617
1502714323 739972
1502714323 807141
1502714323 873965
1502714323 941051
1502714324 8678
1502714324 75423
1502714324 142619
1502714324 209841
1502714324 282997
1502714324 345279
1502714324 412741
1502714324 479797
1502714324 546560
1502714324 613803
1502714324 687831
1502714324 748219
1502714324 815311
1502714324 882454
1502714324 949641
1502714325 17167
1502714325 84280
1502714325 151762
1502714325 218230
1502714325 285372
1502714325 352579
1502714325 419849
1502714325 487695
1502714325 555157
1502714325 626671
1502714325 689283
1502714325 757303
1502714325 823969
1502714325 890871
1502714325 957651
1502714326 24737
1502714326 91973
1502714326 159446
1502714326 226357
1502714326 293363
1502714326 360584
1502714326 428020
1502714326 485818
1502714326 552792
1502714326 619746
1502714326 677360
1502714326 735512
1502714326 794834
1502714326 859880
1502714326 927835
1502714326 984015
1502714327 42105
1502714327 99276
1502714327 157356
1502714327 214556
1502714327 272385
1502714327 329977
1502714327 387445
1502714327 445017
1502714327 502862
1502714327 569936
1502714327 627598
1502714327 684714
1502714327 742822
1502714327 799870
1502714327 857973
1502714327 915061
1502714327 973355
1502714328 30964
1502714328 88997
1502714328 146077
1502714328 203701
1502714328 261175
1502714328 319058
1502714328 377472
1502714328 443286
1502714328 501317
1502714328 558458
1502714328 615632
1502714328 673753
1502714328 730947
1502714328 789149
1502714328 846216
1502714328 904291
1502714328 961448
1502714329 19813
1502714329 76692
1502714329 134985
1502714329 192112
1502714329 250155
1502714329 307354
1502714329 365500
1502714329 422431
1502714329 480501
1502714329 537909
1502714329 594987
1502714329 652958
1502714329 710077
1502714329 768277
1502714329 825374
1502714329 883513
1502714329 940641
1502714329 998807
1502714330 65820
1502714330 133005
1502714330 200143
1502714330 267424
1502714330 334533
1502714330 401568
1502714330 468774
1502714330 535903
1502714330 603076
1502714330 670323
1502714330 737563
1502714330 804518
1502714330 871770
1502714330 938983
1502714331 7682
1502714331 74174
1502714331 141412
1502714331 208608
1502714331 275557
1502714331 342696
1502714331 410063
1502714331 477203
1502714331 544323
1502714331 611439
1502714331 678687
1502714331 745742
1502714331 812841
1502714331 879972
1502714331 947168
1502714332 14323
1502714332 81692
1502714332 148582
1502714332 215855
1502714332 283903
1502714332 350976
1502714332 418228
1502714332 485226
1502714332 552445
1502714332 619583
1502714332 686740
1502714332 753926
1502714332 821188
1502714332 888402
1502714332 955540
1502714333 22535
1502714333 89647
1502714333 156918
1502714333 224022
1502714333 291391
1502714333 359397
1502714333 425552
1502714333 492680
1502714333 550685
1502714333 617762
1502714333 674972
1502714333 733024
1502714333 800331
1502714333 867480
1502714333 934592
1502714333 992720
1502714334 59751
1502714334 126895
1502714334 194267
1502714334 261275
1502714334 328639
1502714334 395550
1502714334 452698
1502714334 510783
1502714334 577914
1502714334 645258
1502714334 712332
1502714334 779610
1502714334 846820
1502714334 913751
1502714334 980921
1502714335 48272
1502714335 115418
1502714335 182434
1502714335 249858
1502714335 316745
1502714335 383803
1502714335 451090
1502714335 519132
1502714335 586166
1502714335 653433
1502714335 720505
1502714335 788053
1502714335 854871
1502714335 921981
1502714335 989160
1502714336 56761
1502714336 123572
1502714336 190632
1502714336 257717
1502714336 324859
1502714336 392028
1502714336 459330
1502714336 526479
1502714336 593737
1502714336 660689
1502714336 727737
1502714336 795054
1502714336 863496
1502714336 930297
1502714336 997307
1502714337 64607
1502714337 132740
1502714337 198880
1502714337 266465
1502714337 333408
1502714337 400381
1502714337 467610
1502714337 534599
1502714337 602055
1502714337 669178
1502714337 736309
1502714337 803474
1502714337 870529
1502714337 937879
1502714338 5015
1502714338 72166
1502714338 139396
1502714338 207196
1502714338 274461
1502714338 341410
1502714338 408568
1502714338 475759
1502714338 543035
1502714338 610438
1502714338 677135
1502714338 744271
1502714338 811490
1502714338 878563
1502714338 945681
1502714339 12932
1502714339 80024
1502714339 147199
1502714339 214321
1502714339 281616
1502714339 348941
1502714339 415821
1502714339 483036
1502714339 550287
1502714339 618685
1502714339 685474
1502714339 752636
1502714339 819838
1502714339 886856
1502714339 954068
1502714340 21296
1502714340 88336
1502714340 155487
1502714340 222554
1502714340 290207
1502714340 357122
1502714340 424104
1502714340 491262
1502714340 558390
1502714340 625859
1502714340 692714
1502714340 759923
1502714340 826974
1502714340 895385
1502714340 962416
1502714341 29396
1502714341 96619
1502714341 163840
1502714341 230881
1502714341 298233
1502714341 365365
1502714341 432447
1502714341 499532
1502714341 566663
1502714341 633866
1502714341 701165
1502714341 768156
1502714341 835501
1502714341 902481
1502714341 969640
1502714342 36889
1502714342 104244
1502714342 171931
1502714342 239163
1502714342 306234
1502714342 373383
1502714342 440528
1502714342 507712
1502714342 574909
1502714342 641977
1502714342 709348
1502714342 776354
1502714342 843466
1502714342 910640
1502714342 977869
1502714343 45080
1502714343 112259
1502714343 179320
1502714343 246513
1502714343 313850
1502714343 380708
1502714343 447896
1502714343 516110
1502714343 583218
1502714343 650639
1502714343 717510
1502714343 784710
1502714343 850827
1502714343 917948
1502714343 985141
1502714344 52188
1502714344 119485
1502714344 186628
1502714344 253707
1502714344 320859
1502714344 388010
1502714344 455177
1502714344 522427
1502714344 590597
1502714344 657562
1502714344 724758
1502714344 791843
1502714344 858994
1502714344 926237
1502714344 993441
1502714345 60458
1502714345 128015
1502714345 194795
1502714345 262083
1502714345 329154
1502714345 396285
1502714345 463452
1502714345 530658
1502714345 597720
1502714345 665076
1502714345 732124
1502714345 799420
1502714345 866374
1502714345 933532
1502714346 756
1502714346 67850
1502714346 134927
1502714346 202494
1502714346 269251
1502714346 336561
1502714346 403800
1502714346 470848
1502714346 538284
1502714346 605333
1502714346 672280
1502714346 739448
1502714346 806963
1502714346 873787
1502714346 940840
1502714347 8162
1502714347 75192
1502714347 142457
1502714347 209507
1502714347 276791
1502714347 343896
1502714347 411182
1502714347 478248
1502714347 545729
1502714347 612759
1502714347 679667
1502714347 746735
1502714347 813933
1502714347 881119
1502714347 948340
1502714348 15564
1502714348 82723
1502714348 149805
1502714348 217199
1502714348 284210
1502714348 351088
1502714348 419287
1502714348 486616
1502714348 553613
1502714348 620687
1502714348 688128
1502714348 755274
1502714348 822261
1502714348 889417
1502714348 956552
1502714349 23618
1502714349 90851
1502714349 158026
1502714349 225025
1502714349 292329
1502714349 359510
1502714349 426861
1502714349 494045
1502714349 561190
1502714349 628429
1502714349 695223
1502714349 762344
1502714349 829626
1502714349 896664
1502714349 963913
1502714350 31018
1502714350 98183
1502714350 165282
1502714350 232334
1502714350 299854
1502714350 366958
1502714350 433956
1502714350 501297
1502714350 568385
1502714350 635614
1502714350 702775
1502714350 769858
1502714350 836795
1502714350 903938
1502714350 971216
1502714351 38599
1502714351 105543
1502714351 172780
1502714351 239788
1502714351 307092
1502714351 375037
1502714351 442039
1502714351 509257
1502714351 576506
1502714351 643688
1502714351 711100
1502714351 778524
1502714351 845163
1502714351 902614
1502714351 960469
1502714352 17575
1502714352 75643
1502714352 132785
1502714352 190791
1502714352 248136
1502714352 306168
1502714352 373082
1502714352 439943
1502714352 507293
1502714352 564762
1502714352 625585
1502714352 680435
1502714352 738181
1502714352 795502
1502714352 853153
1502714352 910761
1502714352 968471
1502714353 25872
1502714353 83925
1502714353 148667
1502714353 208131
1502714353 266383
1502714353 323582
1502714353 380593
1502714353 438588
1502714353 495985
1502714353 553792
1502714353 611158
1502714353 669217
1502714353 726232
1502714353 784596
1502714353 841605
1502714353 899618
1502714353 956944
1502714354 15168
1502714354 74212
1502714354 139226
1502714354 197300
1502714354 254663
1502714354 312489
1502714354 369873
1502714354 427857
1502714354 484945
1502714354 542056
1502714354 600237
1502714354 657335
1502714354 715522
1502714354 772696
1502714354 830701
1502714354 887908
1502714354 946042
1502714355 3140
1502714355 61269
1502714355 118479
1502714355 176548
1502714355 233615
1502714355 291965
1502714355 348879
1502714355 407124
1502714355 464141
1502714355 521324
1502714355 579653
1502714355 636643
1502714355 694920
1502714355 751855
1502714355 809894
1502714355 867100
1502714355 925310
1502714355 982532
1502714356 40610
1502714356 98113
1502714356 155648
1502714356 212881
1502714356 271096
1502714356 328200
1502714356 386342
1502714356 443439
1502714356 500587
1502714356 558728
1502714356 615737
1502714356 673840
1502714356 731057
1502714356 789368
1502714356 850694
1502714356 913430
1502714356 970985
1502714357 28779
1502714357 85914
1502714357 143867
1502714357 201253
1502714357 259219
1502714357 316438
1502714357 373542
1502714357 431970
1502714357 500959
1502714357 566121
1502714357 624018
1502714357 681207
1502714357 738388
1502714357 796407
1502714357 853644
1502714357 911646
1502714357 968811
1502714358 27133
1502714358 94194
1502714358 151235
1502714358 209363
1502714358 266575
1502714358 324602
1502714358 391791
1502714358 459006
1502714358 526056
1502714358 598897
1502714358 660625
1502714358 727718
1502714358 794713
1502714358 861802
1502714358 919963
1502714358 987149
1502714359 54269
1502714359 121254
1502714359 178602
1502714359 245648
1502714359 303788
1502714359 370893
1502714359 438063
1502714359 505246
1502714359 572318
1502714359 639615
1502714359 706854
1502714359 773840
1502714359 840983
1502714359 908287
1502714359 975380
1502714360 42497
1502714360 109725
1502714360 176693
1502714360 243997
1502714360 312029
1502714360 379253
1502714360 446630
1502714360 513436
1502714360 580654
1502714360 647784
1502714360 714981
1502714360 782262
1502714360 849419
1502714360 916390
1502714360 983609
1502714361 50727
1502714361 117778
1502714361 184966
1502714361 252172
1502714361 319235
1502714361 386513
1502714361 453655
1502714361 520855
1502714361 588790
1502714361 655957
1502714361 723231
1502714361 790474
1502714361 857494
1502714361 924635
1502714361 991878
1502714362 58990
1502714362 126145
1502714362 193249
1502714362 260392
1502714362 327519
1502714362 394847
1502714362 461782
1502714362 529012
1502714362 596235
1502714362 663610
1502714362 730710
1502714362 797707
1502714362 864919
1502714362 932874
1502714363 326
1502714363 67335
1502714363 134482
1502714363 201547
1502714363 268654
1502714363 335898
1502714363 403075
1502714363 470131
1502714363 537304
1502714363 604477
1502714363 671883
1502714363 738960
1502714363 805901
1502714363 873084
1502714363 940198
1502714364 7347
1502714364 82840
1502714364 151656
1502714364 218944
1502714364 285920
1502714364 353057
1502714364 420424
1502714364 487578
1502714364 554628
1502714364 621729
1502714364 688896
1502714364 756087
1502714364 824133
1502714364 891312
1502714364 958397
1502714365 25589
1502714365 92769
1502714365 159799
1502714365 227262
1502714365 294324
1502714365 361404
1502714365 428571
1502714365 495689
1502714365 562815
1502714365 629949
1502714365 697107
1502714365 764343
1502714365 831475
1502714365 898933
1502714365 965918
1502714366 32955
1502714366 100088
1502714366 168396
1502714366 235381
1502714366 302468
1502714366 369918
1502714366 436747
1502714366 504192
1502714366 571100
1502714366 638236
1502714366 705311
1502714366 772606
1502714366 840265
1502714366 906975
1502714366 974192
1502714367 41297
1502714367 108481
1502714367 175645
1502714367 242743
1502714367 309947
1502714367 376943
1502714367 444397
1502714367 512185
1502714367 579406
1502714367 646518
1502714367 713664
1502714367 781479
1502714367 846964
1502714367 914224
1502714367 981736
1502714368 48511
1502714368 115709
1502714368 358217
1502714368 422801
1502714368 489624
1502714368 556685
1502714368 623857
1502714368 691014
1502714368 758187
1502714368 825487
1502714368 892526
1502714368 959626
1502714369 26821
1502714369 94063
1502714369 161103
1502714369 228238
1502714369 295356
1502714369 362548
1502714369 429761
1502714369 496867
1502714369 564044
1502714369 631308
1502714369 698325
1502714369 765618
1502714369 832663
1502714369 899964
1502714369 966942
1502714370 34194
1502714370 101259
1502714370 168452
1502714370 235357
1502714370 302893
1502714370 369638
1502714370 436719
1502714370 504088
1502714370 571000
1502714370 638659
1502714370 706438
1502714370 773426
1502714370 840585
1502714370 907626
1502714370 965221
1502714371 23500
1502714371 80457
1502714371 138787
1502714371 195919
1502714371 253797
1502714371 310952
1502714371 368139
1502714371 426245
1502714371 483409
1502714371 541828
1502714371 598734
1502714371 656959
1502714371 714125
1502714371 772090
1502714371 829150
1502714371 887221
1502714371 944657
1502714372 2818
1502714372 59688
1502714372 117716
1502714372 175507
1502714372 242183
1502714372 300269
1502714372 357248
1502714372 414614
1502714372 472654
1502714372 529692
1502714372 587805
1502714372 645159
1502714372 703095
1502714372 760405
1502714372 818537
1502714372 875465
1502714372 933591
1502714372 990868
1502714373 48970
1502714373 106120
1502714373 173116
1502714373 231224
1502714373 288278
1502714373 346510
1502714373 403647
1502714373 461731
1502714373 518913
1502714373 576093
1502714373 634121
1502714373 691354
1502714373 749449
1502714373 806651
1502714373 864601
1502714373 921804
1502714373 980054
1502714374 37056
1502714374 95309
1502714374 152412
1502714374 210437
1502714374 267556
1502714374 325643
1502714374 382956
1502714374 441115
1502714374 498136
1502714374 556307
1502714374 613594
1502714374 670603
1502714374 728612
1502714374 785770
1502714374 843868
1502714374 901017
1502714374 959123
1502714375 16325
1502714375 74441
1502714375 131589
1502714375 189580
1502714375 246796
1502714375 314052
1502714375 372045
1502714375 429239
1502714375 487261
1502714375 544437
1502714375 602645
1502714375 659686
1502714375 717902
1502714375 784922
1502714375 842112
1502714375 900169
1502714375 957419
1502714376 14569
1502714376 72847
1502714376 129773
1502714376 187926
1502714376 245260
1502714376 303140
1502714376 360287
1502714376 418558
1502714376 485605
1502714376 552734
1502714376 619835
1502714376 676950
1502714376 735187
1502714376 802265
1502714376 869645
1502714376 936912
1502714377 3733
1502714377 62049
1502714377 129160
1502714377 196276
1502714377 263379
1502714377 330751
1502714377 397760
1502714377 464725
1502714377 521918
1502714377 580010
1502714377 637271
1502714377 704335
1502714377 771473
1502714377 829585
1502714377 896732
1502714377 963850
1502714378 31328
1502714378 99038
1502714378 165274
1502714378 223516
1502714378 290613
1502714378 357769
1502714378 424812
1502714378 492028
1502714378 559260
1502714378 626359
1502714378 693513
1502714378 760724
1502714378 828104
1502714378 894942
1502714378 962323
1502714379 29298
1502714379 96475
1502714379 163644
1502714379 230658
1502714379 298016
1502714379 365165
1502714379 432272
1502714379 500353
1502714379 567436
1502714379 634863
1502714379 702525
1502714379 770554
1502714379 836119
1502714379 908021
1502714379 970377
1502714380 37495
1502714380 104724
1502714380 171914
1502714380 238962
1502714380 306124
1502714380 373239
1502714380 440617
1502714380 507614
1502714380 574715
1502714380 642071
1502714380 709137
1502714380 777086
1502714380 844300
1502714380 914683
1502714380 978880
1502714381 45736
1502714381 112986
1502714381 180134
1502714381 247269
1502714381 314335
1502714381 381527
1502714381 448797
1502714381 516038
1502714381 583007
1502714381 650195
1502714381 717698
1502714381 786691
1502714381 851705
1502714381 919018
1502714381 985945
1502714382 53183
1502714382 121220
1502714382 188314
1502714382 255440
1502714382 322750
1502714382 389781
1502714382 456962
1502714382 524258
1502714382 591572
1502714382 658404
1502714382 725475
1502714382 792735
1502714382 859918
1502714382 927165
1502714382 994194
1502714383 61342
1502714383 128365
1502714383 195636
1502714383 262737
1502714383 330107
1502714383 397095
1502714383 465128
1502714383 532387
1502714383 599447
1502714383 666706
1502714383 733766
1502714383 800921
1502714383 868256
1502714383 935224
1502714384 2590
1502714384 69593
1502714384 136702
1502714384 203905
1502714384 271107
1502714384 338179
1502714384 405330
1502714384 473551
1502714384 539772
1502714384 606851
1502714384 674056
1502714384 741144
1502714384 809176
1502714384 876312
1502714384 943430
1502714385 10647
1502714385 78143
1502714385 144990
1502714385 212121
1502714385 279255
1502714385 346631
1502714385 413760
1502714385 480902
1502714385 547997
1502714385 615212
1502714385 682282
1502714385 749374
1502714385 816458
1502714385 883611
1502714385 950905
1502714386 17976
1502714386 86447
1502714386 158889
1502714386 220599
1502714386 287505
1502714386 354900
1502714386 422067
1502714386 489314
1502714386 556141
1502714386 623360
1502714386 690484
1502714386 757578
1502714386 824840
1502714386 892042
1502714386 959087
1502714387 26377
1502714387 93460
1502714387 160563
1502714387 227772
1502714387 294916
1502714387 362318
1502714387 430188
1502714387 497248
1502714387 564614
1502714387 631519
1502714387 698859
1502714387 765946
1502714387 833218
1502714387 900133
1502714387 967543
1502714388 34408
1502714388 101605
1502714388 168798
1502714388 235889
1502714388 302998
1502714388 370216
1502714388 437374
1502714388 504478
1502714388 571687
1502714388 639219
1502714388 708188
1502714388 774667
1502714388 841570
1502714388 908898
1502714388 975692
1502714389 43036
1502714389 109942
1502714389 177149
1502714389 244202
1502714389 311569
1502714389 378611
1502714389 445648
1502714389 512743
1502714389 580024
1502714389 647096
1502714389 714269
1502714389 781310
1502714389 848513
1502714389 915758
1502714389 982876
1502714390 50407
1502714390 117190
1502714390 185214
1502714390 251558
1502714390 318663
1502714390 386139
1502714390 452933
1502714390 520089
1502714390 587343
1502714390 654445
1502714390 721641
1502714390 788787
1502714390 855836
1502714390 923088
1502714390 990075
1502714391 57390
1502714391 124518
1502714391 191568
1502714391 258968
1502714391 326073
1502714391 393110
1502714391 460225
1502714391 527368
1502714391 594670
1502714391 661859
1502714391 728799
1502714391 796030
1502714391 864255
1502714391 931290
1502714391 998392
1502714392 65636
1502714392 136370
1502714392 199860
1502714392 267172
1502714392 334392
1502714392 401344
1502714392 468534
1502714392 535572
1502714392 602819
1502714392 670179
1502714392 737155
1502714392 804206
1502714392 871398
1502714392 938626
1502714393 5731
1502714393 72899
1502714393 140356
1502714393 208066
1502714393 275248
1502714393 342408
1502714393 409620
1502714393 476771
1502714393 543879
1502714393 611282
1502714393 678288
1502714393 745346
1502714393 812601
1502714393 879600
1502714393 946860
1502714394 14137
1502714394 81122
1502714394 148320
1502714394 215474
1502714394 282717
1502714394 349897
1502714394 416836
1502714394 484175
1502714394 552177
1502714394 619440
1502714394 686717
1502714394 753652
1502714394 820739
1502714394 887998
1502714394 955157
1502714395 22242
1502714395 89391
1502714395 157540
1502714395 224289
1502714395 290942
1502714395 357969
1502714395 425214
1502714395 492656
1502714395 559693
1502714395 626688
1502714395 693759
1502714395 760978
1502714395 828154
1502714395 896287
1502714395 963622
1502714396 30550
1502714396 97900
1502714396 164791
1502714396 232020
1502714396 299121
1502714396 366285
1502714396 433618
1502714396 500606
1502714396 567682
1502714396 635324
1502714396 702462
1502714396 769219
1502714396 836576
1502714396 903659
1502714396 970710
1502714397 37676
1502714397 104958
1502714397 172140
1502714397 240237
1502714397 307605
1502714397 374498
1502714397 441683
1502714397 508938
1502714397 576078
1502714397 643208
1502714397 710607
1502714397 777461
1502714397 844825
1502714397 911820
1502714397 978919
1502714398 46581
1502714398 113433
1502714398 180000
1502714398 238473
1502714398 295604
1502714398 362734
1502714398 420852
1502714398 488101
1502714398 554893
1502714398 622037
1502714398 689234
1502714398 756360
1502714398 823491
1502714398 890588
1502714398 949578
1502714399 6840
1502714399 73013
1502714399 131508
1502714399 188697
1502714399 255428
1502714399 322528
1502714399 389815
1502714399 448095
1502714399 505708
1502714399 563507
1502714399 630658
1502714399 687786
1502714399 745859
1502714399 803255
1502714399 860107
1502714399 918280
1502714399 975468
1502714400 33532
1502714400 91058
1502714400 149538
1502714400 206510
1502714400 264223
1502714400 321135
1502714400 379263
1502714400 436549
1502714400 494562
1502714400 552011
1502714400 609885
1502714400 667208
1502714400 725082
1502714400 782299
1502714400 840203
1502714400 897635
1502714400 954674
1502714401 13152
1502714401 70071
1502714401 127997
1502714401 185176
1502714401 243315
1502714401 300389
1502714401 358449
1502714401 415751
1502714401 473627
1502714401 531215
1502714401 588909
1502714401 646101
1502714401 704130
1502714401 761330
1502714401 819359
1502714401 876776
1502714401 934075
1502714401 991969
1502714402 49079
1502714402 107106
1502714402 164799
1502714402 222646
1502714402 279559
1502714402 337686
1502714402 394885
1502714402 453058
1502714402 510246
1502714402 568076
1502714402 625312
1502714402 683399
1502714402 740688
1502714402 798530
1502714402 855801
1502714402 913051
1502714402 971010
1502714403 28272
1502714403 86260
1502714403 143674
1502714403 201624
1502714403 258839
1502714403 316871
1502714403 374077
1502714403 432069
1502714403 489240
1502714403 547290
1502714403 604488
1502714403 662695
1502714403 719773
1502714403 777982
1502714403 844968
1502714403 902278
1502714403 960286
1502714404 17606
1502714404 75504
1502714404 132842
1502714404 199946
1502714404 257952
1502714404 324937
1502714404 392141
1502714404 459308
1502714404 526678
1502714404 593591
1502714404 660812
1502714404 727941
1502714404 795082
1502714404 862277
1502714404 929473
1502714404 996501
1502714405 63673
1502714405 130854
1502714405 198184
1502714405 265242
1502714405 332509
1502714405 399676
1502714405 466812
1502714405 533920
1502714405 601817
1502714405 669086
1502714405 736263
1502714405 803286
1502714405 870523
1502714405 937808
1502714406 4936
1502714406 73279
1502714406 139095
1502714406 206262
1502714406 273390
1502714406 340558
1502714406 407884
1502714406 474950
1502714406 542126
1502714406 609398
1502714406 676349
1502714406 743406
1502714406 810683
1502714406 877847
1502714406 947257
1502714407 13115
1502714407 80282
1502714407 147558
1502714407 214522
1502714407 281652
1502714407 348917
1502714407 415965
1502714407 483140
1502714407 550568
1502714407 617601
1502714407 684621
1502714407 751961
1502714407 818941
1502714407 886427
1502714407 953807
1502714408 20352
1502714408 87553
1502714408 154787
1502714408 222721
1502714408 289845
1502714408 357007
1502714408 424166
1502714408 491397
1502714408 558558
1502714408 625649
1502714408 692822
1502714408 760033
1502714408 827363
1502714408 894390
1502714408 961565
1502714409 28650
1502714409 95879
1502714409 163022
1502714409 230124
1502714409 297450
1502714409 364323
1502714409 431613
1502714409 499570
1502714409 566838
1502714409 634329
1502714409 701098
1502714409 768649
1502714409 835385
1502714409 902674
1502714409 969845
1502714410 37102
1502714410 104045
1502714410 171265
1502714410 238787
1502714410 305366
1502714410 372788
1502714410 440159
1502714410 507367
1502714410 574130
1502714410 641369
1502714410 708434
1502714410 776711
1502714410 843360
1502714410 910634
1502714410 977774
1502714411 44783
1502714411 112060
1502714411 179052
1502714411 246341
1502714411 313413
1502714411 380971
1502714411 447870
1502714411 515247
1502714411 582134
1502714411 640392
1502714411 697510
1502714411 764539
1502714411 822690
1502714411 880116
1502714411 946801
1502714412 5177
1502714412 62391
1502714412 120592
1502714412 177738
1502714412 244530
1502714412 311670
1502714412 370150
1502714412 427199
1502714412 485287
1502714412 542603
1502714412 599723
1502714412 657658
1502714412 724484
1502714412 792197
1502714412 850276
1502714412 916981
1502714412 974384
1502714413 41409
1502714413 99804
1502714413 156800
1502714413 223690
1502714413 282155
1502714413 339291
1502714413 397392
1502714413 454627
1502714413 511599
1502714413 569868
1502714413 626963
1502714413 684963
1502714413 742271
1502714413 800383
1502714413 857491
1502714413 915512
1502714413 972726
1502714414 39890
1502714414 97963
1502714414 164715
1502714414 231914
1502714414 289485
1502714414 347431
1502714414 410577
1502714414 471841
1502714414 529830
1502714414 587412
1502714414 645290
1502714414 702277
1502714414 760457
1502714414 817548
1502714414 875742
1502714414 932810
1502714414 991001
1502714415 48000
1502714415 105339
1502714415 163422
1502714415 220629
1502714415 278624
1502714415 335677
1502714415 393869
1502714415 451345
1502714415 509373
1502714415 566300
1502714415 624329
1502714415 681449
1502714415 739627
1502714415 796764
1502714415 854806
1502714415 912050
1502714415 970057
1502714416 27228
1502714416 84614
1502714416 142586
1502714416 199781
1502714416 257736
1502714416 314963
1502714416 373054
1502714416 430275
1502714416 488229
1502714416 545498
1502714416 603575
1502714416 660827
1502714416 727657
1502714416 786224
1502714416 843121
1502714416 901264
1502714416 958345
1502714417 16462
1502714417 73711
1502714417 131626
1502714417 189084
1502714417 246187
1502714417 304041
1502714417 361370
1502714417 419332
1502714417 476537
1502714417 534667
1502714417 591773
1502714417 649879
1502714417 707052
1502714417 764979
1502714417 822320
1502714417 880336
1502714417 937600
1502714417 995513
1502714418 52897
1502714418 109976
1502714418 168103
1502714418 225301
1502714418 283304
1502714418 340515
1502714418 398538
1502714418 456365
1502714418 513801
1502714418 570965
1502714418 629203
1502714418 686296
1502714418 744296
1502714418 801459
1502714418 859577
1502714418 916732
1502714418 974938
1502714419 32132
1502714419 90058
1502714419 147293
1502714419 204437
1502714419 262508
1502714419 319662
1502714419 377682
1502714419 434979
1502714419 493026
1502714419 550299
1502714419 608269
1502714419 665459
1502714419 723473
1502714419 780794
1502714419 838755
1502714419 895976
1502714419 954103
1502714420 11206
1502714420 69334
1502714420 126515
1502714420 183570
1502714420 241873
1502714420 308854
1502714420 366473
1502714420 424186
1502714420 481267
1502714420 539286
1502714420 606520
1502714420 673702
1502714420 740883
1502714420 799055
1502714420 866165
1502714420 933235
1502714421 614
1502714421 67483
1502714421 134712
1502714421 201806
1502714421 268957
1502714421 336117
1502714421 403354
1502714421 470544
1502714421 537688
1502714421 604879
1502714421 671904
1502714421 739095
1502714421 806322
1502714421 873333
1502714421 940565
1502714422 7745
1502714422 75153
1502714422 143018
1502714422 210100
1502714422 277248
1502714422 344482
1502714422 411590
1502714422 478790
1502714422 545973
1502714422 613338
1502714422 680216
1502714422 747384
1502714422 814813
1502714422 881795
1502714422 948835
1502714423 16091
1502714423 83179
1502714423 150371
1502714423 217606
1502714423 284716
1502714423 351656
1502714423 418960
1502714423 487100
1502714423 554286
1502714423 621516
1502714423 688827
1502714423 755845
1502714423 822925
1502714423 890220
1502714423 957096
1502714424 24508
1502714424 91530
1502714424 158542
1502714424 225745
1502714424 293112
1502714424 360086
1502714424 427034
1502714424 493810
1502714424 560549
1502714424 627756
1502714424 695021
1502714424 761756
1502714424 828819
1502714424 895951
1502714424 953442
1502714425 20236
1502714425 87413
1502714425 145977
1502714425 203109
1502714425 261213
1502714425 318307
1502714425 376686
1502714425 433480
1502714425 491796
1502714425 548803
1502714425 606892
1502714425 664006
1502714425 722353
1502714425 785045
1502714425 846641
1502714425 904552
1502714425 961984
1502714426 19945
1502714426 77054
1502714426 135056
1502714426 192165
1502714426 250367
1502714426 308178
1502714426 365354
1502714426 422735
1502714426 480232
1502714426 538107
1502714426 605135
1502714426 662273
1502714426 720409
1502714426 787610
1502714426 854682
1502714426 921876
1502714426 989239
1502714427 56419
1502714427 123339
1502714427 190513
1502714427 257675
1502714427 324983
1502714427 392053
1502714427 459215
1502714427 526265
1502714427 593380
1502714427 661560
1502714427 728728
1502714427 795832
1502714427 863063
1502714427 930105
1502714427 997367
1502714428 64371
1502714428 131706
1502714428 198781
1502714428 265880
1502714428 333011
1502714428 400118
1502714428 467400
1502714428 534668
1502714428 601708
1502714428 668771
1502714428 735930
1502714428 803199
1502714428 870430
1502714428 937415
1502714429 5497
1502714429 72604
1502714429 139727
1502714429 206903
1502714429 274427
1502714429 341298
1502714429 408566
1502714429 475485
1502714429 542751
1502714429 610056
1502714429 676676
1502714429 743907
1502714429 811099
1502714429 878130
1502714429 945258
1502714430 12376
1502714430 70152
1502714430 128115
1502714430 185135
1502714430 243353
1502714430 300494
1502714430 358570
1502714430 415663
1502714430 473948
1502714430 530989
1502714430 589023
1502714430 646239
1502714430 704359
1502714430 761463
1502714430 819485
1502714430 876802
1502714430 933955
1502714430 992020
1502714431 49384
1502714431 109415
1502714431 174447
1502714431 231599
1502714431 289532
1502714431 346811
1502714431 404852
1502714431 462186
1502714431 520184
1502714431 577243
1502714431 635383
1502714431 692636
1502714431 750655
1502714431 807793
1502714431 865952
1502714431 923191
1502714431 990245
1502714432 48349
1502714432 117095
1502714432 184110
1502714432 249802
1502714432 316972
1502714432 384124
1502714432 451312
1502714432 518498
1502714432 585544
1502714432 652851
1502714432 719911
1502714432 787058
1502714432 845254
1502714432 912368
1502714432 979414
1502714433 46718
1502714433 113727
1502714433 181001
1502714433 248057
1502714433 315292
1502714433 382427
1502714433 449527
1502714433 507713
1502714433 574990
1502714433 641940
1502714433 708969
1502714433 776560
1502714433 843390
1502714433 910587
1502714433 977786
1502714434 44804
1502714434 102045
1502714434 160006
1502714434 227283
1502714434 294414
1502714434 361535
1502714434 419639
1502714434 486878
1502714434 553980
1502714434 621261
1502714434 688304
1502714434 755448
1502714434 822647
1502714434 889759
1502714434 957017
1502714435 24241
1502714435 91239
1502714435 158534
1502714435 225580
1502714435 292723
1502714435 359815
1502714435 427108
1502714435 494204
1502714435 561464
1502714435 628486
1502714435 695600
1502714435 763678
1502714435 830858
1502714435 897978
1502714435 965084
1502714436 32274
1502714436 99711
1502714436 166524
1502714436 233674
1502714436 300855
1502714436 367999
1502714436 435194
1502714436 502390
1502714436 569387
1502714436 636613
1502714436 703819
1502714436 770924
1502714436 838142
1502714436 905235
1502714436 972427
1502714437 39620
1502714437 107815
1502714437 174881
1502714437 242196
1502714437 309053
1502714437 376421
1502714437 443491
1502714437 510641
1502714437 577677
1502714437 644885
1502714437 712068
1502714437 779242
1502714437 846347
1502714437 913564
1502714437 980678
1502714438 47910
1502714438 115198
1502714438 182272
1502714438 249684
1502714438 316423
1502714438 383627
1502714438 451771
1502714438 519049
1502714438 586155
1502714438 653114
1502714438 720325
1502714438 787501
1502714438 854876
1502714438 921805
1502714438 988905
1502714439 56087
1502714439 123232
1502714439 190426
1502714439 257552
1502714439 324664
1502714439 391861
1502714439 459097
1502714439 526181
1502714439 593269
1502714439 660452
1502714439 727626
1502714439 795729
1502714439 863052
1502714439 929985
1502714439 997157
1502714440 64337
1502714440 131448
1502714440 198697
1502714440 265837
1502714440 333014
1502714440 400375
1502714440 467242
1502714440 534622
1502714440 601570
1502714440 668712
1502714440 735881
1502714440 803114
1502714440 870327
1502714440 937485
1502714441 4430
1502714441 71745
1502714441 140150
1502714441 206962
1502714441 274382
1502714441 341035
1502714441 408020
1502714441 475187
1502714441 547014
1502714441 618838
1502714441 685679
1502714441 752807
1502714441 819961
1502714441 887144
1502714441 954519
1502714442 21464
1502714442 88926
1502714442 156258
1502714442 223244
1502714442 290687
1502714442 357643
1502714442 424849
1502714442 491952
1502714442 559199
1502714442 626307
1502714442 694252
1502714442 761490
1502714442 828656
1502714442 895749
1502714442 962951
1502714443 30101
1502714443 97231
1502714443 164415
1502714443 231529
1502714443 299039
1502714443 366076
1502714443 433104
1502714443 500222
1502714443 567446
1502714443 634532
1502714443 701792
1502714443 768980
1502714443 836183
1502714443 903176
1502714443 973607
1502714444 38230
1502714444 105404
1502714444 172623
1502714444 239758
1502714444 308159
1502714444 374049
1502714444 441259
1502714444 508328
1502714444 578641
1502714444 642922
1502714444 709816
1502714444 777027
1502714444 844124
1502714444 911289
1502714444 978506
1502714445 45635
1502714445 112705
1502714445 179932
1502714445 247981
1502714445 315136
1502714445 382339
1502714445 449542
1502714445 516607
1502714445 583880
1502714445 650930
1502714445 718017
1502714445 785171
1502714445 852304
1502714445 919932
1502714445 986661
1502714446 53788
1502714446 120938
1502714446 188114
1502714446 255392
1502714446 322451
1502714446 389606
1502714446 456778
1502714446 524085
1502714446 592041
1502714446 659123
1502714446 726422
1502714446 793413
1502714446 860582
1502714446 927734
1502714446 995289
1502714447 62221
1502714447 129196
1502714447 196353
1502714447 263534
1502714447 330767
1502714447 397841
1502714447 465059
1502714447 532186
1502714447 599472
1502714447 666544
1502714447 733599
1502714447 800752
1502714447 868851
1502714447 936014
1502714448 3238
1502714448 70604
1502714448 137442
1502714448 204617
1502714448 271760
1502714448 339007
1502714448 406118
1502714448 473420
1502714448 540485
1502714448 607646
1502714448 674739
1502714448 741828
1502714448 809030
1502714448 876183
1502714448 943367
1502714449 10511
1502714449 77600
1502714449 144841
1502714449 212794
1502714449 279986
1502714449 347181
1502714449 414410
1502714449 481486
1502714449 548711
1502714449 615907
1502714449 682945
1502714449 750203
1502714449 817253
1502714449 884547
1502714449 951724
1502714450 18840
1502714450 85903
1502714450 152973
1502714450 220253
1502714450 287477
1502714450 354592
1502714450 421703
1502714450 489160
1502714450 557068
1502714450 624384
1502714450 691366
1502714450 758511
1502714450 825426
1502714450 892043
1502714450 959199
1502714451 26245
1502714451 93548
1502714451 160485
1502714451 227642
1502714451 294861
1502714451 362164
1502714451 430049
1502714451 496434
1502714451 563447
1502714451 630608
1502714451 697911
1502714451 769481
1502714451 832142
1502714451 899312
1502714451 966546
1502714452 33513
1502714452 100693
1502714452 167782
1502714452 234990
1502714452 302087
1502714452 369329
1502714452 437307
1502714452 504451
1502714452 571602
1502714452 638870
1502714452 705861
1502714452 772617
1502714452 839741
1502714452 906973
1502714452 974235
1502714453 41320
1502714453 108649
1502714453 175643
1502714453 242784
1502714453 309922
1502714453 377115
1502714453 435537
1502714453 502357
1502714453 569411
1502714453 636559
1502714453 694247
1502714453 752334
1502714453 809449
1502714453 867352
1502714453 924527
1502714453 982751
1502714454 39806
1502714454 97949
1502714454 155167
1502714454 213282
1502714454 270628
1502714454 328886
1502714454 385606
1502714454 443839
1502714454 500902
1502714454 558174
1502714454 616135
1502714454 673370
1502714454 731528
1502714454 788562
1502714454 846744
1502714454 904055
1502714454 961858
1502714455 18996
1502714455 77127
1502714455 144587
1502714455 211412
1502714455 278593
1502714455 346049
1502714455 413175
1502714455 480256
1502714455 547208
1502714455 614691
1502714455 681769
1502714455 748840
1502714455 815940
1502714455 883301
1502714455 950345
1502714456 17425
1502714456 85319
1502714456 152846
1502714456 220362
1502714456 286886
1502714456 354049
1502714456 421543
1502714456 488438
1502714456 555547
1502714456 622770
1502714456 690941
1502714456 757155
1502714456 824148
1502714456 891304
1502714456 958484
1502714457 25784
1502714457 92710
1502714457 159947
1502714457 227292
1502714457 294374
1502714457 362270
1502714457 429503
1502714457 496531
1502714457 563765
1502714457 630956
1502714457 697948
1502714457 765354
1502714457 832330
1502714457 899538
1502714457 966676
1502714458 33845
1502714458 101012
1502714458 168133
1502714458 235249
1502714458 302283
1502714458 369477
1502714458 436585
1502714458 503588
1502714458 561032
1502714458 628289
1502714458 694600
1502714458 761317
1502714458 828366
1502714458 886868
1502714458 944089
1502714459 2251
1502714459 59524
1502714459 117430
1502714459 174768
1502714459 232928
1502714459 289942
1502714459 347923
1502714459 405315
1502714459 463134
1502714459 520602
1502714459 577780
1502714459 635494
1502714459 692757
1502714459 750753
1502714459 807872
1502714459 866134
1502714459 923332
1502714459 981321
1502714460 38465
1502714460 96618
1502714460 153783
1502714460 211719
1502714460 268956
1502714460 327058
1502714460 384616
1502714460 442294
1502714460 499503
1502714460 557486
1502714460 614740
1502714460 672215
1502714460 730038
1502714460 787183
1502714460 845243
1502714460 902458
1502714460 960603
1502714461 17622
1502714461 75724
1502714461 132995
1502714461 191058
1502714461 248137
1502714461 306271
1502714461 363429
1502714461 421637
1502714461 478762
1502714461 536752
1502714461 593887
1502714461 651099
1502714461 709099
1502714461 766368
1502714461 824433
1502714461 881592
1502714461 939699
1502714461 996783
1502714462 54960
1502714462 112052
1502714462 170168
1502714462 227338
1502714462 285447
1502714462 342524
1502714462 400710
1502714462 457947
1502714462 516046
1502714462 573146
1502714462 640595
1502714462 707568
1502714462 774658
1502714462 841803
1502714462 899999
1502714462 967050
1502714463 34435
1502714463 101380
1502714463 168451
1502714463 235645
1502714463 302983
1502714463 370102
1502714463 437050
1502714463 504272
1502714463 571429
1502714463 638605
1502714463 705733
1502714463 773131
1502714463 840066
1502714463 908447
1502714463 974307
1502714464 32602
1502714464 102577
1502714464 166828
1502714464 233897
1502714464 301098
1502714464 368400
1502714464 435707
1502714464 506606
1502714464 569608
1502714464 627808
1502714464 695163
1502714464 762102
1502714464 829395
1502714464 896500
1502714464 963485
1502714465 30563
1502714465 88649
1502714465 155841
1502714465 223166
1502714465 290401
1502714465 357453
1502714465 424450
1502714465 491591
1502714465 558795
1502714465 617075
1502714465 683488
1502714465 741182
1502714465 798591
1502714465 856515
1502714465 923708
1502714465 980754
1502714466 38933
1502714466 106082
1502714466 173236
1502714466 240299
1502714466 307635
1502714466 374625
1502714466 441775
1502714466 508835
1502714466 576048
1502714466 643291
1502714466 710535
1502714466 777727
1502714466 844763
1502714466 912887
1502714466 980259
1502714467 47972
1502714467 114293
1502714467 181456
1502714467 249669
1502714467 316009
1502714467 382920
1502714467 450516
1502714467 517165
1502714467 584434
1502714467 651572
1502714467 718772
1502714467 785883
1502714467 852970
1502714467 920106
1502714467 987311
1502714468 54419
1502714468 121665
1502714468 188868
1502714468 256807
1502714468 323963
1502714468 391131
1502714468 458287
1502714468 525408
1502714468 592602
1502714468 659781
1502714468 726840
1502714468 794049
1502714468 861319
1502714468 928413
1502714468 996674
1502714469 62785
1502714469 129832
1502714469 197009
1502714469 264216
1502714469 331422
1502714469 398469
1502714469 465687
1502714469 533665
1502714469 601879
1502714469 667944
1502714469 735208
1502714469 802338
1502714469 869579
1502714469 936707
1502714470 3754
1502714470 70954
1502714470 138113
1502714470 205256
1502714470 272337
1502714470 339575
1502714470 406815
1502714470 474282
1502714470 541067
1502714470 608150
1502714470 675335
1502714470 742507
1502714470 809823
1502714470 876832
1502714470 945039
1502714471 11981
1502714471 79140
1502714471 146351
1502714471 213858
1502714471 280623
1502714471 347451
1502714471 414742
1502714471 481787
1502714471 548987
1502714471 616179
1502714471 683168
1502714471 750441
1502714471 817561
1502714471 884589
1502714471 951841
1502714472 10285
1502714472 67310
1502714472 125461
1502714472 182860
1502714472 240727
1502714472 298433
1502714472 364907
1502714472 431954
1502714472 499209
1502714472 557472
1502714472 614945
1502714472 673028
1502714472 729993
1502714472 787998
1502714472 845321
1502714472 903279
1502714472 960480
1502714473 18526
1502714473 85237
1502714473 142887
1502714473 200947
1502714473 258293
1502714473 315292
1502714473 373301
1502714473 430640
1502714473 497326
1502714473 555637
1502714473 620930
1502714473 680169
1502714473 738172
1502714473 795398
1502714473 853322
1502714473 910620
1502714473 968535
1502714474 25925
1502714474 92975
1502714474 151087
1502714474 208292
1502714474 266245
1502714474 323534
1502714474 381576
1502714474 438751
1502714474 496754
1502714474 554065
1502714474 612085
1502714474 679340
1502714474 736618
1502714474 794523
1502714474 851645
1502714474 909804
1502714474 966951
1502714475 24319
1502714475 82131
1502714475 139270
1502714475 197362
1502714475 254573
1502714475 312651
1502714475 369780
1502714475 427868
1502714475 485008
1502714475 543210
1502714475 600357
1502714475 658466
1502714475 725558
1502714475 792771
1502714475 859837
1502714475 927063
1502714475 994217
1502714476 61271
1502714476 128485
1502714476 195606
1502714476 262859
1502714476 329957
1502714476 397079
1502714476 464228
1502714476 531407
1502714476 598598
1502714476 665719
1502714476 732925
1502714476 800026
1502714476 868252
1502714476 935299
1502714477 2508
1502714477 69590
1502714477 136741
1502714477 203853
1502714477 271053
1502714477 338292
1502714477 405257
1502714477 472459
1502714477 539645
1502714477 606831
1502714477 673908
1502714477 741040
1502714477 808184
1502714477 875486
1502714477 942824
1502714478 9751
1502714478 76877
1502714478 144052
1502714478 212113
1502714478 279306
1502714478 346643
1502714478 413633
1502714478 480737
1502714478 547871
1502714478 615180
1502714478 686724
1502714478 749410
1502714478 816564
1502714478 883762
1502714478 950982
1502714479 17950
1502714479 85139
1502714479 152398
1502714479 219398
1502714479 286669
1502714479 353725
1502714479 421095
1502714479 488087
1502714479 555280
1502714479 622365
1502714479 689501
1502714479 756746
1502714479 823901
1502714479 891950
1502714479 959770
1502714480 26518
1502714480 93595
1502714480 167185
1502714480 236824
1502714480 303929
1502714480 371247
1502714480 439310
1502714480 506470
1502714480 573520
1502714480 640634
1502714480 708674
1502714480 774135
1502714480 841411
1502714480 908202
1502714480 975677
1502714481 41872
1502714481 109010
1502714481 176084
1502714481 242950
1502714481 310046
1502714481 377387
1502714481 444330
1502714481 511612
1502714481 578751
1502714481 645793
1502714481 713046
1502714481 780570
1502714481 847269
1502714481 914633
1502714481 972926
1502714482 30103
1502714482 96800
1502714482 164593
1502714482 231730
1502714482 299231
1502714482 366369
1502714482 424082
1502714482 481985
1502714482 539045
1502714482 596262
1502714482 654393
1502714482 711616
1502714482 769691
1502714482 826949
1502714482 884892
1502714482 941988
1502714483 57
1502714483 57446
1502714483 115486
1502714483 172605
1502714483 230743
1502714483 287723
1502714483 350630
1502714483 413182
1502714483 470149
1502714483 528286
1502714483 585444
1502714483 643547
1502714483 710951
1502714483 778164
1502714483 845221
1502714483 912482
1502714483 979412
1502714484 46980
1502714484 113569
1502714484 180736
1502714484 247934
1502714484 315064
1502714484 382211
1502714484 449356
1502714484 516706
1502714484 583728
1502714484 651087
1502714484 718385
1502714484 785190
1502714484 852343
1502714484 919475
1502714484 987508
1502714485 54767
1502714485 121815
1502714485 189248
1502714485 256176
1502714485 323290
1502714485 390502
1502714485 457606
1502714485 524773
1502714485 592035
1502714485 659146
1502714485 726497
1502714485 793398
1502714485 860583
1502714485 928174
1502714485 994864
1502714486 66573
1502714486 129168
1502714486 196366
1502714486 264331
1502714486 331668
1502714486 398855
1502714486 465898
1502714486 533635
1502714486 600354
1502714486 667358
1502714486 734457
1502714486 801599
1502714486 868734
1502714486 938770
1502714487 3097
1502714487 70264
1502714487 137393
1502714487 204579
1502714487 271631
1502714487 339108
1502714487 406030
1502714487 473216
1502714487 540370
1502714487 608311
1502714487 675550
1502714487 742705
1502714487 809908
1502714487 877110
1502714487 944282
1502714488 11357
1502714488 78512
1502714488 146122
1502714488 213022
1502714488 280212
1502714488 347248
1502714488 413864
1502714488 481133
1502714488 548557
1502714488 615486
1502714488 682576
1502714488 750128
1502714488 816834
1502714488 884006
1502714488 942573
1502714488 999599
1502714489 58029
1502714489 114877
1502714489 173007
1502714489 230136
1502714489 288453
1502714489 355662
1502714489 412771
1502714489 470894
1502714489 537714
1502714489 604947
1502714489 672439
1502714489 739269
1502714489 796502
1502714489 854690
1502714489 921813
1502714489 989015
1502714490 56390
1502714490 123245
1502714490 180426
1502714490 238643
1502714490 295649
1502714490 353813
1502714490 420746
1502714490 477837
1502714490 535996
1502714490 603224
1502714490 660296
1502714490 718546
1502714490 776066
1502714490 833757
1502714490 891041
1502714490 949154
1502714491 6117
1502714491 64320
1502714491 121360
1502714491 180640
1502714491 247010
1502714491 314851
1502714491 381261
1502714491 449020
1502714491 515532
1502714491 582844
1502714491 649798
1502714491 717475
1502714491 784138
1502714491 851251
1502714491 918664
1502714491 985802
1502714492 53060
1502714492 120785
1502714492 187281
1502714492 254189
1502714492 321667
1502714492 388995
1502714492 456365
1502714492 523551
1502714492 590704
1502714492 657874
1502714492 724863
1502714492 792266
1502714492 859388
1502714492 926430
1502714493 3320
1502714493 70713
1502714493 137863
1502714493 204972
1502714493 272171
1502714493 339335
1502714493 406493
1502714493 473617
1502714493 540783
1502714493 608212
1502714493 674980
1502714493 742146
1502714493 809461
1502714493 876539
1502714493 943635
1502714494 10860
1502714494 77953
1502714494 145185
1502714494 212438
1502714494 279423
1502714494 347730
1502714494 414815
1502714494 482132
1502714494 549249
1502714494 616383
1502714494 683714
1502714494 750600
1502714494 817808
1502714494 885102
1502714494 952050
1502714495 19257
1502714495 86614
1502714495 153558
1502714495 220910
1502714495 287799
1502714495 354951
1502714495 421732
1502714495 488850
1502714495 556048
1502714495 623075
1502714495 690309
1502714495 748866
1502714495 806056
1502714495 864186
1502714495 921345
1502714495 978299
1502714496 36457
1502714496 93573
1502714496 152396
1502714496 208776
1502714496 266993
1502714496 324171
1502714496 382249
1502714496 439432
1502714496 497315
1502714496 554516
1502714496 612903
1502714496 669888
1502714496 728008
1502714496 785131
1502714496 843411
1502714496 910517
1502714496 977688
1502714497 44568
1502714497 111838
1502714497 179428
1502714497 246149
1502714497 313380
1502714497 380457
1502714497 447609
1502714497 514826
1502714497 582030
1502714497 649096
1502714497 716186
1502714497 784410
1502714497 850472
1502714497 917737
1502714497 984844
1502714498 51961
1502714498 120167
1502714498 187192
1502714498 254294
1502714498 321454
1502714498 388597
1502714498 455802
1502714498 522987
1502714498 590136
1502714498 657294
1502714498 724418
1502714498 791722
1502714498 858996
1502714498 925829
1502714498 993082
1502714499 60741
1502714499 127442
1502714499 194516
1502714499 261847
1502714499 328903
1502714499 395962
1502714499 464075
1502714499 531418
1502714499 598326
1502714499 665921
1502714499 732746
1502714499 799783
1502714499 867548
1502714499 934105
1502714500 1278
1502714500 68509
1502714500 135728
1502714500 202759
1502714500 269907
1502714500 337176
1502714500 404265
1502714500 471401
1502714500 538593
1502714500 605799
1502714500 672762
1502714500 740180
1502714500 808110
1502714500 875302
1502714500 942359
1502714501 9528
1502714501 76689
1502714501 143760
1502714501 211253
1502714501 278432
1502714501 345476
1502714501 419038
1502714501 488782
1502714501 555923
1502714501 623143
1502714501 690373
1502714501 757331
1502714501 824533
1502714501 891210
1502714501 958530
1502714502 25600
1502714502 94438
1502714502 159903
1502714502 227302
1502714502 294279
1502714502 361459
1502714502 428522
1502714502 495844
1502714502 563014
1502714502 630826
1502714502 688375
1502714502 746652
1502714502 813266
1502714502 880677
1502714502 937911
1502714502 996155
1502714503 53353
1502714503 110483
1502714503 168383
1502714503 225650
1502714503 283710
1502714503 340818
1502714503 399023
1502714503 466180
1502714503 533179
1502714503 600422
1502714503 667634
1502714503 735045
1502714503 801929
1502714503 869013
1502714503 936294
1502714504 3400
1502714504 70707
1502714504 137806
1502714504 205170
1502714504 273026
1502714504 340235
1502714504 407232
1502714504 474495
1502714504 541742
1502714504 608854
1502714504 675821
1502714504 742968
1502714504 810263
1502714504 877271
1502714504 944422
1502714505 11604
1502714505 78951
1502714505 146060
1502714505 213208
1502714505 286384
1502714505 356396
1502714505 423726
1502714505 490937
1502714505 557814
1502714505 625053
1502714505 692224
1502714505 759604
1502714505 826587
1502714505 893835
1502714505 960832
1502714506 27999
1502714506 95273
1502714506 162569
1502714506 229636
1502714506 296714
1502714506 363399
1502714506 430697
1502714506 497818
1502714506 564888
1502714506 632082
1502714506 699368
1502714506 766436
1502714506 833608
1502714506 900637
1502714506 959219
1502714507 16340
1502714507 83134
1502714507 141452
1502714507 198700
1502714507 256750
1502714507 314045
1502714507 372057
1502714507 429196
1502714507 487304
1502714507 544457
1502714507 602644
1502714507 659671
1502714507 718099
1502714507 774958
1502714507 833054
1502714507 890227
1502714507 948336
1502714508 15124
1502714508 82579
1502714508 139662
1502714508 197915
1502714508 255518
1502714508 313060
1502714508 380271
1502714508 447823
1502714508 514592
1502714508 581841
1502714508 649115
1502714508 716187
1502714508 783365
1502714508 850387
1502714508 920141
1502714508 984738
1502714509 51953
1502714509 119080
1502714509 186287
1502714509 253466
1502714509 320571
1502714509 387735
1502714509 454852
1502714509 522051
1502714509 590182
1502714509 657471
1502714509 724823
1502714509 791663
1502714509 858945
1502714509 925763
1502714509 998628
1502714510 70153
1502714510 136544
1502714510 203482
1502714510 270851
1502714510 338539
1502714510 405268
1502714510 472365
1502714510 539351
1502714510 606506
1502714510 673571
1502714510 740799
1502714510 807897
1502714510 875164
1502714510 942145
1502714511 9756
1502714511 75594
1502714511 142880
1502714511 210095
1502714511 277329
1502714511 343849
1502714511 410929
1502714511 478235
1502714511 545350
1502714511 612588
1502714511 679694
1502714511 747275
1502714511 814377
1502714511 881789
1502714511 948881
1502714512 15885
1502714512 83418
1502714512 150245
1502714512 217765
1502714512 284767
1502714512 351563
1502714512 418390
1502714512 485539
1502714512 552621
1502714512 619787
1502714512 687097
1502714512 754263
1502714512 821382
1502714512 888555
1502714512 955577
1502714513 14378
1502714513 71053
1502714513 129442
1502714513 186493
1502714513 244666
1502714513 301654
1502714513 359820
1502714513 416992
1502714513 475100
1502714513 532246
1502714513 590210
1502714513 647528
1502714513 705534
1502714513 762667
1502714513 820167
1502714513 877928
1502714513 935245
1502714513 993252
1502714514 50432
1502714514 108550
1502714514 165628
1502714514 223771
1502714514 290998
1502714514 358058
1502714514 415256
1502714514 473386
1502714514 540505
1502714514 607531
1502714514 674645
1502714514 742284
1502714514 809064
1502714514 867140
1502714514 934228
1502714515 1410
1502714515 68835
1502714515 138305
1502714515 203260
1502714515 270162
1502714515 337243
1502714515 404570
1502714515 471467
1502714515 538726
1502714515 605718
1502714515 673048
1502714515 740365
1502714515 807302
1502714515 874402
1502714515 941769
1502714516 8945
1502714516 76050
1502714516 143131
1502714516 210672
1502714516 277515
1502714516 344573
1502714516 411948
1502714516 478981
1502714516 546676
1502714516 613290
1502714516 680389
1502714516 750363
1502714516 814664
1502714516 881958
1502714516 948992
1502714517 16285
1502714517 83456
1502714517 151091
1502714517 217667
1502714517 284743
1502714517 352042
1502714517 418281
1502714517 485311
1502714517 552523
1502714517 619526
1502714517 686388
1502714517 753578
1502714517 820762
1502714517 879132
1502714517 936361
1502714517 994366
1502714518 51957
1502714518 108619
1502714518 166815
1502714518 223976
1502714518 282212
1502714518 339092
1502714518 402734
1502714518 464519
1502714518 531531
1502714518 598823
1502714518 666297
1502714518 733317
1502714518 800291
1502714518 867346
1502714518 934470
1502714519 1735
1502714519 69017
1502714519 136074
1502714519 203254
1502714519 270409
1502714519 338351
1502714519 405651
1502714519 472853
1502714519 539909
1502714519 607031
1502714519 674091
1502714519 741284
1502714519 808350
1502714519 875585
1502714519 942759
1502714520 9932
1502714520 77103
1502714520 144337
1502714520 211372
1502714520 278561
1502714520 345772
1502714520 412868
1502714520 480138
1502714520 547241
1502714520 614719
1502714520 682401
1502714520 749634
1502714520 816773
1502714520 883828
1502714520 951075
1502714521 18178
1502714521 85345
1502714521 152398
1502714521 219638
1502714521 286425
1502714521 353545
1502714521 420994
1502714521 487844
1502714521 555038
1502714521 626702
1502714521 699533
1502714521 757039
1502714521 823822
1502714521 882173
1502714521 939204
1502714521 997513
1502714522 54647
1502714522 112621
1502714522 169958
1502714522 227848
1502714522 285064
1502714522 343161
1502714522 400193
1502714522 457439
1502714522 515704
1502714522 572737
1502714522 630704
1502714522 688069
1502714522 746074
1502714522 803229
1502714522 861235
1502714522 918741
1502714522 976638
1502714523 33805
1502714523 91742
1502714523 149123
1502714523 207118
1502714523 264393
1502714523 322372
1502714523 379439
1502714523 437581
1502714523 504650
1502714523 571756
1502714523 629083
1502714523 687342
1502714523 744237
1502714523 802365
1502714523 859533
1502714523 916774
1502714523 974828
1502714524 33046
1502714524 99304
1502714524 157207
1502714524 214422
1502714524 272814
1502714524 339695
1502714524 406826
1502714524 473826
1502714524 531174
1502714524 589074
1502714524 656365
1502714524 713547
1502714524 771533
1502714524 828663
1502714524 886767
1502714524 944047
1502714525 2032
1502714525 59204
1502714525 117543
1502714525 174531
1502714525 232542
1502714525 302848
1502714525 366889
1502714525 434120
1502714525 501217
1502714525 568374
1502714525 635604
1502714525 702692
1502714525 769863
1502714525 836968
1502714525 904085
1502714525 971293
1502714526 38442
1502714526 106061
1502714526 172822
1502714526 240533
1502714526 308348
1502714526 375201
1502714526 442826
1502714526 509597
1502714526 577854
1502714526 644298
1502714526 710987
1502714526 778150
1502714526 845395
1502714526 912512
1502714526 979936
1502714527 46878
1502714527 114869
1502714527 181353
1502714527 248371
1502714527 316181
1502714527 382649
1502714527 449895
1502714527 517365
1502714527 583981
1502714527 651255
1502714527 718762
1502714527 785672
1502714527 852620
1502714527 920248
1502714527 987057
1502714528 54019
1502714528 121191
1502714528 188167
1502714528 255440
1502714528 322370
1502714528 389514
1502714528 456667
1502714528 524011
1502714528 591118
1502714528 658366
1502714528 726270
1502714528 793591
1502714528 850869
1502714528 908849
1502714528 966279
1502714529 24198
1502714529 81355
1502714529 139561
1502714529 205723
1502714529 263893
1502714529 320890
1502714529 378882
1502714529 436165
1502714529 494488
1502714529 561377
1502714529 628539
1502714529 695803
1502714529 763241
1502714529 830124
1502714529 897219
1502714529 964346
1502714530 31551
1502714530 98695
1502714530 165810
1502714530 233286
1502714530 300214
1502714530 368481
1502714530 435435
1502714530 502555
1502714530 569634
1502714530 636745
1502714530 703922
1502714530 771083
1502714530 838137
1502714530 905300
1502714530 972552
1502714531 39622
1502714531 106747
1502714531 173863
1502714531 241182
1502714531 308355
1502714531 375595
1502714531 442611
1502714531 509874
1502714531 576991
1502714531 644087
1502714531 712588
1502714531 779505
1502714531 846437
1502714531 913803
1502714531 980714
1502714532 48006
1502714532 115274
1502714532 182281
1502714532 249468
1502714532 316761
1502714532 383708
1502714532 451029
1502714532 518109
1502714532 585227
1502714532 652379
1502714532 719567
1502714532 786838
1502714532 853881
1502714532 921062
1502714532 988186
1502714533 55344
1502714533 122554
1502714533 189274
1502714533 256409
1502714533 323535
1502714533 382062
1502714533 439228
1502714533 497215
1502714533 554389
1502714533 612386
1502714533 669628
1502714533 728117
1502714533 794921
1502714533 862048
1502714533 929213
1502714533 996327
1502714534 63744
1502714534 130630
1502714534 197802
1502714534 265075
1502714534 332045
1502714534 399290
1502714534 466511
1502714534 533562
1502714534 600761
1502714534 667888
1502714534 735055
1502714534 802279
1502714534 869416
1502714534 936533
1502714535 3682
1502714535 71754
1502714535 138861
1502714535 206220
1502714535 273284
1502714535 340346
1502714535 407438
1502714535 474830
1502714535 541861
1502714535 608948
1502714535 676100
1502714535 743398
1502714535 810413
1502714535 877659
1502714535 944676
1502714536 11952
1502714536 79202
1502714536 146475
1502714536 213419
1502714536 280662
1502714536 347692
1502714536 415753
1502714536 483237
1502714536 550181
1502714536 617283
1502714536 684711
1502714536 752076
1502714536 818722
1502714536 885901
1502714536 953337
1502714537 20429
1502714537 87334
1502714537 154534
1502714537 222189
1502714537 288788
1502714537 355820
1502714537 423106
1502714537 490249
1502714537 557392
1502714537 624551
1502714537 692688
1502714537 760067
1502714537 827025
1502714537 894236
1502714537 961312
1502714538 28515
1502714538 95574
1502714538 162878
1502714538 230105
1502714538 303179
1502714538 374192
1502714538 441301
1502714538 508464
1502714538 575791
1502714538 643808
1502714538 710267
1502714538 777130
1502714538 844458
1502714538 911682
1502714538 978818
1502714539 45773
1502714539 113179
1502714539 180156
1502714539 247357
1502714539 316602
1502714539 382322
1502714539 449747
1502714539 516357
1502714539 584572
1502714539 651879
1502714539 718562
1502714539 785929
1502714539 853289
1502714539 919954
1502714539 987198
1502714540 54630
1502714540 122063
1502714540 189213
1502714540 256824
1502714540 323685
1502714540 389964
1502714540 457453
1502714540 524349
1502714540 591575
1502714540 659336
1502714540 725982
1502714540 792819
1502714540 859902
1502714540 927477
1502714540 994622
1502714541 61284
1502714541 129042
1502714541 195663
1502714541 262779
1502714541 329882
1502714541 397059
1502714541 463920
1502714541 531389
1502714541 598276
1502714541 665854
1502714541 732934
1502714541 799117
1502714541 865907
1502714541 933146
1502714542 2258
1502714542 58684
1502714542 115782
1502714542 174041
1502714542 231107
1502714542 289204
1502714542 346339
1502714542 404417
1502714542 471727
1502714542 538791
1502714542 606063
1502714542 663072
1502714542 721209
1502714542 788312
1502714542 845291
1502714542 903549
1502714542 970821
1502714543 37892
1502714543 105014
1502714543 172235
1502714543 239637
1502714543 306391
1502714543 373820
1502714543 440760
1502714543 510348
1502714543 574981
1502714543 642206
1502714543 709380
1502714543 777510
1502714543 844593
1502714543 911837
1502714543 979171
1502714544 46109
1502714544 113184
1502714544 180402
1502714544 247593
1502714544 314624
1502714544 381836
1502714544 453093
1502714544 516230
1502714544 583541
1502714544 650668
1502714544 717617
1502714544 784698
1502714544 858669
1502714544 919022
1502714544 986218
1502714545 53355
1502714545 120528
1502714545 187713
1502714545 254979
1502714545 321997
1502714545 389091
1502714545 456490
1502714545 523648
1502714545 590601
1502714545 657706
1502714545 726297
1502714545 792932
1502714545 860259
1502714545 927876
1502714545 994417
1502714546 61616
1502714546 129108
1502714546 196777
1502714546 263031
1502714546 330322
1502714546 397542
1502714546 464514
1502714546 531661
1502714546 598814
1502714546 670641
1502714546 733200
1502714546 800433
1502714546 867865
1502714546 934679
1502714547 2044
1502714547 69135
1502714547 136673
1502714547 203379
1502714547 270564
1502714547 337501
1502714547 410891
1502714547 472324
1502714547 530485
1502714547 597314
1502714547 664457
1502714547 731646
1502714547 798653
1502714547 865949
1502714547 933040
1502714548 101
1502714548 67347
1502714548 134386
1502714548 201629
1502714548 269241
1502714548 335896
1502714548 404244
1502714548 470387
1502714548 542700
1502714548 604513
1502714548 672603
1502714548 739679
1502714548 806996
1502714548 874136
1502714548 941095
1502714549 8350
1502714549 75520
1502714549 142755
1502714549 209763
1502714549 276951
1502714549 344073
1502714549 411364
1502714549 478454
1502714549 545821
1502714549 612694
1502714549 680622
1502714549 747020
1502714549 814315
1502714549 881901
1502714549 949559
1502714550 16939
1502714550 83923
1502714550 151008
1502714550 218141
1502714550 285308
1502714550 352291
1502714550 419681
1502714550 486608
1502714550 553897
1502714550 621078
1502714550 688439
1502714550 755282
1502714550 822424
1502714550 889587
1502714550 956918
1502714551 23905
1502714551 91280
1502714551 158309
1502714551 226362
1502714551 293507
1502714551 360570
1502714551 430611
1502714551 498847
1502714551 562420
1502714551 629607
1502714551 696587
1502714551 763770
1502714551 836618
1502714551 916166
1502714551 984138
1502714552 51288
1502714552 118238
1502714552 186757
1502714552 252605
1502714552 329981
1502714552 396933
1502714552 464004
1502714552 531112
1502714552 598444
1502714552 665761
1502714552 732722
1502714552 800007
1502714552 867093
1502714552 934290
1502714553 1406
1502714553 68524
1502714553 135690
1502714553 202956
1502714553 270065
1502714553 337262
1502714553 404348
1502714553 471556
1502714553 538567
1502714553 605654
1502714553 673003
1502714553 740259
1502714553 807203
1502714553 874489
1502714553 942330
1502714554 8550
1502714554 75875
1502714554 143144
1502714554 210161
1502714554 277350
1502714554 344505
1502714554 411623
1502714554 479028
1502714554 546137
1502714554 613206
1502714554 680467
1502714554 747378
1502714554 818727
1502714554 891403
1502714554 958099
1502714555 25093
1502714555 92376
1502714555 159487
1502714555 226688
1502714555 294220
1502714555 360993
1502714555 428178
1502714555 495524
1502714555 562349
1502714555 629460
1502714555 696613
1502714555 763890
1502714555 831156
1502714555 898033
1502714555 965278
1502714556 32603
1502714556 100597
1502714556 166820
1502714556 233957
1502714556 300671
1502714556 367314
1502714556 444415
1502714556 510826
1502714556 578137
1502714556 645471
1502714556 713200
1502714556 779326
1502714556 850039
1502714556 913781
1502714556 981015
1502714557 48715
1502714557 115648
1502714557 182490
1502714557 249522
1502714557 317570
1502714557 383854
1502714557 451333
1502714557 518118
1502714557 585935
1502714557 652401
1502714557 719841
1502714557 787994
1502714557 853903
1502714557 921066
1502714557 989319
1502714558 55376
1502714558 125678
1502714558 189679
1502714558 256808
1502714558 325000
1502714558 391115
1502714558 458247
1502714558 525606
1502714558 592852
1502714558 659589
1502714558 726885
1502714558 794155
1502714558 861114
1502714558 928251
1502714558 995818
1502714559 62694
1502714559 129864
1502714559 196994
1502714559 264189
1502714559 332091
1502714559 399313
1502714559 465929
1502714559 532730
1502714559 599982
1502714559 667380
1502714559 734287
1502714559 801452
1502714559 868524
1502714559 936589
1502714560 2995
1502714560 70350
1502714560 137759
1502714560 204182
1502714560 271501
1502714560 338465
1502714560 405758
1502714560 472867
1502714560 540586
1502714560 607260
1502714560 674283
1502714560 741591
1502714560 808624
1502714560 875711
1502714560 942772
1502714561 10111
1502714561 77492
1502714561 144522
1502714561 211572
1502714561 279029
1502714561 345872
1502714561 413123
1502714561 480093
1502714561 547769
1502714561 614945
1502714561 682093
1502714561 749242
1502714561 816487
1502714561 884269
1502714561 942141
1502714561 999100
1502714562 56406
1502714562 114386
1502714562 181145
1502714562 238737
1502714562 296815
1502714562 353996
1502714562 412037
1502714562 469197
1502714562 527274
1502714562 584464
1502714562 641605
1502714562 699720
1502714562 756860
1502714562 815165
1502714562 882310
1502714562 949315
1502714563 16499
1502714563 83629
1502714563 150834
1502714563 217888
1502714563 285063
1502714563 352213
1502714563 419335
1502714563 486479
1502714563 553657
1502714563 626400
1502714563 688928
1502714563 756127
1502714563 823197
1502714563 890352
1502714563 957483
1502714564 24636
1502714564 91843
1502714564 159048
1502714564 226238
1502714564 293254
1502714564 360551
1502714564 427657
1502714564 494842
1502714564 561957
1502714564 629128
1502714564 696445
1502714564 763736
1502714564 830711
1502714564 897434
1502714564 964589
1502714565 31686
1502714565 90127
1502714565 147309
1502714565 205314
1502714565 262530
1502714565 320579
1502714565 377798
1502714565 435857
1502714565 503075
1502714565 570193
1502714565 637295
1502714565 704508
1502714565 771626
1502714565 838825
1502714565 905944
1502714565 973110
1502714566 40339
1502714566 107369
1502714566 174565
1502714566 241717
1502714566 308952
1502714566 376070
1502714566 444204
1502714566 511464
1502714566 578530
1502714566 645519
1502714566 712802
1502714566 779905
1502714566 847027
1502714566 914199
1502714566 981394
1502714567 48817
1502714567 115981
1502714567 183310
1502714567 250197
1502714567 317301
1502714567 384444
1502714567 451516
1502714567 518795
1502714567 585766
1502714567 653029
1502714567 720189
1502714567 787333
1502714567 854527
1502714567 921703
1502714567 988878
1502714568 55898
1502714568 123110
1502714568 190749
1502714568 262544
1502714568 333762
1502714568 400701
1502714568 474338
1502714568 545103
1502714568 612361
1502714568 679921
1502714568 746538
1502714568 813682
1502714568 880766
1502714568 947937
1502714569 16031
1502714569 82323
1502714569 149491
1502714569 216925
1502714569 283759
1502714569 350991
1502714569 418200
1502714569 485348
1502714569 552322
1502714569 619737
1502714569 686862
1502714569 753870
1502714569 821087
1502714569 888139
1502714569 955367
1502714570 22444
1502714570 89658
1502714570 156833
1502714570 223905
1502714570 291344
1502714570 358311
1502714570 425696
1502714570 492679
1502714570 559655
1502714570 626923
1502714570 694108
1502714570 761293
1502714570 828422
1502714570 895413
1502714570 962759
1502714571 29744
1502714571 96876
1502714571 164240
1502714571 231334
1502714571 298419
1502714571 366256
1502714571 433132
1502714571 499922
1502714571 567105
1502714571 634224
1502714571 701524
1502714571 768495
1502714571 835923
1502714571 902973
1502714571 970121
1502714572 37185
1502714572 104635
1502714572 171592
1502714572 239017
1502714572 305912
1502714572 373098
1502714572 440176
1502714572 507233
1502714572 574367
1502714572 643101
1502714572 708812
1502714572 775716
1502714572 843063
1502714572 909800
1502714572 977146
1502714573 44089
1502714573 111328
1502714573 178482
1502714573 246579
1502714573 313566
1502714573 380686
1502714573 447844
1502714573 515122
1502714573 572633
1502714573 631028
1502714573 687883
1502714573 745844
1502714573 803048
1502714573 861155
1502714573 918383
1502714573 976536
1502714574 43645
1502714574 111032
1502714574 178067
1502714574 245077
1502714574 312543
1502714574 379450
1502714574 446635
1502714574 513651
1502714574 580885
1502714574 648112
1502714574 715236
1502714574 782508
1502714574 849574
1502714574 916967
1502714574 984245
1502714575 51148
1502714575 118131
1502714575 185346
1502714575 252382
1502714575 320707
1502714575 387589
1502714575 454779
1502714575 521900
1502714575 589094
1502714575 656353
1502714575 723543
1502714575 790683
1502714575 857698
1502714575 925096
1502714575 992073
1502714576 59280
1502714576 126488
1502714576 193624
1502714576 262143
1502714576 327921
1502714576 394972
1502714576 462046
1502714576 529221
1502714576 597329
1502714576 664399
1502714576 731530
1502714576 798871
1502714576 866150
1502714576 932977
1502714577 347
1502714577 67544
1502714577 134561
1502714577 201776
1502714577 268962
1502714577 335944
1502714577 403198
1502714577 470668
1502714577 537654
1502714577 604662
1502714577 671861
1502714577 738919
1502714577 806066
1502714577 873258
1502714577 941397
1502714578 8487
1502714578 76114
1502714578 142749
1502714578 209879
1502714578 277363
1502714578 344505
1502714578 411539
1502714578 478668
1502714578 545665
1502714578 613115
1502714578 679794
1502714578 747253
1502714578 813693
1502714578 880677
1502714578 947703
1502714579 15345
1502714579 87123
1502714579 159260
1502714579 226562
1502714579 294685
1502714579 360911
1502714579 434615
1502714579 505085
1502714579 571181
1502714579 638483
1502714579 705599
1502714579 772976
1502714579 839846
1502714579 907151
1502714579 974357
1502714580 42110
1502714580 108315
1502714580 175652
1502714580 242857
1502714580 310036
1502714580 377081
1502714580 444367
1502714580 511406
1502714580 578686
1502714580 645784
1502714580 712913
1502714580 780250
1502714580 847291
1502714580 914367
1502714580 981444
1502714581 48873
1502714581 115940
1502714581 183004
1502714581 250092
1502714581 317357
1502714581 384420
1502714581 451543
1502714581 518761
1502714581 585862
1502714581 652976
1502714581 720194
1502714581 787316
1502714581 854264
1502714581 921315
1502714581 988486
1502714582 55549
1502714582 123704
1502714582 190807
1502714582 248331
1502714582 306392
1502714582 363533
1502714582 420693
1502714582 479965
1502714582 546147
1502714582 603067
1502714582 661367
1502714582 718323
1502714582 776354
1502714582 843584
1502714582 910922
1502714582 977825
1502714583 45024
1502714583 112410
1502714583 190901
1502714583 256540
1502714583 323591
1502714583 390809
1502714583 457954
1502714583 525076
1502714583 592262
1502714583 659458
1502714583 726581
1502714583 793816
1502714583 861056
1502714583 928027
1502714583 995223
1502714584 62391
1502714584 129476
1502714584 197655
1502714584 264691
1502714584 331875
1502714584 399209
1502714584 466218
1502714584 533286
