1502210674 111890
1502210674 371308
1502210674 515355
1502210674 620814
1502210674 717043
1502210674 927545
1502210675 80965
1502210675 177122
1502210675 273266
1502210675 503859
1502210675 618364
1502210675 762707
1502210675 935809
1502210676 194429
1502210676 290606
1502210676 482161
1502210676 693560
1502210676 789797
1502210676 953123
1502210677 68418
1502210677 240829
1502210677 375118
1502210677 633752
1502210677 768925
1502210677 998610
1502210678 142873
1502210678 402384
1502210678 612990
1502210678 738207
1502210678 900683
1502210679 160128
1502210679 352533
1502210679 515055
1502210679 630243
1502210679 870771
1502210679 966964
1502210680 82177
1502210680 254649
1502210680 495123
1502210680 734657
1502210680 946141
1502210681 166607
1502210681 271894
1502210681 464314
1502210681 617627
1502210681 839140
1502210682 107713
1502210682 212961
1502210682 357309
1502210682 577784
1502210682 770104
1502210682 952534
1502210683 211186
1502210683 460848
1502210683 578819
1502210683 797427
1502210683 950800
1502210684 133204
1502210684 343844
1502210684 594104
1502210684 784902
1502210684 996249
1502210685 188630
1502210685 264922
1502210685 428349
1502210685 668716
1502210685 773947
1502210685 994512
1502210686 216232
1502210686 311393
1502210686 570918
1502210686 782331
1502210687 31871
1502210687 255152
1502210687 358621
1502210687 588294
1502210687 723351
1502210687 799629
1502210687 885795
1502210688 11017
1502210688 231581
1502210688 491039
1502210688 682549
1502210688 923015
1502210689 95617
1502210689 325937
1502210689 537342
1502210689 681703
1502210689 940481
1502210690 199896
1502210690 324246
1502210690 439433
1502210690 602921
1502210690 680003
1502210690 900419
1502210691 111984
1502210691 275289
1502210691 399730
1502210691 592320
1502210691 831613
1502210692 52300
1502210692 292694
1502210692 407794
1502210692 619265
1502210692 708359
1502210692 868816
1502210693 51179
1502210693 281718
1502210693 367954
1502210693 626715
1502210693 847960
1502210694 49467
1502210694 289073
1502210694 547953
1502210694 749134
1502210694 922629
1502210695 172317
1502210695 392564
1502210695 507811
1502210695 624610
1502210695 719250
1502210695 920765
1502210696 160353
1502210696 414363
1502210696 525213
1502210696 774726
1502210696 870950
1502210696 967146
1502210697 225691
1502210697 380187
1502210697 552376
1502210697 715805
1502210697 801966
1502210698 3420
1502210698 118770
1502210698 311172
1502210698 435486
1502210698 646992
1502210698 733137
1502210698 953661
1502210699 194081
1502210699 366640
1502210699 635253
1502210699 741543
1502210699 932923
1502210700 125125
1502210700 259493
1502210700 412808
1502210700 653329
1502210700 854830
1502210701 37452
1502210701 247894
1502210701 363076
1502210701 603535
1502210701 775941
1502210702 16394
1502210702 121655
1502210702 304063
1502210702 544551
1502210702 669167
1502210702 842209
1502210702 956578
1502210703 206190
1502210703 427774
1502210703 639025
1502210703 734300
1502210703 840757
1502210703 954007
1502210704 193518
1502210704 443136
1502210704 664575
1502210704 769751
1502210704 914113
1502210705 124847
1502210705 201720
1502210705 403294
1502210705 489716
1502210705 576728
1502210705 691908
1502210705 893398
1502210706 94815
1502210706 219469
1502210706 392758
1502210706 545725
1502210706 651001
1502210706 891518
1502210707 102891
1502210707 285327
1502210707 428736
1502210707 650166
1502210707 736530
1502210707 841679
1502210708 43236
1502210708 139244
1502210708 264673
1502210708 523162
1502210708 753674
1502210708 945101
1502210709 41402
1502210709 291056
1502210709 444323
1502210709 540462
1502210709 656026
1502210709 751937
1502210709 972512
1502210710 224346
1502210710 452558
1502210710 605875
1502210710 855839
1502210710 990088
1502210711 105232
1502210711 326591
1502210711 460823
1502210711 633246
1502210711 901843
1502210712 56261
1502210712 257531
1502210712 362728
1502210712 507155
1502210712 689550
1502210712 814669
1502210713 63393
1502210713 149939
1502210713 418241
1502210713 619662
1502210713 706780
1502210713 908462
1502210714 12999
1502210714 243509
1502210714 329755
1502210714 513847
1502210714 684859
1502210714 828785
1502210715 1207
1502210715 175335
1502210715 366076
1502210715 519520
1502210715 711792
1502210715 905029
1502210716 19425
1502210716 258680
1502210716 518563
1502210716 604803
1502210716 710163
1502210716 884191
1502210717 103976
1502210717 343987
1502210717 535088
1502210717 736486
1502210717 851779
1502210717 957847
1502210718 179191
1502210718 293829
1502210718 562286
1502210718 669295
1502210718 879038
1502210719 51427
1502210719 265878
1502210719 368078
1502210719 627784
1502210719 858185
1502210719 963703
1502210720 108445
1502210720 309182
1502210720 395580
1502210720 635089
1502210720 741910
1502210720 859148
1502210721 96026
1502210721 269356
1502210721 451862
1502210721 682226
1502210721 903055
1502210722 85256
1502210722 335411
1502210722 584580
1502210722 661490
1502210722 766776
1502210722 843948
1502210722 959113
1502210723 179618
1502210723 352132
1502210723 497110
1502210723 736653
1502210723 861189
1502210723 979095
1502210724 245165
1502210724 488114
1502210724 706938
1502210724 782327
1502210724 888466
1502210725 12948
1502210725 233946
1502210725 465586
1502210725 637147
1502210725 905769
1502210726 107348
1502210726 348550
1502210726 453700
1502210726 645493
1502210726 875204
1502210727 38519
1502210727 239759
1502210727 379085
1502210727 479326
1502210727 567578
1502210727 672514
1502210727 892974
1502210727 978496
1502210728 166915
1502210728 301985
1502210728 502659
1502210728 660855
1502210728 776182
1502210728 911321
1502210729 34872
1502210729 285075
1502210729 418647
1502210729 620213
1502210729 879686
1502210729 975874
1502210730 215459
1502210730 445894
1502210730 647421
1502210730 752737
1502210730 983193
1502210731 117530
1502210731 339756
1502210731 503531
1502210731 655660
1502210731 809012
1502210732 10572
1502210732 270046
1502210732 476803
1502210732 682872
1502210732 865366
1502210732 999753
1502210733 258494
1502210733 440735
1502210733 565896
1502210733 681209
1502210733 939800
1502210734 84076
1502210734 343645
1502210734 564288
1502210734 824050
1502210735 15233
1502210735 197562
1502210735 312906
1502210735 485340
1502210735 591438
1502210735 783655
1502210735 907731
1502210736 80565
1502210736 243916
1502210736 378209
1502210736 550724
1502210736 781136
1502210736 868552
1502210737 97316
1502210737 318421
1502210737 548994
1502210737 769463
1502210737 894749
1502210738 144233
1502210738 288573
1502210738 403200
1502210738 499362
1502210738 662543
1502210738 767935
1502210738 873963
1502210739 94470
1502210739 257832
1502210739 478330
1502210739 650702
1502210739 765979
1502210739 862210
1502210739 987440
1502210740 150686
1502210740 255993
1502210740 409343
1502210740 554489
1502210740 774159
1502210740 889395
1502210740 966508
1502210741 90933
1502210741 321346
1502210741 456494
1502210741 628143
1502210741 743342
1502210741 945791
1502210742 204428
1502210742 300586
1502210742 390712
1502210742 550165
1502210742 780800
1502210742 887525
1502210743 59346
1502210743 212696
1502210743 443892
1502210743 673586
1502210743 904162
1502210744 20136
1502210744 118837
1502210744 263384
1502210744 492805
1502210744 607215
1502210744 780539
1502210744 972117
1502210745 231516
1502210745 317716
1502210745 548121
1502210745 700749
1502210745 826389
1502210745 952562
1502210746 123620
1502210746 257859
1502210746 411254
1502210746 603821
1502210746 776066
1502210746 977566
1502210747 131800
1502210747 237056
1502210747 380861
1502210747 541441
1502210747 675742
1502210747 935393
1502210748 41409
1502210748 145870
1502210748 299975
1502210748 501514
1502210748 625978
1502210748 779330
1502210748 885462
1502210749 134961
1502210749 365452
1502210749 470769
1502210749 605215
1502210749 854595
1502210750 75193
1502210750 191264
1502210750 296633
1502210750 527041
1502210750 709503
1502210750 920006
1502210751 54415
1502210751 132330
1502210751 303944
1502210751 572602
1502210751 755003
1502210751 832228
1502210752 33579
1502210752 138829
1502210752 245035
1502210752 417655
1502210752 649581
1502210752 811463
1502210752 991291
1502210753 243278
1502210753 511822
1502210753 647154
1502210753 742495
1502210753 924800
1502210754 88098
1502210754 213266
1502210754 346757
1502210754 558289
1502210754 759773
1502210754 913120
1502210755 38520
1502210755 124501
1502210755 345001
1502210755 498381
1502210755 585501
1502210755 786916
1502210755 950251
1502210756 141692
1502210756 352362
1502210756 458433
1502210756 669181
1502210756 851419
1502210756 987474
1502210757 245024
1502210757 494874
1502210757 725403
1502210757 840546
1502210758 4685
1502210758 90156
1502210758 262625
1502210758 510897
1502210758 675681
1502210758 915052
1502210759 1348
1502210759 183796
1502210759 423226
1502210759 558086
1502210759 788055
1502210759 895099
1502210759 980469
1502210760 239962
1502210760 335274
1502210760 441468
1502210760 632987
1502210760 844785
1502210761 84117
1502210761 295377
1502210761 439776
1502210761 526693
1502210761 689326
1502210761 815084
1502210761 948035
1502210762 130346
1502210762 284597
1502210762 486032
1502210762 572255
1502210762 754613
1502210762 966944
1502210763 128595
1502210763 228316
1502210763 378993
1502210763 561413
1502210763 733849
1502210763 820089
1502210763 984224
1502210764 204082
1502210764 463637
1502210764 584736
1502210764 684103
1502210764 876383
1502210765 827
1502210765 116075
1502210765 327478
1502210765 539124
1502210765 721502
1502210765 960864
1502210766 153562
1502210766 306582
1502210766 539100
1502210766 652366
1502210766 902010
1502210766 998189
1502210767 256945
1502210767 371955
1502210767 506400
1502210767 747769
1502210767 967373
1502210768 102253
1502210768 217021
1502210768 323191
1502210768 505458
1502210768 610884
1502210768 816238
1502210769 32736
1502210769 138931
1502210769 350352
1502210769 484934
1502210769 695237
1502210769 887687
1502210770 60052
1502210770 166270
1502210770 281553
1502210770 396711
1502210770 579188
1502210770 828709
1502210770 991130
1502210771 222450
1502210771 462083
1502210771 558347
1502210771 768901
1502210771 981149
1502210772 172756
1502210772 307059
1502210772 422241
1502210772 565667
1502210772 758017
1502210772 844256
1502210773 7638
1502210773 199972
1502210773 391432
1502210773 554760
1502210773 747204
1502210773 957796
1502210774 188455
1502210774 303593
1502210774 389717
1502210774 543095
1502210774 792600
1502210775 33087
1502210775 109300
1502210775 368917
1502210775 628393
1502210775 839027
1502210775 973281
1502210776 203818
1502210776 290007
1502210776 415501
1502210776 597661
1502210776 770080
1502210776 905265
1502210777 105845
1502210777 192078
1502210777 355441
1502210777 518831
1502210777 749337
1502210777 846422
1502210778 95843
1502210778 172368
1502210778 277425
1502210778 392661
1502210778 478892
1502210778 565942
1502210778 699473
1502210778 776740
1502210778 968923
1502210779 141510
1502210779 400958
1502210779 583304
1502210779 678587
1502210779 812997
1502210779 995844
1502210780 197655
1502210780 351092
1502210780 533459
1502210780 754017
1502210781 13587
1502210781 128794
1502210781 339358
1502210781 502672
1502210781 743159
1502210781 992751
1502210782 146073
1502210782 290449
1502210782 443791
1502210782 674249
1502210782 904788
1502210783 145129
1502210783 326721
1502210783 529046
1502210783 615372
1502210783 816798
1502210784 37287
1502210784 267778
1502210784 527409
1502210784 786108
1502210784 968491
1502210785 54899
1502210785 304319
1502210785 525676
1502210785 679003
1502210785 880461
1502210786 111002
1502210786 341454
1502210786 457568
1502210786 648205
1502210786 898788
1502210787 71139
1502210787 320629
1502210787 483962
1502210787 696398
1502210787 925060
1502210788 155591
1502210788 405094
1502210788 654670
1502210788 914187
1502210789 48617
1502210789 192798
1502210789 394238
1502210789 595759
1502210789 691958
1502210789 941513
1502210790 123964
1502210790 344459
1502210790 459625
1502210790 671160
1502210790 757323
1502210790 958859
1502210791 151213
1502210791 285479
1502210791 515937
1502210791 717450
1502210791 889887
1502210791 986036
1502210792 225630
1502210792 360900
1502210792 610500
1502210792 696678
1502210792 946206
1502210793 99562
1502210793 272930
1502210793 493440
1502210793 608670
1502210793 733001
1502210793 867337
1502210794 126903
1502210794 232303
1502210794 337467
1502210794 424588
1502210794 578649
1502210794 712186
1502210794 951802
1502210795 192217
1502210795 374799
1502210795 624213
1502210795 710473
1502210795 950958
1502210796 37193
1502210796 161521
1502210796 421012
1502210796 641513
1502210796 756798
1502210796 958286
1502210797 45344
1502210797 294971
1502210797 423434
1502210797 592610
1502210797 861209
1502210798 110779
1502210798 187002
1502210798 417499
1502210798 610772
1502210798 859221
1502210799 12802
1502210799 195211
1502210799 396660
1502210799 530987
1502210799 704405
1502210799 933981
1502210800 88284
1502210800 204583
1502210800 346869
1502210800 548341
1502210800 808740
1502210800 961242
1502210801 220776
1502210801 317905
1502210801 486743
1502210801 611928
1502210801 823363
1502210801 986769
1502210802 236292
1502210802 494917
1502210802 755221
1502210802 840694
1502210803 43042
1502210803 128306
1502210803 243606
1502210803 436001
1502210803 580308
1502210803 714571
1502210803 877939
1502210804 127551
1502210804 357167
1502210804 578586
1502210804 732728
1502210804 809116
1502210804 992199
1502210805 106656
1502210805 298135
1502210805 480571
1502210805 643957
1502210805 875225
1502210806 75920
1502210806 287528
1502210806 497862
1502210806 671257
1502210806 772439
1502210807 26070
1502210807 218440
1502210807 439003
1502210807 669438
1502210807 861870
1502210808 82340
1502210808 168593
1502210808 303004
1502210808 389135
1502210808 571532
1502210808 706766
1502210808 879203
1502210809 90557
1502210809 301156
1502210809 531649
1502210809 724018
1502210809 848421
1502210809 954560
1502210810 117897
1502210810 300338
1502210810 482694
1502210810 626117
1502210810 760429
1502210810 913792
1502210811 55
1502210811 230510
1502210811 307663
1502210811 441959
1502210811 633422
1502210811 806942
1502210812 66270
1502210812 267715
1502210812 373011
1502210812 565433
1502210812 680761
1502210812 891252
1502210813 130869
1502210813 246005
1502210813 505626
1502210813 620829
1502210813 803247
1502210813 937597
1502210814 100915
1502210814 302408
1502210814 541888
1502210814 734386
1502210814 829619
1502210815 21962
1502210815 281573
1502210815 492966
1502210815 722634
1502210815 856922
1502210815 972213
1502210816 78381
1502210816 327873
1502210816 462208
1502210816 672950
1502210816 894168
1502210817 37736
1502210817 171900
1502210817 375145
1502210817 499368
1502210817 719137
1502210817 911506
1502210818 27530
1502210818 228254
1502210818 391597
1502210818 529702
1502210818 756461
1502210818 919663
1502210819 178341
1502210819 427952
1502210819 677462
1502210819 802679
1502210819 927085
1502210820 176739
1502210820 378156
1502210820 474229
1502210820 637709
1502210820 790996
1502210820 974246
1502210821 59662
1502210821 146753
1502210821 396286
1502210821 625840
1502210821 761074
1502210821 895551
1502210822 67870
1502210822 299142
1502210822 528804
1502210822 788416
1502210822 874711
1502210823 133295
1502210823 315695
1502210823 411936
1502210823 624186
1502210823 738564
1502210823 959058
1502210824 112467
1502210824 276588
1502210824 535308
1502210824 736786
1502210824 900204
1502210825 150613
1502210825 408417
1502210825 601615
1502210825 850318
1502210826 51733
1502210826 157933
1502210826 340437
1502210826 426571
1502210826 609163
1502210826 743371
1502210826 992819
1502210827 108065
1502210827 261410
1502210827 357669
1502210827 578170
1502210827 741497
1502210827 904963
1502210828 96392
1502210828 183445
1502210828 413962
1502210828 548266
1502210828 798780
1502210829 19226
1502210829 123699
1502210829 238853
1502210829 412192
1502210829 498396
1502210829 680815
1502210829 892282
1502210830 7506
1502210830 142813
1502210830 391385
1502210830 563840
1502210830 823395
1502210831 33903
1502210831 216277
1502210831 389640
1502210831 533050
1502210831 744465
1502210831 994159
1502210832 224555
1502210832 339916
1502210832 417720
1502210832 637442
1502210832 887041
1502210833 79416
1502210833 213766
1502210833 338067
1502210833 578541
1502210833 779983
1502210833 991567
1502210834 227120
1502210834 314804
1502210834 394417
1502210834 499662
1502210834 625794
1502210834 711156
1502210834 941840
1502210835 143148
1502210835 382734
1502210835 498803
1502210835 652291
1502210835 738411
1502210835 958986
1502210836 45425
1502210836 294777
1502210836 409999
1502210836 573331
1502210836 698557
1502210836 822845
1502210837 24338
1502210837 254843
1502210837 514473
1502210837 714979
1502210837 869259
1502210837 955421
1502210838 41605
1502210838 243964
1502210838 483611
1502210838 617817
1502210838 800249
1502210838 982770
1502210839 98006
1502210839 337516
1502210839 490923
1502210839 606120
1502210839 865693
1502210840 67100
1502210840 263149
1502210840 496473
1502210840 670492
1502210840 775002
1502210840 901473
1502210841 81061
1502210841 311395
1502210841 388482
1502210841 599032
1502210841 695269
1502210841 781422
1502210841 877643
1502210842 2906
1502210842 108097
1502210842 280590
1502210842 511141
1502210842 693457
1502210842 856840
1502210842 955682
1502210843 182562
1502210843 403129
1502210843 633671
1502210843 883147
1502210844 94658
1502210844 287041
1502210844 536585
1502210844 776182
1502210844 997636
1502210845 73867
1502210845 170003
1502210845 362404
1502210845 486796
1502210845 631222
1502210845 832627
1502210845 947747
1502210846 44131
1502210846 302590
1502210846 524899
1502210846 726336
1502210846 859785
1502210847 109511
1502210847 195691
1502210847 416285
1502210847 547161
1502210847 665675
1502210847 839043
1502210848 59546
1502210848 291292
1502210848 539584
1502210848 789102
1502210848 885274
1502210849 96805
1502210849 288253
1502210849 518834
1502210849 779142
1502210849 988846
1502210850 152283
1502210850 239220
1502210850 478875
1502210850 624279
1502210850 839229
1502210851 26970
1502210851 123124
1502210851 256718
1502210851 487251
1502210851 718571
1502210851 871221
1502210852 53379
1502210852 187893
1502210852 322143
1502210852 418185
1502210852 628857
1502210852 850384
1502210853 89860
1502210853 272710
1502210853 358623
1502210853 579873
1502210853 676849
1502210853 906511
1502210854 31111
1502210854 127923
1502210854 310269
1502210854 500916
1502210854 693416
1502210854 827832
1502210854 923964
1502210855 39174
1502210855 297665
1502210855 442076
1502210855 547299
1502210855 749645
1502210855 912088
1502210855 999221
1502210856 113577
1502210856 257802
1502210856 441206
1502210856 574664
1502210856 834041
1502210857 45604
1502210857 247064
1502210857 458479
1502210857 563838
1502210857 736119
1502210857 918558
1502210858 52882
1502210858 226114
1502210858 389568
1502210858 629075
1502210858 745148
1502210858 926816
1502210859 3967
1502210859 224706
1502210859 358812
1502210859 522127
1502210859 685419
1502210859 849656
1502210860 32090
1502210860 118370
1502210860 233455
1502210860 415080
1502210860 555409
1502210860 740889
1502210860 990405
1502210861 172837
1502210861 432346
1502210861 530294
1502210861 740014
1502210861 864366
1502210862 85638
1502210862 181052
1502210862 374749
1502210862 478788
1502210862 709205
1502210862 786339
1502210862 977831
1502210863 170238
1502210863 335212
1502210863 534148
1502210863 631248
1502210863 841844
1502210863 957110
1502210864 148511
1502210864 254062
1502210864 513363
1502210864 599605
1502210864 782017
1502210865 3446
1502210865 146830
1502210865 329152
1502210865 464307
1502210865 627003
1502210865 723081
1502210865 915389
1502210866 174057
1502210866 405319
1502210866 597070
1502210866 721328
1502210866 874745
1502210867 67021
1502210867 278472
1502210867 489954
1502210867 624308
1502210867 758646
1502210867 873838
1502210868 46164
1502210868 228631
1502210868 440064
1502210868 631583
1502210868 795084
1502210869 6429
1502210869 92587
1502210869 226893
1502210869 342100
1502210869 582590
1502210869 755073
1502210869 832105
1502210869 948326
1502210870 129877
1502210870 360459
1502210870 436582
1502210870 542828
1502210870 725181
1502210870 859565
1502210871 99074
1502210871 205119
1502210871 454881
1502210871 560083
1502210871 646266
1502210871 804313
1502210871 991984
1502210872 222619
1502210872 472213
1502210872 635520
1502210872 818708
1502210872 990280
1502210873 143627
1502210873 384129
1502210873 566581
1502210873 797846
1502210873 940470
1502210874 27602
1502210874 122881
1502210874 334271
1502210874 564827
1502210874 815237
1502210875 73942
1502210875 217365
1502210875 332511
1502210875 524054
1502210875 716656
1502210875 926996
1502210876 100276
1502210876 291735
1502210876 483249
1502210876 657348
1502210876 799953
1502210876 993117
1502210877 107568
1502210877 329064
1502210877 501432
1502210877 664772
1502210877 760893
1502210877 875333
1502210878 86795
1502210878 308127
1502210878 422543
1502210878 518834
1502210878 750036
1502210878 854487
1502210878 988839
1502210879 181235
1502210879 296520
1502210879 430800
1502210879 575119
1502210879 738307
1502210879 815452
1502210880 45169
1502210880 170431
1502210880 266534
1502210880 496232
1502210880 631316
1502210880 822909
1502210880 987910
1502210881 91550
1502210881 196753
1502210881 360175
1502210881 523483
1502210881 764810
1502210882 13587
1502210882 253070
1502210882 368389
1502210882 599100
1502210882 675078
1502210882 782068
1502210883 39999
1502210883 232285
1502210883 443838
1502210883 558108
1502210883 683372
1502210883 865705
1502210884 105298
1502210884 364898
1502210884 538368
1502210884 758767
1502210884 893042
1502210885 142627
1502210885 228825
1502210885 431109
1502210885 564569
1502210885 814983
1502210885 949410
1502210886 25575
1502210886 227087
1502210886 400470
1502210886 515759
1502210886 668985
1502210886 880619
1502210887 139112
1502210887 226992
1502210887 360867
1502210887 590102
1502210887 801604
1502210887 879011
1502210888 61074
1502210888 157304
1502210888 300823
1502210888 396897
1502210888 608342
1502210888 847998
1502210889 30350
1502210889 155540
1502210889 338023
1502210889 558666
1502210889 721863
1502210889 837070
1502210890 592
1502210890 143833
1502210890 230035
1502210890 393452
1502210890 518600
1502210890 624748
1502210890 835365
1502210891 84852
1502210891 190153
1502210891 383268
1502210891 478755
1502210891 613084
1502210891 699505
1502210891 958821
1502210892 121229
1502210892 342691
1502210892 429723
1502210892 621293
1502210892 822747
1502210892 909012
1502210893 167757
1502210893 418097
1502210893 504174
1502210893 676669
1502210893 830066
1502210894 89586
1502210894 175840
1502210894 271989
1502210894 368293
1502210894 607847
1502210894 704163
1502210894 838273
1502210894 934436
1502210895 20683
1502210895 165030
1502210895 242125
1502210895 318416
1502210895 423700
1502210895 510796
1502210895 732031
1502210895 846548
1502210896 86097
1502210896 335057
1502210896 528145
1502210896 788397
1502210897 18074
1502210897 257716
1502210897 343911
1502210897 459196
1502210897 670592
1502210897 881997
1502210898 35440
1502210898 246885
1502210898 381178
1502210898 476449
1502210898 631578
1502210898 756018
1502210898 841325
1502210899 90870
1502210899 273309
1502210899 503737
1502210899 706147
1502210899 926817
1502210900 21920
1502210900 214302
1502210900 472934
1502210900 695280
1502210900 838576
1502210900 982093
1502210901 202535
1502210901 279757
1502210901 530075
1502210901 615573
1502210901 721675
1502210901 971266
1502210902 57442
1502210902 220856
1502210902 374978
1502210902 508482
1502210902 613727
1502210902 796156
1502210903 26675
1502210903 276246
1502210903 498427
1502210903 747246
1502210903 881547
1502210904 141005
1502210904 303474
1502210904 485925
1502210904 658270
1502210904 850718
1502210905 81226
1502210905 320783
1502210905 532413
1502210905 723710
1502210905 887192
1502210906 11400
1502210906 183122
1502210906 260964
1502210906 472420
1502210906 625770
1502210906 760981
1502210907 10978
1502210907 260126
1502210907 442547
1502210907 528725
1502210907 711141
1502210907 912678
1502210908 17903
1502210908 172153
1502210908 382777
1502210908 536940
1502210908 690339
1502210908 814752
1502210908 988211
1502210909 246679
1502210909 352853
1502210909 516213
1502210909 602357
1502210909 860988
1502210910 43498
1502210910 264843
1502210910 514488
1502210910 697015
1502210910 773835
1502210910 974530
1502210911 137912
1502210911 243122
1502210911 358357
1502210911 559863
1502210911 781274
1502210911 991843
1502210912 183391
1502210912 394790
1502210912 567203
1502210912 769558
1502210912 999154
1502210913 114440
1502210913 354879
1502210913 441075
1502210913 575463
1502210913 834959
1502210913 941143
1502210914 180749
1502210914 366746
1502210914 535608
1502210914 640763
1502210914 814033
1502210915 63733
1502210915 169006
1502210915 274229
1502210915 523893
1502210915 639069
1502210915 821490
1502210915 926765
1502210916 186322
1502210916 406843
1502210916 638051
1502210916 810574
1502210917 41135
1502210917 270729
1502210917 530302
1502210917 635627
1502210917 731795
1502210917 846993
1502210917 962255
1502210918 201850
1502210918 375258
1502210918 634702
1502210918 865142
1502210919 27693
1502210919 229204
1502210919 373409
1502210919 478745
1502210919 584868
1502210919 661059
1502210919 910636
1502210920 112111
1502210920 217420
1502210920 476915
1502210920 630264
1502210920 879805
1502210921 91292
1502210921 283740
1502210921 427052
1502210921 618556
1502210921 878153
1502210921 964318
1502210922 79606
1502210922 224038
1502210922 425335
1502210922 655887
1502210922 742124
1502210922 838311
1502210922 972554
1502210923 135987
1502210923 222170
1502210923 308327
1502210923 394564
1502210923 557902
1502210923 664249
1502210923 914485
1502210924 115091
1502210924 239502
1502210924 489748
1502210924 604379
1502210924 815691
1502210924 931032
1502210925 55308
1502210925 237704
1502210925 333884
1502210925 420163
1502210925 526207
1502210925 621766
1502210925 804042
1502210925 996350
1502210926 92556
1502210926 304014
1502210926 533590
1502210926 629780
1502210926 783215
1502210926 994600
1502210927 128894
1502210927 225090
1502210927 407505
1502210927 512827
1502210927 618955
1502210927 695211
1502210927 955507
1502210928 137128
1502210928 339304
1502210928 569133
1502210928 703412
1502210928 818639
1502210929 58243
1502210929 145430
1502210929 260469
1502210929 423102
1502210929 539083
1502210929 701615
1502210929 836029
1502210930 76524
1502210930 181706
1502210930 259691
1502210930 345073
1502210930 461161
1502210930 680880
1502210930 940400
1502210931 103751
1502210931 353326
1502210931 582965
1502210931 718089
1502210931 928680
1502210932 140073
1502210932 312530
1502210932 533986
1502210932 792589
1502210933 52136
1502210933 205504
1502210933 465030
1502210933 609335
1502210933 733686
1502210933 983270
1502210934 118413
1502210934 251914
1502210934 338113
1502210934 491464
1502210934 673874
1502210934 760083
1502210934 971538
1502210935 182940
1502210935 413435
1502210935 596005
1502210935 758351
1502210935 998789
1502210936 200259
1502210936 325536
1502210936 565048
1502210936 795578
1502210937 45148
1502210937 237489
1502210937 361884
1502210937 487125
1502210937 669487
1502210937 928117
1502210938 120599
1502210938 370163
1502210938 542506
1502210938 753987
1502210938 869204
1502210938 965426
1502210939 70730
1502210939 330257
1502210939 531693
1502210939 714049
1502210939 944583
1502210940 203261
1502210940 404727
1502210940 568126
1502210940 731355
1502210940 980915
1502210941 201479
1502210941 441953
1502210941 528140
1502210941 777719
1502210941 998233
1502210942 219739
1502210942 373080
1502210942 593649
1502210942 814164
1502210942 929384
1502210943 83604
1502210943 227862
1502210943 381332
1502210943 505673
1502210943 669746
1502210943 851417
1502210944 14761
1502210944 158990
1502210944 388541
1502210944 484831
1502210944 648222
1502210944 820514
1502210944 954843
1502210945 204505
1502210945 405925
1502210945 511187
1502210945 655437
1502210945 856963
1502210946 40079
1502210946 154612
1502210946 250786
1502210946 452258
1502210946 653777
1502210946 903322
1502210947 142895
1502210947 325234
1502210947 488560
1502210947 642110
1502210947 738153
1502210947 987745
1502210948 94001
1502210948 228247
1502210948 438815
1502210948 698356
1502210948 899754
1502210949 24165
1502210949 216442
1502210949 369889
1502210949 543155
1502210949 792866
1502210949 956166
1502210950 80464
1502210950 195673
1502210950 407102
1502210950 522317
1502210950 695174
1502210950 954399
1502210951 69590
1502210951 300148
1502210951 482577
1502210951 712094
1502210951 808284
1502210951 923634
1502210952 96903
1502210952 173165
1502210952 327481
1502210952 577021
1502210952 778473
1502210952 902808
1502210953 37123
1502210953 162287
1502210953 325669
1502210953 585072
1502210953 680441
1502210953 766644
1502210953 949180
1502210954 160554
1502210954 313942
1502210954 526113
1502210954 688737
1502210954 804755
1502210955 72585
1502210955 254943
1502210955 427337
1502210955 628948
1502210955 846717
1502210956 89925
1502210956 195205
1502210956 425634
1502210956 637097
1502210956 877615
1502210957 40040
1502210957 270554
1502210957 482163
1502210957 693452
1502210957 856758
1502210958 58325
1502210958 163481
1502210958 335964
1502210958 432181
1502210958 519148
1502210958 729768
1502210958 912194
1502210959 37435
1502210959 142762
1502210959 286989
1502210959 517509
1502210959 680037
1502210959 862378
1502210959 949455
1502210960 25826
1502210960 132006
1502210960 304407
1502210960 563812
1502210960 679152
1502210960 861475
1502210961 111086
1502210961 245331
1502210961 408694
1502210961 552190
1502210961 696388
1502210961 801674
1502210961 945956
1502210962 51205
1502210962 205560
1502210962 464230
1502210962 627671
1502210962 714478
1502210962 877035
1502210963 107603
1502210963 337223
1502210963 587740
1502210963 779085
1502210963 894553
1502210964 57788
1502210964 259249
1502210964 450614
1502210964 546819
1502210964 633076
1502210964 834496
1502210964 988783
1502210965 151311
1502210965 286431
1502210965 536050
1502210965 737494
1502210965 880861
1502210966 16111
1502210966 150423
1502210966 351880
1502210966 505226
1502210966 668605
1502210966 822126
1502210967 32464
1502210967 119596
1502210967 302015
1502210967 495235
1502210967 666837
1502210967 907188
1502210968 107989
1502210968 367439
1502210968 491792
1502210968 617015
1502210968 847513
1502210969 58056
1502210969 221430
1502210969 355752
1502210969 597007
1502210969 825813
1502210970 28117
1502210970 123453
1502210970 286763
1502210970 546314
1502210970 641670
1502210970 881837
1502210971 141729
1502210971 381237
1502210971 612503
1502210971 803249
