1502210375 275089
1502210375 476395
1502210375 697860
1502210375 947393
1502210376 100996
1502210376 312204
1502210376 407668
1502210376 656784
1502210376 744247
1502210376 859192
1502210377 12864
1502210377 252399
1502210377 434798
1502210377 703406
1502210377 809583
1502210378 59156
1502210378 193478
1502210378 385857
1502210378 500202
1502210378 721698
1502210378 875082
1502210379 115557
1502210379 191767
1502210379 393158
1502210379 537711
1502210379 633670
1502210379 729862
1502210379 883282
1502210380 113766
1502210380 190008
1502210380 344244
1502210380 459534
1502210380 689349
1502210380 785359
1502210380 910711
1502210380 996733
1502210381 227259
1502210381 447905
1502210381 630169
1502210381 793551
1502210381 937839
1502210382 158496
1502210382 388884
1502210382 609456
1502210382 686512
1502210382 782694
1502210382 955191
1502210383 137245
1502210383 291078
1502210383 416153
1502210383 531392
1502210383 741974
1502210383 944554
1502210384 106775
1502210384 221992
1502210384 462535
1502210384 692956
1502210384 903584
1502210385 134067
1502210385 278342
1502210385 402660
1502210385 585091
1502210385 672161
1502210385 758445
1502210385 979166
1502210386 199417
1502210386 353800
1502210386 555386
1502210386 737571
1502210386 939058
1502210387 188588
1502210387 400098
1502210387 486220
1502210387 706935
1502210387 861057
1502210387 985423
1502210388 119738
1502210388 379326
1502210388 609801
1502210388 753189
1502210388 868455
1502210389 127957
1502210389 339383
1502210389 530855
1502210389 617053
1502210389 876690
1502210390 58894
1502210390 260276
1502210390 529257
1502210390 788011
1502210390 902829
1502210391 37513
1502210391 210651
1502210391 306974
1502210391 546436
1502210391 738896
1502210391 873157
1502210391 978512
1502210392 82761
1502210392 313103
1502210392 399539
1502210392 601576
1502210392 745265
1502210392 956686
1502210393 42911
1502210393 120000
1502210393 216463
1502210393 340540
1502210393 551926
1502210393 743508
1502210393 935850
1502210394 185431
1502210394 415935
1502210394 598323
1502210394 684518
1502210394 944183
1502210395 155588
1502210395 356979
1502210395 577484
1502210395 788999
1502210395 971356
1502210396 57601
1502210396 181938
1502210396 316465
1502210396 479315
1502210396 565465
1502210396 795991
1502210396 911561
1502210397 113009
1502210397 324426
1502210397 546111
1502210397 699321
1502210397 814588
1502210397 967910
1502210398 179349
1502210398 265515
1502210398 380823
1502210398 639451
1502210398 726493
1502210398 918002
1502210399 43293
1502210399 119469
1502210399 196633
1502210399 330891
1502210399 551461
1502210399 714785
1502210399 859137
1502210399 945325
1502210400 22449
1502210400 137823
1502210400 272023
1502210400 387310
1502210400 617808
1502210400 876402
1502210400 991662
1502210401 144965
1502210401 318372
1502210401 490844
1502210401 587052
1502210401 683234
1502210401 865639
1502210402 57056
1502210402 230373
1502210402 460910
1502210402 633333
1502210402 834766
1502210403 55348
1502210403 228630
1502210403 430124
1502210403 689893
1502210403 795050
1502210404 34576
1502210404 207782
1502210404 361170
1502210404 543648
1502210404 629794
1502210404 774264
1502210404 937422
1502210405 119866
1502210405 359550
1502210405 580915
1502210405 753339
1502210405 888014
1502210406 21961
1502210406 262455
1502210406 357744
1502210406 540074
1502210406 770556
1502210406 982050
1502210407 116428
1502210407 384941
1502210407 615481
1502210407 721648
1502210407 797919
1502210408 57435
1502210408 143632
1502210408 316138
1502210408 460539
1502210408 556529
1502210408 816204
1502210408 978589
1502210409 151920
1502210409 363341
1502210409 602897
1502210409 804336
1502210410 5811
1502210410 198195
1502210410 294372
1502210410 389706
1502210410 515098
1502210410 649244
1502210410 774450
1502210410 984997
1502210411 234563
1502210411 369783
1502210411 484189
1502210411 734589
1502210411 839009
1502210411 925304
1502210412 68545
1502210412 212015
1502210412 442186
1502210412 528362
1502210412 710803
1502210412 865331
1502210412 980607
1502210413 201079
1502210413 287320
1502210413 450662
1502210413 681092
1502210413 777358
1502210413 949847
1502210414 124998
1502210414 228406
1502210414 448907
1502210414 554199
1502210414 689433
1502210414 948104
1502210415 73343
1502210415 264715
1502210415 533357
1502210415 658601
1502210415 851049
1502210416 61564
1502210416 216085
1502210416 407322
1502210416 551639
1502210416 763156
1502210416 964500
1502210417 195091
1502210417 424561
1502210417 539861
1502210417 684126
1502210417 895711
1502210418 10842
1502210418 154269
1502210418 260459
1502210418 423771
1502210418 586181
1502210418 788593
1502210418 931987
1502210419 47214
1502210419 181531
1502210419 382954
1502210419 527421
1502210419 652538
1502210419 892120
1502210420 36388
1502210420 179754
1502210420 276021
1502210420 401211
1502210420 497464
1502210420 650983
1502210420 909431
1502210421 91802
1502210421 197990
1502210421 409494
1502210421 659195
1502210421 917651
1502210422 167430
1502210422 301519
1502210422 378654
1502210422 638239
1502210422 858701
1502210422 993032
1502210423 98287
1502210423 347884
1502210423 502088
1502210423 703564
1502210423 867032
1502210424 125667
1502210424 366471
1502210424 586354
1502210424 826109
1502210424 960485
1502210425 142592
1502210425 401540
1502210425 535519
1502210425 622632
1502210425 872172
1502210426 54619
1502210426 265131
1502210426 524742
1502210426 621205
1502210426 717407
1502210426 879857
1502210426 956991
1502210427 81314
1502210427 321770
1502210427 485184
1502210427 590365
1502210427 849903
1502210427 926191
1502210428 147588
1502210428 349045
1502210428 425315
1502210428 531472
1502210428 617711
1502210428 713859
1502210428 896328
1502210428 992515
1502210429 232065
1502210429 452532
1502210429 712242
1502210429 980724
1502210430 221193
1502210430 297423
1502210430 537913
1502210430 729394
1502210430 892709
1502210431 37191
1502210431 161406
1502210431 276316
1502210431 499477
1502210431 679290
1502210431 909785
1502210431 996941
1502210432 216791
1502210432 428060
1502210432 590969
1502210432 734143
1502210432 849123
1502210433 2457
1502210433 271977
1502210433 358468
1502210433 617139
1502210433 828527
1502210434 78350
1502210434 231578
1502210434 491005
1502210434 644377
1502210434 874963
1502210435 143252
1502210435 373972
1502210435 537385
1502210435 767874
1502210435 997445
1502210436 257171
1502210436 506400
1502210436 601849
1502210436 687743
1502210436 927802
1502210437 52022
1502210437 272209
1502210437 455233
1502210437 628222
1502210437 810665
1502210438 50230
1502210438 165454
1502210438 299836
1502210438 559302
1502210438 636533
1502210438 731732
1502210438 847399
1502210439 77432
1502210439 259660
1502210439 337035
1502210439 500199
1502210439 624724
1502210439 874340
1502210439 980521
1502210440 85707
1502210440 191039
1502210440 345292
1502210440 603634
1502210440 690181
1502210440 930781
1502210441 189363
1502210441 333568
1502210441 506916
1502210441 650257
1502210441 803342
1502210441 928834
1502210442 73176
1502210442 236690
1502210442 350894
1502210442 553788
1502210442 658436
1502210442 830980
1502210443 80451
1502210443 224795
1502210443 369125
1502210443 637660
1502210443 897413
1502210444 2463
1502210444 155919
1502210444 386408
1502210444 635901
1502210444 904521
1502210445 86975
1502210445 269395
1502210445 518952
1502210445 701299
1502210445 826596
1502210446 18058
1502210446 191626
1502210446 296776
1502210446 546200
1502210446 767595
1502210446 949996
1502210447 112416
1502210447 314856
1502210447 410051
1502210447 487294
1502210447 602559
1502210447 842075
1502210448 101668
1502210448 206944
1502210448 293171
1502210448 485629
1502210448 686192
1502210448 859135
1502210449 21610
1502210449 271122
1502210449 520670
1502210449 646053
1502210449 742195
1502210449 856747
1502210450 67528
1502210450 163325
1502210450 393329
1502210450 556485
1502210450 748517
1502210450 959129
1502210451 112407
1502210451 208667
1502210451 420180
1502210451 650028
1502210451 764926
1502210452 33568
1502210452 139068
1502210452 389292
1502210452 532638
1502210452 705439
1502210452 935691
1502210453 50840
1502210453 194588
1502210453 318869
1502210453 530030
1502210453 692823
1502210453 952466
1502210454 86371
1502210454 345883
1502210454 460152
1502210454 604483
1502210454 748297
1502210454 930285
1502210455 179828
1502210455 422667
1502210455 563953
1502210455 717961
1502210455 861401
1502210456 92057
1502210456 226330
1502210456 369966
1502210456 581397
1502210456 840013
1502210456 954979
1502210457 185380
1502210457 339095
1502210457 502446
1502210457 665800
1502210457 820353
1502210458 49663
1502210458 232113
1502210458 376361
1502210458 577794
1502210458 828192
1502210458 990686
1502210459 144188
1502210459 355521
1502210459 522201
1502210459 739417
1502210459 873652
1502210460 104255
1502210460 190645
1502210460 343787
1502210460 479038
1502210460 680480
1502210460 949072
1502210461 189046
1502210461 371126
1502210461 515342
1502210461 735914
1502210461 957271
1502210462 81663
1502210462 167907
1502210462 322145
1502210462 398355
1502210462 561706
1502210462 657912
1502210462 773176
1502210462 888441
1502210463 118972
1502210463 329460
1502210463 464673
1502210463 627191
1502210463 781381
1502210464 30948
1502210464 203389
1502210464 404917
1502210464 654418
1502210464 798728
1502210464 962104
1502210465 230742
1502210465 451331
1502210465 576428
1502210465 691673
1502210465 921861
1502210465 998446
1502210466 257986
1502210466 382307
1502210466 517324
1502210466 631865
1502210466 776140
1502210466 920532
1502210467 132020
1502210467 342425
1502210467 476736
1502210467 659145
1502210467 889606
1502210467 996019
1502210468 72016
1502210468 197297
1502210468 293531
1502210468 494949
1502210468 648304
1502210468 850935
1502210468 975027
1502210469 70378
1502210469 195511
1502210469 291670
1502210469 541267
1502210469 713748
1502210469 799965
1502210469 973271
1502210470 193715
1502210470 347552
1502210470 503032
1502210470 626711
1502210470 751054
1502210470 885446
1502210471 95827
1502210471 221063
1502210471 336381
1502210471 460663
1502210471 653056
1502210471 749365
1502210471 912680
1502210472 152156
1502210472 372710
1502210472 555176
1502210472 632619
1502210472 837856
1502210473 93209
1502210473 268278
1502210473 486844
1502210473 662589
1502210473 928238
1502210474 14369
1502210474 235775
1502210474 389599
1502210474 638723
1502210474 850113
1502210475 108728
1502210475 310293
1502210475 425505
1502210475 521702
1502210475 665950
1502210475 810283
1502210475 972669
1502210476 49849
1502210476 194274
1502210476 414683
1502210476 529970
1502210476 721366
1502210476 961898
1502210477 125387
1502210477 326759
1502210477 412896
1502210477 490081
1502210477 711328
1502210477 931097
1502210478 46371
1502210478 161550
1502210478 420223
1502210478 679718
1502210478 862149
1502210479 25608
1502210479 294137
1502210479 495675
1502210479 735285
1502210479 994744
1502210480 225222
1502210480 359566
1502210480 493846
1502210480 657272
1502210480 877776
1502210481 31125
1502210481 242564
1502210481 328742
1502210481 492093
1502210481 588270
1502210481 846997
1502210482 106452
1502210482 192674
1502210482 336977
1502210482 567462
1502210482 662766
1502210482 739937
1502210482 951387
1502210483 66416
1502210483 152588
1502210483 286848
1502210483 555447
1502210483 689755
1502210483 892431
1502210484 112939
1502210484 276340
1502210484 534978
1502210484 746422
1502210484 909770
1502210485 15055
1502210485 168381
1502210485 389910
1502210485 648403
1502210485 811829
1502210485 985187
1502210486 109459
1502210486 329998
1502210486 560500
1502210486 771947
1502210486 954331
1502210487 156113
1502210487 329215
1502210487 587770
1502210487 780150
1502210487 914690
1502210488 105938
1502210488 241166
1502210488 423605
1502210488 538817
1502210488 797447
1502210488 989864
1502210489 143202
1502210489 296609
1502210489 411830
1502210489 632361
1502210489 728551
1502210489 814804
1502210490 26224
1502210490 160478
1502210490 256674
1502210490 516223
1502210490 650573
1502210490 909213
1502210491 120624
1502210491 245881
1502210491 485492
1502210491 571664
1502210491 754091
1502210491 936477
1502210492 42699
1502210492 148077
1502210492 397504
1502210492 570926
1502210492 810390
1502210493 2774
1502210493 252460
1502210493 425103
1502210493 559157
1502210493 812123
1502210494 58248
1502210494 221598
1502210494 462081
1502210494 730694
1502210494 903132
1502210495 18385
1502210495 200863
1502210495 316078
1502210495 517505
1502210495 613642
1502210495 882565
1502210496 93758
1502210496 266155
1502210496 381384
1502210496 640962
1502210496 717227
1502210496 861517
1502210497 5882
1502210497 226279
1502210497 418684
1502210497 582172
1502210497 677312
1502210497 840848
1502210497 936849
1502210498 33077
1502210498 263603
1502210498 455043
1502210498 570457
1502210498 723667
1502210498 886811
1502210499 31365
1502210499 146628
1502210499 367080
1502210499 463341
1502210499 607590
1502210499 818099
1502210499 962454
1502210500 77581
1502210500 279107
1502210500 519600
1502210500 711150
1502210500 826418
1502210501 75933
1502210501 239227
1502210501 488910
1502210501 661289
1502210501 805526
1502210502 26029
1502210502 247498
1502210502 352738
1502210502 564193
1502210502 717544
1502210502 948021
1502210503 216643
1502210503 294073
1502210503 447205
1502210503 572412
1502210503 802020
1502210503 927248
1502210504 119666
1502210504 388271
1502210504 570669
1502210504 762149
1502210504 935476
1502210505 185035
1502210505 281206
1502210505 501766
1502210505 741342
1502210505 990902
1502210506 97122
1502210506 193292
1502210506 346572
1502210506 567170
1502210506 682410
1502210506 942001
1502210507 95329
1502210507 200583
1502210507 315856
1502210507 422001
1502210507 680815
1502210507 834032
1502210507 911160
1502210508 26499
1502210508 237835
1502210508 372238
1502210508 477413
1502210508 554867
1502210508 736986
1502210508 823199
1502210509 24661
1502210509 178059
1502210509 293308
1502210509 408540
1502210509 581874
1502210509 725300
1502210509 946715
1502210510 119144
1502210510 205283
1502210510 301479
1502210510 416774
1502210510 512924
1502210510 666444
1502210510 791620
1502210510 944947
1502210511 146414
1502210511 357825
1502210511 482169
1502210511 559324
1502210511 760797
1502210511 981272
1502210512 144654
1502210512 317991
1502210512 528543
1502210512 739935
1502210512 951482
1502210513 75721
1502210513 316199
1502210513 412357
1502210513 498588
1502210513 594860
1502210513 777175
1502210513 920666
1502210514 64925
1502210514 228274
1502210514 496853
1502210514 736486
1502210514 976922
1502210515 140274
1502210515 398920
1502210515 639427
1502210515 735661
1502210515 830847
1502210515 946185
1502210516 445267
1502210516 665830
1502210516 877283
1502210517 68712
1502210517 261097
1502210517 347270
1502210517 538847
1502210517 760257
1502210518 9932
1502210518 144103
1502210518 355353
1502210518 604875
1502210518 806579
1502210519 65259
1502210519 208601
1502210519 381928
1502210519 545293
1502210519 717715
1502210519 832912
1502210520 43577
1502210520 120657
1502210520 255022
1502210520 399325
1502210520 629784
1502210520 812224
1502210520 888402
1502210521 80751
1502210521 320382
1502210521 474619
1502210521 637979
1502210521 887563
1502210522 2794
1502210522 146305
1502210522 328239
1502210522 578392
1502210522 836829
1502210522 990258
1502210523 153502
1502210523 268760
1502210523 508321
1502210523 719784
1502210523 969366
1502210524 199821
1502210524 411296
1502210524 535648
1502210524 747058
1502210524 948515
1502210525 25697
1502210525 284254
1502210525 533843
1502210525 640011
1502210525 841467
1502210526 62112
1502210526 215409
1502210526 417823
1502210526 571147
1502210526 829818
1502210527 89280
1502210527 300758
1502210527 445534
1502210527 569379
1502210527 732762
1502210527 982296
1502210528 116581
1502210528 318078
1502210528 462335
1502210528 538850
1502210528 798230
1502210528 942511
1502210529 144028
1502210529 355575
1502210529 508719
1502210529 662074
1502210529 892664
1502210530 113167
1502210530 343654
1502210530 497166
1502210530 727533
1502210530 975293
1502210531 217519
1502210531 389954
1502210531 544251
1502210531 658637
1502210531 889064
1502210532 91429
1502210532 263842
1502210532 408172
1502210532 590573
1502210532 840125
1502210532 974175
1502210533 60622
1502210533 291188
1502210533 435461
1502210533 694061
1502210533 838416
1502210533 953654
1502210534 145068
1502210534 308475
1502210534 490875
1502210534 625178
1502210534 750428
1502210534 884765
1502210535 124284
1502210535 220466
1502210535 316663
1502210535 489104
1502210535 633456
1502210535 825822
1502210535 969174
1502210536 142496
1502210536 237821
1502210536 314949
1502210536 535512
1502210536 746907
1502210536 939317
1502210537 178845
1502210537 275111
1502210537 534607
1502210537 649849
1502210537 736120
1502210537 918482
1502210538 52816
1502210538 264221
1502210538 398537
1502210538 551907
1502210538 763379
1502210538 973910
1502210539 147305
1502210539 281564
1502210539 540200
1502210539 780657
1502210539 953059
1502210540 126462
1502210540 202633
1502210540 462281
1502210540 539367
1502210540 749955
1502210540 856055
1502210541 86555
1502210541 181860
1502210541 355224
1502210541 508544
1502210541 768092
1502210541 911491
1502210542 45844
1502210542 171047
1502210542 353669
1502210542 506839
1502210542 670192
1502210542 852569
1502210543 83042
1502210543 322624
1502210543 408890
1502210543 534116
1502210543 783691
1502210543 898920
1502210544 33285
1502210544 215725
1502210544 369049
1502210544 628742
1502210544 868169
1502210544 993362
1502210545 146754
1502210545 386132
1502210545 588365
1502210545 722709
1502210545 914421
1502210546 9531
1502210546 212305
1502210546 374565
1502210546 595977
1502210546 739343
1502210546 950845
1502210547 143201
1502210547 286627
1502210547 411831
1502210547 536409
1502210547 690434
1502210547 814844
1502210548 64555
1502210548 237730
1502210548 496329
1502210548 697809
1502210548 784888
1502210548 967333
1502210549 177932
1502210549 332111
1502210549 456394
1502210549 600742
1502210549 831230
1502210550 13596
1502210550 272265
1502210550 406641
1502210550 531830
1502210550 762323
1502210550 973767
1502210551 127111
1502210551 261420
1502210551 433814
1502210551 702507
1502210551 856700
1502210552 106446
1502210552 298031
1502210552 442104
1502210552 538263
1502210552 806865
1502210552 989356
1502210553 181702
1502210553 335067
1502210553 555553
1502210553 786135
1502210553 863228
1502210554 83755
1502210554 208150
1502210554 438675
1502210554 544924
1502210554 679174
1502210554 832457
1502210554 937706
1502210555 91954
1502210555 216345
1502210555 312492
1502210555 475874
1502210555 667356
1502210555 792506
1502210555 907804
1502210556 99365
1502210556 349701
1502210556 532173
1502210556 685562
1502210556 944171
1502210557 40468
1502210557 136569
1502210557 261835
1502210557 472339
1502210557 693764
1502210557 866192
1502210557 962378
1502210558 192888
1502210558 355362
1502210558 595812
1502210558 855402
1502210559 113985
1502210559 325442
1502210559 556026
1502210559 642146
1502210559 814652
1502210560 74189
1502210560 170360
1502210560 400879
1502210560 583288
1502210560 765694
1502210560 957137
1502210561 111498
1502210561 264753
1502210561 523396
1502210561 677732
1502210561 831092
1502210561 974748
1502210562 176813
1502210562 292111
1502210562 493550
1502210562 723715
1502210562 915537
1502210563 30859
1502210563 222204
1502210563 394652
1502210563 644265
1502210563 816774
1502210563 903798
1502210564 143389
1502210564 229548
1502210564 383845
1502210564 470049
1502210564 594397
1502210564 824863
1502210564 988265
1502210565 160695
1502210565 285926
1502210565 430225
1502210565 516387
1502210565 756034
1502210565 890300
1502210566 139898
1502210566 380382
1502210566 524875
1502210566 639878
1502210566 841492
1502210566 946673
1502210567 139073
1502210567 234306
1502210567 493842
1502210567 580030
1502210567 714404
1502210567 848763
1502210567 983942
1502210568 204464
1502210568 328750
1502210568 492055
1502210568 636404
1502210568 780685
1502210569 20212
1502210569 279888
1502210569 442292
1502210569 557455
1502210569 672738
1502210569 778956
1502210569 999606
1502210570 219991
1502210570 307346
1502210570 565943
1502210570 758069
1502210570 904597
1502210571 16744
1502210571 256369
1502210571 449027
1502210571 602343
1502210571 698296
1502210571 813641
1502210571 957081
1502210572 216620
1502210572 398594
1502210572 543269
1502210572 629461
1502210572 812013
1502210573 32412
1502210573 281865
1502210573 512439
1502210573 627813
1502210573 781056
1502210573 896315
1502210573 992454
1502210574 193933
1502210574 386354
1502210574 549671
1502210574 722094
1502210574 981704
1502210575 134990
1502210575 355518
1502210575 605125
1502210575 778713
1502210575 873690
1502210576 83980
1502210576 258491
1502210576 440037
1502210576 660726
1502210576 784831
1502210576 929089
1502210577 34443
1502210577 206853
1502210577 428219
1502210577 619930
1502210577 831296
1502210578 11280
1502210578 99802
1502210578 244177
1502210578 416488
1502210578 627952
1502210578 800368
1502210578 886888
1502210579 21756
1502210579 165191
1502210579 376605
1502210579 511085
1502210579 598341
1502210579 674308
1502210579 781573
1502210579 943142
1502210580 22892
1502210580 298962
1502210580 500177
1502210580 691644
1502210580 816882
1502210580 970454
1502210581 104534
1502210581 200689
1502210581 344975
1502210581 469323
1502210581 603892
1502210581 699799
1502210581 825271
1502210581 959327
1502210582 208934
1502210582 458455
1502210582 679106
1502210582 928817
1502210583 92120
1502210583 207202
1502210583 465804
1502210583 552970
1502210583 811685
1502210583 993956
1502210584 205358
1502210584 387781
1502210584 541245
1502210584 694777
1502210584 886982
1502210585 69355
1502210585 318947
1502210585 472294
1502210585 559384
1502210585 645605
1502210585 760893
1502210585 962353
1502210586 67663
1502210586 299249
1502210586 547656
1502210586 701097
1502210586 816397
1502210586 931675
1502210587 143081
1502210587 277492
1502210587 478871
1502210587 604141
1502210587 709557
1502210587 853575
1502210588 6920
1502210588 160267
1502210588 304811
1502210588 506000
1502210588 746554
1502210588 967077
1502210589 63308
1502210589 197699
1502210589 418137
1502210589 552452
1502210589 648575
1502210589 811983
1502210589 888177
1502210590 80584
1502210590 282017
1502210590 531842
1502210590 666141
1502210590 829217
1502210590 944658
1502210591 88931
1502210591 242203
1502210591 424524
1502210591 664155
1502210591 875656
1502210592 115166
1502210592 278532
1502210592 441801
1502210592 586156
1502210592 729609
1502210592 921653
1502210593 84970
1502210593 219313
1502210593 367829
1502210593 498250
1502210593 747729
1502210593 939265
1502210594 54472
1502210594 266126
1502210594 371243
1502210594 620792
1502210594 707895
1502210594 957428
1502210595 52720
1502210595 264229
1502210595 456616
1502210595 638951
1502210595 735210
1502210595 830451
1502210595 907663
1502210596 41981
1502210596 301446
1502210596 512146
1502210596 771545
1502210596 992084
1502210597 136389
1502210597 356876
1502210597 539265
1502210597 788846
1502210597 943127
1502210598 38414
1502210598 278859
1502210598 423284
1502210598 633707
1502210598 855297
1502210599 65684
1502210599 306228
1502210599 536720
1502210599 680043
1502210599 776223
1502210599 872541
1502210599 987751
1502210600 103610
1502210600 342538
1502210600 592238
1502210600 688328
1502210600 851725
1502210600 976051
1502210601 63296
1502210601 292765
1502210601 399070
1502210601 610878
1502210601 849961
1502210601 984236
1502210602 118520
1502210602 214727
1502210602 300945
1502210602 464315
1502210602 675819
1502210602 858175
1502210602 973418
1502210603 78648
1502210603 338229
1502210603 472505
1502210603 654936
1502210603 779281
1502210603 980760
1502210604 221534
1502210604 384649
1502210604 547890
1502210604 682293
1502210604 864658
1502210605 95242
1502210605 219495
1502210605 449985
1502210605 594372
1502210605 699536
1502210605 814914
1502210605 949193
1502210606 179652
1502210606 371081
1502210606 565077
1502210606 774354
1502210606 956513
1502210607 138830
1502210607 327592
1502210607 561736
1502210607 657931
1502210607 849368
1502210608 12756
1502210608 128080
1502210608 300405
1502210608 570046
1502210608 752501
1502210608 991952
1502210609 155315
1502210609 356840
1502210609 558273
1502210609 644437
1502210609 914006
1502210610 9288
1502210610 96442
1502210610 278909
1502210610 537500
1502210610 787357
1502210611 46468
1502210611 209865
1502210611 305131
1502210611 459438
1502210611 602988
1502210611 852361
1502210612 102157
1502210612 284377
1502210612 447702
1502210612 543885
1502210612 688187
1502210612 784299
1502210612 976023
1502210613 216410
1502210613 417776
1502210613 552117
1502210613 667364
1502210613 868793
1502210614 108367
1502210614 367999
1502210614 454658
1502210614 646246
1502210614 742449
1502210614 837842
1502210615 48622
1502210615 240203
1502210615 489877
1502210615 575840
1502210615 797327
1502210616 17802
1502210616 171216
1502210616 334669
1502210616 439758
1502210616 641338
1502210616 823708
1502210617 64076
1502210617 236672
1502210617 429187
1502210617 611433
1502210617 726565
1502210617 909087
1502210618 120580
1502210618 360066
1502210618 446393
1502210618 619561
1502210618 744001
1502210618 945371
1502210619 194999
1502210619 454421
1502210619 646921
1502210619 762138
1502210620 20902
1502210620 136030
1502210620 270310
1502210620 519836
1502210620 760364
1502210621 9923
1502210621 240390
1502210621 490001
1502210621 739543
1502210621 873918
1502210622 104356
1502210622 266833
1502210622 353873
1502210622 603508
1502210622 805169
1502210623 44545
1502210623 265970
1502210623 381214
1502210623 582650
1502210623 745997
1502210623 861314
1502210624 52738
1502210624 216071
1502210624 312323
1502210624 522854
1502210624 638056
1502210624 897659
1502210625 42175
1502210625 262423
1502210625 406774
1502210625 637223
1502210625 809616
1502210625 992049
1502210626 78281
1502210626 279734
1502210626 404989
1502210626 520200
1502210626 731671
1502210626 856036
1502210627 28500
1502210627 278079
1502210627 432296
1502210627 671853
1502210627 835336
1502210628 46655
1502210628 190241
1502210628 363432
1502210628 535783
1502210628 737281
1502210628 862528
1502210629 6808
1502210629 131106
1502210629 361671
1502210629 486857
1502210629 736425
1502210629 879776
1502210630 81260
1502210630 254640
1502210630 397983
1502210630 571283
1502210630 686612
1502210630 936124
1502210631 41389
1502210631 290927
1502210631 511536
1502210631 703905
1502210631 962780
1502210632 154925
1502210632 366326
1502210632 462648
1502210632 560704
1502210632 759321
1502210632 874484
1502210633 115058
1502210633 259335
1502210633 421797
1502210633 537037
1502210633 767583
1502210633 911813
1502210634 103356
1502210634 333797
1502210634 488141
1502210634 650532
1502210634 910115
1502210635 44346
1502210635 226890
1502210635 371145
1502210635 582538
1502210635 696920
1502210635 812126
1502210635 899243
1502210635 994536
1502210636 157875
1502210636 350257
1502210636 608940
1502210636 830321
1502210636 926527
1502210637 60858
1502210637 175212
1502210637 415638
1502210637 521040
1502210637 694321
1502210637 876670
1502210638 87241
1502210638 241509
1502210638 452036
1502210638 558155
1502210638 673461
1502210638 768779
1502210638 980193
1502210639 124544
1502210639 248806
1502210639 383160
1502210639 623840
1502210639 815677
1502210639 930047
1502210640 26314
1502210640 169934
1502210640 410417
1502210640 621925
1502210640 756143
1502210640 938544
1502210641 121193
1502210641 312479
1502210641 552985
1502210641 792553
1502210641 946154
1502210642 157338
1502210642 243586
1502210642 358806
1502210642 445029
1502210642 618386
1502210642 839033
1502210642 973446
1502210643 98383
1502210643 251837
1502210643 348223
1502210643 425115
1502210643 549535
1502210643 798953
1502210644 19582
1502210644 125716
1502210644 384368
1502210644 538675
1502210644 740323
1502210644 826283
1502210644 970590
1502210645 229186
1502210645 383718
1502210645 510969
1502210645 719369
1502210645 977893
1502210646 83428
1502210646 303691
1502210646 553249
1502210646 678503
1502210646 937134
1502210647 138653
1502210647 215732
1502210647 417330
1502210647 570554
1502210647 830085
1502210648 88751
1502210648 328284
1502210648 577965
1502210648 817463
1502210648 942745
1502210649 201345
1502210649 306580
1502210649 421861
1502210649 566184
1502210649 719607
1502210649 892137
1502210649 969093
1502210650 208667
1502210650 478460
1502210650 612570
1502210650 717791
1502210650 814000
1502210650 986390
1502210651 82600
1502210651 303190
1502210651 485504
1502210651 696980
1502210651 870315
1502210652 4613
1502210652 234246
1502210652 426616
1502210652 609005
1502210652 839541
1502210653 21916
1502210653 118185
1502210653 251565
1502210653 492109
1502210653 712515
1502210653 808737
1502210654 10219
1502210654 259743
1502210654 337104
1502210654 595576
1502210654 720752
1502210654 951201
1502210655 162716
1502210655 248948
1502210655 431374
1502210655 680862
1502210655 796153
1502210656 26962
1502210656 189059
1502210656 352452
1502210656 448659
1502210656 573894
1502210656 736352
1502210656 890643
1502210656 985828
1502210657 188526
1502210657 360623
1502210657 543098
1502210657 725465
1502210657 811723
1502210657 975086
1502210658 176492
1502210658 388229
1502210658 465199
1502210658 570503
1502210658 801028
1502210659 50664
1502210659 178874
1502210659 444390
1502210659 626707
1502210659 770064
1502210659 981522
1502210660 96941
1502210660 221339
1502210660 308235
1502210660 557924
1502210660 644216
1502210660 893621
1502210661 47093
1502210661 200245
1502210661 460049
1502210661 632292
1502210661 824629
1502210661 930002
1502210662 189466
1502210662 304712
1502210662 468084
1502210662 717884
1502210662 938137
1502210663 158729
1502210663 245841
1502210663 341111
1502210663 485403
1502210663 619805
1502210663 831115
1502210664 51683
1502210664 301219
1502210664 435516
1502210664 657002
1502210664 752331
1502210664 992699
1502210665 156078
1502210665 280460
1502210665 473049
1502210665 568998
1502210665 684253
1502210665 856700
1502210666 68136
1502210666 288668
1502210666 528238
1502210666 749668
1502210667 8371
1502210667 133488
1502210667 219709
1502210667 440267
1502210667 546861
1502210667 622682
1502210667 805096
1502210667 948485
1502210668 150848
1502210668 409467
1502210668 639941
1502210668 745333
1502210668 994834
1502210669 139147
1502210669 225290
1502210669 331510
1502210669 465783
1502210669 715371
1502210669 820587
1502210670 70175
1502210670 252814
1502210670 395927
1502210670 618987
1502210670 809003
1502210671 19389
1502210671 201771
1502210671 403449
1502210671 576745
1502210671 778041
1502210671 989822
1502210672 152098
1502210672 420716
1502210672 603048
1502210672 699292
1502210672 795604
