1501141808 29104
1501141808 105519
1501141808 220397
1501141808 297342
1501141808 461069
1501141808 536930
1501141808 796533
1501141809 17263
1501141809 94204
1501141809 209498
1501141809 285544
1501141809 419928
1501141809 497241
1501141809 573193
1501141809 909360
1501141810 169017
1501141810 284108
1501141810 629862
1501141810 705946
1501141810 850434
1501141810 926918
1501141811 3539
1501141811 80678
1501141811 204999
1501141811 302011
1501141811 435588
1501141811 675219
1501141811 771215
1501141811 867461
1501141811 944506
1501141812 20951
1501141812 136611
1501141812 280383
1501141812 356705
1501141812 578179
1501141812 682419
1501141812 826774
1501141813 18305
1501141813 95443
1501141813 172561
1501141813 249029
1501141813 451128
1501141813 527389
1501141813 671632
1501141813 747644
1501141813 824985
1501141813 902371
1501141814 74616
1501141814 468766
1501141814 544717
1501141814 621941
1501141814 699079
1501141814 775121
1501141814 852333
1501141814 929377
1501141815 5755
1501141815 111097
1501141815 188152
1501141815 264605
1501141815 341476
1501141815 418639
1501141815 494858
1501141815 571971
1501141815 649138
1501141815 725196
1501141815 945857
1501141816 22906
1501141816 99200
1501141816 175474
1501141816 261499
1501141816 347754
1501141816 424979
1501141816 501950
1501141816 578204
1501141816 655356
1501141816 731671
1501141816 809623
1501141816 885353
1501141816 962076
1501141817 38324
1501141817 115564
1501141817 191780
1501141817 355412
1501141817 431515
1501141817 508415
1501141817 585807
1501141817 661941
1501141817 739018
1501141817 816242
1501141817 892476
1501141817 969594
1501141818 45876
1501141818 171132
1501141818 276366
1501141818 353535
1501141818 430529
1501141818 506698
1501141818 583928
1501141818 775470
1501141818 853170
1501141818 929580
1501141819 5878
1501141819 111307
1501141819 197406
1501141819 274787
1501141819 350718
1501141819 428036
1501141819 505036
1501141819 581286
1501141819 658367
1501141819 735512
1501141819 811755
1501141819 888864
1501141819 965126
1501141820 42603
1501141820 118785
1501141820 195745
1501141820 271924
1501141820 349265
1501141820 425608
1501141820 502452
1501141820 578647
1501141820 655824
1501141820 732053
1501141820 809230
1501141820 886531
1501141820 962647
1501141821 39516
1501141821 115932
1501141821 192953
1501141821 375626
1501141821 663295
1501141821 836875
1501141821 980967
1501141822 56931
1501141822 230530
1501141822 527393
1501141822 652457
1501141822 728652
1501141822 805709
1501141822 883002
1501141822 958997
1501141823 55626
1501141823 151587
1501141823 304936
1501141823 420146
1501141823 497362
1501141823 573489
1501141823 756402
1501141823 871233
1501141824 255205
1501141824 332135
1501141824 437465
1501141824 648828
1501141824 726010
1501141824 802271
1501141824 879389
1501141824 955558
1501141825 32607
1501141825 109663
1501141825 185913
1501141825 263262
1501141825 339411
1501141825 416591
1501141825 493696
1501141825 569992
1501141825 646938
1501141825 723007
1501141825 800193
1501141825 876518
1501141825 953216
1501141826 88262
1501141826 231688
1501141826 327763
1501141826 405215
1501141826 481014
1501141826 558188
1501141826 635275
1501141826 711510
1501141826 788688
1501141826 864888
1501141826 942087
1501141827 19300
1501141827 345451
1501141827 422389
1501141827 498446
1501141827 575426
1501141827 719950
1501141828 142027
1501141828 238258
1501141828 478652
1501141828 554801
1501141828 631928
1501141828 871457
1501141829 93169
1501141829 169097
1501141829 246249
1501141829 322684
1501141829 399605
1501141829 543854
1501141829 678311
1501141829 754503
1501141829 850669
1501141829 927778
1501141830 4219
1501141830 81191
1501141830 158470
1501141830 234365
1501141830 311686
1501141830 388587
1501141830 464954
1501141830 542170
1501141830 618393
1501141830 695704
1501141830 772534
1501141830 887927
1501141830 964072
1501141831 41250
1501141831 118244
1501141831 194483
1501141831 348278
1501141831 444360
1501141831 520507
1501141831 597860
1501141831 674699
1501141831 750835
1501141831 828070
1501141831 904254
1501141831 981588
1501141832 58656
1501141832 212244
1501141832 308408
1501141832 432506
1501141832 509705
1501141832 587248
1501141832 730218
1501141832 807280
1501141832 884298
1501141832 960806
1501141833 36831
1501141833 113908
1501141833 190190
1501141833 267332
1501141833 343701
1501141833 421500
1501141833 497009
1501141833 574222
1501141833 650385
1501141833 727674
1501141833 804833
1501141833 929151
1501141834 5289
1501141834 82641
1501141834 159392
1501141834 264817
1501141834 342036
1501141834 418190
1501141834 495404
1501141834 571565
1501141834 648567
1501141834 725883
1501141834 802121
1501141834 879173
1501141834 956296
1501141835 32437
1501141835 109481
1501141835 186595
1501141835 262945
1501141835 339253
1501141835 416557
1501141835 493564
1501141835 569704
1501141835 646830
1501141835 723027
1501141835 800197
1501141835 877415
1501141835 953448
1501141836 30786
1501141836 107854
1501141836 184281
1501141836 262085
1501141836 337605
1501141836 414763
1501141836 491974
1501141836 568021
1501141836 712385
1501141836 790221
1501141836 865768
1501141836 942848
1501141837 19145
1501141837 241326
1501141837 383906
1501141837 605434
1501141837 815854
1501141838 315154
1501141838 411355
1501141838 690616
1501141838 766988
1501141838 902077
1501141838 977444
1501141839 54750
1501141839 132230
1501141839 208047
1501141839 285092
1501141839 583054
1501141839 679096
1501141839 765526
1501141839 841430
1501141839 918553
1501141839 995726
1501141840 254544
1501141840 388644
1501141840 465775
1501141840 543112
1501141840 677111
1501141840 763305
1501141840 840728
1501141840 916702
1501141840 993880
1501141841 70010
1501141841 147231
1501141841 224321
1501141841 300586
1501141841 377983
1501141841 589265
1501141841 665440
1501141841 742690
1501141841 895923
1501141841 973088
1501141842 49158
1501141842 126483
1501141842 202704
1501141842 279868
1501141842 357089
1501141842 433220
1501141842 511169
1501141842 663563
1501141842 740791
1501141842 817095
1501141842 894277
1501141842 971362
1501141843 47742
1501141843 124753
1501141843 201033
1501141843 278110
1501141843 355308
1501141843 431685
1501141843 518577
1501141843 710330
1501141843 787264
1501141843 863437
1501141843 940542
1501141844 17758
1501141844 94171
1501141844 171170
1501141844 248306
1501141844 324384
1501141844 449769
1501141844 526218
1501141844 861856
1501141844 939020
1501141845 15960
1501141845 92534
1501141845 169462
1501141845 246487
1501141845 351860
1501141845 476223
1501141845 553226
1501141845 630755
1501141845 706677
1501141845 784060
1501141845 861023
1501141845 937140
1501141846 14211
1501141846 91579
1501141846 167697
1501141846 494684
1501141846 570665
1501141846 647733
1501141846 724707
1501141846 800984
1501141846 878207
1501141846 955330
1501141847 108857
1501141847 329406
1501141847 406433
1501141847 482638
1501141847 559896
1501141847 655983
1501141847 742105
1501141847 818381
1501141848 136196
1501141848 413761
1501141848 490922
1501141848 567978
1501141848 644162
1501141848 721290
1501141848 797688
1501141848 874810
1501141848 951697
1501141849 27942
1501141849 105210
1501141849 181403
1501141849 258657
1501141849 334812
1501141849 412147
1501141849 489245
1501141849 565382
1501141849 642485
1501141849 719605
1501141849 834836
1501141850 45623
1501141850 372444
1501141850 449595
1501141850 564873
1501141850 747149
1501141850 823181
1501141850 900365
1501141850 976426
1501141851 53702
1501141851 130619
1501141851 236043
1501141851 313208
1501141851 389354
1501141851 466657
1501141851 543920
1501141851 619889
1501141851 697074
1501141851 773393
1501141851 850485
1501141851 927625
1501141852 3874
1501141852 119055
1501141852 387783
1501141852 618268
1501141852 800648
1501141852 877795
1501141852 954790
1501141853 31017
1501141853 146296
1501141853 309798
1501141853 395865
1501141853 482277
1501141853 635744
1501141853 847435
1501141853 923208
1501141854 189
1501141854 77600
1501141854 153908
1501141854 230744
1501141854 308102
1501141854 384291
1501141854 461198
1501141854 537641
1501141854 643761
1501141854 720043
1501141854 797140
1501141854 874309
1501141854 950611
1501141855 75929
1501141855 152753
1501141855 584986
1501141855 699374
1501141855 920808
1501141856 170371
1501141856 266362
1501141856 390756
1501141856 466838
1501141856 621239
1501141856 697574
1501141856 928034
1501141857 43251
1501141857 120408
1501141857 196640
1501141857 273675
1501141857 484390
1501141857 676940
1501141857 754325
1501141857 829965
1501141857 907157
1501141857 983327
1501141858 60571
1501141858 137564
1501141858 213709
1501141858 291114
1501141858 368915
1501141858 444359
1501141858 521643
1501141858 597809
1501141858 675676
1501141858 752030
1501141858 828312
1501141858 943506
1501141859 20665
1501141859 98168
1501141859 174164
1501141859 260382
1501141859 337409
1501141859 539028
1501141859 616001
1501141859 807685
1501141859 970870
1501141860 48717
1501141860 249736
1501141860 326694
1501141860 402792
1501141860 595343
1501141860 671601
1501141860 748541
1501141860 825743
1501141860 902041
1501141861 8253
1501141861 132535
1501141861 266902
1501141861 526915
1501141861 602745
1501141861 679564
1501141861 756730
1501141861 832952
1501141861 910354
1501141862 245978
1501141862 447868
1501141862 524749
1501141862 610926
1501141862 832440
1501141862 975759
1501141863 52715
1501141863 128933
1501141863 206071
1501141863 282623
1501141863 359624
1501141863 503712
1501141863 579896
1501141863 657143
1501141863 762423
1501141863 839544
1501141864 22009
1501141864 166658
1501141864 272104
1501141864 367775
1501141864 531079
1501141864 607368
1501141864 684536
1501141864 761717
1501141864 837880
1501141864 915034
1501141864 991207
1501141865 68483
1501141865 145387
1501141865 221605
1501141865 346835
1501141865 433902
1501141865 730786
1501141865 807938
1501141865 884110
1501141865 961351
1501141866 114892
1501141866 297227
1501141866 374681
1501141866 556751
1501141866 632901
1501141866 710183
1501141866 815405
1501141866 892662
1501141866 969537
1501141867 93992
1501141867 334759
1501141867 410562
1501141867 487725
1501141867 564014
1501141867 641854
1501141867 718068
1501141867 794282
1501141867 871451
1501141867 948863
1501141868 25162
1501141868 188297
1501141868 265519
1501141868 457108
1501141868 534166
1501141868 610479
1501141868 735550
1501141868 812629
1501141868 888968
1501141868 965956
1501141869 42222
1501141869 119118
1501141869 196289
1501141869 273638
1501141869 349605
1501141869 426878
1501141869 503186
1501141869 685748
1501141869 762900
1501141869 954524
1501141870 31653
1501141870 108504
1501141870 204001
1501141870 454792
1501141870 540566
1501141870 616934
1501141870 857435
1501141871 59058
1501141871 539143
1501141871 616109
1501141871 720448
1501141871 797491
1501141871 874680
1501141871 950930
1501141872 28200
1501141872 105078
1501141872 181283
1501141872 258640
1501141872 334942
1501141872 584048
1501141872 795551
1501141872 872591
1501141872 948749
1501141873 26110
1501141873 103285
1501141873 179785
1501141873 429176
1501141873 775080
1501141873 920077
1501141873 995621
1501141874 149720
1501141874 226060
1501141874 302957
1501141874 379994
1501141874 456616
1501141874 581768
1501141874 657952
1501141874 735327
1501141874 812276
1501141874 888471
1501141874 965997
1501141875 42853
1501141875 119023
1501141875 196221
1501141875 272247
1501141875 368540
1501141875 474921
1501141875 550945
1501141875 657167
1501141875 733187
1501141875 810213
1501141875 886740
1501141875 982827
1501141876 60014
1501141876 136356
1501141876 213454
1501141876 290675
1501141876 366712
1501141876 443748
1501141876 521202
1501141876 597283
1501141876 674595
1501141876 751569
1501141876 827871
1501141876 905780
1501141876 981014
1501141877 58128
1501141877 135419
1501141877 211549
1501141877 288920
1501141877 366025
1501141877 461294
1501141877 634634
1501141877 710771
1501141877 836179
1501141877 913234
1501141877 989430
1501141878 66536
1501141878 142874
1501141878 230194
1501141878 498486
1501141878 575631
1501141878 651868
1501141878 757963
1501141878 892298
1501141879 45767
1501141879 237258
1501141879 400659
1501141879 612468
1501141879 689362
1501141879 765530
1501141879 842624
1501141879 919704
1501141879 995852
1501141880 284678
1501141880 457013
1501141880 534039
1501141880 610219
1501141880 687367
1501141880 763616
1501141881 3390
1501141881 80288
1501141881 156611
1501141881 252978
1501141881 387276
1501141881 464413
1501141881 541486
1501141881 617902
1501141881 694783
1501141881 770827
1501141881 886399
1501141881 962554
1501141882 39550
1501141882 116647
1501141882 192799
1501141882 269970
1501141882 347145
1501141882 423460
1501141882 500557
1501141882 577052
1501141882 653879
1501141882 731162
1501141882 807327
1501141882 884475
1501141883 46912
1501141883 124199
1501141883 201373
1501141883 460310
1501141883 604251
1501141883 700539
1501141883 776970
1501141883 872824
1501141883 949982
1501141884 26695
1501141884 102318
1501141884 237351
1501141884 515348
1501141884 621575
1501141884 707611
1501141884 793879
1501141884 871179
1501141884 947253
1501141885 24507
1501141885 101378
1501141885 177744
1501141885 254810
1501141885 331997
1501141885 408367
1501141885 485408
1501141885 561472
1501141885 638849
1501141885 715900
1501141885 792232
1501141885 869387
1501141885 946440
1501141886 22652
1501141886 99862
1501141886 176550
1501141886 253026
1501141886 330141
1501141886 406418
1501141886 483715
1501141886 561623
1501141886 636951
1501141886 714101
1501141886 790438
1501141886 867510
1501141886 944736
1501141887 21110
1501141887 98044
1501141887 175213
1501141887 251562
1501141887 328575
1501141887 405765
1501141887 578254
1501141887 664409
1501141887 741547
1501141887 817659
1501141887 894925
1501141887 972036
1501141888 106370
1501141888 192390
1501141888 269604
1501141888 345939
1501141888 423254
1501141888 547384
1501141888 624542
1501141888 701238
1501141888 777686
1501141888 854050
1501141888 931157
1501141889 8376
1501141889 84585
1501141889 161728
1501141889 238873
1501141889 315469
1501141889 392309
1501141889 545755
1501141889 671170
1501141889 747631
1501141889 824296
1501141889 900493
1501141889 978029
1501141890 92719
1501141890 169929
1501141890 246035
1501141890 323293
1501141890 400056
1501141890 504858
1501141890 582456
1501141891 138702
1501141891 301748
1501141891 378867
1501141891 454967
1501141891 532634
1501141891 609281
1501141891 685379
1501141891 762510
1501141891 839933
1501141891 945416
1501141892 156625
1501141892 377631
1501141893 116663
1501141893 192855
1501141893 308316
1501141893 394534
1501141893 711219
1501141893 788386
1501141893 864364
1501141893 942264
1501141894 17838
1501141894 95050
1501141894 172133
1501141894 248872
1501141894 325501
1501141894 402605
1501141894 478816
1501141894 555903
1501141894 632069
1501141894 718306
1501141894 804599
1501141894 900956
1501141894 976983
1501141895 63343
1501141895 226809
1501141895 303823
1501141895 448311
1501141895 716756
1501141895 793046
1501141895 869942
1501141895 947071
1501141896 23330
1501141896 90431
1501141896 157463
1501141896 224805
1501141896 291801
1501141896 360010
1501141896 436732
1501141896 513338
1501141896 589492
1501141896 656701
1501141896 724781
1501141896 926383
1501141897 3023
1501141897 185015
1501141897 310889
1501141897 386583
1501141897 521783
1501141897 713193
1501141897 963276
1501141898 48873
1501141898 126067
1501141898 203232
1501141898 279418
1501141898 356463
1501141898 433727
1501141898 509880
1501141898 587148
1501141898 663336
1501141898 740349
1501141898 971075
1501141899 48421
1501141899 124659
1501141899 537449
1501141899 729709
1501141899 805982
1501141899 892203
1501141899 969394
1501141900 46380
1501141900 122608
1501141900 199655
1501141900 276780
1501141900 353048
1501141900 468381
1501141900 545484
1501141900 641687
1501141900 757047
1501141900 948664
1501141901 25644
1501141901 101903
1501141901 236081
1501141901 313358
1501141901 495715
1501141901 572916
1501141901 649616
1501141901 822398
1501141901 919175
1501141902 23730
1501141902 177132
1501141902 389334
1501141902 465797
1501141902 561813
1501141902 820718
1501141902 897031
1501141902 974051
1501141903 98379
1501141903 175439
1501141903 252541
1501141903 328725
1501141903 406004
1501141903 482632
1501141903 559337
1501141903 635477
1501141903 712718
1501141903 885249
1501141904 895
1501141904 193037
1501141904 298093
1501141904 384249
1501141904 461112
1501141904 537461
1501141904 614719
1501141904 691203
1501141904 768175
1501141904 845210
1501141904 921310
1501141904 998447
1501141905 75777
1501141905 151893
1501141905 229218
1501141905 305516
1501141905 383302
1501141905 459792
1501141905 535936
1501141905 612953
1501141905 690181
