1502291695 194847
1502291695 453275
1502291695 673923
1502291695 885430
1502291696 47829
1502291696 192315
1502291696 451491
1502291696 595364
1502291696 835609
1502291696 912534
1502291697 85006
1502291697 257454
1502291697 498113
1502291697 651459
1502291697 776688
1502291697 871948
1502291698 35279
1502291698 179504
1502291698 429033
1502291698 591521
1502291698 706802
1502291698 792819
1502291699 52306
1502291699 273142
1502291699 465387
1502291699 734204
1502291699 907465
1502291700 2524
1502291700 262252
1502291700 377560
1502291700 540631
1502291700 742258
1502291700 866796
1502291701 40167
1502291701 126857
1502291701 318720
1502291701 549345
1502291701 644320
1502291701 904113
1502291702 115429
1502291702 268483
1502291702 345862
1502291702 441078
1502291702 537137
1502291702 633258
1502291702 748683
1502291702 979385
1502291703 65584
1502291703 180644
1502291703 276780
1502291703 363053
1502291703 478454
1502291703 622619
1502291703 717856
1502291703 987724
1502291704 73802
1502291704 188991
1502291704 304095
1502291704 390353
1502291704 630120
1502291704 832377
1502291704 956712
1502291705 90952
1502291705 235472
1502291705 388802
1502291705 503814
1502291705 715457
1502291705 926656
1502291706 99079
1502291706 358162
1502291706 627479
1502291706 742727
1502291706 915013
1502291707 49420
1502291707 251040
1502291707 414237
1502291707 567332
1502291707 672936
