1500398628 808156
1500398628 979432
1500398629 123603
1500398629 277069
1500398629 442023
1500398629 600648
1500398629 789122
1500398629 936288
1500398630 89686
1500398630 272080
1500398630 421313
1500398630 594663
1500398630 746008
1500398630 899477
1500398631 80815
1500398631 257004
1500398631 400440
1500398631 560833
1500398631 726225
1500398631 866870
1500398632 20055
1500398632 176681
1500398632 346589
1500398632 536990
1500398632 701602
1500398632 857019
1500398633 21267
1500398633 190584
1500398633 367863
1500398633 549933
1500398633 724854
1500398633 912062
1500398634 68665
1500398634 237118
1500398634 417285
1500398634 601670
1500398634 774955
1500398634 919859
1500398635 72842
1500398635 255054
1500398635 440585
1500398635 621066
1500398635 796400
1500398635 942505
1500398636 94917
1500398636 261212
1500398636 441746
1500398636 616306
1500398636 802392
1500398636 977381
1500398637 165308
1500398637 347721
1500398637 527271
1500398637 706668
1500398637 868082
1500398638 54287
1500398638 222884
1500398638 382025
1500398638 531581
1500398638 717939
1500398638 890181
1500398639 39449
1500398639 211652
1500398639 395547
1500398639 583943
1500398639 739347
1500398639 886491
1500398640 75757
1500398640 240490
1500398640 430660
1500398640 614107
1500398640 790579
1500398640 963652
1500398641 146508
1500398641 337662
1500398641 505232
1500398641 683693
1500398641 876094
1500398642 25356
1500398642 181600
1500398642 326005
1500398642 488237
1500398642 646014
1500398642 837028
1500398643 9468
1500398643 186894
1500398643 367486
1500398643 511756
1500398643 679997
1500398643 849646
1500398643 993884
1500398644 147206
1500398644 336478
1500398644 505043
1500398644 671216
1500398644 861903
1500398645 28184
1500398645 196302
1500398645 381751
1500398645 576252
1500398645 748535
1500398645 927401
1500398646 120380
1500398646 288974
1500398646 442246
1500398646 583655
1500398646 748655
1500398646 909249
1500398647 53233
1500398647 206030
1500398647 354150
1500398647 523573
1500398647 715386
1500398647 885505
1500398648 60813
1500398648 220248
1500398648 376318
1500398648 564825
1500398648 730220
1500398648 885990
1500398649 71210
1500398649 262585
1500398649 436930
1500398649 588406
1500398649 769644
1500398649 921062
1500398650 108335
1500398650 274608
1500398650 438289
1500398650 588629
1500398650 732804
1500398650 903272
1500398651 87299
1500398651 266009
1500398651 425407
1500398651 594688
1500398651 763369
1500398651 920489
1500398652 66060
1500398652 241100
1500398652 423697
1500398652 611132
1500398652 781365
1500398652 935799
1500398653 104304
1500398653 246451
1500398653 399602
1500398653 570211
1500398653 744445
1500398653 925800
1500398654 107556
1500398654 256015
1500398654 423305
1500398654 570776
1500398654 719832
1500398654 896275
1500398655 70623
1500398655 250102
1500398655 402334
1500398655 553562
1500398655 708147
1500398655 892575
1500398656 47111
1500398656 205255
1500398656 390516
