1502286727 910749
1502286730 453303
1502286732 996673
1502286735 539026
1502286738 81236
1502286740 623491
1502286743 166090
1502286745 708544
1502286748 250562
1502286750 793220
1502286753 335689
1502286755 877962
1502286758 420107
1502286760 962408
1502286763 504759
1502286766 47116
1502286768 589635
1502286771 133212
1502286773 674978
1502286776 217118
1502286778 759517
1502286781 302217
1502286783 844202
1502286786 386352
1502286788 928387
1502286791 471013
1502286794 13703
1502286796 556442
1502286799 99169
1502286801 644202
1502286804 186435
1502286806 728695
1502286809 270682
1502286811 812758
1502286814 354789
1502286816 897781
1502286819 439585
1502286821 982077
1502286824 523894
1502286827 66160
1502286829 608756
1502286832 150663
1502286834 692913
1502286837 235249
1502286839 777757
1502286842 320378
1502286844 862319
1502286847 404517
1502286849 946941
1502286852 489428
1502286855 31846
1502286857 573987
1502286860 115739
1502286862 658108
1502286865 200757
1502286867 742846
1502286870 284860
1502286872 830656
1502286875 373122
1502286877 915429
1502286880 457369
1502286882 999187
1502286885 544988
1502286888 87799
1502286890 629859
1502286893 172267
1502286895 714374
1502286898 256813
1502286900 798810
1502286903 341072
1502286905 883178
1502286908 425700
1502286910 967940
1502286913 510199
1502286916 52765
1502286918 595391
1502286921 137729
1502286923 679463
1502286926 221698
1502286928 771377
1502286931 314594
1502286933 857333
1502286936 403959
1502286938 946232
1502286941 487917
1502286944 30956
1502286946 573793
1502286949 115611
1502286951 657918
1502286954 199793
1502286956 742597
1502286959 285076
1502286961 828057
1502286964 370252
1502286966 912619
1502286969 455079
1502286971 997894
1502286974 540675
1502286977 83201
1502286979 625551
1502286982 167594
1502286984 709756
1502286987 252177
