1502297228 852665
1502297228 996721
1502297229 102044
1502297229 294357
1502297229 533956
1502297229 754482
1502297229 917823
1502297230 110192
1502297230 349867
1502297230 561253
1502297230 705565
1502297230 800817
1502297230 896983
1502297231 165649
1502297231 348352
1502297231 569798
1502297231 712863
1502297231 962478
1502297232 106717
1502297232 280067
1502297232 481526
1502297232 575606
1502297232 757427
1502297232 968825
1502297233 74199
1502297233 208462
1502297233 467954
1502297233 631356
1502297233 736797
1502297233 996158
1502297234 235693
1502297234 466253
1502297234 677631
1502297234 812073
1502297234 898180
1502297234 975376
1502297235 147790
1502297235 244075
1502297235 445466
1502297235 598812
1502297235 791208
1502297236 21659
1502297236 97864
1502297236 357478
1502297236 481828
1502297236 636107
1502297236 770349
1502297237 878
1502297237 77113
1502297237 250467
1502297237 500029
1502297237 624294
1502297237 825881
1502297238 76235
1502297238 248702
1502297238 353936
1502297238 441042
1502297238 661683
1502297238 766885
1502297239 16475
1502297239 112640
1502297239 208884
1502297239 285054
1502297239 487647
1502297239 678866
1502297239 861273
1502297240 5818
1502297240 159046
1502297240 427616
1502297240 533821
1502297240 754268
1502297241 3911
1502297241 109116
1502297241 282694
1502297241 445885
1502297241 532069
