1500538738 643545
1500538739 582915
1500538739 986497
1500538740 734953
1500538740 965435
1500538741 138949
1500538741 311334
1500538741 494384
1500538741 666937
1500538742 415717
1500538742 770482
1500538743 10868
1500538744 191760
1500538744 402247
1500538744 806278
1500538745 314196
1500538745 651091
1500538746 63946
1500538746 284531
1500538746 678645
1500538747 272863
1500538747 532241
1500538747 849022
1500538748 213838
1500538748 415305
1500538748 866272
1500538749 260364
1500538749 616181
1500538749 951790
1500538750 479965
1500538750 844861
1500538751 17149
1500538751 189660
1500538751 420094
1500538751 967531
1500538752 140842
1500538752 658777
1500538753 206481
1500538753 609193
1500538753 849378
1500538754 21782
1500538754 376772
1500538754 808797
1500538755 221522
1500538756 181608
1500538756 806863
1500538757 343527
1500538757 525825
1500538757 699128
1500538757 881505
1500538758 120993
1500538759 253590
1500538759 444995
1500538760 300111
1500538760 654965
1500538760 837309
1500538761 307539
1500538761 730520
1500538761 912706
1500538762 95182
1500538762 277498
1500538762 489087
1500538762 776774
1500538763 131484
1500538763 659647
1500538764 399340
1500538764 744955
1500538765 743336
1500538766 89009
1500538767 20241
1500538767 768699
1500538768 354294
1500538768 526532
1500538769 141022
1500538769 669184
1500538770 197465
1500538770 609328
1500538771 204695
1500538771 387098
1500538771 896191
1500538772 251018
1500538772 644915
1500538772 961624
1500538773 383574
1500538773 556758
1500538773 739262
1500538773 911883
1500538774 94036
1500538774 411243
1500538775 351169
1500538775 533861
1500538776 42448
1500538776 569872
1500538776 800436
1500538777 241440
1500538777 596237
1500538777 778490
1500538778 555478
1500538778 737888
1500538778 920313
1500538779 111872
1500538779 419335
1500538779 774560
1500538779 946731
1500538780 283391
1500538780 485054
1500538780 657007
1500538780 906718
1500538781 79251
1500538781 251721
1500538781 434096
1500538781 654682
1500538782 575819
1500538784 92454
1500538784 274548
1500538784 811931
1500538785 417049
1500538785 742822
1500538786 98554
1500538786 270963
1500538786 857267
1500538787 768953
1500538787 970917
1500538788 210305
1500538788 430826
1500538788 671601
1500538788 853973
1500538789 36292
1500538789 756060
1500538789 996460
1500538790 351217
1500538790 562052
1500538790 743967
1500538790 993715
1500538791 714299
1500538792 49835
1500538792 232517
1500538792 404969
1500538792 577212
1500538793 105019
1500538793 671713
1500538794 16495
1500538794 188899
1500538794 361454
1500538794 543845
1500538794 773361
1500538794 984712
1500538796 107321
1500538796 289928
1500538797 47668
1500538797 595003
1500538798 314511
1500538798 485910
1500538798 668218
1500538798 850822
1500538799 24133
1500538799 618848
1500538799 801013
1500538799 992463
1500538800 165784
1500538800 348124
1500538800 876586
1500538801 48838
1500538801 250262
1500538801 730601
1500538802 324719
1500538802 690034
1500538802 901219
1500538803 150731
1500538803 725954
1500538804 129156
1500538804 992742
1500538805 510923
1500538805 683445
1500538806 56370
1500538806 815231
1500538807 851475
1500538808 53111
1500538808 292562
1500538809 42091
1500538809 224632
1500538809 406884
1500538810 520418
1500538811 161984
1500538811 642049
1500538811 815394
1500538812 6891
1500538812 679366
1500538813 408268
1500538813 580632
1500538814 205028
1500538814 550558
1500538814 722225
1500538815 719856
1500538815 892190
1500538816 93377
1500538816 343021
1500538816 804042
1500538816 986612
1500538817 159952
1500538817 342015
1500538817 715992
1500538818 205252
1500538818 781557
1500538819 155512
1500538821 16519
1500538821 409409
1500538821 842525
1500538822 33918
1500538822 207240
1500538822 408656
1500538822 696515
1500538823 128605
1500538823 482198
1500538823 817843
1500538823 990397
1500538824 172875
1500538824 365191
1500538824 536591
1500538824 853368
1500538825 26902
1500538825 209522
1500538825 381829
1500538825 621486
1500538825 880744
1500538826 360881
1500538826 878928
1500538827 60686
1500538827 233055
1500538827 827510
1500538828 413253
1500538828 595134
1500538828 796742
1500538829 46175
1500538829 324722
1500538829 718580
1500538829 880981
1500538830 63964
1500538830 274888
1500538830 908364
1500538831 253427
1500538831 598998
1500538831 953922
1500538832 577198
1500538833 354681
1500538833 527265
1500538833 901311
1500538836 165569
1500538837 37624
1500538837 210012
1500538837 748342
1500538838 6900
1500538838 534179
1500538838 716466
1500538838 918162
1500538839 157566
1500538839 474417
1500538840 309109
1500538840 875055
1500538841 258395
1500538841 441000
1500538841 633475
1500538843 4483
1500538843 186889
1500538843 369286
1500538843 782457
1500538844 337324
1500538844 548029
1500538844 730601
1500538845 469276
1500538845 632475
1500538845 804800
1500538846 6264
1500538846 178670
1500538846 763697
1500538846 936574
1500538847 282261
1500538847 532160
1500538847 934915
1500538848 107133
1500538848 279636
1500538848 491140
1500538849 565555
1500538849 948940
1500538850 189347
1500538850 756242
1500538851 456591
1500538851 773829
1500538852 215496
1500538852 541331
1500538852 723630
1500538852 886924
1500538853 60333
1500538853 588670
1500538853 981431
1500538854 816510
1500538855 239234
1500538855 469694
1500538855 700408
1500538856 65111
1500538856 256614
1500538856 746796
1500538857 524310
1500538858 886643
1500538859 893128
1500538860 142423
1500538860 477831
1500538861 801848
1500538861 965423
1500538862 148370
1500538862 349561
1500538862 551346
1500538863 156429
1500538863 328697
1500538863 684356
1500538864 317807
1500538864 481232
1500538864 663688
1500538865 181975
1500538865 968958
1500538866 361472
1500538866 534742
1500538866 881054
1500538867 53151
1500538867 407746
1500538868 166477
1500538868 463767
1500538868 905490
1500538869 77380
1500538869 259964
1500538869 691737
1500538870 899534
1500538871 81951
1500538871 255673
1500538871 879102
1500538872 310717
1500538872 483471
1500538872 675038
1500538873 527329
1500538873 701320
1500538873 883846
1500538874 66270
1500538875 304043
1500538875 476456
1500538875 686522
1500538876 301114
1500538876 656648
1500538876 829649
1500538877 299672
1500538877 635486
1500538877 807883
1500538877 990238
1500538878 161694
1500538878 698742
1500538879 494431
1500538879 667701
1500538879 897354
1500538880 541311
1500538880 713533
1500538880 895476
1500538881 318334
1500538881 999526
1500538882 720523
1500538882 969860
1500538883 180273
1500538883 535959
1500538883 708368
1500538884 783895
1500538884 956446
1500538885 148537
1500538886 396508
1500538886 962738
1500538887 184792
1500538888 76032
1500538888 479955
1500538889 305477
1500538889 496402
1500538889 717945
1500538889 929374
1500538890 408312
1500538890 581734
1500538890 764455
1500538891 167158
1500538891 339572
1500538892 76931
1500538892 643286
1500538892 815922
1500538892 997936
1500538893 180273
1500538893 611847
1500538894 389647
1500538894 563058
1500538894 725152
1500538894 917892
1500538895 110309
1500538895 272720
1500538895 666856
1500538895 839911
1500538896 213790
1500538896 387168
1500538896 752048
1500538897 251349
1500538898 354586
1500538899 35994
1500538899 209374
1500538901 634707
1500538902 124059
1500538902 784966
1500538905 597454
1500538906 960620
1500538907 603918
1500538908 409145
1500538908 765075
1500538908 937383
1500538910 233919
1500538910 416176
1500538910 896333
1500538911 847273
1500538913 680459
1500538913 987251
1500538916 450079
1500538916 775589
1500538917 274186
1500538917 782471
1500538918 98703
1500538919 231791
1500538920 399773
1500538921 79527
1500538921 923407
1500538924 560259
1500538925 549003
1500538926 355778
1500538927 47165
1500538928 35300
1500538929 5540
1500538930 109209
1500538930 454269
1500538931 135809
1500538931 472258
1500538931 806448
1500538933 188537
1500538933 534187
1500538933 716576
1500538934 292160
1500538935 251822
1500538935 425110
1500538935 606776
1500538936 260050
1500538936 941619
1500538937 114022
1500538938 131486
1500538938 601387
1500538939 225941
1500538940 234161
1500538940 416716
1500538940 588930
1500538940 761432
1500538941 126326
1500538941 308640
1500538942 95431
1500538942 585552
1500538942 757977
1500538943 94084
1500538943 439498
1500538943 784297
1500538945 97849
1500538945 443635
1500538946 640260
1500538947 119323
1500538948 269155
1500538948 977900
1500538950 761050
1500538951 556153
1500538952 562477
1500538953 214206
1500538953 568218
1500538954 86307
1500538956 501344
1500538956 981385
1500538957 624050
1500538958 191168
1500538958 536854
1500538959 25593
1500538961 522239
1500538961 694752
1500538961 868263
1500538962 59701
1500538962 309255
1500538962 914406
1500538963 269169
1500538963 624127
1500538964 123409
1500538964 623479
1500538965 265888
1500538965 448070
1500538965 802397
1500538966 607189
1500538966 779619
1500538967 268599
1500538967 441597
1500538968 92564
1500538968 264711
1500538968 629706
1500538968 984341
1500538970 133522
1500538972 107852
1500538972 280310
1500538974 15902
1500538974 878687
1500538975 41807
1500538975 396594
1500538976 968915
1500538979 163068
1500538979 699956
1500538981 367476
1500538981 731890
1500538983 83813
1500538983 735568
1500538985 224539
1500538985 838940
1500538987 485
1500538987 998669
1500538988 468558
1500538989 390676
1500538989 726824
1500538989 899971
1500538990 81910
1500538990 801281
1500538991 146882
1500538992 116002
1500538992 778321
1500538994 621614
1500538996 637294
1500538997 136284
1500538998 950257
1500538999 122779
1500539000 379757
1500539000 562058
1500539001 51205
1500539001 703673
1500539002 557616
1500539002 903500
1500539003 258594
1500539006 90596
1500539006 570587
1500539006 753068
1500539007 261344
1500539007 434336
1500539009 124395
1500539009 766829
1500539012 253418
1500539012 934145
1500539013 778796
1500539014 890556
1500539015 705727
1500539017 817276
1500539018 277165
1500539019 890061
1500539020 71607
1500539020 398154
1500539020 570510
1500539020 906315
1500539021 232453
1500539021 395322
1500539021 567797
1500539023 36254
1500539023 824169
1500539024 486429
1500539026 319102
1500539027 183650
1500539028 8760
1500539029 112855
1500539030 379786
1500539032 251722
1500539032 424348
1500539032 914336
1500539033 87008
1500539033 442378
1500539034 757631
1500539035 688678
1500539036 168902
