1499348554 282718
1499348554 446000
1499348554 599239
1499348554 752715
1499348554 895942
1499348555 50131
1499348555 222663
1499348555 386045
1499348555 539349
1499348555 721797
1499348555 904282
1499348556 76659
1499348556 249936
1499348556 422643
1499348556 614816
1499348556 797126
1499348556 960592
1499348557 133164
1499348557 286600
1499348557 478663
1499348557 622975
1499348557 795383
1499348557 967832
1499348558 112100
1499348558 285469
1499348558 448152
1499348558 592408
1499348558 736583
1499348558 899844
1499348559 82331
1499348559 245116
1499348559 408118
1499348559 590514
