1501168882 783168
1501168882 861189
1501168882 928589
1501168882 993712
1501168883 62870
1501168883 129941
1501168883 197339
1501168883 264619
1501168883 408820
1501168883 539297
1501168883 615190
1501168883 753690
1501168883 819513
1501168883 886719
1501168884 284142
1501168884 472993
1501168884 541372
1501168884 608516
1501168884 673595
1501168884 740849
1501168884 841184
1501168884 916171
1501168884 983235
1501168885 51080
1501168885 117419
1501168885 182641
1501168885 251963
1501168885 316916
1501168885 383909
1501168885 451168
1501168885 539202
1501168885 606846
1501168885 717123
1501168885 815499
1501168886 10949
1501168886 87343
1501168886 399121
1501168886 468998
1501168886 535889
1501168886 605064
1501168886 672935
1501168886 749632
1501168886 823510
1501168886 892386
1501168887 7082
1501168887 73046
1501168887 146438
1501168887 217124
1501168887 286200
1501168887 360579
1501168887 427603
1501168887 497695
1501168887 573437
1501168887 648062
1501168887 715949
1501168887 782441
1501168888 51429
1501168888 118418
1501168888 300527
1501168888 399902
1501168888 473271
1501168888 542659
1501168888 619603
1501168888 696347
1501168888 772890
1501168888 850426
1501168888 924017
1501168888 991689
1501168889 58474
1501168889 127817
1501168889 203859
1501168889 279308
1501168889 347857
1501168889 425192
1501168889 499722
1501168889 568686
1501168889 643715
1501168889 710912
1501168889 789352
1501168889 867132
1501168889 943823
1501168890 109812
1501168890 325230
1501168890 500216
1501168890 576111
1501168890 651341
1501168890 727344
1501168890 848080
1501168890 941196
1501168891 15882
1501168891 92070
1501168891 168228
1501168891 247583
1501168891 352047
1501168891 537305
1501168891 618398
1501168891 697890
1501168891 913381
1501168891 985660
1501168892 62907
1501168892 137554
1501168892 288640
1501168892 517365
1501168892 631928
1501168892 703516
1501168892 933601
1501168893 12359
1501168893 87150
1501168893 165282
1501168893 242401
1501168893 553382
1501168893 623595
1501168893 704532
1501168894 70170
1501168894 143722
1501168894 220927
1501168894 295105
1501168894 374177
1501168894 450524
1501168894 525471
1501168894 603636
1501168894 680828
1501168894 756971
1501168894 831074
1501168894 910940
1501168894 986826
1501168895 63680
1501168895 140116
1501168895 216192
1501168895 291459
1501168895 369802
1501168895 445810
1501168895 521751
1501168895 596910
1501168895 673303
1501168895 772120
1501168895 889451
1501168895 966114
1501168896 36940
1501168896 113361
1501168896 189397
1501168896 265993
1501168896 341966
1501168896 420428
1501168896 805226
1501168896 881762
1501168896 971581
1501168897 85434
1501168897 157586
1501168897 396599
1501168897 466154
1501168897 545547
1501168897 731180
1501168897 802796
1501168897 877909
1501168897 955968
1501168898 33317
1501168898 110119
1501168898 186393
1501168898 263964
1501168898 338028
1501168898 417775
1501168898 491226
1501168898 570638
1501168898 644555
1501168898 721637
1501168898 925621
1501168898 999669
1501168899 76801
1501168899 152824
1501168899 231878
1501168899 306171
1501168899 385269
1501168899 461682
1501168899 539650
1501168899 613063
1501168899 692571
1501168899 766064
1501168899 844722
1501168899 919525
1501168899 995819
1501168900 74970
1501168900 170077
1501168900 306267
1501168900 381609
1501168900 457533
1501168900 533519
1501168900 609286
1501168900 688622
1501168900 762714
1501168900 839654
1501168900 915706
1501168900 993074
1501168901 71414
1501168901 146399
1501168901 222876
1501168901 299719
1501168901 378116
1501168901 454559
1501168901 530516
1501168901 605851
1501168901 686463
1501168901 760232
1501168901 837299
1501168901 911889
1501168901 988887
1501168902 65113
1501168902 142146
1501168902 218212
1501168902 296257
1501168902 373787
1501168902 447676
1501168902 523943
1501168902 601484
1501168902 677210
1501168902 754595
1501168902 833891
1501168902 910274
1501168902 985085
1501168903 63605
1501168903 140347
1501168903 214793
1501168903 294517
1501168903 370831
1501168903 445363
1501168903 521458
1501168903 601002
1501168903 677116
1501168903 751946
1501168903 827999
1501168903 907760
1501168903 981381
1501168904 61602
1501168904 136958
1501168904 211253
1501168904 290834
1501168904 366266
1501168904 724761
1501168904 798983
1501168904 872973
1501168904 949942
1501168905 28265
1501168905 103205
1501168905 182854
1501168905 259077
1501168905 332783
1501168905 583735
1501168905 756429
1501168905 836694
1501168905 952130
1501168906 423841
1501168906 548095
1501168906 621009
1501168907 330659
1501168907 440950
1501168907 627715
1501168908 404520
1501168908 516917
1501168908 628290
1501168908 743450
1501168908 864087
1501168908 943315
1501168909 18121
1501168909 96579
1501168909 171393
1501168909 249946
1501168909 630978
1501168909 710189
1501168909 787119
1501168909 861365
1501168909 938513
1501168910 16033
1501168910 264198
1501168910 468590
1501168910 545629
1501168910 622125
1501168910 701776
1501168910 886281
1501168911 31064
1501168911 137565
1501168911 216223
1501168911 290496
1501168911 369782
1501168911 446270
1501168911 521339
1501168911 599693
1501168911 674330
1501168911 752660
1501168911 829707
1501168911 903874
1501168911 983061
1501168912 59788
1501168912 135395
1501168912 211120
1501168912 287815
1501168912 366481
1501168912 441660
1501168912 519934
1501168912 596639
1501168912 797449
1501168913 22650
1501168913 132000
1501168913 210380
1501168913 288198
1501168913 434170
1501168913 505737
1501168913 583936
1501168913 660525
1501168913 737353
1501168913 811466
1501168913 889605
1501168913 967066
1501168914 77166
1501168914 246760
1501168914 321744
1501168914 396940
1501168914 473082
1501168914 687931
1501168914 793888
1501168914 866227
1501168915 72433
1501168915 146808
1501168915 221900
1501168915 357864
1501168915 432540
1501168915 508715
1501168915 588085
1501168915 664162
1501168915 741519
1501168915 815265
1501168915 891243
1501168915 969847
1501168916 44779
1501168916 121203
1501168916 198211
1501168916 329909
1501168916 399682
1501168916 475969
1501168916 590462
1501168916 683103
1501168916 753858
1501168916 831256
1501168916 910447
1501168916 984154
1501168917 85186
1501168917 344721
1501168917 509804
1501168917 580998
1501168917 658074
1501168917 864467
1501168918 37063
1501168918 133545
1501168918 203365
1501168918 279434
1501168918 356526
1501168918 438515
1501168918 511979
1501168918 587878
1501168918 663322
1501168918 741561
1501168918 818402
1501168918 894550
1501168918 973290
1501168919 46050
1501168919 122284
1501168919 201480
1501168919 277632
1501168919 355028
1501168919 430125
1501168919 652181
1501168919 728867
1501168919 807175
1501168919 880316
1501168919 957563
1501168920 35491
1501168920 110792
1501168920 187175
1501168920 265962
1501168920 340311
1501168920 417223
1501168920 495709
1501168920 573297
1501168920 648899
1501168920 730762
1501168920 808669
1501168920 879295
1501168921 56217
1501168921 379691
1501168921 453079
1501168921 531328
1501168921 606157
1501168921 684354
1501168921 761734
1501168921 835556
1501168921 914244
1501168921 991399
1501168922 65330
1501168922 152818
1501168922 230037
1501168922 484388
1501168922 557166
1501168922 632051
1501168922 710255
1501168922 785756
1501168922 930284
1501168923 5775
1501168923 121761
1501168923 576868
1501168923 651555
1501168923 727419
1501168923 839965
1501168924 142217
1501168924 282467
1501168924 362891
1501168924 438039
1501168924 536711
1501168924 610027
1501168924 687270
1501168924 763418
1501168924 838730
1501168924 917045
1501168924 992337
1501168925 70126
1501168925 145397
1501168925 223557
1501168925 298801
1501168925 374892
1501168925 471712
1501168925 547663
1501168926 126513
1501168926 261328
1501168926 337289
1501168926 411369
1501168926 490888
1501168926 595767
1501168926 844792
1501168926 920953
1501168927 47577
1501168927 162153
1501168927 242832
1501168927 313470
1501168927 392636
1501168927 468924
1501168927 663492
1501168927 866194
1501168927 948325
1501168928 25589
1501168928 108329
1501168928 226166
1501168928 387032
1501168928 455476
1501168928 534911
1501168928 611401
1501168928 685549
1501168928 761855
1501168928 840840
1501168928 915440
1501168928 992245
1501168929 68571
1501168929 147775
1501168929 221812
1501168929 313411
1501168929 391458
1501168929 584336
1501168929 724157
1501168929 800190
1501168929 910780
1501168929 980704
1501168930 59036
1501168930 133113
1501168930 210305
1501168930 316354
1501168930 415255
1501168930 488068
1501168930 565104
1501168930 641164
1501168930 744715
1501168930 906162
1501168931 118779
1501168931 239176
1501168931 633245
1501168931 706527
1501168931 799072
1501168932 42821
1501168932 121064
1501168932 196125
1501168932 274263
1501168932 349121
1501168932 439231
1501168932 513684
1501168932 590663
1501168932 664916
1501168932 801173
1501168932 897541
1501168933 14075
1501168933 88966
1501168933 189872
1501168933 260311
1501168933 337491
1501168933 415772
1501168933 491998
1501168933 567296
1501168933 643181
1501168933 721826
1501168933 798785
1501168934 154865
1501168934 245782
1501168934 317096
1501168934 395602
1501168934 468265
1501168934 547647
1501168934 756749
1501168934 899085
1501168935 85269
1501168935 295707
1501168935 408997
1501168935 509027
1501168935 581790
1501168935 805034
1501168936 65373
1501168936 138979
1501168936 217212
1501168936 294286
1501168936 368406
1501168936 444549
1501168936 521922
1501168936 600249
1501168936 675182
1501168936 753303
1501168936 828538
1501168936 904834
1501168936 981983
1501168937 177758
1501168937 352858
1501168937 423342
1501168937 516141
1501168937 940090
1501168938 62608
1501168938 135975
1501168938 210699
1501168938 289345
1501168938 364096
1501168938 442505
1501168938 517848
1501168938 644939
1501168938 721056
1501168938 796847
1501168938 874330
1501168938 949468
1501168939 25467
1501168939 104684
1501168939 179123
1501168939 256158
1501168939 334169
1501168939 410569
1501168939 485944
1501168939 572383
1501168939 648259
1501168939 725309
1501168939 801646
1501168939 881281
1501168939 956851
1501168940 77061
1501168940 285082
1501168940 360014
1501168940 544936
1501168940 620128
1501168940 694689
1501168940 771436
1501168940 894119
1501168941 35571
1501168941 320860
1501168941 502350
1501168941 690326
1501168941 768890
1501168941 848696
1501168941 924645
1501168942 1677
1501168942 78851
1501168942 153182
1501168942 232061
1501168942 306024
1501168942 385546
1501168942 460928
1501168942 536971
1501168942 614674
1501168942 692526
1501168942 769429
1501168942 843752
1501168942 920644
1501168943 212
1501168943 76189
1501168943 153323
1501168943 227796
1501168943 305085
1501168943 381668
1501168943 457732
1501168943 535799
1501168943 611200
1501168943 702143
1501168943 773693
1501168943 852907
1501168943 929442
1501168944 4160
1501168944 80431
1501168944 159728
1501168944 236080
1501168944 310892
1501168944 448634
1501168944 528777
1501168944 599722
1501168944 677364
1501168944 752216
1501168944 830116
1501168944 905227
1501168944 983754
1501168945 175224
1501168945 421942
1501168945 496646
1501168945 617907
1501168945 691999
1501168945 768405
1501168945 847652
1501168945 923989
1501168946 57586
1501168946 133128
1501168946 257991
1501168946 334778
1501168946 617816
1501168946 689726
1501168946 768824
1501168946 845253
1501168946 922265
1501168946 998448
1501168947 75721
1501168947 149918
1501168947 227079
1501168947 305408
1501168947 382499
1501168947 456459
1501168947 535773
1501168947 609777
1501168947 687120
1501168947 765117
1501168947 842184
1501168947 918382
1501168948 7081
1501168948 81738
1501168948 159020
1501168948 307971
1501168948 591920
1501168948 665601
1501168948 744290
1501168948 820693
1501168948 897930
1501168948 972095
1501168949 51389
1501168949 133449
1501168949 204835
1501168949 278460
1501168949 357931
1501168949 431996
1501168949 508999
1501168949 585431
1501168949 664879
1501168949 741792
1501168949 815973
1501168949 895285
1501168949 970065
1501168950 48322
1501168950 125604
1501168950 201723
1501168950 276727
1501168950 353202
1501168950 430041
1501168950 508309
1501168950 585697
1501168950 661715
1501168950 740074
1501168950 812984
1501168950 889488
1501168950 966869
1501168951 42833
1501168951 119950
1501168951 199270
1501168951 275785
1501168951 352556
1501168951 427713
1501168951 504008
1501168951 581047
1501168951 660102
1501168951 734671
1501168951 813555
1501168951 887791
1501168951 964440
1501168952 41101
1501168952 117974
1501168952 196223
1501168952 273459
1501168952 349891
1501168952 659768
1501168952 732014
1501168952 811218
1501168952 885223
1501168952 965220
1501168953 38292
1501168953 117701
1501168953 192604
1501168953 268915
1501168953 348033
1501168953 424546
1501168953 499327
1501168953 577895
1501168953 654907
1501168953 731153
1501168953 807897
1501168953 884472
1501168954 20508
1501168954 95127
1501168954 172139
1501168954 246622
1501168954 325324
1501168954 518982
1501168954 741182
1501168954 834180
1501168954 909035
1501168954 988502
1501168955 64381
1501168955 146053
1501168955 370676
1501168955 448507
1501168955 523740
1501168955 600790
1501168955 719623
1501168955 807280
1501168955 887396
1501168956 65756
1501168956 343219
1501168956 416181
1501168956 550772
1501168956 670512
1501168956 946632
1501168957 19495
1501168957 223554
1501168957 298521
1501168957 377803
1501168957 479714
1501168957 557864
1501168957 634082
1501168957 711151
1501168957 787502
1501168957 866762
1501168958 9309
1501168958 235280
1501168958 346271
1501168958 420991
1501168958 500129
1501168958 574212
1501168958 651438
1501168958 729701
1501168958 804771
1501168958 880959
1501168958 960012
1501168959 37606
1501168959 113295
1501168959 188687
1501168959 267115
1501168959 342261
1501168959 480079
1501168959 553778
1501168959 633850
1501168959 708827
1501168959 786211
1501168959 860241
1501168959 939207
1501168960 13519
1501168960 90709
1501168960 168899
1501168960 245871
1501168960 319919
1501168960 397258
1501168960 476570
1501168960 550954
1501168960 630147
1501168960 717672
1501168960 793306
1501168960 869876
1501168960 944685
1501168961 21071
1501168961 352395
1501168961 427214
1501168961 500950
1501168961 578171
1501168961 656402
1501168961 731490
1501168961 810964
1501168961 884723
1501168962 15318
1501168962 86158
1501168962 325646
1501168962 404659
1501168962 502458
1501168962 575733
1501168962 653626
1501168962 728639
1501168962 807075
1501168962 882017
1501168962 960657
1501168963 37599
1501168963 114012
1501168963 188911
1501168963 266294
1501168963 344688
1501168963 421630
1501168963 499031
1501168963 575268
1501168963 652081
1501168963 792490
1501168963 863336
1501168964 53807
1501168964 162414
1501168964 237671
1501168964 337633
1501168964 408722
1501168964 485057
1501168964 617767
1501168964 729303
1501168964 803557
1501168964 880580
1501168964 957857
1501168965 428239
1501168965 505133
1501168965 580418
1501168965 730442
1501168965 840346
1501168965 915038
1501168965 992068
1501168966 98958
1501168966 174755
1501168966 251590
1501168966 330057
1501168966 404960
1501168966 483183
1501168966 558396
1501168966 636704
1501168966 711978
1501168966 789269
1501168967 313522
1501168967 385570
1501168967 460973
1501168967 540045
1501168967 616361
1501168967 691067
1501168967 770308
1501168967 844452
1501168967 923755
1501168968 17715
1501168968 93936
1501168968 172988
1501168968 331841
1501168968 523695
1501168968 671969
1501168968 748600
1501168968 952372
1501168969 27398
1501168969 102212
1501168969 220999
1501168969 295661
1501168969 415282
1501168969 488210
1501168969 613872
1501168969 689283
1501168969 800062
1501168969 872132
1501168969 946136
1501168970 24502
1501168970 101874
1501168970 189886
1501168970 310484
1501168970 387294
1501168970 641059
1501168970 798529
1501168970 901682
1501168970 975735
1501168971 51880
1501168971 131155
1501168971 209419
1501168971 317479
1501168971 387543
1501168971 463046
1501168971 735075
1501168971 911549
1501168972 62240
1501168972 137760
1501168972 241147
1501168972 319748
1501168972 395472
1501168972 471196
1501168972 547015
1501168972 626467
1501168972 700756
1501168972 777618
1501168972 856127
1501168972 933049
1501168973 8375
1501168973 86354
1501168973 163526
1501168973 238455
1501168973 314617
1501168973 391130
1501168973 468081
1501168973 553127
1501168973 621970
1501168973 701238
1501168973 798511
1501168974 53615
1501168974 134185
1501168974 209379
1501168974 284354
1501168974 362400
1501168974 439713
1501168974 514516
1501168974 590620
1501168974 666737
1501168974 735780
1501168974 812250
1501168974 887610
1501168974 964696
1501168975 41345
1501168975 120235
1501168975 194049
1501168975 351997
1501168975 585187
1501168975 655240
1501168975 852983
1501168975 926057
1501168976 9750
1501168976 80395
1501168976 207353
1501168976 426704
1501168976 605883
1501168976 685793
1501168976 760137
1501168976 837892
1501168976 913165
1501168976 990464
1501168977 66272
1501168977 144883
1501168977 219930
1501168977 296310
1501168977 373310
1501168977 452344
1501168977 545257
1501168977 712927
1501168977 846755
1501168978 331262
1501168978 401468
1501168978 480276
1501168979 290480
1501168979 439297
1501168979 514053
1501168979 593204
1501168979 667160
1501168979 736340
1501168979 813732
1501168979 888605
1501168979 965157
1501168980 44212
1501168980 121330
1501168980 197638
1501168980 272845
1501168980 350596
1501168980 519145
1501168980 762441
1501168980 899067
1501168980 975601
1501168981 50960
1501168981 267593
1501168981 489576
1501168981 560937
1501168981 678374
1501168981 753239
1501168981 830488
1501168981 907073
1501168982 119186
1501168982 356035
1501168982 565190
1501168982 634556
1501168982 713769
1501168982 789581
1501168982 864516
1501168982 941710
1501168983 17860
1501168983 94982
1501168983 319938
1501168983 476558
1501168983 548437
1501168983 703604
1501168983 835672
1501168983 910876
1501168983 990226
1501168984 226775
1501168984 294954
1501168984 373019
1501168984 448626
1501168984 525339
1501168984 601768
1501168984 680726
1501168984 898663
1501168984 966413
1501168985 45496
1501168985 119540
1501168985 188758
1501168985 265936
1501168985 340880
1501168985 417099
1501168985 496605
1501168985 572713
1501168985 649779
1501168985 724782
1501168985 803554
1501168985 878408
1501168985 954616
1501168986 33514
1501168986 312178
1501168986 386739
1501168986 463810
1501168986 540818
1501168986 619086
1501168986 696201
1501168986 773566
1501168986 847703
1501168986 924632
1501168987 990
1501168987 78091
1501168987 155410
1501168987 233332
1501168987 308615
1501168987 387675
1501168987 461744
1501168987 540216
1501168987 615282
1501168987 693823
1501168987 768750
1501168988 125113
1501168988 256564
1501168988 454651
1501168988 663169
1501168988 930890
1501168989 31063
1501168989 105099
1501168989 259773
1501168989 424321
1501168989 498444
1501168989 573720
1501168989 650065
1501168989 729478
1501168989 851166
1501168989 930520
1501168990 367571
1501168990 438828
1501168990 522958
1501168990 798705
1501168991 188617
1501168991 281777
1501168991 358808
1501168991 545451
1501168991 790860
1501168991 889821
1501168992 19631
1501168992 184358
1501168992 261932
1501168992 337968
1501168992 416297
1501168992 493815
1501168992 569565
1501168992 644994
1501168992 723944
1501168992 797990
1501168992 877192
1501168992 951491
1501168993 29295
1501168993 107405
1501168993 181911
1501168993 259013
1501168993 336132
1501168993 414470
1501168993 489410
1501168993 565636
1501168993 641940
1501168993 721155
1501168993 797443
1501168993 874678
1501168993 951637
1501168994 25986
1501168994 105553
1501168994 179062
1501168994 248233
1501168994 323500
1501168994 401587
1501168994 477275
1501168994 553365
1501168994 768149
1501168995 202921
1501168995 368308
1501168995 436652
1501168995 588898
1501168995 825270
1501168995 916755
1501168995 996015
1501168996 69957
1501168996 139415
1501168996 214205
1501168996 283225
1501168996 357486
1501168996 425021
1501168996 582225
1501168996 716625
1501168996 816329
1501168996 887559
1501168996 962758
1501168997 29826
1501168997 98986
1501168997 174916
1501168997 252349
1501168997 329260
1501168997 403926
1501168997 471141
1501168997 538750
1501168997 756877
1501168997 827298
1501168997 903725
1501168997 972558
1501168998 47112
1501168998 114304
1501168998 183219
1501168998 258337
1501168998 423837
1501168998 498686
1501168998 565468
1501168998 634677
1501168998 709592
1501168998 778890
1501168998 889566
1501168998 959016
1501168999 30850
1501168999 175191
1501168999 247111
1501168999 440052
1501168999 517883
1501168999 592581
1501168999 662045
1501168999 738059
1501168999 813008
1501168999 880181
1501168999 949243
1501169000 32707
1501169000 100775
1501169000 169217
1501169000 262304
1501169000 331287
1501169000 398505
1501169000 468150
1501169000 544708
1501169000 619903
1501169000 687107
1501169000 754428
1501169000 823247
1501169000 899776
1501169000 976633
1501169001 53815
1501169001 129984
1501169001 207187
1501169001 284751
1501169001 360993
1501169001 437960
1501169001 512037
1501169001 581352
1501169001 657123
1501169001 755942
1501169001 829482
1501169001 909753
1501169002 22259
1501169002 100337
1501169002 286211
1501169002 356908
1501169002 471718
1501169002 702165
1501169002 826509
1501169002 908752
1501169003 127007
1501169003 204845
1501169003 286770
1501169003 392859
1501169003 460580
1501169003 564935
1501169003 633900
1501169003 800324
1501169003 874013
1501169003 969469
1501169004 116158
1501169004 192225
1501169004 267273
1501169004 334839
1501169004 401721
1501169004 521039
1501169004 592941
1501169004 661897
1501169004 730033
1501169004 804249
1501169004 873307
1501169004 950918
1501169005 25080
1501169005 93254
1501169005 162266
1501169005 238095
1501169005 315290
1501169005 389557
1501169005 730631
1501169005 802826
1501169005 888302
1501169005 958304
1501169006 144953
1501169006 217492
1501169006 295711
1501169006 370892
1501169006 448256
1501169006 523496
1501169006 590458
1501169006 659803
1501169006 733956
1501169006 803893
1501169006 878766
1501169006 947644
1501169007 24528
1501169007 98555
1501169007 168399
1501169007 242907
1501169007 310289
1501169007 379758
1501169007 454327
1501169007 523598
1501169007 598511
1501169007 668440
1501169007 744322
1501169007 821402
1501169007 897682
1501169007 972471
1501169008 39610
1501169008 106882
1501169008 174588
1501169008 318707
1501169008 386038
1501169008 454473
1501169008 531595
1501169008 607840
1501169008 683962
1501169008 760131
1501169008 829274
1501169008 903341
1501169008 970764
1501169009 40329
1501169009 115960
1501169009 193036
1501169009 270235
1501169009 346782
1501169009 422451
1501169009 489046
1501169009 556019
1501169009 625374
1501169009 702769
1501169009 776962
1501169009 845897
1501169009 922828
1501169009 997961
1501169010 65071
1501169010 134773
1501169010 208365
1501169010 276936
1501169010 344983
1501169010 420415
1501169010 629444
1501169010 698952
1501169010 767938
1501169010 937822
1501169011 7955
1501169011 84819
1501169011 230165
1501169011 366272
1501169011 496804
1501169011 573514
1501169011 650458
1501169011 728609
1501169011 802256
1501169011 871183
1501169012 171882
1501169012 246399
1501169012 320395
1501169012 390356
1501169012 464572
1501169012 531761
1501169012 598931
1501169012 666173
1501169012 735179
1501169012 812822
1501169012 900766
1501169012 973600
1501169013 48481
1501169013 199765
1501169013 273542
1501169013 378285
1501169013 525119
1501169013 735480
1501169013 808946
1501169013 878104
1501169013 955121
1501169014 31782
1501169014 108475
1501169014 185348
1501169014 259723
1501169014 327183
1501169014 554016
1501169014 624310
1501169014 691627
1501169014 804432
1501169015 324537
1501169015 452446
1501169015 608111
1501169015 951202
1501169016 26186
1501169016 140298
1501169016 361097
1501169016 428819
1501169016 497845
1501169016 572957
1501169016 642542
1501169016 738353
1501169016 812462
1501169016 959656
1501169017 36071
1501169017 110113
1501169017 177140
1501169017 281516
1501169017 353012
1501169017 508765
1501169017 617855
1501169017 686515
1501169017 753532
1501169017 820857
1501169017 889987
1501169018 185439
1501169018 290176
1501169018 419672
1501169018 493395
1501169018 561617
1501169018 636835
1501169018 735875
1501169018 811501
1501169018 897080
1501169018 964315
1501169019 31357
1501169019 97308
1501169019 166713
1501169019 241062
1501169019 474397
1501169019 611364
1501169019 738987
1501169020 13341
1501169020 88447
1501169020 165869
1501169020 273973
1501169020 357327
1501169020 553011
1501169020 841080
1501169020 914126
1501169020 989083
1501169021 56412
1501169021 123210
1501169021 192672
1501169021 266449
1501169021 335756
1501169021 400957
1501169021 470044
1501169021 535224
1501169021 671881
1501169021 770105
1501169021 867247
1501169021 938981
1501169022 6207
1501169022 73482
1501169022 200912
1501169022 324062
1501169022 409695
1501169022 476384
1501169022 545520
1501169022 693318
1501169022 764637
1501169022 832469
1501169022 898999
1501169022 967912
1501169023 42540
1501169023 112219
1501169023 186713
1501169023 256622
1501169023 362753
1501169023 436357
1501169023 503659
1501169023 594740
1501169023 669187
1501169023 746083
1501169023 822217
1501169023 889177
1501169023 954530
1501169024 25114
1501169024 99167
1501169024 196495
1501169024 262163
1501169024 331999
1501169024 405927
1501169024 473040
1501169024 540599
1501169024 610123
1501169024 686255
1501169024 849143
1501169024 916766
1501169025 1005
1501169025 266947
1501169025 339539
1501169025 415850
1501169025 491051
1501169025 558711
1501169025 657784
1501169025 730939
1501169025 797565
1501169025 967121
1501169026 159962
1501169026 229853
1501169026 298855
1501169026 366437
1501169026 433129
1501169026 685363
1501169026 795459
1501169026 865193
1501169026 930650
1501169027 43991
1501169027 112417
1501169027 181420
1501169027 438214
1501169027 523831
1501169027 760234
1501169027 834588
1501169027 944695
1501169028 16678
1501169028 83781
1501169028 148924
1501169028 355043
1501169028 427615
1501169028 496578
1501169028 561837
1501169028 630974
1501169028 696869
1501169028 835486
1501169028 933661
1501169029 3958
1501169029 70947
1501169029 140237
1501169029 214276
1501169029 281467
1501169029 378034
1501169029 445442
1501169029 609941
1501169029 824796
1501169029 974226
1501169030 61430
1501169030 212523
1501169030 494892
1501169030 581035
1501169030 735028
1501169030 932888
1501169031 2485
1501169031 68014
1501169031 136808
1501169031 299233
1501169031 365409
1501169031 475356
1501169031 579628
1501169031 655273
1501169031 722030
1501169031 807999
1501169031 952841
1501169032 35514
1501169032 106124
1501169032 173436
1501169032 721653
1501169032 795949
1501169032 871135
1501169033 162683
1501169033 270519
1501169033 668104
1501169034 25748
1501169034 91796
1501169034 165492
1501169034 235597
1501169034 302690
1501169034 371874
1501169034 542370
1501169034 636068
1501169034 708238
1501169034 783492
1501169034 852064
1501169034 944295
1501169035 35882
1501169035 256422
1501169035 332076
1501169035 497133
1501169035 587879
1501169035 816909
1501169036 63854
1501169036 312311
1501169036 385855
1501169036 456849
1501169036 667353
1501169036 808687
1501169036 878025
1501169036 951659
1501169037 21415
1501169037 145226
1501169037 370163
1501169037 441488
1501169037 510523
1501169037 575533
1501169037 642411
1501169037 709610
1501169037 790931
1501169037 962656
1501169038 114676
1501169038 180738
1501169038 551229
1501169038 624081
1501169038 688880
1501169038 861190
1501169038 976153
1501169039 98378
1501169039 170995
1501169039 259383
1501169039 332109
1501169039 401445
1501169039 466632
1501169039 589861
1501169039 659926
1501169039 727076
1501169039 794297
1501169039 862096
1501169039 928645
1501169039 996124
1501169040 63442
1501169040 250297
1501169040 320629
1501169040 387907
1501169040 454872
1501169040 524305
1501169040 590950
1501169040 658914
1501169040 725700
1501169040 790318
1501169040 857777
1501169040 925366
1501169040 992425
1501169041 81189
1501169041 145466
1501169041 212997
1501169041 281850
1501169041 349121
1501169041 417275
1501169041 484041
1501169041 549082
1501169041 635876
1501169041 738435
1501169041 809856
1501169042 101511
1501169042 189559
1501169042 261273
1501169042 325925
1501169042 394417
1501169042 461309
1501169042 528492
1501169042 595836
1501169042 664722
1501169042 732194
1501169042 797172
1501169042 864147
1501169043 59870
1501169043 324478
1501169043 394675
1501169043 461908
1501169043 526985
1501169043 809344
1501169044 208299
1501169044 277479
1501169044 342486
1501169044 409854
1501169044 478845
1501169044 543816
1501169044 611332
1501169044 680626
1501169044 747337
1501169044 876939
1501169044 949167
1501169045 39768
1501169045 271752
1501169045 366637
1501169045 439142
1501169045 727881
1501169045 805817
1501169045 879087
1501169046 38544
1501169046 112622
1501169046 187634
1501169046 252602
1501169046 319753
1501169046 526759
1501169046 923932
1501169046 993748
1501169047 60847
1501169047 142270
1501169047 213804
1501169047 293561
1501169047 388096
1501169047 704532
1501169047 777094
1501169047 847632
1501169048 28489
1501169048 97405
1501169048 305673
1501169048 737366
1501169048 836849
1501169048 994101
1501169049 238718
1501169049 307247
1501169049 372690
1501169049 440957
1501169049 563304
1501169049 734761
1501169049 802984
1501169049 949723
1501169050 14389
1501169050 81485
1501169050 238242
1501169050 387865
1501169050 664858
1501169050 930985
1501169051 120339
1501169051 186623
1501169051 284055
1501169051 349329
1501169051 415714
1501169051 657954
1501169051 793759
1501169051 867977
1501169051 937342
1501169052 1708
1501169052 71038
1501169052 136179
1501169052 205520
1501169052 270427
1501169052 339367
1501169052 576032
1501169052 774116
1501169052 848153
1501169052 915585
1501169052 982108
1501169053 48307
1501169053 179503
1501169053 251987
1501169053 394048
1501169053 481091
1501169053 697192
1501169053 847108
1501169053 914647
1501169053 981674
1501169054 49059
1501169054 113862
1501169054 180783
1501169054 250443
1501169054 316766
1501169054 384009
1501169054 727602
1501169054 875021
1501169054 941492
1501169055 6885
1501169055 73704
1501169055 143393
1501169055 208497
1501169055 277479
1501169055 343043
1501169055 409762
1501169055 478962
1501169055 545980
1501169055 611249
1501169055 678161
1501169055 747516
1501169055 814815
1501169056 115854
1501169056 189538
1501169056 254299
1501169056 818214
1501169056 890335
1501169056 965473
1501169057 82027
1501169057 535413
1501169057 609808
1501169057 713427
1501169057 901784
1501169058 203181
1501169058 272271
1501169058 396067
1501169058 464692
1501169058 531886
1501169058 599252
1501169058 664022
1501169058 731086
1501169058 800212
1501169058 867187
1501169058 934448
1501169058 999579
1501169059 147728
1501169059 220886
1501169059 356770
1501169059 584446
1501169059 655537
1501169059 722777
1501169059 960846
1501169060 29057
1501169060 96429
1501169060 163308
1501169060 231336
1501169060 295566
1501169060 364926
1501169060 431876
1501169060 609043
1501169060 741842
1501169060 886004
1501169060 960068
1501169061 259951
1501169061 333470
1501169061 400168
1501169061 469281
1501169061 629818
1501169061 699802
1501169061 766731
1501169061 925987
1501169061 999863
1501169062 88733
1501169062 328104
1501169062 403837
1501169062 517547
1501169062 654992
1501169062 724970
1501169062 794090
1501169062 859294
1501169062 928649
1501169062 993479
1501169063 63062
1501169063 127865
1501169063 216779
1501169063 291098
1501169063 428317
1501169063 497222
1501169063 571298
1501169063 636465
1501169063 785316
1501169063 857993
1501169063 926880
1501169063 991732
1501169064 61010
1501169064 127982
1501169064 193593
1501169064 262280
1501169064 329523
1501169064 434236
1501169064 545474
1501169064 615280
1501169064 684460
1501169064 809025
1501169064 877098
1501169064 944184
1501169065 33896
1501169065 107602
1501169065 172410
1501169065 239465
1501169065 308795
1501169065 376518
1501169065 443297
1501169065 544060
1501169065 625897
1501169065 692830
1501169065 757896
1501169065 870202
1501169065 968746
1501169066 88730
1501169066 198062
1501169066 321590
1501169066 391368
1501169066 679232
1501169066 791663
1501169066 880001
1501169066 947683
1501169067 16402
1501169067 485068
1501169067 612055
1501169067 678041
1501169067 746605
1501169067 814076
1501169067 880993
1501169067 948196
1501169068 366432
1501169068 438247
1501169068 503927
1501169068 765774
1501169068 882402
1501169068 954317
1501169069 23588
1501169069 90472
1501169069 157566
1501169069 222523
1501169069 289832
1501169069 359189
1501169069 426805
1501169069 494573
1501169069 559540
1501169069 674457
1501169069 748870
1501169069 836030
1501169069 904569
1501169069 978744
1501169070 59717
1501169070 127743
1501169070 192583
1501169070 360956
1501169070 448061
1501169070 586534
1501169070 653151
1501169071 48849
1501169071 114166
1501169071 180952
1501169071 250433
1501169071 317431
1501169071 384746
1501169071 449634
1501169071 516830
1501169071 584456
1501169071 653205
1501169071 718556
1501169071 787488
1501169071 854709
1501169071 920628
1501169071 987155
1501169072 56025
1501169072 121896
1501169072 189046
1501169072 256279
1501169072 325627
1501169072 390510
1501169072 458003
1501169072 526966
1501169072 594075
1501169072 727381
1501169072 796222
1501169072 884026
1501169073 133565
1501169073 258520
1501169073 330870
1501169073 398291
1501169073 465369
1501169073 535356
1501169073 600420
1501169073 670107
1501169073 736915
1501169073 803980
1501169073 869271
1501169073 936764
1501169074 3598
1501169074 72568
1501169074 137406
1501169074 206902
1501169074 387582
1501169074 455032
1501169074 523953
1501169074 601745
1501169074 674916
1501169074 742252
1501169074 811209
1501169074 935206
1501169075 1718
1501169075 70791
1501169075 136347
1501169075 205615
1501169075 433361
1501169075 503028
1501169075 579809
1501169075 644186
1501169075 711652
1501169075 779390
1501169075 848441
1501169075 930499
1501169075 999555
1501169076 66609
1501169076 136043
1501169076 203385
1501169076 271010
1501169076 337592
1501169076 405202
1501169076 472023
1501169076 539227
1501169076 611346
1501169076 684351
1501169076 750378
1501169077 58572
1501169077 130149
1501169077 202051
1501169077 268947
1501169077 415318
1501169077 489632
1501169077 595553
1501169077 808937
1501169077 905992
1501169077 979601
1501169078 362553
1501169078 428411
1501169078 669535
1501169078 735886
1501169078 842853
1501169078 977907
1501169079 73195
1501169079 333188
1501169079 397672
1501169079 467099
1501169079 763007
1501169079 876667
1501169080 46067
1501169080 118420
1501169080 185667
1501169080 454474
1501169080 523744
1501169080 676235
1501169080 741586
1501169080 810793
1501169080 878225
1501169080 943768
1501169081 18872
1501169081 215569
1501169081 289211
1501169081 437353
1501169081 512384
1501169081 586927
1501169081 653540
1501169081 723262
1501169081 789826
1501169081 857383
1501169081 924375
1501169081 991618
1501169082 58534
1501169082 345966
1501169082 430733
1501169082 612590
1501169082 775363
1501169082 845502
1501169082 913671
1501169082 987964
1501169083 56882
1501169083 121912
1501169083 191043
1501169083 256391
1501169083 325252
1501169083 390451
1501169083 457715
1501169083 532270
1501169083 706232
1501169083 776819
1501169083 844033
1501169083 911382
1501169083 987596
1501169084 52879
1501169084 309403
1501169084 378996
1501169084 446045
1501169084 520243
1501169084 632341
1501169084 707557
1501169084 774764
1501169084 889676
1501169084 957191
1501169085 22573
1501169085 89734
1501169085 158747
1501169085 226046
1501169085 388541
1501169085 456315
1501169085 521668
1501169085 590731
1501169085 658037
1501169085 724916
1501169085 792050
1501169085 857415
1501169085 926837
1501169085 992409
1501169086 65501
1501169086 149845
1501169086 222460
1501169086 329818
1501169086 397762
1501169086 462413
1501169086 531550
1501169086 599101
1501169086 663769
1501169086 731154
1501169087 19923
1501169087 88424
1501169087 196247
1501169087 276997
1501169087 348478
1501169087 424917
1501169087 501069
1501169087 568054
1501169087 635351
1501169087 703485
1501169087 779715
1501169087 847096
1501169087 956468
1501169088 40281
1501169088 115602
1501169088 445438
1501169088 552237
1501169088 679190
1501169088 748020
1501169088 814874
1501169088 884472
1501169088 958515
1501169089 28103
1501169089 102510
1501169089 169482
1501169089 238722
1501169089 303831
1501169089 373677
1501169089 500061
1501169089 637960
1501169089 708981
1501169089 786026
1501169089 860431
1501169089 927215
1501169089 996677
1501169090 61558
1501169090 129245
1501169090 195944
1501169090 265182
1501169090 330272
1501169090 399357
1501169090 464711
1501169090 624674
1501169090 695261
1501169090 764907
1501169090 841561
1501169090 948462
1501169091 21567
1501169091 88809
1501169091 158258
1501169091 225540
1501169091 300547
1501169091 367491
1501169091 434613
1501169091 503773
1501169091 569229
1501169091 636351
1501169091 705575
1501169091 782318
1501169091 859902
1501169091 955026
1501169092 19942
1501169092 87157
1501169092 154410
1501169092 221493
1501169092 290894
1501169092 357801
1501169092 424993
1501169092 491080
1501169092 560532
1501169092 634273
1501169092 701632
1501169092 768728
1501169092 837957
1501169092 905012
1501169092 971986
1501169093 140189
1501169093 503444
1501169093 575104
1501169093 641972
1501169093 709174
1501169093 859764
1501169093 968286
1501169094 129769
1501169094 342668
1501169094 431215
1501169094 536522
1501169094 602211
1501169094 669225
1501169094 736107
1501169094 803519
1501169094 872635
1501169094 937714
1501169095 68978
1501169095 341920
1501169095 427048
1501169095 503124
1501169095 573742
1501169095 640317
1501169095 705374
1501169095 776769
1501169095 851386
1501169095 916021
1501169095 985399
1501169096 289601
1501169096 429495
1501169096 599389
1501169096 736506
1501169096 811061
1501169096 878197
1501169097 160970
1501169097 329437
1501169097 438514
1501169097 509849
1501169097 577044
1501169097 645905
1501169097 714226
1501169097 780918
1501169097 848025
1501169097 915444
1501169097 980402
1501169098 47873
1501169098 117057
1501169098 182749
1501169098 249127
1501169098 358616
1501169098 431597
1501169098 790553
1501169098 977678
1501169099 49682
1501169099 124551
1501169099 191468
1501169099 283423
1501169099 428927
1501169099 510156
1501169099 594756
1501169099 661983
1501169099 729653
1501169099 796823
1501169099 864391
1501169099 953049
1501169100 229995
1501169100 561874
1501169100 629985
1501169100 781492
1501169100 853446
1501169101 31504
1501169101 124362
1501169101 199090
1501169101 335384
1501169101 407727
1501169101 474481
1501169101 541845
1501169101 611065
1501169101 677830
1501169101 748135
1501169101 820104
1501169102 109298
1501169102 236007
1501169102 415642
1501169102 543105
1501169102 616899
1501169102 686600
1501169102 753217
1501169102 818726
1501169102 887529
1501169102 954906
1501169103 40220
1501169103 106350
1501169103 173716
1501169103 242279
1501169103 516554
1501169103 767029
1501169103 837443
1501169103 928855
1501169103 999115
1501169104 68498
1501169104 133654
1501169104 200794
1501169104 269908
1501169104 337645
1501169104 404054
1501169104 471376
1501169104 536627
1501169104 849471
1501169104 920435
1501169105 30086
1501169105 104791
1501169105 241058
1501169105 314297
1501169105 381794
1501169105 457532
1501169105 527549
1501169105 609666
1501169105 681332
1501169105 745894
1501169105 815492
1501169105 882851
1501169105 947469
1501169106 14616
1501169106 82024
1501169106 149107
1501169106 218051
1501169106 428519
1501169106 532102
1501169106 600039
1501169106 667181
1501169106 734024
1501169106 804259
1501169106 871693
1501169106 936537
1501169107 109826
1501169107 176303
1501169107 246098
1501169107 312781
1501169107 589021
1501169107 901628
1501169107 975279
1501169108 101060
1501169108 174559
1501169108 241787
1501169108 310824
1501169108 421060
1501169108 491408
1501169108 558553
1501169108 627649
1501169108 692948
1501169108 783083
1501169108 909836
1501169108 983426
1501169109 75884
1501169109 144516
1501169109 213042
1501169109 279963
1501169109 345216
1501169109 412542
1501169109 481509
1501169109 546871
1501169109 613877
1501169109 904863
1501169110 127251
1501169110 199668
1501169110 269443
1501169110 481653
1501169110 557435
1501169110 622063
1501169110 691060
1501169110 758827
1501169110 825228
1501169110 892657
1501169110 960109
1501169111 25344
1501169111 94411
1501169111 159570
1501169111 413325
1501169111 627245
1501169111 697707
1501169111 871423
1501169112 28045
1501169112 100584
1501169112 168261
1501169112 234763
1501169112 309949
1501169112 685992
1501169112 755268
1501169112 995801
1501169113 369785
1501169113 527739
1501169113 598237
1501169113 689924
1501169113 763843
1501169113 828308
1501169113 914115
1501169114 22526
1501169114 86931
1501169114 156152
1501169114 223331
1501169114 290251
1501169114 357409
1501169114 646601
1501169114 775551
1501169114 845939
1501169114 914969
1501169115 184533
1501169115 305002
1501169115 374087
1501169115 443519
1501169115 508276
1501169115 591279
1501169115 710793
1501169115 838967
1501169115 913689
1501169115 981624
1501169116 59908
1501169116 133200
1501169116 200903
1501169116 315686
1501169116 388217
1501169116 530426
1501169116 672990
1501169116 972173
1501169117 86797
1501169117 161268
1501169117 226035
1501169117 295270
1501169117 363287
1501169117 430430
1501169117 520099
1501169117 592806
1501169118 63494
1501169118 139834
1501169118 205254
1501169118 284563
1501169118 352194
1501169118 762077
1501169118 830945
1501169118 899540
1501169118 989437
1501169119 119816
1501169119 184620
1501169119 378443
1501169119 540667
1501169119 607354
1501169119 674428
1501169119 741444
1501169119 811191
1501169119 932614
1501169120 10246
1501169120 79644
1501169120 176304
1501169120 277898
1501169120 345972
1501169120 415285
1501169120 480256
1501169120 549598
1501169120 616866
1501169120 681649
1501169120 748775
1501169120 818357
1501169120 925371
1501169121 995
1501169121 65548
1501169121 132639
1501169121 230531
1501169121 347774
1501169121 456647
1501169121 525881
1501169121 594989
1501169121 661987
1501169121 727686
1501169121 797407
1501169121 865425
1501169121 938524
1501169122 7689
1501169122 75477
1501169122 142467
1501169122 207249
1501169122 274625
1501169122 341606
1501169122 408829
1501169122 478036
1501169122 543028
1501169122 610639
1501169122 679560
1501169122 744670
1501169122 811719
1501169122 881041
1501169122 946077
1501169123 15651
1501169123 80186
1501169123 150300
1501169123 215392
1501169123 282636
1501169123 350194
1501169123 419103
1501169123 486128
1501169123 551739
1501169123 620308
1501169123 819495
1501169123 891333
1501169123 988398
1501169124 98279
1501169124 165679
1501169124 234894
1501169124 299916
1501169124 367232
1501169124 434404
1501169124 501844
1501169124 568452
1501169124 637478
1501169124 705213
1501169124 769980
1501169124 839664
1501169124 906253
1501169124 971311
1501169125 40446
1501169125 107737
1501169125 173579
1501169125 240313
1501169125 309213
1501169125 374218
1501169125 441592
1501169125 508681
1501169125 576100
1501169125 645140
1501169125 712251
1501169125 777827
1501169125 846583
1501169125 913984
1501169125 978779
1501169126 45929
1501169126 112949
1501169126 180920
1501169126 247396
1501169126 316807
1501169126 559692
1501169126 633256
1501169126 750277
1501169126 823150
1501169126 926792
1501169126 996849
1501169127 69924
1501169127 778458
1501169128 124689
1501169128 198113
1501169128 337320
1501169128 454221
1501169128 524481
1501169128 590176
1501169128 656759
1501169128 861668
1501169129 174937
1501169129 242555
1501169129 504435
1501169129 604761
1501169129 674463
1501169129 741865
1501169129 810657
1501169129 877627
1501169129 942787
1501169130 12048
1501169130 124296
1501169130 212382
1501169130 318903
1501169130 702947
1501169130 781802
1501169130 855128
1501169130 924331
1501169130 989442
1501169131 56334
1501169131 123778
1501169131 301027
1501169131 373270
1501169131 442400
1501169131 509863
1501169131 574580
1501169131 643989
1501169131 709469
1501169131 777010
1501169131 846381
1501169131 913330
1501169131 980424
1501169132 47452
1501169132 117371
1501169132 190655
1501169132 258198
1501169132 325888
1501169132 393513
1501169132 460489
1501169132 527593
1501169132 594857
1501169132 660324
1501169132 726969
1501169132 796911
1501169132 864685
1501169132 928482
1501169133 183928
1501169133 362120
1501169133 430097
1501169133 563833
1501169133 631369
1501169133 698304
1501169133 763344
1501169133 832707
1501169133 899842
1501169134 81382
1501169134 199445
1501169134 274479
1501169134 341530
1501169134 406591
1501169134 536738
1501169134 608349
1501169134 815990
1501169135 155561
1501169135 339393
1501169135 494052
1501169135 673018
1501169135 743923
1501169135 866983
1501169135 935971
1501169136 2967
1501169136 70346
1501169136 135199
1501169136 203906
1501169136 268937
1501169136 338142
1501169136 405553
1501169136 470638
1501169136 539889
1501169136 684190
1501169136 751739
1501169136 818392
1501169136 886067
1501169136 993397
1501169137 111064
1501169137 180994
1501169137 248022
1501169137 315204
1501169137 382396
1501169137 454199
1501169137 525811
1501169137 594802
1501169137 663138
1501169137 730218
1501169137 797339
1501169137 862507
1501169137 929539
1501169137 999094
1501169138 66218
1501169138 131267
1501169138 200428
1501169138 267614
1501169138 334780
1501169138 399715
1501169138 466893
1501169138 534220
1501169138 601412
1501169138 670469
1501169138 737603
1501169138 804895
1501169139 54965
1501169139 123010
1501169139 258777
1501169139 331338
1501169139 398269
1501169139 465468
1501169139 532551
1501169139 602305
1501169139 669150
1501169139 736139
1501169139 803101
1501169139 868205
1501169139 937842
1501169140 2293
1501169140 69939
1501169140 231433
1501169140 303008
1501169140 620664
1501169140 693667
1501169140 760626
1501169140 829085
1501169140 896662
1501169140 964740
1501169141 88797
1501169141 156629
1501169141 221490
1501169141 292364
1501169141 458824
1501169141 659447
1501169141 730827
1501169141 867757
1501169141 934227
1501169141 998944
1501169142 66260
1501169142 133382
1501169142 200478
1501169142 269814
1501169142 334918
1501169142 401955
1501169142 471408
1501169142 538564
1501169142 603436
1501169142 672677
1501169142 739800
1501169142 807048
1501169142 873890
1501169142 941280
1501169143 6762
1501169143 75908
1501169143 140496
1501169143 207670
1501169143 276513
1501169143 343264
1501169143 410133
1501169143 552219
1501169143 716411
1501169143 821141
1501169143 892239
1501169143 956589
1501169144 115689
1501169144 224466
1501169144 293943
1501169144 444092
1501169144 513020
1501169144 588002
1501169144 659157
1501169144 724375
1501169144 852874
1501169144 979247
1501169145 52506
1501169145 186591
1501169145 252432
1501169145 319832
1501169145 416901
1501169145 499092
1501169145 571114
1501169145 636153
1501169145 703856
1501169145 812241
1501169145 882474
1501169145 973580
1501169146 39671
1501169146 108303
1501169146 175733
1501169146 242710
1501169146 310007
1501169146 439034
1501169146 511710
1501169146 669252
1501169146 740528
1501169146 807398
1501169146 891648
1501169146 963464
1501169147 133438
1501169147 201062
1501169147 267985
1501169147 397486
1501169147 651736
1501169147 719167
1501169147 787957
1501169147 853981
1501169147 920654
1501169147 997432
1501169148 64053
1501169148 134091
1501169148 227575
1501169148 294388
1501169148 373425
1501169148 446646
1501169148 517834
1501169148 591650
1501169148 659188
1501169148 733069
1501169148 871421
1501169148 938950
1501169149 72725
1501169149 139725
1501169149 206733
1501169149 273655
1501169149 340869
1501169149 408672
1501169149 477883
1501169149 543214
1501169149 612520
1501169150 38115
1501169150 357819
1501169150 480458
1501169150 816087
1501169150 972113
1501169151 43109
1501169151 119840
1501169151 193675
1501169151 260858
1501169151 328414
1501169151 397486
1501169151 462663
1501169151 541631
1501169151 607862
1501169151 673070
1501169151 741171
1501169151 810195
1501169151 883131
1501169151 951519
1501169152 19103
1501169152 85777
1501169152 155253
1501169152 297335
1501169152 541137
1501169152 614063
1501169152 683339
1501169152 747855
1501169152 818398
1501169152 884970
1501169152 950123
1501169153 29580
1501169153 95464
1501169153 160443
1501169153 227450
1501169153 294690
1501169153 362776
1501169153 431859
1501169153 496834
1501169153 564445
1501169153 631276
1501169153 749234
1501169153 893895
1501169153 972380
1501169154 44415
1501169154 157696
1501169154 228532
1501169154 343660
1501169154 411395
1501169154 478482
1501169154 545060
1501169154 610139
1501169154 785672
1501169155 182982
1501169155 494700
1501169155 562247
1501169155 713929
1501169155 782999
1501169155 939123
1501169156 11498
1501169156 79344
1501169156 255836
1501169156 344462
1501169156 567922
1501169156 675863
1501169156 741082
1501169156 808573
1501169157 6984
1501169157 79514
1501169157 144570
1501169157 211737
1501169157 280992
1501169157 376455
1501169157 471760
1501169157 730651
1501169157 799273
1501169157 863575
1501169157 931099
1501169158 99
1501169158 74080
1501169158 171179
1501169158 249644
1501169158 341398
1501169158 418724
1501169158 612650
1501169158 737202
1501169159 26959
1501169159 93761
1501169159 159337
1501169159 369667
1501169159 454991
1501169159 523855
1501169159 590836
1501169159 657900
1501169159 727473
1501169159 794846
1501169159 859473
1501169159 927172
1501169160 332237
1501169160 440546
1501169160 537618
1501169160 610118
1501169160 688639
1501169160 751447
1501169160 852347
1501169160 926696
1501169160 991926
1501169161 75421
1501169161 145423
1501169161 257328
1501169161 422029
1501169161 513179
1501169161 579751
1501169161 646575
1501169161 720497
1501169161 987023
1501169162 57347
1501169162 474279
1501169162 616978
1501169162 974843
1501169163 126596
1501169163 235575
1501169163 307065
1501169163 378167
1501169163 449498
1501169163 518613
1501169163 586683
1501169163 651044
1501169163 720471
1501169163 785480
1501169163 854728
1501169163 920057
1501169163 988770
1501169164 54116
1501169164 121694
1501169164 188538
1501169164 296601
1501169164 600197
1501169164 683382
1501169164 754602
1501169164 823604
1501169164 970175
1501169165 202238
1501169165 352552
1501169165 419673
1501169165 684513
1501169165 777614
1501169165 851624
1501169165 918400
1501169165 984189
1501169166 52899
1501169166 119908
1501169166 217036
1501169166 288249
1501169166 436951
1501169166 671822
1501169166 829597
1501169167 92144
1501169167 164153
1501169167 243719
1501169167 346693
1501169167 504978
1501169167 579619
1501169167 727407
1501169168 113349
1501169168 184140
1501169168 249951
1501169168 390041
1501169168 460339
1501169168 527573
1501169168 596645
1501169168 663437
1501169168 730642
1501169168 842370
1501169168 911023
1501169168 984941
1501169169 55387
1501169169 144521
1501169169 226812
1501169169 297892
1501169169 363024
1501169169 498559
1501169169 626998
1501169169 701936
1501169169 777847
1501169169 959894
1501169170 25659
1501169170 161342
1501169170 245519
1501169170 321852
1501169170 390401
1501169170 459408
1501169170 524419
1501169170 591693
1501169170 659002
1501169170 728278
1501169170 793230
1501169170 862392
1501169170 984282
1501169171 54211
1501169171 217010
1501169171 286551
1501169171 360008
1501169171 430562
1501169171 533074
1501169171 632384
1501169171 757476
1501169172 80355
1501169172 149204
1501169172 215832
1501169172 281531
1501169172 350917
1501169172 417760
1501169172 482891
1501169172 552123
1501169172 617337
1501169172 761051
1501169172 827801
1501169173 51063
1501169173 124722
1501169173 228068
1501169173 306452
1501169173 507209
1501169173 580070
1501169174 35187
1501169174 107427
1501169174 171881
1501169174 241726
1501169174 306959
1501169174 389826
1501169174 506383
1501169174 711615
1501169174 780009
1501169174 856752
1501169174 930588
1501169175 188249
1501169175 259555
1501169175 335316
1501169175 401417
1501169175 470485
1501169175 544875
1501169175 614369
1501169175 689308
1501169175 756294
1501169175 825632
1501169175 901814
1501169175 967398
1501169176 37492
1501169176 111047
1501169176 178383
1501169176 247653
1501169176 315017
1501169176 390879
1501169176 457282
1501169176 525941
1501169176 590972
1501169176 658341
1501169176 725589
1501169176 869191
1501169177 267316
1501169177 645113
1501169177 961792
1501169178 30640
1501169178 106440
1501169178 239338
1501169178 494412
1501169178 568816
1501169178 638014
1501169178 822111
1501169179 253783
1501169179 329806
1501169179 403923
1501169179 473439
1501169179 548155
1501169179 617193
1501169179 694384
1501169179 770688
1501169179 845606
1501169179 912801
1501169179 982080
1501169180 57521
1501169180 124497
1501169180 191189
1501169180 260408
1501169180 336737
