1502367502 11818
1502367502 779510
1502367503 67191
1502367503 230120
1502367503 767684
1502367503 960019
1502367504 16900
1502367504 180439
1502367504 352664
1502367504 410898
1502367504 871330
1502367505 140599
1502367505 197647
1502367505 254831
1502367505 312040
1502367505 370034
1502367505 668087
1502367506 32612
1502367506 272129
1502367506 559717
1502367507 337545
1502367507 423710
1502367507 932982
1502367507 989965
1502367508 47922
1502367508 105071
1502367508 393076
1502367508 489092
1502367508 642652
1502367509 74883
1502367509 381223
1502367509 448670
1502367509 794615
1502367509 880287
1502367510 188445
1502367510 408600
1502367510 802514
1502367511 224780
1502367512 270784
1502367512 327749
1502367513 47868
1502367513 470966
1502367513 556733
1502367513 729202
1502367515 236704
1502367515 379905
1502367515 630328
1502367516 4624
1502367516 273063
1502367516 330967
1502367516 388100
1502367517 780399
1502367517 924425
1502367518 692510
1502367518 845556
