1502199794 362942
1502199794 583428
1502199794 659567
1502199794 774744
1502199795 14328
1502199795 167676
1502199795 311061
1502199795 396360
1502199795 606909
1502199795 722303
1502199795 895544
1502199795 990839
1502199796 201334
1502199796 460098
1502199796 546272
1502199796 815045
1502199796 901784
1502199797 159800
1502199797 324821
1502199797 505415
1502199797 658824
1502199797 841227
1502199798 80794
1502199798 282215
1502199798 463805
1502199798 722354
1502199798 971958
1502199799 126205
1502199799 345787
1502199799 595357
1502199799 701516
1502199799 787724
1502199800 27300
1502199800 209676
1502199800 353112
1502199800 544574
1502199800 707070
1502199800 793289
1502199800 947697
1502199801 109987
1502199801 216173
1502199801 455717
1502199801 666309
