1502279437 539474
1502279437 953042
1502279438 29156
1502279438 105640
1502279438 201421
1502279438 297660
1502279438 374882
1502279438 451134
1502279438 528250
1502279438 605237
1502279438 681702
1502279438 758825
1502279438 835017
1502279438 912136
1502279439 46469
1502279439 315064
1502279439 391315
1502279439 613072
1502279439 698999
1502279439 775154
1502279439 929670
1502279440 140009
1502279440 217424
1502279440 294243
1502279440 371232
1502279440 476188
1502279440 591480
1502279440 667582
1502279440 744857
1502279440 840484
1502279440 917372
1502279440 994408
1502279441 75663
1502279441 157114
1502279441 368358
1502279441 464663
1502279441 541833
1502279441 618092
1502279441 819579
1502279442 49959
1502279442 127293
1502279442 204336
1502279442 280580
1502279442 357893
1502279442 434247
1502279442 693729
1502279442 770842
1502279442 846951
1502279442 924101
1502279443 1225
1502279443 77511
1502279443 154739
1502279443 230818
1502279443 366444
1502279443 461472
1502279443 624711
1502279443 749914
1502279443 826053
1502279443 903485
1502279444 56726
1502279444 201808
1502279444 287413
1502279444 364591
1502279444 440550
1502279444 517588
1502279444 622914
1502279444 700256
1502279444 777594
1502279444 901665
1502279444 988030
1502279445 64957
1502279445 142282
1502279445 228258
1502279445 304568
1502279445 381854
1502279445 458711
1502279445 545004
1502279445 727509
1502279446 62837
1502279446 322531
1502279446 792597
1502279446 869776
1502279446 956524
1502279447 42157
1502279447 119347
1502279447 205594
1502279447 320913
1502279447 407478
1502279447 608649
1502279447 868208
1502279447 954670
1502279448 40560
1502279448 136762
1502279448 223154
1502279448 492743
1502279448 646185
1502279448 732219
1502279448 943594
1502279449 116415
1502279449 202382
1502279449 288632
1502279449 366017
1502279449 451918
1502279449 539009
1502279449 625064
1502279449 711522
1502279449 797620
1502279449 883971
1502279449 970829
1502279450 57211
1502279450 143511
1502279450 229830
1502279450 315974
1502279450 402795
1502279450 489020
1502279450 575426
1502279450 661256
1502279450 738437
1502279450 816478
1502279450 902032
1502279450 988224
1502279451 74514
1502279451 162786
1502279451 247346
1502279451 333527
1502279451 409887
1502279451 487086
1502279451 564222
1502279451 650540
1502279451 736797
1502279451 823633
1502279451 910190
1502279451 996409
1502279452 82373
1502279452 255096
1502279452 342403
1502279452 428080
1502279452 514439
1502279452 619822
1502279452 706149
1502279452 793027
1502279452 879424
1502279452 965621
1502279453 51881
1502279453 139058
1502279453 225263
1502279453 311288
1502279453 455885
1502279453 541860
1502279453 628123
1502279453 935899
1502279454 22188
1502279454 108215
1502279454 194415
1502279454 280735
1502279454 367789
1502279454 453877
1502279454 540237
1502279454 626361
1502279454 712798
1502279454 799724
1502279455 231905
1502279455 750212
1502279455 836309
1502279455 922242
1502279456 8190
1502279456 85609
1502279456 171597
1502279456 248575
1502279456 335016
1502279456 421242
1502279456 507632
1502279456 594568
1502279456 681110
1502279456 766757
1502279456 844041
1502279456 930328
1502279457 74841
1502279457 160842
1502279457 343233
1502279457 429566
1502279457 515602
1502279457 611849
1502279457 698339
1502279457 785116
1502279457 871637
1502279457 957762
1502279458 43850
1502279458 130519
1502279458 418884
1502279458 504978
1502279458 591126
1502279458 677676
1502279458 763681
1502279458 849856
1502279458 936909
1502279459 23130
1502279459 109385
1502279459 195494
1502279459 281743
1502279459 369037
1502279459 455111
1502279459 541569
1502279459 627662
1502279459 713852
1502279459 801043
1502279459 887176
1502279459 973393
1502279460 59588
1502279460 146776
1502279460 232922
1502279460 319023
1502279460 405413
1502279460 491557
1502279460 578458
1502279460 664728
1502279460 750978
1502279460 837151
1502279460 923610
1502279461 10624
1502279461 96965
1502279461 183046
1502279461 269141
1502279461 355609
1502279461 442603
1502279461 528750
1502279461 615057
1502279461 701300
1502279461 787535
1502279461 874494
1502279461 960877
1502279462 47170
1502279462 133313
1502279462 219424
1502279462 306458
1502279462 392542
1502279462 478560
1502279462 564768
1502279462 663101
1502279462 741904
1502279462 819066
1502279463 68661
1502279463 145668
1502279463 260950
1502279463 395268
1502279463 511001
1502279463 664009
1502279463 741449
1502279463 817315
1502279463 894426
1502279463 971622
1502279464 48061
1502279464 125159
1502279464 201309
1502279464 278450
1502279464 355336
1502279464 431618
1502279464 508704
1502279464 585957
1502279464 825973
1502279465 56414
1502279465 142671
1502279465 238601
1502279465 315018
1502279465 392144
1502279465 488124
1502279465 670752
1502279465 746964
1502279465 823950
1502279465 900237
1502279465 977323
1502279466 54540
1502279466 130688
1502279466 342380
1502279466 726274
1502279466 803486
1502279466 946778
1502279467 34089
1502279467 110352
1502279467 272892
1502279467 349928
1502279467 551916
1502279467 629174
1502279467 705462
1502279467 791392
1502279468 3285
1502279468 473647
1502279468 550001
1502279468 627189
1502279468 809701
1502279468 885953
1502279469 30286
1502279469 107422
1502279469 183524
1502279469 260510
1502279469 375774
1502279469 769627
1502279469 922934
1502279470 124827
1502279470 210949
1502279470 307050
1502279470 393350
1502279470 489358
1502279470 700941
1502279470 873624
1502279471 46522
1502279471 132568
1502279471 218786
1502279471 296098
1502279471 382605
1502279471 488006
1502279471 573885
1502279471 650596
1502279471 727854
1502279471 814285
1502279471 900783
1502279471 986839
1502279472 74022
1502279472 160212
1502279472 342789
1502279472 428800
1502279472 514869
1502279472 601273
1502279472 688172
1502279472 774450
1502279472 860659
1502279472 947000
1502279473 33214
1502279473 120333
1502279473 206333
1502279473 292669
1502279473 378953
1502279473 628688
1502279473 907341
1502279473 993373
1502279474 79749
1502279474 166603
1502279474 253038
1502279474 339050
1502279474 425471
1502279474 512670
1502279474 598794
1502279474 685490
1502279475 30719
1502279475 116897
1502279475 203226
1502279475 289597
1502279475 376573
1502279475 462644
1502279475 548677
1502279475 634934
1502279475 721211
1502279475 808455
1502279475 894511
1502279475 980650
1502279476 66736
1502279476 153102
1502279476 240135
1502279476 326370
1502279476 412535
1502279476 498855
1502279476 585676
1502279476 671915
1502279476 758102
1502279476 844509
1502279476 930807
1502279477 18056
1502279477 104253
1502279477 190420
1502279477 276863
1502279477 362825
1502279477 449647
1502279477 536037
1502279477 622462
1502279477 708801
1502279477 795139
1502279477 881967
1502279477 968116
1502279478 54133
1502279478 140463
1502279478 226646
1502279478 303718
1502279478 390238
1502279478 476405
1502279478 563502
1502279478 649821
1502279478 735804
1502279478 851192
1502279478 937371
1502279479 23524
1502279479 110828
1502279479 196853
1502279479 283122
1502279479 369348
1502279479 456558
1502279479 542630
1502279479 628787
1502279479 714764
1502279479 800907
1502279479 888132
1502279479 974347
1502279480 60637
1502279480 146875
1502279480 233264
1502279480 319230
1502279480 406315
1502279480 492486
1502279480 578840
1502279480 665369
1502279480 751342
1502279480 837646
1502279480 924624
1502279481 10810
1502279481 97186
1502279481 183309
1502279481 270567
1502279481 356721
1502279481 443047
1502279481 529378
1502279481 615486
1502279481 702689
1502279481 788665
1502279481 874640
1502279481 960849
1502279482 47232
1502279482 134029
1502279482 220315
1502279482 306746
1502279482 392897
1502279482 479195
1502279482 566212
1502279482 661383
1502279482 738585
1502279482 824891
1502279482 911256
1502279482 998335
1502279483 84589
1502279483 170824
1502279483 256925
1502279483 343315
1502279483 430425
1502279483 516598
1502279483 603007
1502279483 689113
1502279483 775214
1502279483 862542
1502279483 948570
1502279484 34769
1502279484 121010
1502279484 207996
1502279484 294372
1502279484 380507
1502279484 466757
1502279484 553298
1502279484 640263
1502279484 726333
1502279484 812645
1502279484 898726
1502279484 984986
1502279485 110248
1502279485 196454
1502279485 282580
1502279485 446110
1502279485 753642
1502279485 839901
1502279485 925879
1502279486 12214
1502279486 156637
1502279486 396338
1502279486 540568
1502279486 626660
1502279486 713713
1502279486 800164
1502279486 886281
1502279486 972505
1502279487 58788
1502279487 289276
1502279487 375522
1502279487 462581
1502279487 548654
1502279487 634446
1502279487 710697
1502279487 787683
1502279487 864021
1502279487 941229
1502279488 18417
1502279488 104978
1502279488 191063
1502279488 268400
1502279488 459578
1502279488 584680
1502279488 671059
1502279488 757307
1502279488 834407
1502279488 920853
1502279489 132039
1502279489 218403
1502279489 304675
1502279489 390910
1502279489 468048
1502279489 554233
1502279489 631218
1502279489 717590
1502279489 803664
1502279489 880738
1502279489 956730
1502279490 34213
1502279490 110364
1502279490 187547
1502279490 264120
1502279490 341132
1502279490 418135
1502279490 494430
1502279490 571643
1502279490 648674
1502279490 724769
1502279490 802266
1502279490 965508
1502279491 51550
1502279491 426599
1502279491 570574
1502279491 656161
1502279491 733259
1502279491 810256
1502279491 896495
1502279491 972707
1502279492 49853
1502279492 126932
1502279492 395839
1502279492 482003
1502279492 674385
1502279492 981128
1502279493 58191
1502279493 144242
1502279493 288624
1502279493 375243
1502279493 461032
1502279493 557038
1502279493 633533
1502279493 710440
1502279493 826025
1502279493 941150
1502279494 27259
1502279494 113585
1502279494 191344
1502279494 276750
1502279494 353979
1502279494 430014
1502279494 507128
1502279494 584297
1502279494 661201
1502279494 737671
1502279494 814718
1502279494 890953
1502279494 968278
1502279495 44535
1502279495 121718
1502279495 313159
1502279495 408906
1502279495 688179
1502279496 321883
1502279496 456042
1502279496 552027
1502279496 724511
1502279496 811851
1502279496 897969
1502279496 983948
1502279497 406930
1502279497 493151
1502279497 579486
1502279497 858037
1502279497 944077
1502279498 155632
1502279498 241753
1502279498 385983
1502279498 472303
1502279498 558480
1502279498 635452
1502279498 711916
1502279498 788849
1502279498 865042
1502279498 942310
1502279499 19312
1502279499 412559
1502279499 634312
1502279499 720155
1502279499 844434
1502279500 7959
1502279500 95035
1502279500 190102
1502279500 286459
1502279500 382478
1502279500 458696
1502279500 632441
1502279500 949016
1502279501 35023
1502279501 120760
1502279501 275043
1502279501 630109
1502279501 841894
1502279501 927779
1502279502 62623
1502279502 139524
1502279502 225891
1502279502 465472
1502279502 542561
1502279502 628546
1502279502 705603
1502279502 887924
1502279502 965387
1502279503 51203
1502279503 139527
1502279503 281676
1502279503 357861
1502279503 454067
1502279503 531080
1502279503 703745
1502279503 781267
1502279503 867406
1502279503 944424
1502279504 31063
1502279504 116960
1502279504 308497
1502279504 395512
1502279504 567973
1502279504 654139
1502279504 741209
1502279504 827385
1502279504 913730
1502279504 999921
1502279505 86272
1502279505 173202
1502279505 259404
1502279505 345546
1502279505 431819
1502279505 595278
1502279505 681376
1502279505 767691
1502279505 912062
1502279506 56261
1502279506 142305
1502279506 228630
1502279506 314979
1502279506 401976
1502279506 488238
1502279506 574154
1502279506 660620
1502279506 746755
1502279506 823977
1502279506 910203
1502279506 996404
1502279507 285287
1502279507 505194
1502279507 582628
1502279507 745922
1502279507 861115
1502279507 947356
1502279508 177685
1502279508 263898
1502279508 350402
1502279508 436607
1502279508 609903
1502279508 705166
1502279508 820235
1502279508 897305
1502279509 89596
1502279509 175749
1502279509 252130
1502279509 329180
1502279509 405489
1502279509 482658
1502279509 559827
1502279509 655360
1502279509 943610
1502279510 20120
1502279510 336805
1502279510 519254
1502279510 596198
1502279510 673408
1502279510 759779
1502279510 845970
1502279510 922785
1502279510 999016
1502279511 86154
1502279511 239787
1502279511 518184
1502279511 604469
1502279511 690674
1502279511 777006
1502279511 863601
1502279511 950412
1502279512 36488
1502279512 122950
1502279512 209098
1502279512 295332
1502279512 525959
1502279512 612689
1502279512 698793
1502279512 785122
1502279512 919357
1502279513 5440
1502279513 121056
1502279513 207333
1502279513 294356
1502279513 380442
1502279513 466745
1502279513 553098
1502279513 639216
1502279513 726379
1502279513 812433
1502279514 3887
1502279514 80842
1502279514 157989
1502279514 244055
1502279514 321248
1502279514 407596
1502279514 493970
1502279514 580271
1502279514 705484
1502279515 51247
1502279515 137182
1502279515 502140
1502279515 588408
1502279515 684662
1502279515 770762
1502279515 856923
1502279515 945419
1502279516 30212
1502279516 116358
1502279516 202519
1502279516 279663
1502279516 366076
1502279516 452194
1502279516 798422
1502279516 894596
1502279516 980862
1502279517 67070
1502279517 153049
1502279517 239481
1502279517 326490
1502279517 412317
1502279517 498363
1502279517 575437
1502279517 661672
1502279517 737957
1502279517 817389
1502279517 901340
1502279517 978508
1502279518 54647
1502279518 131787
1502279518 208305
1502279518 285371
1502279518 362550
1502279518 448921
1502279518 535445
1502279518 621476
1502279518 707330
1502279518 784729
1502279518 860891
1502279518 937992
1502279519 15159
1502279519 120402
1502279519 619782
1502279519 705867
1502279519 783156
1502279519 869081
1502279519 946423
1502279520 32632
1502279520 108906
1502279520 186040
1502279520 262826
1502279520 338936
1502279520 416178
1502279520 492153
1502279520 569330
1502279520 645644
1502279520 722661
1502279520 799891
1502279520 878146
1502279520 962478
1502279521 39542
1502279521 117027
1502279521 193197
1502279521 278947
1502279521 356330
1502279521 432717
1502279521 528885
1502279521 634104
1502279521 730565
1502279521 807774
1502279521 893958
1502279521 970070
1502279522 181694
1502279522 258816
1502279522 354924
1502279522 441017
1502279522 517301
1502279522 594679
1502279522 671573
1502279522 786944
1502279522 863020
1502279522 940156
1502279523 16125
1502279523 189332
1502279523 266387
1502279523 342830
1502279523 420192
1502279523 496697
1502279523 573544
1502279523 650886
1502279523 726925
1502279523 804020
1502279523 881303
1502279523 957561
1502279524 34823
1502279524 110906
1502279524 188044
1502279524 265286
1502279524 341326
1502279524 418553
1502279524 495573
1502279524 571884
1502279524 648978
1502279524 754367
1502279524 831584
1502279524 908655
1502279524 994789
1502279525 70850
1502279525 166974
1502279525 340302
1502279525 416367
1502279525 502472
1502279525 579872
1502279525 656095
1502279525 733438
1502279525 819693
1502279525 973147
1502279526 51304
1502279526 136043
1502279526 213263
1502279526 289494
1502279526 366545
1502279526 443570
1502279526 519832
1502279526 596854
1502279526 894894
1502279527 19328
1502279527 95709
1502279527 172912
1502279527 249059
1502279527 326308
1502279527 403369
1502279527 479320
1502279527 556700
1502279527 633747
1502279527 710370
1502279527 787084
1502279527 864247
1502279527 940372
1502279528 36367
1502279528 113652
1502279528 189676
1502279528 266871
1502279528 343334
1502279528 420344
1502279528 497553
1502279528 573899
1502279528 651026
1502279528 730348
1502279528 814167
1502279528 890655
1502279528 967943
1502279529 45007
1502279529 121040
1502279529 198637
1502279529 275464
1502279529 351917
1502279529 429210
1502279529 515069
1502279529 591918
1502279529 668198
1502279529 745479
1502279529 822728
1502279529 908736
1502279529 985047
1502279530 62292
1502279530 139506
1502279530 225831
1502279530 301574
1502279530 378987
1502279530 455916
1502279530 532419
1502279530 609633
1502279530 686648
1502279530 762843
1502279530 849297
1502279530 926080
1502279531 233798
1502279531 338825
1502279531 415880
1502279531 492263
1502279531 569757
1502279531 646219
1502279531 722984
1502279531 800219
1502279531 876474
1502279531 953623
1502279532 30700
1502279532 155033
1502279532 231943
1502279532 308319
1502279532 423386
1502279532 500906
1502279532 586951
1502279532 673162
1502279532 971387
1502279533 134538
1502279533 220414
1502279533 710998
1502279533 796786
1502279533 882995
1502279533 960119
1502279534 46233
1502279534 123341
1502279534 209731
1502279534 295958
1502279534 372800
1502279534 448875
1502279534 526191
1502279534 603290
1502279534 689527
1502279534 766306
1502279534 842601
1502279534 919919
1502279535 34992
1502279535 111241
1502279535 188349
1502279535 274657
1502279535 370849
1502279535 476395
1502279535 716083
1502279535 917591
1502279535 994719
1502279536 71796
1502279536 157727
1502279536 234070
1502279536 311109
1502279536 388163
1502279536 465015
1502279536 608812
1502279536 686068
1502279536 762024
1502279536 839138
1502279536 963607
1502279537 40879
1502279537 194215
1502279537 271389
1502279537 348596
1502279537 434724
1502279537 511096
1502279537 588318
1502279537 665233
1502279537 741580
1502279537 818785
1502279537 914896
1502279538 11157
1502279538 156801
1502279538 481248
1502279538 596236
1502279538 672667
1502279538 749545
1502279539 85336
1502279539 162898
1502279539 278082
1502279539 402272
1502279539 565302
1502279539 642493
1502279539 718759
1502279539 796132
1502279539 882283
1502279540 83881
1502279540 285140
1502279540 362156
1502279540 477469
1502279540 823602
1502279541 91990
1502279541 169337
1502279541 255745
1502279541 341563
1502279541 505075
1502279541 984709
1502279542 61051
1502279542 137880
1502279542 214161
1502279542 291530
1502279542 387663
1502279542 637787
1502279542 790773
1502279542 867997
1502279542 944000
1502279543 21147
1502279543 260961
1502279543 337837
1502279543 491391
1502279543 568887
1502279543 654687
1502279543 981487
1502279544 57796
1502279544 164240
1502279544 250239
1502279544 327209
1502279544 537920
1502279544 720138
1502279544 797105
1502279544 874495
1502279544 960643
1502279545 36970
1502279545 113957
1502279545 191030
1502279545 267346
1502279545 344448
1502279545 420792
1502279545 497800
1502279545 574930
1502279545 651204
1502279545 728331
1502279545 805469
1502279545 881818
1502279545 958873
1502279546 35554
1502279546 112296
1502279546 189451
1502279546 265531
1502279546 343357
1502279546 428997
1502279546 535316
1502279546 736985
1502279546 823164
1502279546 909337
1502279546 986290
1502279547 62517
1502279547 139617
1502279547 216821
1502279547 293193
1502279547 370134
1502279547 447267
1502279547 523600
1502279547 600561
1502279547 676704
1502279547 753836
1502279547 831302
1502279547 917265
1502279547 994536
1502279548 80548
1502279548 156877
1502279548 349263
1502279548 426448
1502279549 117307
1502279549 194299
1502279549 270399
1502279549 347577
1502279549 424682
1502279549 501221
1502279549 577866
1502279549 655072
1502279549 731326
1502279549 808688
1502279549 894499
1502279549 971568
1502279550 47778
1502279550 124935
1502279550 201345
1502279550 278459
1502279550 354718
1502279550 431980
1502279550 509047
1502279550 585441
1502279550 662482
1502279550 738710
1502279550 849324
1502279550 927190
1502279551 4711
1502279551 81859
1502279551 158009
1502279551 234907
1502279551 311285
1502279551 388524
1502279551 465603
1502279551 551729
1502279551 629058
1502279551 705241
1502279551 782440
1502279551 858529
1502279551 935849
1502279552 12735
1502279552 89194
1502279552 166136
1502279552 243462
1502279552 319460
1502279552 396591
1502279552 473597
1502279552 549876
1502279552 626967
1502279552 703299
1502279552 780496
1502279552 857396
1502279552 933587
1502279553 10824
1502279553 88007
1502279553 164349
1502279553 241605
1502279553 318005
1502279553 394892
1502279553 472086
1502279553 548167
1502279553 625371
1502279553 702617
1502279553 777696
1502279553 902274
1502279553 979389
1502279554 56536
1502279554 132502
1502279554 209787
1502279554 285914
1502279554 363040
1502279554 459468
1502279554 593875
1502279554 891485
1502279554 968745
1502279555 45013
1502279555 323359
1502279555 400529
1502279555 476730
1502279555 554003
1502279555 630117
1502279555 803493
1502279555 880368
1502279555 956514
1502279556 34029
1502279556 130141
1502279556 244664
1502279556 686644
1502279556 850178
1502279556 936038
1502279557 12944
1502279557 89305
1502279557 166460
1502279557 243725
1502279557 319837
1502279557 397100
1502279557 474277
1502279557 550446
1502279557 627436
1502279557 703787
1502279557 877518
1502279558 79447
1502279558 222658
1502279558 298969
1502279558 377360
1502279558 500055
1502279558 577478
1502279558 672885
1502279558 749853
1502279558 827342
1502279558 903340
1502279558 980331
1502279559 57548
1502279559 134091
1502279559 210786
1502279559 287055
1502279559 658547
1502279559 736514
1502279559 937953
1502279560 15070
1502279560 91146
1502279560 168217
1502279560 245362
1502279560 321757
1502279560 398875
1502279560 475991
1502279560 619513
1502279560 830864
1502279560 983980
1502279561 407233
1502279561 483436
1502279561 771771
1502279561 954377
1502279562 30703
1502279562 107727
1502279562 184943
1502279562 271206
1502279562 347035
1502279562 462447
1502279562 654895
1502279562 731307
1502279562 818193
1502279562 894403
1502279563 57998
1502279563 134159
1502279563 211288
1502279563 288693
1502279563 364791
1502279563 470048
1502279563 547308
1502279563 624357
1502279563 700794
1502279563 777827
1502279563 854923
1502279563 930968
1502279564 27344
1502279564 104234
1502279564 180459
1502279564 257887
1502279564 354803
1502279564 517454
1502279564 593584
1502279564 824324
1502279565 35661
1502279565 111814
1502279565 188887
1502279565 285069
1502279565 457611
1502279565 572724
1502279565 649898
1502279565 726081
1502279565 803543
1502279565 880243
1502279565 956830
1502279566 33788
1502279566 360710
1502279566 436830
1502279566 571285
1502279566 686475
1502279566 763986
1502279566 849866
1502279566 926733
1502279567 3000
1502279567 118401
1502279567 195236
1502279567 272417
1502279567 358637
1502279567 454896
1502279567 600072
1502279567 678826
1502279567 755437
1502279567 842102
1502279567 918507
1502279568 4336
1502279568 100914
1502279568 427725
1502279568 504035
1502279568 666947
1502279568 753477
1502279568 830367
1502279568 907703
1502279568 983806
1502279569 61287
1502279569 138081
1502279569 214419
1502279569 291390
1502279569 368526
1502279569 445586
1502279569 531321
1502279569 607949
1502279569 685243
1502279569 761731
1502279569 838561
1502279569 915738
1502279569 992433
1502279570 69108
1502279570 154860
1502279570 232589
1502279570 308676
1502279570 385916
1502279570 462973
1502279570 539588
1502279570 625288
1502279570 711300
1502279570 788890
1502279570 874607
1502279570 952168
1502279571 28517
1502279571 105657
1502279571 181994
1502279571 259011
1502279571 336138
1502279571 421980
1502279571 940683
1502279572 26808
1502279572 104087
1502279572 190279
1502279572 506712
1502279572 582721
1502279572 668513
1502279572 754769
1502279572 832181
1502279572 918315
1502279573 5425
1502279573 91455
1502279573 168103
1502279573 254783
1502279573 341019
1502279573 417743
1502279573 504713
1502279573 590888
1502279573 677200
1502279573 763892
1502279573 849859
1502279573 936082
1502279574 579093
1502279574 685008
1502279574 770118
1502279574 892163
1502279574 971460
1502279575 221991
1502279575 308492
1502279575 413423
1502279575 499690
1502279575 585923
1502279575 662898
1502279575 749274
1502279575 835564
1502279575 922493
1502279576 8938
1502279576 95176
1502279576 181666
1502279576 267169
1502279576 344545
1502279576 430789
1502279576 507961
1502279576 594067
1502279576 671277
1502279576 757336
1502279576 843618
1502279577 84111
1502279577 218415
1502279577 391333
1502279577 630710
1502279577 707670
1502279577 784623
1502279577 899998
1502279577 986472
1502279578 72481
1502279578 158821
1502279578 245035
1502279578 332146
1502279578 418318
1502279578 504634
1502279578 592186
1502279578 676684
1502279578 753899
1502279578 840114
1502279578 926560
1502279579 12799
1502279579 98779
1502279579 176291
1502279579 262071
1502279579 368030
1502279579 448747
1502279579 525873
1502279579 602385
1502279579 679692
1502279579 755793
1502279579 832791
1502279579 909022
1502279579 986513
1502279580 63461
1502279580 227058
1502279580 303232
1502279580 418591
1502279580 524704
1502279580 600556
1502279580 677663
1502279580 754112
1502279580 841174
1502279580 917263
1502279580 994334
1502279581 70715
1502279581 156710
1502279581 233805
1502279581 310052
1502279581 396394
1502279581 476137
1502279581 685336
1502279581 935233
1502279582 11412
1502279582 132058
1502279582 209695
1502279582 296213
1502279582 382402
1502279582 612606
1502279582 756738
1502279582 833810
1502279582 920006
1502279583 6332
1502279583 83455
1502279583 169843
1502279583 256033
1502279583 342302
1502279583 486880
1502279583 659271
1502279583 890067
1502279583 975996
1502279584 62943
1502279584 149366
1502279584 235342
1502279584 321406
1502279584 398475
1502279584 484739
1502279584 570907
1502279584 648041
1502279584 725192
1502279584 811879
1502279584 897766
1502279584 984207
1502279585 70155
1502279585 176112
1502279585 329460
1502279585 522197
1502279586 88496
1502279586 193698
1502279586 279928
1502279586 356583
1502279586 433117
1502279586 510279
1502279586 596707
1502279586 683994
1502279586 769899
1502279586 856160
1502279586 942225
1502279587 19538
1502279587 105653
1502279587 192261
1502279587 278381
1502279587 365401
1502279587 451619
1502279587 537792
1502279587 624273
1502279587 710391
1502279587 797312
1502279587 883768
1502279588 7981
1502279588 95117
1502279588 181206
1502279588 267509
1502279588 382586
1502279588 497665
1502279588 650761
1502279588 737292
1502279588 967606
1502279589 73016
1502279589 150162
1502279589 227391
1502279589 313488
1502279589 399678
1502279589 477142
1502279589 563012
1502279589 649490
1502279589 735647
1502279589 813161
1502279589 899186
1502279590 14471
1502279590 100584
1502279590 187507
1502279590 273838
1502279590 359772
1502279590 436887
1502279590 523138
1502279590 609267
1502279590 686690
1502279590 772845
1502279590 917238
1502279591 79979
1502279591 166790
1502279591 252812
1502279591 339058
1502279591 454114
1502279591 540254
1502279591 617577
1502279591 703761
1502279591 790014
1502279591 866903
1502279591 943373
1502279592 20769
1502279592 106822
1502279592 183927
1502279592 270090
1502279592 375528
1502279592 452399
1502279592 529597
1502279592 624831
1502279593 28630
1502279593 163234
1502279593 249386
1502279593 335647
1502279593 413006
1502279593 614525
1502279593 845037
1502279593 931174
1502279594 17250
1502279594 103530
1502279594 190580
1502279594 277003
1502279594 362909
1502279594 449155
1502279594 536752
1502279594 622535
1502279594 708516
1502279594 794688
1502279594 880783
1502279594 958096
1502279595 44527
1502279595 130593
1502279595 216764
1502279595 294001
1502279595 380298
1502279595 466432
1502279595 552891
1502279595 638837
1502279595 715873
1502279595 793021
1502279595 879466
1502279595 965547
1502279596 42784
1502279596 128956
1502279596 215359
1502279596 301575
1502279596 388612
1502279596 474784
1502279596 561229
1502279596 647482
1502279596 733996
1502279596 820802
1502279596 907033
1502279596 993279
1502279597 79297
1502279597 165509
1502279597 252515
1502279597 338710
1502279597 424770
1502279597 501913
1502279597 588450
1502279597 674686
1502279597 760884
1502279597 846733
1502279597 923883
1502279598 1061
1502279598 87251
1502279598 173550
1502279598 250491
1502279598 336864
1502279598 423117
1502279598 500330
1502279598 586769
1502279598 672884
1502279598 759072
1502279598 846196
1502279598 932319
1502279599 18747
1502279599 104806
1502279599 190970
1502279599 268219
1502279599 354250
1502279599 431643
1502279599 517779
1502279599 604014
1502279599 690287
1502279599 777414
1502279599 863445
1502279599 968826
1502279600 93981
1502279600 276488
1502279600 497156
1502279600 583272
1502279600 756665
1502279600 851961
1502279600 996023
1502279601 82238
1502279601 168510
1502279601 254308
1502279601 331570
1502279601 417742
1502279601 504207
1502279601 593396
1502279601 677305
1502279601 763203
1502279601 840595
1502279601 927110
1502279602 13207
1502279602 99527
1502279602 186757
1502279602 272746
1502279602 359171
1502279602 445331
1502279602 531337
1502279602 618531
1502279602 704881
1502279602 791225
1502279602 877460
1502279602 963672
1502279603 49703
1502279603 135675
1502279603 233817
1502279603 318985
1502279603 405312
1502279603 491411
1502279603 577562
1502279603 654581
1502279603 730818
1502279603 808205
1502279603 894141
1502279603 971440
1502279604 57767
1502279604 143883
1502279604 221015
1502279604 307291
1502279604 393664
1502279604 480130
1502279604 566250
1502279604 643176
1502279604 729797
1502279604 816257
1502279604 902466
1502279604 988852
1502279605 75110
1502279605 152269
1502279605 238528
1502279605 324933
1502279605 411033
1502279605 488148
1502279605 574426
1502279605 660726
1502279605 747798
1502279605 834057
1502279605 920063
1502279606 6431
1502279606 92591
1502279606 169847
1502279606 255782
1502279606 332916
1502279606 419082
1502279606 496136
1502279606 582395
1502279606 668816
1502279606 755839
1502279606 841160
1502279606 918059
1502279606 995275
1502279607 71616
1502279607 148642
1502279607 225770
1502279607 311956
1502279607 388525
1502279607 465579
1502279607 542713
1502279607 628853
1502279607 715219
1502279607 801207
1502279607 878445
1502279607 964938
1502279608 50992
1502279608 138302
1502279608 224335
1502279608 310573
1502279608 396707
1502279608 473773
1502279608 559881
1502279608 646067
1502279608 723240
1502279608 809363
1502279608 886590
1502279608 972928
1502279609 59232
1502279609 145505
1502279609 232514
1502279609 318638
1502279609 405016
1502279609 491073
1502279609 576871
1502279609 654125
1502279609 731451
1502279609 817556
1502279609 893809
1502279609 971011
1502279610 48207
1502279610 134651
1502279610 220504
1502279610 296887
1502279610 374187
1502279610 451122
1502279610 527478
1502279610 604379
1502279610 681344
1502279610 757651
1502279610 834945
1502279610 911180
1502279610 988553
1502279611 65452
1502279611 141847
1502279611 218916
1502279611 295071
1502279611 372187
1502279611 449290
1502279611 525714
1502279611 602869
1502279611 679784
1502279612 82978
1502279612 159313
1502279612 383724
1502279612 465986
1502279612 600174
1502279612 820792
1502279612 898048
1502279612 974087
1502279613 243789
1502279613 319889
1502279613 569913
1502279613 646663
1502279613 723757
1502279613 799879
1502279613 876985
1502279613 953384
1502279614 231959
1502279614 443604
1502279614 615946
1502279614 827182
1502279615 48153
1502279615 154055
1502279615 230149
1502279615 307286
1502279615 384459
1502279615 460699
1502279615 546999
1502279615 623964
1502279616 36715
1502279616 113876
1502279616 363841
1502279616 603414
1502279616 795543
1502279617 35339
1502279617 198648
1502279617 275433
1502279617 352059
1502279617 447821
1502279617 525164
1502279617 611298
1502279617 687674
1502279617 764767
1502279617 841992
1502279617 966308
1502279618 43329
1502279618 148956
1502279618 225471
1502279618 301668
1502279618 378911
1502279618 456021
1502279618 561339
1502279619 71051
1502279619 175872
1502279619 262168
1502279619 368296
1502279619 483717
1502279619 569946
1502279619 656014
1502279619 742267
1502279619 828568
1502279619 915606
1502279620 1617
1502279620 87958
1502279620 174266
1502279620 260408
1502279620 337333
1502279620 452273
1502279620 529602
1502279620 616011
1502279620 702071
1502279620 809184
1502279620 894310
1502279620 970640
1502279621 67030
1502279621 153118
1502279621 326657
1502279621 412878
1502279621 499071
1502279621 586117
1502279621 672408
1502279621 758546
1502279621 844750
1502279621 931140
1502279622 17447
1502279622 104354
1502279622 190662
1502279622 277211
1502279622 363180
1502279622 449752
1502279622 719007
1502279622 881536
1502279622 996468
1502279623 73417
1502279623 159761
1502279623 265123
1502279623 447368
1502279623 697230
1502279623 879766
1502279623 966431
1502279624 52895
1502279624 139127
1502279624 225399
1502279624 311530
1502279624 398504
1502279624 484609
1502279624 570886
1502279624 656965
1502279624 734113
1502279624 820557
1502279624 906704
1502279624 983566
1502279625 59761
1502279625 137006
1502279625 214256
1502279625 300639
1502279625 386859
1502279625 472976
1502279625 550193
1502279625 636375
1502279625 713617
1502279625 799662
1502279625 876035
1502279625 953268
1502279626 39531
1502279626 126397
1502279626 212532
1502279626 298683
1502279626 402253
1502279626 475567
1502279626 553027
1502279626 630066
1502279626 706847
1502279626 783502
1502279626 859706
1502279626 936754
1502279627 205730
1502279627 301865
1502279627 378745
1502279627 455097
1502279627 532065
1502279627 609344
1502279627 705008
1502279627 945381
1502279628 21390
1502279628 98585
1502279628 175578
1502279628 251971
1502279628 329271
1502279628 406184
1502279628 482452
1502279628 559423
1502279628 635786
1502279628 712799
1502279628 789957
1502279628 866346
1502279629 902
1502279629 77710
1502279629 154829
1502279629 230840
1502279629 307776
1502279629 384776
1502279629 461105
1502279629 538124
1502279629 614424
1502279629 691604
1502279629 787982
1502279630 143035
1502279630 220057
1502279630 296177
1502279630 402676
1502279630 478693
1502279630 681428
1502279630 757469
1502279630 834731
1502279630 911093
1502279630 987927
1502279631 266368
1502279631 342953
1502279631 439075
1502279631 553973
1502279631 631077
1502279631 707232
1502279631 784499
1502279631 861390
1502279631 937641
1502279632 14905
1502279632 111070
1502279632 187165
1502279632 283781
1502279632 360866
1502279632 533408
1502279632 638647
1502279632 715863
1502279632 994387
1502279633 70661
1502279633 147690
1502279633 225078
1502279633 300953
1502279633 378220
1502279633 455450
1502279633 531725
1502279633 608732
1502279633 944547
1502279634 300164
1502279634 376209
1502279634 453352
1502279634 530084
1502279634 606707
1502279634 684081
1502279634 760047
1502279634 904728
1502279634 981888
1502279635 143727
1502279635 384629
1502279635 480706
1502279635 557422
1502279635 634197
1502279635 710617
1502279635 796475
1502279635 873571
1502279635 949833
1502279636 84373
1502279636 199381
1502279636 276479
1502279636 352585
1502279636 429787
1502279636 506939
1502279636 583238
1502279636 660441
1502279636 737073
1502279636 852224
1502279636 929451
1502279637 6647
1502279637 82812
1502279637 160042
1502279637 237279
1502279637 313204
1502279637 390454
1502279637 466761
1502279637 543752
1502279637 620992
1502279637 697144
1502279637 774199
1502279637 851756
1502279637 927790
1502279638 4917
1502279638 389268
1502279638 466000
1502279638 542049
1502279638 667346
1502279638 810873
1502279639 89583
1502279639 290778
1502279639 367706
1502279639 560293
1502279639 732846
1502279639 857701
1502279639 934225
1502279640 97516
1502279640 174695
1502279640 250967
1502279640 328116
1502279640 404376
1502279640 481381
1502279640 558526
1502279640 634642
1502279640 711775
1502279640 788897
1502279640 865199
1502279640 942664
1502279641 18624
1502279641 95609
1502279641 172791
1502279641 393703
1502279641 470726
1502279641 546948
1502279641 623886
1502279641 701116
1502279641 777390
1502279641 854399
1502279641 930657
1502279642 7875
1502279642 85076
1502279642 257458
1502279642 334441
1502279642 574123
1502279643 131397
1502279643 207608
1502279643 457536
1502279643 870231
1502279643 947259
1502279644 24331
1502279644 100613
1502279644 196700
1502279644 273655
1502279644 349786
1502279644 436019
1502279644 532444
1502279644 609711
1502279644 686403
1502279644 762537
1502279644 840021
1502279644 916266
1502279644 993366
1502279645 70610
1502279645 146767
1502279645 223833
1502279645 301106
1502279645 473712
1502279645 675187
1502279645 752197
1502279645 828389
1502279645 924431
1502279646 1814
1502279646 78038
1502279646 154877
1502279646 280195
1502279646 423511
1502279646 500637
1502279646 576914
1502279646 654151
1502279646 731531
1502279646 807373
1502279646 884841
1502279646 961882
1502279647 38081
1502279647 115237
1502279647 192484
1502279647 316216
1502279647 393514
1502279647 469731
1502279647 546921
1502279647 777989
1502279647 902228
1502279648 56429
1502279648 132613
1502279648 209694
1502279648 286082
1502279648 401140
1502279648 478330
1502279648 564655
1502279648 641612
1502279648 718725
1502279648 795162
1502279648 871977
1502279648 948262
1502279649 25490
1502279649 102612
1502279649 178873
1502279649 255918
1502279649 333318
1502279649 409177
1502279649 486479
1502279649 562582
1502279649 639683
1502279649 716954
1502279649 793348
1502279649 870451
1502279649 947495
1502279650 23872
1502279650 100947
1502279650 177164
1502279650 254353
1502279650 331722
1502279650 407647
1502279650 484751
1502279650 830686
1502279650 906808
1502279650 984188
1502279651 61009
1502279651 137305
1502279651 214348
1502279651 291279
1502279651 367850
1502279651 444793
1502279651 521007
1502279651 675208
1502279651 751412
1502279651 828784
1502279651 906062
1502279651 982073
1502279652 59155
1502279652 135461
1502279652 212436
1502279652 289793
1502279652 365977
1502279652 443027
1502279652 520221
1502279652 596599
1502279652 673827
1502279652 750863
1502279653 134996
1502279653 211010
1502279653 288195
1502279653 365288
1502279653 441642
1502279653 518606
1502279653 844765
1502279653 959594
1502279654 36677
1502279654 113943
1502279654 190145
1502279654 305392
1502279654 449861
1502279654 526688
1502279654 603020
1502279654 823632
1502279654 938769
1502279655 141372
1502279655 227330
1502279655 303828
1502279655 380913
1502279655 457965
1502279655 534212
1502279655 611327
1502279655 688355
1502279655 764626
1502279655 841650
1502279655 917959
1502279655 995111
1502279656 81302
1502279656 206453
1502279656 282683
1502279656 359865
1502279656 436835
1502279656 513308
1502279656 590454
1502279656 667476
1502279656 762803
1502279656 839815
1502279656 916977
1502279656 993256
1502279657 70487
1502279657 147971
1502279657 224025
1502279657 300999
1502279657 377181
1502279657 454607
1502279657 531613
1502279657 607786
1502279657 684811
1502279657 761979
1502279657 838237
1502279657 915269
1502279657 991518
1502279658 68571
1502279658 145811
1502279658 222344
1502279658 299314
1502279658 376332
1502279658 452716
1502279658 529811
1502279658 605960
1502279658 683456
1502279658 760183
1502279658 836761
1502279658 913855
1502279658 990636
1502279659 66950
1502279659 144101
1502279659 220382
1502279659 297475
1502279659 374690
1502279659 450848
1502279659 527996
1502279659 605146
1502279659 681293
1502279659 758637
1502279659 835742
1502279659 912003
1502279659 989073
1502279660 65060
1502279660 142295
1502279660 478249
1502279660 555247
1502279660 632677
1502279660 708892
1502279660 813908
1502279661 121764
1502279661 199181
1502279661 371536
1502279661 448577
1502279661 524473
1502279661 601797
1502279661 678713
1502279661 755119
1502279661 956633
1502279662 33899
1502279662 110971
1502279662 186875
1502279662 264137
1502279662 340594
1502279662 417415
1502279662 494808
1502279662 570952
1502279662 647972
1502279662 725166
1502279662 801380
1502279662 955688
1502279663 79978
1502279663 156096
1502279663 233268
1502279663 310432
1502279663 386634
1502279663 463806
1502279663 540072
1502279663 617126
1502279663 694266
1502279663 770492
1502279663 848448
1502279663 934239
1502279664 11244
1502279664 87294
1502279664 164609
1502279664 289716
1502279664 395082
1502279664 481338
1502279664 567412
1502279664 644505
1502279664 730693
1502279664 894179
1502279665 230065
1502279665 316041
1502279665 393160
1502279665 470442
1502279665 561849
1502279665 642867
1502279665 892009
1502279666 209795
1502279666 324381
1502279666 612812
1502279666 910559
1502279667 111944
1502279667 284396
1502279667 361750
1502279667 499703
1502279667 745692
1502279667 831806
1502279668 72248
1502279668 158387
1502279668 244486
1502279668 321451
1502279668 397582
1502279668 474914
1502279668 550994
1502279668 724679
1502279668 888061
1502279668 974220
1502279669 60698
1502279669 146565
1502279669 223839
1502279669 309984
1502279669 387066
1502279669 473381
1502279669 559123
1502279669 636111
1502279669 712338
1502279669 789459
1502279669 865779
1502279669 952819
1502279670 77624
1502279670 337220
1502279670 500453
1502279670 576724
1502279670 777956
1502279670 864850
1502279670 941079
1502279671 172130
1502279671 298057
1502279671 383560
1502279671 459774
1502279671 536586
1502279671 613919
1502279671 689885
1502279671 767039
1502279671 843140
1502279671 920267
1502279671 996671
1502279672 73973
1502279672 150325
1502279672 227441
1502279672 304683
1502279672 380742
1502279672 457796
1502279672 534062
1502279672 610930
1502279672 688222
1502279672 764713
1502279672 841601
1502279672 918799
1502279672 995093
1502279673 74170
1502279673 158218
1502279673 235318
1502279673 360086
1502279673 706060
1502279673 811172
1502279673 888243
1502279673 974730
1502279674 60791
1502279674 137773
1502279674 214961
1502279674 301140
1502279674 378269
1502279674 464512
1502279674 550931
1502279674 636991
1502279674 714146
1502279674 800564
1502279674 886593
1502279674 973037
1502279675 59740
1502279675 146087
1502279675 232198
1502279675 309472
1502279675 395569
1502279675 481893
1502279675 558914
1502279675 645232
1502279675 731438
1502279675 817551
1502279675 894728
1502279675 980776
1502279676 58085
1502279676 144045
1502279676 221064
1502279676 297369
1502279676 374671
1502279676 451809
1502279676 538075
1502279676 624419
1502279676 710429
1502279676 787721
1502279676 873811
1502279676 950999
1502279677 36907
1502279677 113026
1502279677 190256
1502279677 267264
1502279677 343555
1502279677 420779
1502279677 507168
1502279677 584306
1502279677 660500
1502279677 737678
1502279677 872236
1502279678 122039
1502279678 208039
1502279678 285106
1502279678 371435
1502279678 457628
1502279678 679233
1502279678 765223
1502279678 851392
1502279678 937572
1502279679 14740
1502279679 101203
1502279679 235478
1502279679 351011
1502279679 484903
1502279679 571916
1502279679 657653
1502279679 733840
1502279679 810965
1502279679 887320
1502279679 974502
1502279680 50798
1502279680 127871
1502279680 291743
1502279680 377878
1502279680 521922
1502279680 608326
1502279680 694504
1502279680 771590
1502279680 857852
1502279680 944178
1502279681 30335
1502279681 107364
1502279681 183509
1502279681 260700
1502279681 337734
1502279681 923507
1502279682 9753
1502279682 95822
1502279682 173096
1502279682 259246
1502279682 421679
1502279682 643291
1502279682 901791
1502279682 978818
1502279683 55943
1502279683 180277
1502279683 256383
1502279683 342678
1502279683 419905
1502279683 727579
1502279683 803724
1502279683 880774
1502279683 956953
1502279684 313115
1502279684 389918
1502279684 466233
1502279684 543119
1502279684 619428
1502279684 696803
1502279684 773788
1502279684 850129
1502279685 128971
1502279685 205853
1502279685 311129
1502279685 407117
1502279685 493344
1502279685 724576
1502279685 810247
1502279685 954785
1502279686 69787
1502279686 156327
1502279686 232802
1502279686 558733
1502279686 635815
1502279686 712805
1502279686 942362
1502279687 173015
1502279687 317386
1502279687 470811
1502279687 548765
1502279687 634143
1502279687 864587
1502279687 941600
1502279688 18021
1502279688 191708
1502279688 469027
1502279688 546303
1502279688 623050
1502279688 699541
1502279688 824554
1502279688 930153
1502279689 6950
1502279689 83277
1502279689 323918
1502279689 401359
1502279689 487203
1502279689 563469
1502279689 640539
1502279689 717389
1502279689 793748
1502279690 53359
1502279690 158647
1502279690 235542
1502279690 311781
1502279690 388822
1502279690 465336
1502279690 542373
1502279690 629639
1502279690 715058
1502279690 792929
1502279690 946029
1502279691 60524
1502279691 136822
1502279691 213824
1502279691 300048
1502279691 570028
1502279691 656235
1502279691 742454
1502279692 271116
1502279692 356892
1502279692 434059
1502279692 587423
1502279692 673723
1502279692 750698
1502279692 942309
1502279693 115715
1502279693 201871
1502279693 290572
1502279693 374232
1502279693 489467
1502279693 614682
1502279693 700907
1502279693 787037
1502279693 864198
1502279693 950437
1502279694 27786
1502279694 113783
1502279694 189972
1502279694 267052
1502279694 344098
1502279694 420031
1502279694 497029
1502279694 583772
1502279694 669615
1502279694 755864
1502279694 833199
1502279694 909339
1502279694 986773
1502279695 62593
1502279695 139870
1502279695 215791
1502279695 293090
1502279695 369212
1502279695 446466
1502279695 523557
1502279695 599883
1502279695 677033
1502279695 753528
1502279695 830467
1502279695 907798
1502279695 983913
1502279696 61245
1502279696 137995
1502279696 214633
1502279696 291247
1502279696 367572
1502279696 444773
1502279696 522089
1502279696 781479
1502279696 858509
1502279696 934265
1502279697 11330
1502279697 88355
1502279697 164710
1502279697 241989
1502279697 453596
1502279697 568569
1502279697 654779
1502279697 770051
1502279697 846122
1502279697 923310
1502279698 475
1502279698 86477
1502279698 163777
1502279698 240036
1502279698 317246
1502279698 393504
1502279698 470571
1502279698 547849
1502279698 624148
1502279698 701201
1502279698 778262
1502279698 854357
1502279698 931617
1502279699 8018
1502279699 85053
1502279699 162320
1502279699 239053
1502279699 325413
1502279699 401667
1502279699 478617
1502279699 555069
1502279699 920033
1502279699 997216
1502279700 227673
1502279700 304772
1502279700 381003
1502279700 458267
1502279700 534403
1502279700 611373
1502279700 688468
1502279700 764737
1502279700 842000
1502279701 5219
1502279701 293446
1502279701 408286
1502279701 485614
1502279701 561925
1502279701 638839
1502279701 764829
1502279701 849162
1502279701 945404
1502279702 21589
1502279702 357733
1502279702 434680
1502279702 511775
1502279702 646142
1502279702 722264
1502279702 799294
1502279702 924499
1502279703 135437
1502279703 256301
1502279703 459031
1502279703 554676
1502279703 784654
1502279703 861965
1502279703 938029
1502279704 15187
1502279704 92113
1502279704 169066
1502279704 245894
1502279704 323098
1502279704 514378
1502279704 619490
1502279704 696653
1502279704 774005
1502279705 32470
1502279705 254335
1502279705 455808
1502279705 531777
1502279705 619096
1502279705 935977
1502279706 12091
1502279706 89139
1502279706 166182
1502279706 242615
1502279706 319704
1502279706 395757
1502279706 472970
1502279706 626616
1502279706 703511
1502279706 780486
1502279706 856801
1502279706 933988
1502279707 20146
1502279707 96380
1502279707 547585
1502279707 807396
1502279708 86381
1502279708 249007
1502279708 325238
1502279708 402292
1502279708 479652
1502279708 565783
1502279708 641954
1502279708 719149
1502279708 796390
1502279708 882511
1502279708 959530
1502279709 35853
1502279709 112917
1502279709 189218
1502279709 266324
1502279709 343362
1502279709 419544
1502279709 496842
1502279709 573888
1502279709 650060
1502279709 727490
1502279709 803423
1502279709 880838
1502279709 957876
1502279710 34075
1502279710 111121
1502279710 188366
1502279710 274739
1502279710 360702
1502279710 438305
1502279710 524136
1502279710 600320
1502279710 678232
1502279710 763726
1502279710 840832
1502279710 917819
1502279710 994102
1502279711 71180
1502279711 147571
1502279711 225463
1502279711 311584
1502279711 396834
1502279711 484270
1502279711 618580
1502279711 704712
1502279711 782104
1502279711 868147
1502279711 954396
1502279712 40524
1502279712 117534
1502279712 193807
1502279712 271031
1502279712 348239
1502279712 434316
1502279712 511530
1502279712 597681
1502279712 673957
1502279712 750961
1502279712 828110
1502279712 914474
1502279713 541
1502279713 78613
1502279713 164080
1502279713 250230
1502279713 327429
1502279713 413592
1502279713 499760
1502279713 576929
1502279713 663378
1502279713 835739
1502279713 912675
1502279714 47172
1502279714 210412
1502279714 296541
1502279714 373813
1502279714 459797
1502279714 537428
1502279714 623051
1502279714 700212
1502279714 786545
1502279714 872525
1502279714 948800
1502279715 26099
1502279715 112150
1502279715 198405
1502279715 275676
1502279715 352794
1502279715 429137
1502279715 506198
1502279715 583239
1502279715 659534
1502279715 736507
1502279715 813644
1502279715 890022
1502279715 967171
1502279716 53539
1502279716 130513
1502279716 216884
1502279716 302817
1502279716 380221
1502279716 466340
1502279716 542325
1502279716 619368
1502279716 696576
1502279716 772709
1502279716 849821
1502279716 926858
1502279717 3291
1502279717 80258
1502279717 156722
1502279717 235576
1502279717 310080
1502279717 435435
1502279717 521489
1502279717 991924
1502279718 68991
1502279718 260528
1502279718 337473
1502279718 491051
1502279718 568116
1502279718 645318
1502279718 731370
1502279718 807685
1502279718 894820
1502279718 981073
1502279719 202431
1502279719 287655
1502279719 469834
1502279719 585267
1502279719 681494
1502279719 758661
1502279719 892769
1502279720 8242
1502279720 84501
1502279720 161623
1502279720 430485
1502279720 507303
1502279720 584503
1502279720 660867
1502279720 737946
1502279720 814204
1502279720 891258
1502279720 968440
1502279721 54827
1502279721 140830
1502279721 217775
1502279721 294181
1502279721 371236
1502279721 448562
1502279721 534792
1502279721 620886
1502279721 698120
1502279721 784396
1502279721 870567
1502279721 947759
1502279722 33932
1502279722 254619
1502279722 427776
1502279722 513501
1502279722 647815
1502279722 811209
1502279722 887478
1502279722 964726
1502279723 50804
1502279723 128209
1502279723 214471
1502279723 329535
1502279723 453849
1502279723 531071
1502279723 607386
1502279723 684242
1502279723 761428
1502279723 837658
1502279723 914580
1502279723 990963
1502279724 68133
1502279724 145201
1502279724 298826
1502279724 442382
1502279724 519378
1502279724 596372
1502279724 682520
1502279724 932069
1502279725 47265
1502279725 249008
1502279725 325052
1502279725 633062
1502279725 910605
1502279725 987683
1502279726 141006
1502279726 255825
1502279726 332360
1502279726 409866
1502279726 486837
1502279726 563086
1502279726 640113
1502279726 716363
1502279726 793356
1502279726 870661
1502279726 946908
1502279727 44950
1502279727 123648
1502279727 200812
1502279727 344430
1502279727 459672
1502279727 843586
1502279727 939841
1502279728 74230
1502279728 160184
1502279728 237304
1502279728 352712
1502279728 563927
1502279728 640186
1502279728 717456
1502279728 793678
1502279728 871176
1502279728 947871
1502279729 24149
1502279729 101212
1502279729 216294
1502279729 292427
1502279729 369763
1502279729 648658
1502279729 724736
1502279729 850082
1502279729 927065
1502279730 34113
1502279730 109330
1502279730 185683
1502279730 263053
1502279730 339097
1502279730 416196
1502279730 492495
1502279730 598674
1502279730 809277
1502279730 886323
1502279730 963319
1502279731 39400
1502279731 116510
1502279731 192950
1502279731 270090
1502279731 347107
1502279731 423682
1502279731 702265
1502279731 788513
1502279731 865595
1502279731 951727
1502279732 28905
1502279732 105437
1502279732 211554
1502279732 450792
1502279732 691508
1502279732 777704
1502279732 853804
1502279732 969129
1502279733 46186
1502279733 123272
1502279733 199528
1502279733 276704
1502279733 353910
1502279733 430097
1502279733 507405
1502279733 583331
1502279733 660528
1502279733 737691
1502279733 813898
1502279733 891081
1502279733 968231
1502279734 140694
1502279734 217877
1502279734 294192
1502279734 371100
1502279734 448211
1502279734 524414
1502279734 601669
1502279734 677900
1502279734 754999
1502279734 832073
1502279734 908435
1502279735 52752
1502279735 302268
1502279735 378376
1502279735 455491
