1499959865 404335
1499959865 600182
1499959865 747701
1499959865 896972
1499959866 79188
1499959866 263537
1499959866 407699
1499959866 588088
1499959866 758902
1499959866 910478
1499959867 57048
1499959867 212070
1499959867 388473
1499959867 545131
1499959867 717244
1499959867 859332
1499959868 43742
1499959868 202288
1499959868 364790
1499959868 532159
1499959868 695581
1499959868 868793
1499959869 46226
1499959869 198673
1499959869 350485
1499959869 535003
1499959869 717436
1499959869 866738
1499959870 31234
1499959870 212598
1499959870 359535
1499959870 515967
1499959870 692053
1499959870 838609
1499959871 23876
1499959871 170381
1499959871 365443
1499959871 529468
1499959871 705005
1499959871 862587
1499959872 52286
1499959872 190709
1499959872 348659
1499959872 496098
1499959872 656800
1499959872 823681
1499959872 990000
1499959873 154603
1499959873 339105
1499959873 515053
1499959873 663627
1499959873 844939
1499959874 14117
1499959874 169752
1499959874 335030
1499959874 482653
1499959874 666152
1499959874 845288
1499959875 17751
1499959875 172035
1499959875 342176
1499959875 513722
1499959875 678909
1499959875 833079
1499959876 8837
1499959876 200910
1499959876 357503
1499959876 535191
1499959876 699751
1499959876 880742
1499959877 55123
1499959877 204212
1499959877 364866
1499959877 527120
1499959877 707110
1499959877 855183
1499959878 32166
1499959878 196308
1499959878 383121
1499959878 538495
1499959878 707345
1499959878 887221
1499959879 25568
1499959879 187823
1499959879 343169
1499959879 525611
1499959879 711769
1499959879 882483
1499959880 40708
1499959880 223076
1499959880 380036
1499959880 571044
1499959880 749373
1499959880 925027
1499959881 91219
1499959881 271545
1499959881 424912
1499959881 608269
1499959881 789556
1499959881 955329
1499959882 144261
1499959882 307827
1499959882 487300
1499959882 634603
