1502297259 57968
1502297259 78018
1502297259 134843
1502297259 154127
1502297259 327308
1502297259 346597
1502297259 480615
1502297259 499877
1502297259 634020
1502297259 653386
1502297259 711144
1502297259 730506
1502297259 921621
1502297259 940957
1502297260 7889
1502297260 27178
1502297260 267580
1502297260 286925
1502297260 382648
1502297260 401944
1502297260 613213
1502297260 632530
1502297260 851846
1502297260 872116
1502297261 15229
1502297261 34458
1502297261 140463
1502297261 159707
1502297261 255725
1502297261 275053
1502297261 466268
1502297261 486460
1502297261 687765
1502297261 706992
1502297261 851152
1502297261 870417
1502297261 984417
1502297262 3790
1502297262 109652
1502297262 128925
1502297262 263020
1502297262 282261
1502297262 378254
1502297262 397511
1502297262 502620
1502297262 521876
1502297262 714132
1502297262 733457
1502297262 944554
1502297262 963835
1502297263 136050
1502297263 156341
1502297263 280363
1502297263 299633
1502297263 375583
1502297263 395763
1502297263 452941
1502297263 472007
1502297263 616079
1502297263 635402
1502297263 836629
1502297263 855910
1502297264 96168
1502297264 115650
1502297264 316738
1502297264 336038
1502297264 460977
1502297264 480305
1502297264 546324
1502297264 565594
1502297264 767721
1502297264 787118
1502297264 940213
1502297264 959577
1502297265 179772
1502297265 200140
1502354603 864184
1502354603 875167
1502354603 998451
1502354604 18578
1502354604 161821
1502354604 173484
1502354604 382425
1502354604 393515
1502354604 574876
1502354604 594866
1502354604 814630
1502354604 825990
1502354605 44728
1502354605 55875
1502354605 131023
1502354605 142038
1502354605 332553
1502354605 353526
1502354605 534877
1502354605 554949
1502354605 726377
1502354605 746393
1502354605 956800
1502354605 976988
1502354606 52921
1502354606 73163
1502354606 120062
1502354606 139308
1502354606 196348
1502354606 207602
1502354606 533005
1502354606 571088
1502354606 648169
1502354606 668195
1502354606 762543
1502354606 782733
1502354606 839699
1502354606 877793
1502354606 897720
1502354607 60296
1502354607 70344
1502354607 156431
1502354607 395982
1502354607 406888
1502354607 530306
1502354607 550266
1502354607 636466
1502354607 646482
1502354607 895066
1502354607 915027
1502354608 39406
1502354608 58637
1502354608 115641
1502354608 126514
1502354608 202829
1502354608 222023
1502354608 337196
1502354608 519584
1502354608 538779
1502354608 662896
1502354608 683720
1502354608 730071
1502354608 749219
1502354608 845240
1502354609 27838
1502354609 38051
1502354609 142951
1502354609 181132
1502354609 401698
1502354609 412606
1502354609 516869
1502354609 536147
1502354609 623032
1502354609 642891
1502354609 690143
1502354609 709404
1502354609 785501
1502354609 796281
1502354609 939691
1502354609 958980
1502354610 44976
1502354610 55843
1502354610 131269
1502354610 142095
1502354610 198337
1502354610 257343
1502354610 429011
1502354610 439823
1502354610 486931
1502354610 506199
1502354610 573111
1502354610 592436
1502354610 669316
1502354610 689293
1502354610 736460
1502354610 755736
1502354610 909047
1502354610 919618
1502354611 177636
1502354611 188299
1502354611 446279
1502354611 457057
1502354611 619657
1502354611 907167
1502354611 918110
1502354612 12462
1502354612 33402
1502354612 291046
1502354612 301955
1502354612 492569
1502354612 503552
1502354612 704075
1502354612 724106
1502354612 799311
1502354612 810349
1502354612 924520
1502354612 944673
1502354613 58864
1502354613 69755
1502354613 144993
1502354613 155870
1502354613 394658
1502354613 405580
1502354613 509861
1502354613 520699
1502354613 616079
1502354614 566717
1502354614 586053
1502354614 749028
1502354614 768686
1502354614 941530
1502354614 966022
1502354615 180711
1502354615 200030
1502354615 373054
1502354615 392315
1502354615 478333
1502354615 497569
1502354615 698723
1502354615 718213
1502354615 891204
1502354615 910568
1502354616 63757
1502354616 83060
1502354616 159840
1502354616 170888
1502354616 313241
1502354616 323780
1502354616 495663
1502354616 515809
1502354616 658974
1502354616 727231
1502354616 918523
1502354616 928717
1502354617 52759
1502354617 72095
1502354617 129183
1502354617 139704
1502354617 244383
1502354617 255497
1502354617 369553
1502354617 570889
1502354617 585316
1502354617 651681
1502354617 671460
1502354617 834073
1502354617 872283
1502354618 64700
1502354618 85134
1502354618 199126
1502354618 219329
1502354618 285163
1502354618 305297
1502354618 486663
1502354618 506482
1502354618 612488
1502354618 621918
1502354618 707428
1502354618 727184
1502354618 794376
1502354618 814015
1502354618 879526
1502354618 899820
1502354619 225312
1502354619 245383
1502354619 397759
1502354619 419110
1502354619 503039
1502354619 522467
1502354619 589230
1502354619 609748
1502354619 666383
1502354619 685810
1502354619 770793
1502354619 791030
1502354619 857902
1502354619 867559
1502354619 982366
1502354620 2415
1502354620 68437
1502354620 88582
1502354620 135573
1502354620 156593
1502354620 260716
1502354620 280217
1502354620 347018
1502354620 367544
1502354620 423584
1502354620 462299
1502354620 472539
1502354620 548515
1502354620 558734
1502354620 701866
1502354620 721276
1502354620 769011
1502354620 789010
1502354620 903290
1502354620 922740
1502354620 989482
1502354621 27677
1502354621 48049
1502354621 229380
1502354621 411544
1502354621 449697
1502354621 843385
1502354621 863588
1502354622 102107
1502354622 112706
1502354622 313668
1502354622 324839
