1502355621 619365
1502355621 753655
1502355621 916960
1502355622 156410
1502355622 290987
1502355622 483103
1502355622 741921
1502355622 876956
1502355622 963357
1502355623 164876
1502355623 317996
1502355623 452347
1502355623 653903
1502355623 894324
1502355623 989412
1502355624 220069
1502355624 431642
1502355624 643080
1502355624 786356
1502355625 36138
1502355625 247506
1502355625 333608
1502355625 574230
1502355625 746487
1502355625 929182
1502355626 111373
1502355626 293889
1502355626 390116
1502355626 553343
1502355626 793054
1502355626 995181
1502355627 100418
1502355627 283011
1502355627 388035
1502355627 617896
1502355627 762051
1502355627 924527
1502355628 1421
1502355628 145899
1502355628 328435
1502355628 538911
1502355628 721385
1502355628 808532
1502355629 19256
1502355629 163222
1502355629 316661
1502355629 489943
1502355629 604264
1502355629 815759
1502355630 8156
1502355630 209601
1502355630 420215
1502355630 631517
1502355630 708677
1502355630 795349
1502355630 996424
1502355631 179131
1502355631 303927
1502355631 486412
1502355631 601742
1502355631 726062
1502355631 956672
1502355632 177278
1502355632 264119
1502355632 398479
1502355632 551819
1502355632 782341
1502355632 945847
1502355633 156331
1502355633 281535
1502355633 425993
1502355633 655353
1502355633 847924
1502355634 1148
1502355634 250599
1502355634 414090
1502355634 596402
1502355634 702538
1502355634 961312
1502355635 95648
1502355635 317099
1502355635 575780
1502355635 729999
1502355635 835126
1502355636 74977
1502355636 219024
1502355636 477641
1502355636 583744
1502355636 814332
1502355637 44901
1502355637 198262
1502355637 313507
1502355637 447903
1502355637 533996
1502355637 678282
1502355637 793497
1502355637 908756
1502355638 71377
1502355638 206390
1502355638 407900
1502355638 522323
1502355638 704564
1502355638 955289
1502355639 31428
