1502361780 893719
1502361781 143257
1502361781 383775
1502361782 649684
1502361782 851289
1502361783 379426
1502361783 513664
1502361783 821456
1502361785 299654
1502361785 357651
1502361785 539591
1502361785 778777
1502361785 845993
1502361786 28373
1502361786 268818
1502361786 365237
1502361786 594722
1502361787 727193
1502361787 957753
1502361788 169152
1502361788 466755
1502361788 524873
1502361788 601181
1502361788 735397
1502361788 975872
1502361789 81284
1502361789 599336
1502361789 897040
1502361790 146635
1502361790 204696
1502361790 261857
1502361790 387039
1502361790 578649
1502361790 636657
1502361790 847271
1502361791 222108
1502361791 327215
1502361791 576839
1502361792 181189
1502361792 641355
1502361792 795591
1502361792 881830
1502361793 44255
1502361793 198532
1502361793 303761
1502361794 157739
1502361795 22712
1502361795 233174
1502361795 290289
1502361795 558026
1502361795 664180
1502361795 721346
1502361795 777646
1502361795 989056
1502361796 47132
1502361796 257773
1502361796 565377
1502361796 872136
1502361797 25558
1502361797 111711
