1502194644 419772
1502194644 554055
1502194644 698375
1502194644 803652
1502194645 5067
1502194645 206564
1502194645 292783
1502194645 495129
1502194645 753774
1502194645 907173
1502194646 51453
1502194646 127669
1502194646 291016
1502194646 368143
1502194646 569618
1502194646 829169
1502194647 58823
1502194647 145880
1502194647 270179
1502194647 538840
1502194647 731242
1502194647 951790
1502194648 134170
1502194648 354699
1502194648 450871
1502194648 556142
1502194648 776675
1502194649 46173
1502194649 285888
1502194649 496355
1502194649 688859
1502194649 814068
1502194650 34458
1502194650 274126
1502194650 428339
1502194650 514511
1502194650 773178
1502194651 22762
1502194651 225159
1502194651 301320
1502194651 435653
1502194651 541851
1502194651 733353
1502194652 1911
1502194652 107212
1502194652 309576
1502194652 501327
1502194652 635343
1502194652 731537
1502194652 943028
1502194653 154474
1502194653 374986
1502194653 624603
1502194653 758866
1502194653 893200
1502194654 27535
1502194654 209911
1502194654 363248
1502194654 498496
1502194654 632839
1502194654 786276
1502194655 45884
1502194655 189092
1502194655 323435
1502194655 428645
1502194655 563929
1502194655 746313
1502194655 956860
1502194656 130212
1502194656 350734
1502194656 446864
1502194656 638501
1502194656 887947
1502194656 975045
1502194657 224675
1502194657 387152
1502194657 522268
1502194657 656600
1502194657 915264
1502194658 1478
1502194658 261011
1502194658 529643
1502194658 789166
1502194658 980684
1502194659 221172
1502194659 307325
1502194659 576014
1502194659 691326
1502194659 778314
1502194659 921741
1502194660 7959
1502194660 228454
1502194660 381825
1502194660 526188
1502194660 689446
1502194660 890981
1502194661 15234
1502194661 264828
