1502208199 707537
1502208199 822669
1502208200 177511
1502208200 244917
1502208200 311844
1502208200 378979
1502208200 446117
1502208200 514182
1502208200 581378
1502208200 648493
1502208200 715680
1502208200 811023
1502208200 907377
1502208200 974290
1502208201 41455
1502208201 185762
1502208201 301030
1502208201 617726
1502208201 704009
1502208201 771364
1502208201 905387
1502208202 164944
1502208202 423790
1502208202 490722
1502208202 596905
1502208202 951753
1502208203 28887
1502208203 211369
1502208203 278513
1502208203 345770
1502208203 412745
1502208203 566112
1502208203 633331
1502208203 700457
1502208203 777582
1502208203 853798
1502208203 921873
1502208203 989281
1502208204 56202
1502208204 161543
1502208204 228616
1502208204 295729
1502208204 362987
1502208204 430074
1502208204 497219
1502208204 564381
1502208204 631608
1502208204 689622
1502208204 746826
1502208204 804861
1502208204 891143
1502208204 977337
1502208205 35363
1502208205 92535
1502208205 150658
1502208205 265927
1502208205 333251
1502208205 400182
1502208205 467334
1502208205 553533
1502208205 639780
1502208205 697876
1502208205 880288
1502208205 947440
1502208206 14573
1502208206 81683
1502208206 148892
1502208206 216093
1502208206 283221
1502208206 350348
1502208206 426537
1502208206 494618
1502208206 561807
1502208206 628927
1502208206 696167
1502208206 839526
1502208206 983790
1502208207 51060
1502208207 118095
1502208207 185281
1502208207 252342
1502208207 319572
1502208207 386873
1502208207 501962
1502208207 646279
1502208207 799642
1502208207 866760
1502208207 933924
1502208208 231705
1502208208 453047
1502208208 520208
1502208208 596391
1502208208 769720
1502208209 162495
1502208209 229639
1502208209 296985
1502208209 365065
1502208209 432249
1502208209 489409
1502208209 547539
1502208209 604654
1502208209 661840
1502208209 835198
1502208210 190014
1502208210 248074
1502208210 411428
1502208210 506753
1502208210 564787
1502208210 622001
1502208210 997053
1502208211 64101
1502208211 121109
1502208211 179220
1502208211 313708
1502208211 553061
1502208211 678335
1502208211 735547
1502208211 793776
1502208211 870752
1502208211 946958
1502208212 4989
1502208212 62231
1502208212 120306
1502208212 177426
1502208212 369838
1502208212 427288
1502208212 485259
1502208212 551914
1502208212 791839
1502208212 850157
1502208213 194838
1502208213 310013
1502208213 444287
1502208213 502438
1502208213 559628
1502208213 674903
1502208213 732960
1502208213 924413
1502208214 116916
1502208214 173988
1502208214 308340
1502208214 366357
1502208214 625842
1502208214 741166
1502208214 875536
1502208214 980723
1502208215 37866
1502208215 95965
1502208215 364620
1502208215 423314
1502208215 479880
1502208215 537941
1502208215 595340
1502208215 652311
1502208215 863832
1502208215 998097
1502208216 257560
1502208216 314769
1502208216 372802
1502208216 593296
1502208217 35300
1502208217 140585
1502208217 198621
1502208217 255840
1502208217 381021
1502208217 438234
1502208217 496291
1502208217 745887
1502208218 52588
1502208218 138831
1502208218 206105
1502208218 264022
1502208218 321226
1502208218 379324
1502208218 637893
1502208218 696009
1502208218 753220
1502208218 811376
1502208218 868499
1502208218 926506
1502208218 983666
1502208219 41775
1502208219 98929
1502208219 157045
1502208219 214232
1502208219 272234
1502208219 329479
1502208219 387528
1502208219 444720
1502208219 502815
1502208219 559993
1502208219 617108
1502208219 675238
1502208219 732411
1502208219 790449
1502208219 847674
1502208219 905763
1502208219 963187
1502208220 21185
1502208220 231507
1502208220 568234
1502208220 721778
1502208220 817785
1502208220 874974
1502208220 952056
1502208221 172584
1502208221 393393
1502208221 470326
1502208221 623641
1502208221 902204
1502208221 979362
1502208222 122721
1502208222 218966
1502208222 277273
1502208222 334199
1502208222 631883
1502208222 757114
1502208222 814270
1502208222 872317
1502208222 929489
1502208222 987611
1502208223 44735
1502208223 102008
1502208223 160064
1502208223 217243
1502208223 323406
1502208223 736314
1502208223 937704
1502208224 43140
1502208224 101049
1502208224 158256
1502208224 273488
1502208224 330717
1502208224 494038
1502208224 552109
1502208224 609331
1502208224 791755
1502208224 849805
1502208224 906970
1502208224 965012
1502208225 128396
1502208225 195549
1502208225 252687
1502208225 311022
1502208225 377863
1502208225 444752
1502208225 511328
1502208225 578578
1502208225 645581
1502208225 712803
1502208225 914329
1502208225 981426
1502208226 57853
1502208226 221018
1502208226 461491
1502208226 576962
1502208226 711261
1502208226 874438
1502208226 960614
1502208227 27743
1502208227 162128
1502208227 430686
1502208227 487867
1502208227 574122
1502208227 632168
1502208227 776488
1502208227 843853
1502208227 910813
1502208227 978163
1502208228 45056
1502208228 112233
1502208228 179360
1502208228 284640
1502208228 342770
1502208228 668742
1502208228 822819
1502208228 890012
1502208228 947164
1502208229 5229
1502208229 62449
1502208229 177671
1502208229 303215
1502208229 370039
1502208229 427248
1502208229 532485
1502208229 591610
1502208229 657732
1502208229 714879
1502208229 772996
1502208229 840161
1502208229 907280
1502208229 974401
1502208230 32527
1502208230 89914
1502208230 146854
1502208230 205000
1502208230 262091
1502208230 502604
1502208230 559805
1502208230 618218
1502208230 991813
1502208231 50089
1502208231 116978
1502208231 241453
1502208231 299478
1502208231 366532
1502208231 443717
1502208231 568097
1502208231 635208
1502208231 693297
1502208231 760442
1502208232 106324
1502208232 173358
1502208232 249599
1502208232 486974
1502208232 557206
1502208232 624374
1502208232 844874
1502208232 970063
1502208233 123537
1502208233 209748
1502208233 344201
1502208233 411379
1502208233 478620
1502208233 545519
1502208233 603526
1502208233 670855
1502208233 737927
1502208233 805007
1502208233 901214
1502208234 131711
1502208234 429350
1502208234 496504
1502208234 908460
1502208234 975695
1502208235 33786
1502208235 100965
1502208235 216163
1502208235 312388
1502208235 379512
1502208235 446656
1502208235 532910
1502208235 600087
1502208235 667162
1502208235 725231
1502208235 792472
1502208235 993855
1502208236 70097
1502208236 128273
1502208236 195359
1502208236 262572
1502208236 377799
1502208236 444947
1502208236 512111
1502208236 579251
1502208236 646409
1502208236 809735
1502208236 935039
1502208237 2085
1502208237 69251
1502208237 222787
1502208237 290080
1502208237 481288
1502208237 539445
1502208237 606506
1502208237 731761
1502208237 866133
1502208237 942325
1502208238 124954
1502208238 192065
1502208238 259029
1502208238 326190
1502208238 393277
1502208238 451456
1502208238 566718
1502208238 662987
1502208238 729989
1502208238 845506
1502208238 912417
1502208238 979558
1502208239 46798
1502208239 113858
1502208239 181097
1502208239 248214
1502208239 353727
1502208239 420615
1502208239 487834
1502208239 564902
1502208239 632106
1502208239 699249
1502208239 977815
1502208240 611484
1502208240 678388
1502208240 745767
1502208240 812703
1502208240 879940
1502208240 947120
1502208241 24193
1502208241 523237
1502208241 590482
1502208241 705690
1502208241 955278
1502208242 32424
1502208242 166713
1502208242 252914
1502208242 320138
1502208242 387252
1502208242 454437
1502208242 521621
1502208242 588711
1502208242 655887
1502208242 723297
1502208242 828286
1502208242 895523
1502208243 29798
1502208243 135894
1502208243 203103
1502208243 338073
1502208243 702216
1502208243 903693
1502208243 970876
1502208244 37995
1502208244 105308
1502208244 201422
1502208244 277808
1502208244 344824
1502208244 426618
1502208244 503191
1502208244 642356
1502208244 786022
1502208244 853178
1502208244 920322
1502208245 265937
1502208245 333078
1502208245 400475
1502208245 467455
1502208245 534708
1502208245 601764
1502208245 669968
1502208245 775625
1502208245 947446
1502208246 14596
1502208246 408592
1502208246 716044
1502208246 783413
1502208246 898437
1502208246 965643
1502208247 32761
1502208247 100175
1502208247 167089
1502208247 234209
1502208247 301382
1502208247 368490
1502208247 435727
1502208247 502821
1502208247 570053
1502208247 637169
1502208247 714491
1502208247 781567
1502208247 848672
1502208247 915881
1502208247 983127
1502208248 50143
1502208248 117299
1502208248 184382
1502208248 251842
1502208248 318705
1502208248 492085
1502208248 607516
1502208248 674455
1502208248 876095
1502208249 249845
1502208249 316978
1502208249 384072
1502208249 451267
1502208249 518418
1502208250 8716
1502208250 84730
1502208250 151880
1502208250 218986
1502208250 286147
1502208250 354217
1502208250 468535
1502208250 536864
1502208250 671007
1502208250 738134
1502208250 805474
1502208250 872418
1502208250 939575
1502208251 6641
1502208251 73889
1502208251 169143
1502208251 342571
1502208251 409648
1502208251 476786
1502208251 544137
1502208251 611321
1502208251 716439
1502208252 291949
1502208252 359822
1502208252 426946
1502208252 494207
1502208252 561268
1502208252 628389
1502208252 695582
1502208252 762778
1502208252 829875
1502208252 945184
1502208253 12461
1502208253 117546
1502208253 184899
1502208253 251941
1502208253 482387
1502208253 549503
1502208253 616961
1502208253 684366
1502208253 827207
1502208253 894366
1502208253 989919
1502208254 259218
1502208254 326614
1502208254 594992
1502208254 664285
1502208254 729315
1502208254 796680
1502208254 863853
1502208254 931019
1502208254 997938
1502208255 65128
1502208255 132308
1502208255 199401
1502208255 266502
1502208255 333880
1502208255 400810
1502208255 467943
1502208255 535107
1502208255 602288
1502208255 669420
1502208255 736603
1502208255 803755
1502208255 870937
1502208255 938096
1502208256 5206
1502208256 72347
1502208256 140651
1502208256 207630
1502208256 274907
1502208256 341930
1502208256 409117
1502208256 476261
1502208256 543629
1502208256 610839
1502208256 677638
1502208256 744842
1502208257 32472
1502208257 157691
1502208257 224869
1502208257 311069
1502208257 560695
1502208257 637774
1502208257 705166
1502208257 772125
1502208257 839241
1502208257 906397
1502208257 973576
1502208258 40689
1502208258 194214
1502208258 261492
1502208258 328433
1502208258 395563
1502208258 462700
1502208258 529878
1502208258 597089
1502208258 693212
1502208258 923696
1502208259 19955
1502208259 87126
1502208259 307615
1502208259 691498
1502208259 758684
1502208259 931043
1502208260 37269
1502208260 104380
1502208260 276812
1502208260 344189
1502208260 449217
1502208260 660707
1502208260 727924
1502208260 814121
1502208260 881172
1502208260 948399
1502208261 207937
1502208261 418490
1502208261 591750
1502208261 822535
1502208261 956572
1502208262 340511
1502208262 474743
1502208262 541989
1502208262 609109
1502208262 676249
1502208263 232560
1502208263 299694
1502208263 492054
1502208263 559254
1502208263 731764
1502208263 886004
1502208264 87681
1502208264 163649
1502208264 240749
1502208264 423221
1502208264 979474
1502208265 85640
1502208265 277146
1502208265 546784
1502208265 613796
1502208265 853433
1502208266 16937
1502208266 170098
1502208266 304480
1502208266 371603
1502208266 467783
1502208266 535073
1502208266 669246
1502208266 736470
1502208266 803547
1502208266 870683
1502208266 937897
1502208267 5046
1502208267 72184
1502208267 139312
1502208267 206462
1502208267 273679
1502208267 340786
1502208267 407984
1502208267 475088
1502208267 542288
1502208267 609429
1502208267 715617
1502208267 782784
1502208267 849869
1502208267 984206
1502208268 51538
1502208268 118494
1502208268 185726
1502208268 252899
1502208268 378115
1502208268 445266
1502208268 665970
1502208268 896253
1502208269 78934
1502208269 242030
1502208269 309174
1502208269 376584
1502208269 443714
1502208269 510743
1502208269 577794
1502208269 683071
1502208269 750536
1502208269 856446
1502208269 923659
1502208269 990683
1502208270 154318
1502208270 297471
1502208270 393615
1502208270 460804
1502208270 527908
1502208270 605129
1502208270 816528
1502208271 315888
1502208271 383093
1502208271 450165
1502208271 517077
1502208271 795706
1502208271 911051
1502208271 978119
1502208272 93404
1502208272 188926
1502208272 255808
1502208272 323228
1502208272 410191
1502208272 477301
1502208272 592506
1502208272 745917
1502208272 918327
1502208272 985493
1502208273 264072
1502208273 340318
1502208273 705101
1502208273 782255
1502208273 849697
1502208274 31865
1502208274 445899
1502208274 608173
1502208274 675258
1502208274 751551
1502208274 818608
1502208274 962911
1502208275 30087
1502208275 97235
1502208275 164350
1502208275 250560
1502208275 318759
1502208275 385800
1502208275 611074
1502208275 711534
1502208275 778997
1502208275 845970
1502208275 913099
1502208275 980491
1502208276 48178
1502208276 115716
1502208276 182573
1502208276 250888
1502208276 316938
1502208276 384159
1502208276 566629
1502208276 690761
1502208276 758102
1502208276 825166
1502208276 892360
1502208276 959417
1502208277 55910
1502208277 199974
1502208277 267280
1502208277 334638
1502208277 401554
1502208277 584050
1502208277 776567
1502208277 967637
1502208278 34992
1502208278 102099
1502208278 169160
1502208278 236332
1502208278 303465
1502208278 370629
1502208278 485902
1502208278 611114
1502208278 678197
1502208278 745479
1502208278 822874
1502208278 917865
1502208279 43102
1502208279 158358
1502208279 580250
1502208279 647515
1502208279 714688
1502208279 782696
1502208279 849880
1502208279 916975
1502208279 984221
1502208280 51338
1502208280 118625
1502208280 243023
1502208280 309899
1502208280 377200
1502208280 511444
1502208280 607620
1502208280 674962
1502208280 741885
1502208280 809123
1502208280 905178
1502208281 212912
1502208281 318199
1502208281 385343
1502208281 452555
1502208281 538699
1502208281 673018
1502208281 741058
1502208281 808191
1502208281 875667
1502208281 942809
1502208282 9690
1502208282 76830
1502208282 144015
1502208282 211210
1502208282 278584
1502208282 345459
1502208282 412645
1502208282 479764
1502208282 546925
1502208282 614966
1502208282 681192
1502208282 748481
1502208282 815536
1502208282 882683
1502208282 949859
1502208283 16964
1502208283 84153
1502208283 170365
1502208283 237545
1502208283 304767
1502208283 371842
1502208283 506383
1502208283 621436
1502208283 688803
1502208283 755716
1502208283 823786
1502208283 967134
1502208284 82395
1502208284 216712
1502208284 283941
1502208284 418191
1502208284 485463
1502208284 860088
1502208284 927282
1502208285 42539
1502208285 599741
1502208285 666889
1502208285 734292
1502208285 801246
1502208285 868581
1502208285 935589
1502208286 2952
1502208286 137039
1502208286 271290
1502208286 338496
1502208286 405608
1502208286 472732
1502208286 607080
1502208286 674423
1502208286 741568
1502208287 20012
1502208287 87135
1502208287 221458
1502208287 339267
1502208287 596208
1502208287 682467
1502208287 750326
1502208287 893813
1502208288 85351
1502208288 152527
1502208288 219687
1502208288 286873
1502208288 354212
1502208288 431155
1502208288 709815
1502208288 776896
1502208288 844069
1502208288 911237
1502208288 978346
1502208289 45503
1502208289 112721
1502208289 179853
1502208289 246992
1502208289 314127
1502208289 381321
1502208289 448498
1502208289 515659
1502208289 582759
1502208289 650944
1502208289 717981
1502208289 785144
1502208289 852340
1502208290 62851
1502208290 130015
1502208290 198098
1502208290 265259
1502208290 332331
1502208290 399490
1502208290 658127
1502208290 725365
1502208290 936796
1502208291 244422
1502208291 387774
1502208291 455705
1502208291 551379
1502208291 618313
1502208291 685470
1502208291 752554
1502208291 819696
1502208291 886920
1502208291 954103
1502208292 98364
1502208292 242760
1502208292 318924
1502208292 395093
1502208292 462424
1502208292 530308
1502208292 597523
1502208292 664682
1502208292 731888
1502208292 798927
1502208292 866105
1502208292 962059
1502208293 105686
1502208293 412390
1502208293 479608
1502208293 652961
1502208293 720035
1502208293 787225
1502208293 978679
1502208294 55908
1502208294 209136
1502208294 276407
1502208294 363502
1502208294 430649
1502208294 497746
1502208294 564936
1502208294 632135
1502208294 708319
1502208295 140296
1502208295 207467
1502208295 274662
1502208295 342621
1502208295 409955
1502208295 476994
1502208295 745573
1502208295 869994
1502208296 167583
1502208296 282895
1502208296 350066
1502208296 580503
1502208296 647686
1502208296 849108
1502208296 916281
1502208297 31551
1502208297 117748
1502208297 377254
1502208297 444676
1502208297 511682
1502208297 578746
1502208297 645904
1502208297 713035
1502208297 780275
1502208297 847390
1502208297 933569
1502208298 308448
1502208298 375540
1502208298 442724
1502208298 510111
1502208298 577060
1502208298 778441
1502208298 931823
1502208299 85216
1502208299 191416
1502208299 353809
1502208299 430082
1502208299 498070
1502208299 565478
1502208299 660591
1502208299 833973
1502208299 920104
1502208299 987277
1502208300 54419
1502208300 178703
1502208300 304004
1502208300 371176
1502208300 495514
1502208300 562635
1502208300 629847
1502208300 696950
1502208300 764973
1502208300 832099
1502208300 899349
1502208301 331521
1502208301 398431
1502208301 599905
1502208301 724179
1502208301 916611
1502208301 983731
1502208302 50929
1502208302 118038
1502208302 185218
1502208302 319578
1502208302 396673
1502208302 463838
1502208302 530932
1502208302 626283
1502208302 703440
1502208302 770597
1502208302 856835
1502208302 943047
1502208303 20174
1502208303 115490
1502208303 182530
1502208303 249875
1502208303 326882
1502208303 394004
1502208303 461208
1502208303 528325
1502208303 595546
1502208303 777962
1502208303 845082
1502208303 989356
1502208304 142705
1502208304 209815
1502208304 277071
1502208304 468494
1502208304 535671
1502208304 603734
1502208304 670908
1502208304 738000
1502208304 805225
1502208304 872316
1502208304 939493
1502208305 73867
1502208305 188985
1502208305 256282
1502208305 419569
1502208305 486714
1502208305 553907
1502208305 717228
1502208305 841623
1502208305 975804
1502208306 197340
1502208306 264463
1502208306 331646
1502208306 398744
1502208306 465919
1502208306 533015
1502208306 600208
1502208306 675084
1502208306 734510
1502208306 801734
1502208306 868868
1502208306 936017
1502208307 3134
1502208307 70315
1502208307 137523
1502208307 271799
1502208307 338920
1502208307 406094
1502208307 579554
1502208307 684667
1502208307 848079
1502208307 915224
1502208307 982359
1502208308 202948
1502208308 548604
1502208308 788428
1502208308 855428
1502208309 27810
1502208309 94934
1502208309 162062
1502208309 229229
1502208309 296386
1502208309 363552
1502208309 430761
1502208309 499016
1502208309 566285
1502208309 633134
1502208309 700304
1502208309 768714
1502208309 834516
1502208309 901758
1502208309 968879
1502208310 35995
1502208310 103143
1502208310 170376
1502208310 237486
1502208310 304679
1502208310 371755
1502208310 438969
1502208310 506127
1502208310 573352
1502208310 640403
1502208310 707529
1502208310 774775
1502208311 293852
1502208311 361038
1502208311 428149
1502208311 495316
1502208311 562438
1502208311 629584
1502208311 696761
1502208311 763931
1502208311 831095
1502208311 927311
1502208311 994444
1502208312 61537
1502208312 128661
1502208312 541625
1502208312 608743
1502208312 704968
1502208312 858314
1502208312 925515
1502208312 992685
1502208313 59824
1502208313 126949
1502208313 194109
1502208313 261266
1502208313 328454
1502208313 395572
1502208313 462861
1502208313 558895
1502208313 626054
1502208313 693304
1502208313 760354
1502208313 827530
1502208313 894729
1502208314 9966
1502208314 192342
1502208314 259574
1502208314 326721
1502208314 393804
1502208314 460953
1502208314 528136
1502208314 595349
1502208314 662470
1502208314 729670
1502208314 796816
1502208314 863896
1502208314 931127
1502208314 998266
1502208315 65474
1502208315 132628
1502208315 286810
1502208315 430166
1502208315 574499
1502208315 641666
1502208315 708763
1502208315 785962
1502208315 910292
1502208316 25575
1502208316 169811
1502208316 275218
1502208316 342224
1502208316 409389
1502208316 476596
1502208316 543713
1502208316 610882
1502208316 678032
1502208316 745130
1502208316 812337
1502208316 879466
1502208316 946559
1502208317 13886
1502208317 81196
1502208317 149103
1502208317 216106
1502208317 283321
1502208317 426696
1502208317 628133
1502208317 724398
1502208317 791532
1502208317 897696
1502208317 983878
1502208318 51031
1502208318 309715
1502208318 377757
1502208318 444937
1502208318 512041
1502208318 579233
1502208318 674813
1502208318 828747
1502208319 106496
1502208319 385144
1502208319 452263
1502208319 548710
1502208319 615587
1502208319 682817
1502208319 807089
1502208319 874242
1502208319 941439
1502208320 75761
1502208320 316190
1502208320 383331
1502208320 450457
1502208320 517684
1502208320 584753
1502208320 651954
1502208320 786244
1502208320 853471
1502208320 920600
1502208320 987693
1502208321 54940
1502208321 122016
1502208321 189217
1502208321 276439
1502208321 343572
1502208321 410723
1502208321 477884
1502208321 689232
1502208321 928830
1502208322 168471
1502208322 236401
1502208322 303669
1502208322 370808
1502208322 466107
1502208322 629448
1502208322 821878
1502208322 889006
1502208322 956166
1502208323 23308
1502208323 90427
1502208323 157574
1502208323 224723
1502208323 291919
1502208323 359093
1502208323 426255
1502208323 493390
1502208323 560602
1502208323 627705
1502208323 694851
1502208323 763070
1502208323 830065
1502208323 897200
1502208323 983552
1502208324 223008
1502208324 290068
1502208324 655174
1502208324 722178
1502208324 924496
1502208325 58905
1502208325 125916
1502208325 480860
1502208325 547893
1502208325 644096
1502208325 711376
1502208325 826510
1502208325 950998
1502208326 76153
1502208326 143293
1502208326 392765
1502208326 460137
1502208326 527119
1502208326 594304
1502208326 661560
1502208326 728568
1502208326 795799
1502208326 863178
1502208326 930310
1502208326 997203
1502208327 64405
1502208327 131544
1502208327 198669
1502208327 265839
1502208327 332980
1502208327 401293
1502208327 468249
1502208327 535392
1502208327 602515
1502208327 669687
1502208327 736850
1502208327 803995
1502208327 871388
1502208327 986381
1502208328 82561
1502208328 600776
1502208328 783162
1502208328 859516
1502208329 41821
1502208329 118998
1502208329 224270
1502208329 521886
1502208329 771439
1502208329 848636
1502208329 915795
1502208329 982923
1502208330 50045
1502208330 117211
1502208330 194375
1502208330 261527
1502208330 414858
1502208330 588174
1502208330 655295
1502208330 722500
1502208330 789675
1502208330 857001
1502208330 923944
1502208331 10152
1502208331 77399
1502208331 144492
1502208331 211657
1502208331 278829
1502208331 345955
1502208331 413123
1502208331 499337
1502208331 566502
1502208331 634563
1502208331 701674
1502208331 768874
1502208331 836041
1502208331 903219
1502208331 970343
1502208332 37560
1502208332 200821
1502208332 268076
1502208332 354161
1502208332 459507
1502208332 603813
1502208332 824317
1502208332 920480
1502208333 16700
1502208333 256302
1502208333 323438
1502208333 400587
1502208333 505890
1502208333 572986
1502208333 640122
1502208333 707312
1502208333 775398
1502208333 918780
1502208333 985919
1502208334 53040
1502208334 120215
1502208334 187398
1502208334 254683
1502208334 322649
1502208334 389706
1502208334 456901
1502208334 523991
1502208334 591261
1502208334 658337
1502208334 725493
1502208334 792610
1502208334 888869
1502208334 955977
1502208335 80350
1502208335 570469
1502208335 637596
1502208335 704712
1502208335 858059
1502208335 925257
1502208336 98585
1502208336 232797
1502208336 328148
1502208336 395433
1502208336 463427
1502208336 530515
1502208336 597680
1502208336 664794
1502208336 789157
1502208336 856338
1502208336 923532
1502208336 990665
1502208337 57809
1502208337 124888
1502208337 192060
1502208337 307335
1502208337 384477
1502208337 451783
1502208337 518862
1502208337 586008
1502208337 653152
1502208337 835522
1502208337 950833
1502208338 219469
1502208338 286577
1502208338 353713
1502208338 440789
1502208338 507918
1502208338 575245
1502208338 651436
1502208338 718506
1502208338 824726
1502208338 892122
1502208338 959635
1502208339 26217
1502208339 93255
1502208339 160418
1502208339 227617
1502208339 294817
1502208339 361891
1502208339 429039
1502208339 496229
1502208339 563541
1502208339 630517
1502208339 697645
1502208339 764852
1502208339 831982
1502208339 899200
1502208339 966307
1502208340 33499
1502208340 100635
1502208340 168897
1502208340 235792
1502208340 303197
1502208340 370179
1502208340 494446
1502208340 561654
1502208340 628767
1502208340 705873
1502208340 850182
1502208340 917385
1502208340 984511
1502208341 51661
1502208341 137854
1502208341 205071
1502208341 272206
1502208341 339359
1502208341 655995
1502208341 723250
1502208341 790482
1502208341 857673
1502208341 924628
1502208341 991800
1502208342 58994
1502208342 461943
1502208342 529116
1502208342 635356
1502208342 797725
1502208342 931989
1502208342 999245
1502208343 114450
1502208343 210609
1502208343 498288
1502208343 565585
1502208343 632628
1502208343 709753
1502208343 776926
1502208343 844022
1502208343 940228
1502208344 64644
1502208344 141735
1502208344 391297
1502208344 496511
1502208344 717113
1502208345 63106
1502208345 130013
1502208345 465788
1502208345 657230
1502208345 925822
1502208345 993111
1502208346 89254
1502208346 156498
1502208346 328797
1502208346 425202
1502208346 683756
1502208346 750873
1502208346 817926
1502208346 885045
1502208347 29367
1502208347 96583
1502208347 163660
1502208347 230847
1502208347 298003
1502208347 365129
1502208347 432257
1502208347 499478
1502208347 566656
1502208347 633753
1502208347 700855
1502208347 768991
1502208347 836198
1502208347 951229
1502208348 18382
1502208348 85777
1502208348 152797
1502208348 238753
1502208348 305993
1502208348 373103
1502208348 440226
1502208348 507414
1502208348 574866
1502208348 642081
1502208348 709122
1502208348 776305
1502208348 843692
1502208348 910633
1502208348 977721
1502208349 45008
1502208349 112191
1502208349 179278
1502208349 246365
1502208349 313550
1502208349 380736
1502208349 447831
1502208349 515204
1502208349 582111
1502208349 697399
1502208350 215628
1502208350 301766
1502208350 369008
1502208350 436118
1502208350 503272
1502208350 570353
1502208350 637578
1502208350 704786
1502208351 203846
1502208351 377167
1502208351 444364
1502208351 511502
1502208351 578873
1502208351 693907
1502208351 761028
1502208351 828221
1502208351 895375
1502208351 962592
1502208352 29678
1502208352 96829
1502208352 163932
1502208352 250175
1502208352 317425
1502208352 384590
1502208352 451652
1502208352 518870
1502208352 586851
1502208352 654064
1502208352 721256
1502208352 788455
1502208352 878772
1502208352 941760
1502208353 134140
1502208353 201286
1502208353 268354
1502208353 335655
1502208353 402790
1502208353 469930
1502208353 536985
1502208353 604141
1502208353 671370
1502208353 891868
1502208353 959002
1502208354 26116
1502208354 93353
1502208354 160433
1502208354 227693
1502208354 295671
1502208354 362884
1502208354 535281
1502208354 604100
1502208354 890083
1502208355 101569
1502208355 254940
1502208355 581571
1502208355 677769
1502208355 744979
1502208355 812174
1502208355 917350
1502208356 109730
1502208356 195964
1502208356 263198
1502208356 330275
1502208356 455483
1502208356 531801
1502208356 848484
1502208356 915654
1502208357 108021
1502208357 213311
1502208357 280467
1502208357 347551
1502208357 471955
1502208357 539167
1502208357 884818
1502208357 952119
1502208358 67249
1502208358 144354
1502208358 335921
1502208358 403269
1502208358 470179
1502208358 691647
1502208358 845018
1502208358 912183
1502208358 979342
1502208359 46389
1502208359 113706
1502208359 180707
1502208359 286924
1502208359 430321
1502208359 497396
1502208359 650837
1502208359 718026
1502208359 785135
1502208359 852367
1502208359 919484
1502208360 7652
1502208360 72789
1502208360 207173
1502208360 274225
1502208360 620077
1502208360 687211
1502208360 754311
1502208360 821482
1502208360 889560
1502208361 119412
1502208361 254365
1502208361 321499
1502208361 388676
1502208361 483986
1502208361 551133
1502208361 618277
1502208361 724397
1502208361 877861
1502208361 983079
1502208362 127432
1502208362 194564
1502208362 261678
1502208362 328885
1502208362 395983
1502208362 540302
1502208362 607443
1502208362 780833
1502208362 847935
1502208362 915084
1502208362 982262
1502208363 49426
1502208363 490475
1502208363 567658
1502208363 740001
1502208363 816222
1502208363 941492
1502208364 65793
1502208364 172239
1502208364 507761
1502208364 574929
1502208364 642099
1502208364 709217
1502208364 824534
1502208365 35063
1502208365 122175
1502208365 236539
1502208365 707517
1502208365 812678
1502208366 158577
1502208366 283751
1502208366 350913
1502208366 418033
1502208366 494357
1502208366 561502
1502208366 628840
1502208366 753809
1502208367 89588
1502208367 156671
1502208367 224118
1502208367 291068
1502208367 358203
1502208367 425359
1502208367 492524
1502208367 559682
1502208367 636777
1502208367 703921
1502208367 771268
1502208367 838275
1502208367 934535
1502208368 20698
1502208368 222100
1502208368 289294
1502208368 395663
1502208368 606012
1502208368 702184
1502208368 769335
1502208368 836532
1502208368 970888
1502208369 47943
1502208369 115148
1502208369 182321
1502208369 249469
1502208369 316694
1502208369 383786
1502208369 576152
1502208369 643265
1502208369 710465
1502208369 777588
1502208369 844700
1502208369 911914
1502208369 979120
1502208370 46421
1502208370 113767
1502208370 180605
1502208370 247775
1502208370 315306
1502208370 381959
1502208370 449123
1502208370 535396
1502208370 631617
1502208371 73491
1502208371 140659
1502208371 207846
1502208371 274956
1502208371 342136
1502208371 409284
1502208371 476440
1502208371 543627
1502208371 610783
1502208372 52707
1502208372 177055
1502208372 378545
1502208372 445672
1502208372 512876
1502208372 580018
1502208372 647104
1502208372 791478
1502208372 858578
1502208372 964472
1502208373 357718
1502208373 425080
1502208373 511034
1502208373 635411
1502208373 855872
1502208374 19216
1502208374 173614
1502208374 288030
1502208374 384099
1502208374 451314
1502208374 518424
1502208374 585694
1502208374 652682
1502208374 719787
1502208374 787901
1502208374 855051
1502208375 17539
1502208375 84626
1502208375 152685
1502208375 219822
1502208375 287019
1502208375 411370
1502208375 478517
1502208375 545617
1502208375 767169
1502208375 834250
1502208376 35714
1502208376 342412
1502208376 409657
1502208376 553906
1502208376 611087
1502208376 669186
1502208376 774677
1502208376 841606
1502208377 139192
1502208377 369736
1502208377 436821
1502208377 533069
1502208377 600250
1502208377 753609
1502208377 820739
1502208377 907874
1502208378 51436
1502208378 118326
1502208378 329838
1502208378 531323
1502208378 598489
1502208378 665683
1502208378 906112
1502208379 405217
1502208379 481447
1502208379 635775
1502208379 731009
1502208379 798248
1502208380 19586
1502208380 105863
1502208380 182006
1502208380 249202
1502208380 316342
1502208380 421634
1502208380 488819
1502208380 575130
1502208380 709327
1502208380 824820
1502208380 891727
1502208380 997955
1502208381 84143
1502208381 218484
1502208381 380844
1502208381 448864
1502208381 535091
1502208381 602297
1502208381 669384
1502208381 736666
1502208381 803697
1502208381 957145
1502208382 177681
1502208382 254787
1502208382 321961
1502208382 389106
1502208382 609585
1502208382 811107
1502208383 99595
1502208383 223976
1502208383 339293
1502208383 406410
1502208383 502752
1502208383 694331
1502208383 761251
1502208383 828332
1502208383 895587
1502208384 20742
1502208384 538957
1502208384 731354
1502208384 798437
1502208384 865620
1502208384 933005
1502208385 31
1502208385 67227
1502208385 201424
1502208385 268540
1502208385 335665
1502208385 441206
1502208385 508137
1502208385 575332
1502208385 643337
1502208385 719628
1502208386 94371
1502208386 180635
1502208386 266816
1502208386 573602
1502208386 765880
1502208386 833093
1502208386 900240
1502208386 967440
1502208387 34542
1502208387 284199
1502208387 399416
1502208387 591798
1502208387 889432
1502208387 956572
1502208388 23638
1502208388 90913
1502208388 158156
1502208388 225242
1502208388 292361
1502208388 359573
1502208388 426664
1502208388 493816
1502208388 560959
1502208388 628154
1502208388 695291
1502208388 819624
1502208388 887680
1502208388 954795
1502208389 21977
1502208389 89091
1502208389 156343
1502208389 223470
1502208389 290555
1502208389 357722
1502208389 501145
1502208389 578246
1502208389 837809
1502208390 211755
1502208390 375107
1502208390 567427
1502208390 932339
1502208390 999403
1502208391 66528
1502208391 133719
1502208391 200925
1502208391 268255
1502208391 335203
1502208391 402388
1502208391 469497
1502208391 536653
1502208391 603820
1502208391 671031
1502208391 738116
1502208391 805272
1502208391 872432
1502208391 939593
1502208392 6781
1502208392 103174
1502208392 170105
1502208392 304383
1502208392 506761
1502208392 689219
1502208392 775376
1502208392 842563
1502208392 909732
1502208393 4998
1502208393 130217
1502208393 408804
1502208393 475925
1502208393 620273
1502208393 706483
1502208393 840795
1502208394 186506
1502208394 262842
1502208394 330103
1502208394 397144
1502208394 464311
1502208394 531342
1502208394 599443
1502208394 666587
1502208394 732887
1502208394 800956
1502208394 868067
1502208394 935297
1502208395 280038
1502208395 357158
1502208395 424359
1502208395 491613
1502208395 558700
1502208395 625794
1502208395 846341
1502208396 393567
1502208396 470751
1502208396 691330
1502208396 834640
1502208396 901804
1502208396 968997
1502208397 36112
1502208397 123194
1502208397 429931
1502208397 669486
1502208397 794728
1502208397 919990
1502208398 34412
1502208398 226933
1502208398 293947
1502208398 361081
1502208398 428224
1502208398 495504
1502208398 562504
1502208398 629682
1502208398 696900
1502208398 763983
1502208398 831279
1502208398 899216
1502208398 966329
1502208399 33479
1502208399 100870
1502208399 167826
1502208399 235022
1502208399 302113
1502208399 369301
1502208399 436436
1502208399 503612
1502208399 570756
1502208399 637906
1502208399 705073
1502208399 830243
1502208399 897484
1502208399 964572
1502208400 31726
1502208400 98881
1502208400 166086
1502208400 367535
1502208400 434720
1502208400 501813
1502208400 568985
1502208400 636119
1502208400 703362
1502208400 770492
1502208400 837625
1502208400 904758
1502208400 971958
1502208401 39983
1502208401 240515
1502208401 355790
1502208401 422909
1502208401 538181
1502208401 653445
1502208401 807716
1502208401 961067
1502208402 28264
1502208402 104479
1502208402 248844
1502208402 306879
1502208402 412133
1502208402 469366
1502208402 527357
1502208402 584501
1502208402 642613
1502208402 738852
1502208403 151708
1502208403 266111
1502208403 439408
1502208403 592748
1502208403 650968
1502208403 708062
1502208403 804213
1502208403 890421
1502208403 947642
1502208404 198097
1502208404 255237
1502208404 456708
1502208404 514805
1502208404 571908
1502208404 630016
1502208404 687200
1502208404 744445
1502208404 802518
1502208405 272559
1502208405 368712
1502208405 484005
1502208405 561206
1502208405 628316
1502208405 752650
1502208405 810861
1502208405 867891
1502208406 21191
1502208406 79339
1502208406 146482
1502208406 203675
1502208406 261723
1502208406 444167
1502208406 501406
1502208406 559449
1502208406 616539
1502208406 674599
1502208406 731899
1502208406 789949
1502208406 847139
1502208406 905141
1502208406 962347
1502208407 48508
1502208407 135705
1502208407 231055
1502208407 547705
1502208407 826291
1502208407 999649
1502208408 105061
1502208408 258172
1502208408 431511
1502208408 488729
1502208408 546830
1502208408 603973
1502208408 709251
1502208408 767348
1502208408 997823
1502208409 74179
1502208409 132154
1502208409 189517
1502208409 247387
1502208409 304549
1502208409 362639
1502208409 419765
1502208409 477920
1502208409 535114
1502208409 593146
1502208409 650329
1502208409 708401
1502208409 765534
1502208409 832725
1502208409 890768
1502208409 947964
1502208410 6048
1502208410 73235
1502208410 140374
1502208410 207520
1502208410 274662
1502208410 341823
1502208410 398976
1502208410 457091
1502208410 524234
1502208410 591389
1502208410 658503
1502208410 715756
1502208410 773791
1502208410 840922
1502208411 186765
1502208411 369180
1502208411 436264
1502208411 503429
1502208411 570560
1502208411 637706
1502208411 704891
1502208411 820170
1502208412 233059
1502208412 424574
1502208412 597891
1502208412 713116
1502208412 770282
1502208412 828344
1502208412 885586
1502208413 145102
1502208413 451808
1502208413 682373
1502208413 883783
1502208414 28144
1502208414 267694
1502208414 325728
1502208414 489123
1502208414 546256
1502208414 604337
1502208414 824851
1502208415 74400
1502208415 131610
1502208415 189694
1502208415 246885
1502208415 304936
1502208415 362109
1502208415 420278
1502208415 487032
1502208415 544566
1502208415 611384
1502208415 678509
1502208415 746631
1502208415 813771
1502208415 900269
1502208416 14575
1502208416 81819
1502208416 158955
1502208416 255059
1502208416 638997
1502208416 706132
1502208416 840501
1502208416 898547
1502208417 253382
1502208417 311437
1502208417 387661
1502208417 473839
1502208417 599030
1502208417 656249
1502208417 714347
1502208417 781527
1502208417 848643
1502208418 213459
1502208418 347766
1502208418 414966
1502208418 597402
1502208418 798773
1502208418 924021
1502208419 10238
1502208419 115554
1502208419 173610
1502208419 240809
1502208419 307905
1502208419 375046
1502208419 442198
1502208419 509388
1502208419 566560
1502208419 624642
1502208419 691764
1502208419 758969
1502208419 826084
1502208419 893235
1502208419 951344
1502208420 18449
1502208420 85682
1502208420 152720
1502208420 219982
1502208420 287104
1502208420 354239
1502208420 421401
1502208420 488660
1502208420 555773
1502208420 622944
1502208420 863383
1502208421 25813
1502208421 112953
1502208421 275414
1502208421 371551
1502208421 438712
1502208421 505853
1502208421 572962
1502208421 640195
1502208421 707383
1502208421 775372
1502208421 842587
1502208421 909725
1502208421 976923
1502208422 44014
1502208422 111224
1502208422 178350
1502208422 245469
1502208422 312617
1502208422 380008
1502208422 437002
1502208422 495087
1502208422 619470
1502208422 677448
1502208422 734599
1502208422 792702
1502208422 984223
1502208423 42256
1502208423 99472
1502208423 157523
1502208423 214749
1502208423 272846
1502208423 329961
1502208423 388026
1502208423 445201
1502208423 503241
1502208423 560486
1502208423 618531
1502208423 675691
1502208423 829084
1502208423 906180
1502208423 963426
1502208424 30526
1502208424 212911
1502208424 270998
1502208424 703008
1502208424 760174
1502208424 818278
1502208424 875495
1502208424 981554
1502208425 38856
1502208425 96856
1502208425 212107
1502208425 269298
1502208425 509762
1502208425 586022
1502208425 874576
1502208425 931764
1502208425 988914
1502208426 47021
1502208426 114234
1502208426 181333
1502208426 267555
1502208426 373761
1502208426 440805
1502208426 507926
1502208426 575182
1502208426 642365
1502208426 709412
1502208426 776603
1502208426 843783
1502208426 910961
1502208426 978081
1502208427 55260
1502208427 275762
1502208427 352957
1502208427 420059
1502208427 487208
1502208427 554313
1502208427 611550
1502208427 669802
1502208428 24419
1502208428 82719
1502208428 562590
1502208428 629738
1502208428 696862
1502208428 764024
1502208428 831208
1502208428 898350
1502208429 205072
1502208429 282184
1502208429 608922
1502208429 838544
1502208429 906551
1502208430 30890
1502208430 98048
1502208430 500989
1502208430 597200
1502208430 750541
1502208430 952912
1502208431 20067
1502208431 240661
1502208431 307813
1502208431 374925
1502208431 442036
1502208431 509244
1502208431 576389
1502208432 142671
1502208432 209837
1502208432 316019
1502208432 440284
1502208432 507441
1502208432 574634
1502208432 747972
1502208432 834203
1502208432 901330
1502208433 6655
1502208433 73713
1502208433 343262
1502208433 410412
1502208433 477828
1502208433 544753
1502208433 870731
1502208434 24830
1502208434 91982
1502208434 159116
1502208434 312507
1502208434 379631
1502208434 475779
1502208434 543014
1502208434 610102
1502208434 677305
1502208434 763527
1502208434 897845
1502208435 109344
1502208435 176414
1502208435 387903
1502208435 551223
1502208435 665612
1502208435 983210
1502208436 49436
1502208436 183713
1502208436 539515
1502208436 740935
1502208436 808119
1502208436 942405
1502208437 9550
1502208437 86695
1502208437 345291
1502208437 470628
1502208437 537684
1502208437 652994
1502208437 749190
1502208437 921882
1502208437 988851
1502208438 84965
1502208438 181169
1502208438 248319
1502208438 315543
1502208438 391754
1502208438 459041
1502208438 747414
1502208438 833649
1502208438 900781
1502208438 967944
1502208439 112270
1502208439 640475
1502208439 735727
1502208439 812863
1502208439 995246
1502208440 52402
1502208440 177681
1502208440 234808
1502208440 292872
1502208440 360042
1502208440 427181
1502208440 782062
1502208440 878210
1502208440 945335
1502208441 70604
1502208441 166847
1502208441 578844
1502208441 636877
1502208441 723126
1502208441 790268
1502208441 857414
1502208441 915521
1502208442 1896
1502208442 58964
1502208442 136028
1502208442 203178
1502208442 500850
1502208442 645118
1502208442 702289
1502208442 760383
1502208442 827535
1502208442 894646
1502208443 48048
1502208443 144286
1502208443 393811
1502208443 557156
1502208443 739666
1502208444 84386
1502208444 161596
1502208444 219649
1502208444 324897
1502208444 392068
1502208444 459379
1502208444 526335
1502208444 584493
1502208444 652522
1502208444 718849
1502208445 159850
1502208445 381216
1502208445 448648
1502208445 582778
1502208445 640035
1502208445 697989
1502208445 774219
1502208445 918926
1502208446 225179
1502208446 283395
1502208446 619083
1502208446 753595
1502208446 811454
1502208446 868626
1502208446 926869
1502208447 41935
1502208447 109130
1502208447 176355
1502208447 243456
1502208447 310603
1502208447 377749
1502208447 444920
1502208447 512182
1502208447 579248
1502208447 665428
1502208447 790719
1502208447 915122
1502208447 973112
1502208448 69249
1502208448 136423
1502208448 203586
1502208448 298869
1502208448 818141
1502208448 885038
1502208449 485
1502208449 105820
1502208449 220925
1502208449 307070
1502208449 374236
1502208449 441382
1502208449 508586
1502208449 575794
1502208449 642877
1502208449 710228
1502208449 778165
1502208449 845187
1502208449 912376
1502208449 979707
1502208450 46760
1502208450 113917
1502208450 219346
1502208450 286384
1502208450 353495
1502208450 661109
1502208450 728217
1502208450 804481
1502208450 890621
1502208451 92995
1502208451 601194
1502208451 668332
1502208451 735553
1502208451 850774
1502208451 917974
1502208452 4240
1502208452 138459
1502208452 206606
1502208452 273713
1502208452 340876
1502208452 475152
1502208452 647673
1502208452 714724
1502208452 782143
1502208452 926521
1502208453 60511
1502208453 291039
1502208453 358100
1502208453 473394
1502208453 540501
1502208453 674905
1502208453 800129
1502208453 867482
1502208453 982596
1502208454 49782
1502208454 193125
1502208454 251135
1502208454 318334
1502208454 424048
1502208454 500686
1502208454 586950
1502208454 654114
1502208454 721234
1502208454 788448
1502208454 855549
1502208454 932827
1502208454 999860
1502208455 67040
1502208455 134339
1502208455 393751
1502208455 576328
1502208455 729417
1502208455 796886
1502208456 8245
1502208456 75197
1502208456 142340
1502208456 344093
1502208456 401042
1502208456 459114
1502208456 612621
1502208456 670762
1502208456 737895
1502208456 804855
1502208456 862017
1502208456 920263
1502208456 987358
1502208457 54428
1502208457 121497
1502208457 178780
1502208457 303995
1502208457 361270
1502208457 486324
1502208457 543599
1502208457 649707
1502208457 716859
1502208458 71900
1502208458 138883
1502208458 599825
1502208458 696066
1502208458 830398
1502208458 897765
1502208458 964701
1502208459 31894
1502208459 99007
1502208459 166288
1502208459 223336
1502208459 281372
1502208459 358674
1502208459 415727
1502208459 569255
1502208459 723607
1502208459 790670
1502208460 40032
1502208460 97278
1502208460 212684
1502208460 491474
1502208460 558316
1502208460 654836
1502208460 721764
1502208460 788853
1502208460 846048
1502208460 961140
1502208461 28395
1502208461 105646
1502208461 172986
1502208461 451407
1502208461 518363
1502208461 710100
1502208461 768096
1502208461 835294
1502208461 902250
1502208461 969344
1502208462 315410
1502208462 539010
1502208462 603161
1502208462 670279
1502208463 370607
1502208463 428700
1502208463 543918
1502208463 640304
1502208463 745396
1502208463 946936
1502208464 4997
1502208464 177442
1502208464 235448
1502208464 311747
1502208464 369772
1502208464 455978
1502208464 513158
1502208464 657622
1502208464 714830
1502208464 772655
1502208464 829806
1502208464 887875
1502208465 22230
1502208465 89413
1502208465 146725
1502208465 204620
1502208465 262096
1502208465 320303
1502208465 444227
1502208465 511390
1502208465 569423
1502208465 626622
1502208465 684709
1502208465 741899
1502208465 799987
1502208465 857224
1502208465 919047
1502208465 982585
1502208466 39724
1502208466 97632
1502208466 250963
1502208466 308173
1502208466 500757
1502208466 557788
1502208466 702189
1502208466 760285
1502208466 817213
1502208466 875464
1502208466 932488
1502208467 66953
1502208467 287341
1502208467 364520
1502208467 498789
1502208467 556837
1502208467 614174
1502208467 672377
1502208467 729487
1502208467 787375
1502208467 844534
1502208467 902592
1502208467 959912
1502208468 209607
1502208468 266657
1502208468 324560
1502208468 612274
1502208468 670393
1502208468 727536
1502208469 6296
1502208469 64188
1502208469 121421
1502208469 255650
1502208469 313996
1502208469 399980
1502208469 601438
1502208469 658843
1502208469 832291
1502208470 129607
1502208470 186795
1502208470 244908
1502208470 302064
1502208470 360389
1502208470 417324
1502208470 494463
1502208470 609742
1502208470 676910
1502208470 935684
1502208471 12695
1502208471 70027
1502208471 195243
1502208471 252448
1502208471 310351
1502208471 405553
1502208471 511053
1502208471 578000
1502208471 645295
1502208471 712322
1502208471 779464
1502208471 846821
1502208471 913993
1502208472 87099
1502208472 154203
1502208472 221426
1502208472 538103
1502208472 682503
1502208472 749505
1502208472 912930
1502208473 104420
1502208473 171546
1502208473 238939
1502208473 344899
1502208473 411980
1502208473 479216
1502208473 546546
1502208473 613467
1502208473 680790
1502208473 747826
1502208473 815165
1502208473 882099
1502208473 949234
1502208474 16520
1502208474 83816
1502208474 150786
1502208474 217863
1502208474 285155
1502208474 352203
1502208474 419547
1502208474 486446
1502208474 554568
1502208474 621728
1502208474 688873
1502208474 756094
1502208474 823185
1502208474 890337
1502208474 957516
1502208475 24624
1502208475 91815
1502208475 159175
1502208475 226118
1502208475 293250
1502208475 360415
1502208475 427606
1502208475 494728
1502208475 561861
1502208475 629082
1502208475 955802
1502208476 41940
1502208476 119122
1502208476 186238
1502208476 320580
1502208476 387726
1502208476 454924
1502208476 685615
1502208476 781577
1502208476 848709
1502208476 915857
1502208476 983073
1502208477 222734
1502208477 289726
1502208477 357007
1502208477 424094
1502208477 482150
1502208477 549287
1502208477 616435
1502208477 683598
1502208477 750786
1502208478 58427
1502208478 259857
1502208478 490434
1502208478 585708
1502208478 672812
1502208478 759020
1502208478 826146
1502208478 893352
1502208479 8586
1502208479 210044
1502208479 354363
1502208479 421907
1502208479 526841
1502208479 593897
1502208479 661093
1502208479 728227
1502208479 795370
1502208480 35838
1502208480 103112
1502208480 275488
1502208480 342816
1502208480 409750
1502208480 476881
1502208480 544079
1502208480 611262
1502208480 679251
1502208480 746471
1502208480 813588
1502208480 880764
1502208480 947913
1502208481 15023
1502208481 82477
1502208481 149390
1502208481 216488
1502208481 283643
1502208481 350909
1502208481 417951
1502208481 485093
1502208481 552316
1502208481 619490
1502208481 782844
1502208481 898272
1502208482 157537
1502208482 300996
1502208482 397139
1502208482 512470
1502208482 742904
1502208482 810036
1502208483 2440
1502208483 69622
1502208483 136808
1502208483 242065
1502208483 338263
1502208483 462564
1502208483 558827
1502208483 625889
1502208483 684047
1502208483 751166
1502208484 722
1502208484 96078
1502208484 173166
1502208484 240281
1502208484 307494
1502208484 374609
1502208484 441776
1502208484 508894
1502208484 576060
1502208484 643433
1502208484 710365
1502208484 777545
1502208484 950976
1502208485 37104
1502208485 391911
1502208485 459144
1502208485 526268
1502208485 593407
1502208485 651505
1502208485 891028
1502208485 949103
1502208486 16279
1502208486 83445
1502208486 150546
1502208486 246771
1502208486 458275
1502208486 745893
1502208486 966423
1502208487 91669
1502208487 331263
1502208487 657932
1502208487 782289
1502208487 849378
1502208487 907495
1502208487 974707
1502208488 41799
1502208488 108904
1502208488 176090
1502208488 243286
1502208488 310414
1502208488 377564
1502208488 444753
1502208488 512137
1502208488 579100
1502208488 809668
1502208489 222503
1502208489 289824
1502208489 356758
1502208489 423951
1502208489 692510
1502208489 750617
1502208489 817773
1502208489 884867
1502208489 952110
1502208490 19212
1502208490 86417
1502208490 153543
1502208490 220719
1502208490 287867
1502208490 364949
1502208490 432143
1502208490 499299
1502208490 566482
1502208490 633640
1502208490 700790
1502208490 758906
1502208490 893148
1502208491 421268
1502208491 843332
1502208491 939475
1502208492 92862
1502208492 342470
1502208492 409531
1502208492 467709
1502208492 534837
1502208492 602201
1502208492 669318
1502208492 736296
1502208492 803425
1502208492 870559
1502208492 937761
1502208493 4961
1502208493 72087
1502208493 139418
1502208493 206354
1502208493 264458
1502208493 331626
1502208493 398718
1502208493 465971
1502208493 533112
1502208493 600236
1502208493 667376
1502208493 734486
1502208493 801730
1502208493 868866
1502208493 936008
1502208494 3159
1502208494 70322
1502208494 128381
1502208494 195526
1502208494 262763
1502208494 329836
1502208494 397018
1502208494 636575
1502208494 771852
1502208494 829061
1502208494 887230
1502208494 944385
1502208495 21442
1502208495 78768
1502208495 136575
1502208495 193745
1502208495 250941
1502208495 328105
1502208495 424218
1502208495 529638
1502208495 587864
1502208495 644886
1502208495 703199
1502208495 770031
1502208495 827403
1502208495 885478
1502208496 87152
1502208496 183170
1502208496 307451
1502208496 365381
1502208496 537854
1502208496 682124
1502208496 777401
1502208496 835513
1502208496 892631
1502208496 950812
1502208497 7839
1502208497 65909
1502208497 123141
1502208497 181441
1502208497 238378
