1501489724 631052
1501489724 708379
1501489724 910058
1501489724 987667
1501489725 64309
1501489725 162921
1501489725 237569
1501489725 324186
1501489725 399922
1501489725 475342
1501489725 559234
1501489725 628486
1501489725 696903
1501489725 772498
1501489725 839251
1501489725 908705
1501489726 3634
1501489726 312379
1501489726 655959
1501489726 848010
1501489726 975940
1501489727 51184
1501489727 159887
1501489727 231226
1501489727 299563
1501489727 655086
1501489727 892589
1501489727 971471
1501489728 50674
1501489728 124267
1501489728 190566
1501489728 259812
1501489728 334432
1501489728 401091
1501489728 468862
1501489728 535339
1501489728 604659
1501489728 679962
1501489728 748310
1501489728 825422
1501489729 294389
1501489729 372471
1501489729 447472
1501489729 794544
1501489729 891545
1501489729 967747
1501489730 42615
1501489730 109410
1501489730 329858
1501489730 577983
1501489730 649352
1501489730 747018
1501489730 878455
1501489730 955694
1501489731 203622
1501489731 270466
1501489731 337650
1501489731 404403
1501489731 473353
1501489731 538388
1501489731 608125
1501489731 691031
1501489731 806249
1501489731 895092
1501489731 961402
1501489732 28820
1501489732 94742
1501489732 162226
1501489732 232278
1501489732 308429
1501489732 476130
1501489732 549268
1501489732 625420
1501489732 702688
1501489732 776991
1501489732 987049
1501489733 306324
1501489733 383666
1501489733 468556
1501489733 537873
1501489733 611213
1501489733 678393
1501489733 836941
1501489734 14645
1501489734 83326
1501489734 164979
1501489734 323056
1501489734 400829
1501489734 477877
1501489734 553038
1501489734 619569
1501489734 710923
1501489734 784607
1501489734 859411
1501489734 936170
1501489735 4521
1501489735 82066
1501489735 157759
1501489735 235645
1501489735 312103
1501489735 488947
1501489735 561185
1501489735 637520
1501489735 726583
1501489735 798826
1501489735 865603
1501489735 933508
1501489736 93443
1501489736 164199
1501489736 232325
1501489736 309286
1501489736 385999
1501489736 460183
1501489736 528889
1501489736 604498
1501489736 673500
1501489736 749936
1501489736 825588
1501489736 893892
1501489736 971718
1501489737 47697
1501489737 122936
1501489737 189618
1501489737 256721
1501489737 324179
1501489737 390958
1501489737 460194
1501489737 537744
1501489737 614309
1501489737 691079
1501489737 767420
1501489737 842298
1501489737 909424
1501489737 979003
1501489738 53041
1501489738 152664
1501489738 222588
1501489738 290329
1501489738 357426
1501489738 425136
1501489738 492186
1501489738 559544
1501489738 626442
1501489738 691938
1501489738 758726
1501489738 828198
1501489738 895520
1501489739 17384
1501489739 87691
1501489739 152867
1501489739 219461
1501489739 286466
1501489739 369337
1501489739 612210
1501489739 681835
1501489739 748107
1501489739 815508
1501489739 884841
1501489739 949008
1501489740 16600
1501489740 85204
1501489740 152645
1501489740 218245
1501489740 491317
1501489740 569131
1501489740 675610
1501489740 752659
1501489740 827994
1501489740 906483
1501489740 981120
1501489741 60326
1501489741 134583
1501489741 213679
1501489741 290761
1501489741 367119
1501489741 442144
1501489741 520397
1501489741 597335
1501489741 697772
1501489741 769667
1501489741 843868
1501489741 920744
1501489741 997214
1501489742 74278
1501489742 151632
1501489742 228086
1501489742 307214
1501489742 383266
1501489742 458261
1501489742 538076
1501489742 611794
1501489742 690983
1501489742 765126
1501489742 842354
1501489742 918574
1501489742 997599
1501489743 71814
1501489743 149113
1501489743 225527
1501489743 304349
1501489743 402442
1501489743 474568
1501489743 553897
1501489743 628274
1501489743 707228
1501489743 783376
1501489743 858653
1501489743 937496
1501489744 14227
1501489744 89416
1501489744 165443
1501489744 244747
1501489744 320843
1501489744 473554
1501489744 732945
1501489744 820645
1501489744 897153
1501489744 974463
1501489745 145316
1501489745 221891
1501489745 298013
1501489745 510056
1501489745 660568
1501489745 732099
1501489745 807079
1501489745 911266
1501489745 986795
1501489746 55951
1501489746 155503
1501489746 228479
1501489746 303230
1501489746 369910
1501489746 463735
1501489746 569696
1501489746 640832
1501489746 716403
1501489746 876889
1501489747 113852
1501489747 186180
1501489747 421452
1501489747 546425
1501489747 922119
1501489748 62842
1501489748 137025
1501489748 215849
1501489748 291962
1501489748 369096
1501489748 443051
1501489748 509583
1501489748 715717
1501489748 874295
1501489748 942374
1501489749 78906
1501489749 195506
1501489749 494645
1501489749 568812
1501489749 642909
1501489749 711558
1501489749 788979
1501489749 863913
1501489749 931937
1501489750 9782
1501489750 85757
1501489750 163011
1501489750 304677
1501489750 371259
1501489750 629149
1501489750 795998
1501489750 870704
1501489750 937151
1501489751 6393
1501489751 82423
1501489751 150832
1501489751 227451
1501489751 302631
1501489751 371292
1501489751 449013
1501489751 635855
1501489751 751449
1501489751 946877
1501489752 24986
1501489752 235586
1501489752 313145
1501489752 389440
1501489752 466450
1501489752 541374
1501489752 610076
1501489752 684868
1501489752 753719
1501489752 831127
1501489752 993831
1501489753 68715
1501489753 137320
1501489753 213551
1501489753 289136
1501489753 511378
1501489753 587434
1501489753 655550
1501489753 733146
1501489753 809286
1501489753 885000
1501489753 962834
1501489754 37892
1501489754 104718
1501489754 186645
1501489754 258464
1501489754 325006
1501489754 457646
1501489754 527446
1501489755 232067
1501489755 304725
1501489755 371366
1501489755 440549
1501489755 517182
1501489755 594439
1501489755 670438
1501489755 747622
1501489755 824804
1501489755 901120
1501489755 976388
1501489756 128168
1501489756 196872
1501489756 293294
1501489756 366194
1501489756 588946
1501489756 986662
1501489757 56584
1501489757 125282
1501489757 192299
1501489757 257408
1501489757 400690
1501489757 468770
1501489757 535825
1501489757 605219
1501489757 671524
1501489757 738563
1501489757 805820
1501489757 870912
1501489757 940125
1501489758 7458
1501489758 72568
1501489758 141935
1501489758 207760
1501489758 277895
1501489758 341928
1501489758 409800
1501489758 479295
1501489758 543827
1501489758 613435
1501489758 683328
1501489758 756060
1501489758 837454
1501489758 906938
1501489758 976961
1501489759 41550
1501489759 110876
1501489759 175835
1501489759 242914
1501489759 311961
1501489759 379157
1501489759 444389
1501489759 512643
1501489759 579998
1501489759 683298
1501489759 751895
1501489759 819113
1501489759 883880
1501489759 951199
1501489760 35598
1501489760 110684
1501489760 188669
1501489760 255185
1501489760 322369
1501489760 400220
1501489760 468344
1501489760 630983
1501489760 734485
1501489760 821584
1501489760 894577
1501489760 961685
1501489761 28827
1501489761 95861
1501489761 279774
1501489761 354260
1501489761 420625
1501489761 488218
1501489761 580626
1501489761 651754
1501489761 720350
1501489761 797313
1501489761 872213
1501489761 940893
1501489762 18483
1501489762 92893
1501489762 159276
1501489762 227218
1501489762 295840
1501489762 373127
1501489762 449370
1501489762 524777
1501489762 591536
1501489762 659225
1501489762 784169
1501489762 850814
1501489762 919561
1501489763 18606
1501489763 89076
1501489763 159241
1501489763 235798
1501489763 312130
1501489763 387476
1501489763 456225
1501489763 530948
1501489763 609447
1501489763 684060
1501489763 865368
1501489763 939418
1501489764 23089
1501489764 273296
1501489764 347200
1501489764 414252
1501489764 509103
1501489764 578182
1501489764 655720
1501489764 732670
1501489764 807204
1501489764 875728
1501489764 951543
1501489765 19997
1501489765 95804
1501489765 162366
1501489765 231945
1501489765 306338
1501489765 449334
1501489765 517857
1501489765 586520
1501489765 663069
1501489765 740356
1501489765 815334
1501489765 881907
1501489765 949114
1501489766 18426
1501489766 93276
1501489766 160192
1501489766 229243
1501489766 303867
1501489766 372624
1501489766 476352
1501489766 542225
1501489766 611352
1501489766 687155
1501489766 755766
1501489766 832532
1501489766 909885
1501489766 984378
1501489767 52758
1501489767 127896
1501489767 201456
1501489767 326635
1501489767 400294
1501489767 474471
1501489767 551843
1501489767 742223
1501489767 836369
1501489767 906699
1501489768 130149
1501489768 204710
1501489768 431592
1501489768 502050
1501489768 576392
1501489768 655286
1501489768 911885
1501489768 979245
1501489769 46252
1501489769 115280
1501489769 192509
1501489769 568228
1501489769 758558
1501489769 835738
1501489769 910108
1501489769 989042
1501489770 78955
1501489770 243787
1501489770 312524
1501489770 448900
1501489770 523796
1501489770 639604
1501489770 718541
1501489770 850487
1501489770 927471
1501489771 3954
1501489771 82958
1501489771 158326
1501489771 234020
1501489771 550225
1501489771 638891
1501489771 715713
1501489771 789808
1501489771 880146
1501489771 952956
1501489772 32035
1501489772 106336
1501489772 322085
1501489772 462449
1501489772 615573
1501489772 691329
1501489772 945846
1501489773 161276
1501489773 246963
1501489773 431503
1501489773 508460
1501489773 582927
1501489773 754303
1501489773 922002
1501489774 72293
1501489774 161569
1501489774 235218
1501489774 422042
1501489774 554447
1501489774 632261
1501489774 705698
1501489774 785296
1501489775 26630
1501489775 188814
1501489775 390471
1501489775 583007
1501489775 657477
1501489775 741257
1501489775 817978
1501489776 44401
1501489776 117615
1501489776 192578
1501489776 268705
1501489776 345479
1501489776 421776
1501489776 500992
1501489776 598997
1501489776 671137
1501489776 750342
1501489776 826679
1501489776 903728
1501489776 981117
1501489777 97826
1501489777 172492
1501489777 247805
1501489777 325910
1501489777 403116
1501489777 480203
1501489777 661722
1501489777 790019
1501489777 937965
1501489778 149003
1501489778 227727
1501489778 303170
1501489778 381080
1501489778 458221
1501489778 532474
1501489778 601777
1501489778 677210
1501489778 785084
1501489778 884744
1501489778 953554
1501489779 59345
1501489779 327702
1501489779 423408
1501489779 607039
1501489779 672688
1501489779 781257
1501489780 45473
1501489780 122667
1501489780 191471
1501489780 257839
1501489780 324955
1501489780 394022
1501489780 458982
1501489780 584802
1501489780 651317
1501489780 720438
1501489780 822686
1501489780 891594
1501489780 960844
1501489781 356784
1501489781 479765
1501489781 653135
1501489781 728806
1501489781 805763
1501489781 944242
1501489782 76063
1501489782 188183
1501489782 254209
1501489782 321033
1501489782 388882
1501489782 458711
1501489782 541311
1501489782 608746
1501489782 678941
1501489782 753667
1501489782 820211
1501489782 887490
1501489782 954471
1501489783 21970
1501489783 88798
1501489783 177529
1501489783 249263
1501489783 317911
1501489783 382636
1501489783 450509
1501489783 518784
1501489783 615294
1501489783 821281
1501489783 942265
1501489784 87546
1501489784 162824
1501489784 227184
1501489784 294845
1501489784 364361
1501489784 465957
1501489784 534565
1501489784 610941
1501489784 677700
1501489784 745424
1501489784 814311
1501489784 879445
1501489784 946862
1501489785 15764
1501489785 82885
1501489785 369211
1501489785 435678
1501489785 687983
1501489785 808812
1501489785 880092
1501489786 124868
1501489786 194976
1501489786 261848
1501489786 329072
1501489786 395851
1501489786 464741
1501489786 531954
1501489786 599063
1501489786 666183
1501489786 731729
1501489786 798875
1501489786 866531
1501489786 960084
1501489787 425733
1501489787 500444
1501489787 566914
1501489787 652801
1501489787 721352
1501489787 788665
1501489787 855801
1501489787 923002
1501489787 992195
1501489788 65933
1501489788 135220
1501489788 258359
1501489788 374567
1501489788 570009
1501489788 642846
1501489788 711401
1501489788 776649
1501489788 845585
1501489788 912644
1501489788 980154
1501489789 47080
1501489789 112699
1501489789 182725
1501489789 259177
1501489789 325737
1501489789 398337
1501489789 468555
1501489789 535108
1501489789 602650
1501489789 669239
1501489789 767243
1501489789 951259
1501489790 49380
1501489790 122962
1501489790 200174
1501489790 276431
1501489790 353800
1501489790 428515
1501489790 497480
1501489790 572162
1501489790 640870
1501489790 720699
1501489790 894855
1501489790 965601
1501489791 32639
1501489791 102276
1501489791 178761
1501489791 255365
1501489791 322273
1501489791 387340
1501489791 454857
1501489791 524128
1501489791 598696
1501489791 665672
1501489791 734629
1501489791 799702
1501489791 866867
1501489791 934498
1501489792 2004
1501489792 71185
1501489792 148295
1501489792 225324
1501489792 301723
1501489792 378682
1501489792 453106
1501489792 521709
1501489792 599831
1501489792 673871
1501489792 740948
1501489792 808238
1501489792 877809
1501489792 985914
1501489793 234851
1501489793 307194
1501489793 374085
1501489793 444362
1501489793 517536
1501489793 586246
1501489793 671531
1501489793 825704
1501489793 891910
1501489793 961152
1501489794 35781
1501489794 102511
1501489794 172132
1501489794 249063
1501489794 394520
1501489794 536204
1501489794 614404
1501489794 688936
1501489794 857911
1501489794 929062
1501489794 997736
1501489795 75499
1501489795 151944
1501489795 228686
1501489795 303730
1501489795 372494
1501489795 446915
1501489795 516056
1501489795 592858
1501489795 670216
1501489795 744711
1501489795 813385
1501489795 888858
1501489796 1691
1501489796 74145
1501489796 147846
1501489796 216345
1501489796 294208
1501489796 369125
1501489796 615648
1501489796 688670
1501489796 763310
1501489796 839251
1501489796 979265
1501489797 56234
1501489797 142642
1501489797 231651
1501489797 343864
1501489797 412030
1501489797 493113
1501489797 567232
1501489797 642310
1501489797 710355
1501489797 861652
1501489797 943857
1501489798 174532
1501489798 250072
1501489798 322655
1501489798 587262
1501489798 664207
1501489798 854421
1501489798 929129
1501489799 4358
1501489799 168489
1501489799 273715
1501489799 341839
1501489799 430230
1501489799 505875
1501489799 590986
1501489799 730347
1501489799 925394
1501489800 46736
1501489800 118346
1501489800 184815
1501489800 252041
1501489800 363533
1501489800 613447
1501489800 865702
1501489800 933616
1501489801 65642
1501489801 212728
1501489801 292278
1501489801 365112
1501489801 568148
1501489801 643268
1501489801 735321
1501489801 807217
1501489801 941393
1501489802 7840
1501489802 77575
1501489802 152046
1501489802 219161
1501489802 286720
1501489802 355224
1501489802 453781
1501489802 524373
1501489802 593525
1501489802 662714
1501489802 734695
1501489802 801974
1501489802 870993
1501489802 938060
1501489803 72000
1501489803 138688
1501489803 243742
1501489803 409969
1501489803 689338
1501489803 764562
1501489804 200162
1501489804 273412
1501489804 349863
1501489804 424542
1501489804 493707
1501489804 569444
1501489804 636051
1501489804 705018
1501489804 780833
1501489804 849179
1501489804 924304
1501489804 992753
1501489805 70313
1501489805 145644
1501489805 212374
1501489805 279504
1501489805 349411
1501489805 444979
1501489805 850870
1501489805 939319
1501489806 11514
1501489806 155571
1501489806 232125
1501489806 308647
1501489806 383471
1501489806 452361
1501489806 529597
1501489806 605980
1501489806 683150
1501489806 759377
1501489806 834620
1501489806 903146
1501489806 977780
1501489807 46830
1501489807 124392
1501489807 200422
1501489807 292711
1501489807 361832
1501489807 430187
1501489807 507369
1501489807 719574
1501489808 798
1501489808 170311
1501489808 244778
1501489808 320119
1501489808 439524
1501489808 602114
1501489808 693038
1501489808 819838
1501489808 898725
1501489808 972775
1501489809 361489
1501489809 436442
1501489809 513521
1501489809 587544
1501489809 664477
1501489809 741403
1501489809 817939
1501489809 897167
1501489809 971299
1501489810 262510
1501489810 338203
1501489810 441043
1501489810 506256
1501489810 599622
1501489810 672154
1501489810 747708
1501489810 816313
1501489810 891018
1501489810 959657
1501489811 37832
1501489811 114666
1501489811 188145
1501489811 255061
1501489811 322232
1501489811 391440
1501489811 458311
1501489811 524475
1501489811 593759
1501489811 669101
1501489811 735945
1501489811 802873
1501489811 869450
1501489811 938816
1501489812 14344
1501489812 83057
1501489812 238091
1501489812 449509
1501489812 564531
1501489812 678961
1501489812 752765
1501489812 858312
1501489813 111336
1501489813 198752
1501489813 271664
1501489813 338886
1501489813 408083
1501489813 506801
1501489813 629353
1501489813 757754
1501489813 924788
1501489814 1259
1501489814 69807
1501489814 295699
1501489814 463886
1501489814 540476
1501489814 616516
1501489814 700001
1501489814 860457
1501489815 13538
1501489815 87650
1501489815 163551
1501489815 240829
1501489815 315855
1501489815 384361
1501489815 459188
1501489815 528343
1501489815 603119
1501489815 670055
1501489815 736926
1501489815 806124
1501489815 882605
1501489815 959922
1501489816 35189
1501489816 189892
1501489816 691926
1501489816 766000
1501489816 843611
1501489816 919742
1501489816 996866
1501489817 72411
1501489817 147979
1501489817 230937
1501489817 301479
1501489817 474162
1501489817 713752
1501489817 845155
1501489817 915930
1501489818 33445
1501489818 115053
1501489818 202664
1501489818 274019
1501489818 350169
1501489818 427261
1501489818 503676
1501489818 682281
1501489818 750906
1501489818 839938
1501489818 914017
1501489818 983351
1501489819 58486
1501489819 127435
1501489819 455869
1501489819 530591
1501489819 673661
1501489819 768476
1501489819 835089
1501489819 964045
1501489820 39843
1501489820 204502
1501489820 351105
1501489820 423678
1501489820 499858
1501489820 635228
1501489820 756627
1501489820 835605
1501489820 912679
1501489820 989479
1501489821 65793
1501489821 141746
1501489821 217805
1501489821 385385
1501489821 490137
1501489821 562361
1501489821 736484
1501489821 813040
1501489821 888558
1501489821 956450
1501489822 22733
1501489822 91664
1501489822 168814
1501489822 257467
1501489822 331940
1501489822 408926
1501489822 484211
1501489822 596809
1501489822 782028
1501489822 860524
1501489822 937565
1501489823 11539
1501489823 80202
1501489823 156176
1501489823 224588
1501489823 302540
1501489823 376463
1501489823 443073
1501489823 518135
1501489823 712762
1501489823 835167
1501489823 904506
1501489823 971058
1501489824 90985
1501489824 314338
1501489824 456626
1501489824 539756
1501489824 646896
1501489824 720855
1501489824 942334
1501489825 18538
1501489825 85001
1501489825 154159
1501489825 229691
1501489825 298399
1501489825 372924
1501489825 442468
1501489825 626572
1501489825 733965
1501489825 966472
1501489826 35954
1501489826 104409
1501489826 180284
1501489826 246429
1501489826 443712
1501489826 519045
1501489826 592183
1501489826 659212
1501489826 728396
1501489826 823170
1501489826 889984
1501489827 104871
1501489827 256852
1501489827 327437
1501489827 396244
1501489827 461102
1501489827 833490
1501489827 903313
1501489827 970868
1501489828 93376
1501489828 206638
1501489828 277228
1501489828 439367
1501489828 507621
1501489828 577575
1501489828 644156
1501489828 711142
1501489828 776158
1501489828 843973
1501489828 911291
1501489828 980326
1501489829 47688
1501489829 112727
1501489829 186605
1501489829 385330
1501489829 957423
1501489830 82842
1501489830 156873
1501489830 233356
1501489830 312283
1501489830 386303
1501489830 463680
1501489830 539845
1501489830 637779
1501489830 715113
1501489830 791322
1501489830 869254
1501489830 945620
1501489831 19834
1501489831 97001
1501489831 175282
1501489831 250293
1501489831 327528
1501489831 491357
1501489831 820920
1501489831 951647
1501489832 28217
1501489832 106296
1501489832 211269
1501489832 466735
1501489832 613077
1501489832 790711
1501489832 951526
1501489833 28294
1501489833 104402
1501489833 192864
1501489833 265814
1501489833 365587
1501489833 438709
1501489833 528278
1501489833 685381
1501489834 62715
1501489834 192519
1501489834 512355
1501489834 590997
1501489834 746720
1501489834 821526
1501489835 169917
1501489835 326600
1501489835 400001
1501489835 488382
1501489835 562245
1501489835 637092
1501489835 716348
1501489835 809081
1501489835 886701
1501489835 965786
1501489836 41958
1501489836 143214
1501489836 213573
1501489836 291731
1501489836 366651
1501489836 443151
1501489836 519975
1501489836 599323
1501489836 673478
1501489836 750657
1501489836 829005
1501489836 905886
1501489836 981037
1501489837 56994
1501489837 342778
1501489837 412205
1501489837 489194
1501489837 566506
1501489837 644736
1501489837 721845
1501489837 962961
1501489838 36635
1501489838 384005
1501489838 458560
1501489838 537513
1501489838 613652
1501489838 688950
1501489838 766331
1501489838 903918
1501489838 979772
1501489839 96050
1501489839 416479
1501489839 487879
1501489839 562065
1501489839 641286
1501489839 718653
1501489839 794442
1501489839 871744
1501489839 947916
1501489840 23239
1501489840 102405
1501489840 335004
1501489840 407726
1501489840 509111
1501489840 620408
1501489840 697144
1501489840 772127
1501489840 850839
1501489840 927262
1501489841 2701
1501489841 80719
1501489841 157890
1501489841 262421
1501489841 338110
1501489841 608465
1501489841 684208
1501489841 866090
1501489841 943526
1501489842 21898
1501489842 99055
1501489842 174042
1501489842 250013
1501489842 329472
1501489842 405676
1501489842 481090
1501489842 559900
1501489842 636202
1501489842 713256
1501489842 790442
1501489842 967639
1501489843 39745
1501489843 160375
1501489843 231499
1501489843 306546
1501489843 383046
1501489843 459846
1501489843 560295
1501489843 631041
1501489843 848967
1501489843 972128
1501489844 126887
1501489844 233345
1501489844 354493
1501489844 426164
1501489844 506390
1501489844 595774
1501489844 665136
1501489844 734267
1501489844 812261
1501489844 885622
1501489844 955225
1501489845 29956
1501489845 184010
1501489845 250546
1501489845 318070
1501489845 471124
1501489845 661696
1501489845 733106
1501489845 810456
1501489845 977684
1501489846 49178
1501489846 187598
1501489846 258722
1501489846 326211
1501489846 392891
1501489846 462613
1501489846 539871
1501489846 616614
1501489846 693220
1501489846 768716
1501489846 844792
1501489846 911287
1501489846 980359
1501489847 113364
1501489847 272412
1501489847 432083
1501489847 507055
1501489847 575785
1501489847 686466
1501489847 755569
1501489847 822667
1501489847 891282
1501489847 956506
1501489848 24228
1501489848 90888
1501489848 159966
1501489848 227184
1501489848 294272
1501489848 359605
1501489848 567498
1501489848 638999
1501489848 708249
1501489848 782279
1501489848 850853
1501489848 917916
1501489848 982846
1501489849 51862
1501489849 118088
1501489849 185758
1501489849 252249
1501489849 322024
1501489849 398330
1501489849 462792
1501489849 555921
1501489849 627091
1501489849 695505
1501489849 763161
1501489849 829943
1501489849 929340
1501489850 517
1501489850 69597
1501489850 134198
1501489850 494821
1501489850 569620
1501489850 644072
1501489850 712187
1501489850 779971
1501489850 846364
1501489850 911972
1501489851 98002
1501489851 171854
1501489851 404827
1501489851 481230
1501489851 611479
1501489851 989867
1501489852 56145
1501489852 123877
1501489852 190402
1501489852 258278
1501489852 325501
1501489852 390985
1501489852 460222
1501489852 590270
1501489852 807870
1501489852 880691
1501489852 947551
1501489853 16712
1501489853 315651
1501489853 391675
1501489853 457088
1501489853 522861
1501489853 725007
1501489853 792795
1501489853 862148
1501489853 940419
1501489854 14809
1501489854 81438
1501489854 325273
1501489854 399117
1501489854 529944
1501489854 719624
1501489854 898924
1501489854 974768
1501489855 264047
1501489855 647712
1501489855 712930
1501489855 840581
1501489855 912616
1501489855 980109
1501489856 49553
1501489856 114567
1501489856 183531
1501489856 376988
1501489856 439309
1501489856 562080
1501489856 632543
1501489856 701596
1501489856 769042
1501489856 835566
1501489856 901367
1501489856 970075
1501489857 35496
1501489857 102741
1501489857 169383
1501489857 239287
1501489857 375532
1501489857 449990
1501489857 865275
1501489857 941775
1501489858 52482
1501489858 120235
1501489858 288127
1501489858 588895
1501489858 679314
1501489858 746248
1501489858 813394
1501489858 878930
1501489858 948100
1501489859 33684
1501489859 328640
1501489859 399352
1501489859 485456
1501489859 550896
1501489859 681423
1501489859 752271
1501489859 821953
1501489859 898633
1501489859 963800
1501489860 105827
1501489860 174387
1501489860 241841
1501489860 309357
1501489860 376172
1501489860 444328
1501489860 510996
1501489860 872025
1501489860 945153
1501489861 19801
1501489861 106698
1501489861 195062
1501489861 270773
1501489861 367786
1501489861 445217
1501489861 518620
1501489861 585541
1501489861 653370
1501489861 720026
1501489861 787482
1501489861 854954
1501489861 961560
1501489862 63460
1501489862 135358
1501489862 397051
1501489862 499167
1501489862 568116
1501489862 644173
1501489862 710835
1501489862 848076
1501489863 34245
1501489863 299784
1501489863 533644
1501489863 602201
1501489863 671704
1501489863 815611
1501489863 982721
1501489864 64352
1501489864 234116
1501489864 302881
1501489864 369376
1501489864 438583
1501489864 609370
1501489864 679358
1501489864 756011
1501489864 833474
1501489864 910533
1501489864 986460
1501489865 61687
1501489865 128816
1501489865 197898
1501489865 274434
1501489865 348248
1501489865 417760
1501489865 482563
1501489865 552314
1501489865 626186
1501489865 695764
1501489865 772263
1501489865 839894
1501489865 916195
1501489865 980942
1501489866 51255
1501489866 123409
1501489866 190707
1501489866 257913
1501489866 349217
1501489866 427038
1501489866 502074
1501489866 581260
1501489866 655534
1501489866 734672
1501489866 811242
1501489866 887680
1501489866 964772
1501489867 41345
1501489867 118630
1501489867 195741
1501489867 270069
1501489867 347110
1501489867 424283
1501489867 500594
1501489867 603143
1501489867 708227
1501489867 772135
1501489867 839693
1501489867 906580
1501489867 973622
1501489868 42439
1501489868 112069
1501489868 177296
1501489868 270122
1501489868 337624
1501489868 404999
1501489868 475004
1501489868 554078
1501489868 679801
1501489868 752024
1501489868 820542
1501489869 32256
1501489869 152508
1501489869 309893
1501489869 377801
1501489869 445038
1501489869 509889
1501489869 669859
1501489869 759447
1501489869 826395
1501489870 29141
1501489870 95000
1501489870 253596
1501489870 381168
1501489870 452668
1501489870 517394
1501489870 586585
1501489870 684712
1501489870 866543
1501489871 69190
1501489871 141916
1501489871 208650
1501489871 277776
1501489871 465045
1501489871 625612
1501489871 842906
1501489871 910347
1501489872 122457
1501489872 425760
1501489872 622770
1501489872 694787
1501489872 764166
1501489872 833739
1501489872 900511
1501489872 965415
1501489873 35296
1501489873 102223
1501489873 167693
1501489873 234550
1501489873 304133
1501489873 369171
1501489873 436912
1501489873 573245
1501489873 641552
1501489873 714786
1501489873 783795
1501489874 61302
1501489874 129926
1501489874 194200
1501489874 261330
1501489874 331132
1501489874 397156
1501489874 587364
1501489874 667917
1501489874 981800
1501489875 51003
1501489875 117955
1501489875 185628
1501489875 252622
1501489875 559786
1501489875 624415
1501489875 692010
1501489875 759267
1501489875 828282
1501489875 895315
1501489875 961034
1501489876 28268
1501489876 97475
1501489876 162547
1501489876 231643
1501489876 296910
1501489876 366557
1501489876 431226
1501489876 498851
1501489876 568123
1501489876 632657
1501489876 702249
1501489876 769078
1501489876 833993
1501489876 903768
1501489876 970474
1501489877 37598
1501489877 105143
1501489877 169885
1501489877 239636
1501489877 305157
1501489877 374732
1501489877 449052
1501489877 516064
1501489877 585741
1501489877 650060
1501489877 717709
1501489878 63511
1501489878 226895
1501489878 336918
1501489878 522955
1501489878 591458
1501489878 661488
1501489878 737218
1501489878 804759
1501489878 871690
1501489879 82156
1501489879 273432
1501489879 600273
1501489879 678634
1501489879 752739
1501489879 821944
1501489879 886704
1501489879 956220
1501489880 21053
1501489880 88463
1501489880 192293
1501489880 387564
1501489880 455518
1501489880 566501
1501489880 659372
1501489880 732367
1501489880 800029
1501489880 865218
1501489880 935256
1501489880 999798
1501489881 68793
1501489881 133759
1501489881 202278
1501489881 269369
1501489881 338678
1501489881 433705
1501489881 500839
1501489881 604017
1501489881 816968
1501489881 893829
1501489881 959851
1501489882 78725
1501489882 250674
1501489882 331286
1501489882 404465
1501489882 478517
1501489882 547676
1501489882 771686
1501489882 944061
1501489883 236815
1501489883 304451
1501489883 373158
1501489883 440131
1501489883 505160
1501489883 574319
1501489883 641531
1501489883 707244
1501489883 775951
1501489883 843546
1501489883 908246
1501489883 978173
1501489884 44370
1501489884 112037
1501489884 179056
1501489884 243755
1501489884 438677
1501489884 508608
1501489884 733796
1501489884 802956
1501489884 867745
1501489884 937302
1501489885 2676
1501489885 71640
1501489885 136630
1501489885 204374
1501489885 270957
1501489885 340813
1501489885 408022
1501489885 474632
1501489885 540070
1501489885 609385
1501489885 674101
1501489885 743266
1501489885 815015
1501489885 886159
1501489885 955123
1501489886 140092
1501489886 476772
1501489886 556170
1501489886 626932
1501489887 6928
1501489887 79026
1501489887 159526
1501489887 272102
1501489887 344854
1501489887 411794
1501489887 562081
1501489887 633193
1501489887 702352
1501489887 768884
1501489887 836377
1501489887 901658
1501489888 20170
1501489888 96525
1501489888 171216
1501489888 274379
1501489888 343285
1501489888 412864
1501489888 477544
1501489888 545166
1501489888 613890
1501489888 681460
1501489888 746591
1501489888 813875
1501489888 882981
1501489888 950545
1501489889 73671
1501489889 196065
1501489889 271047
1501489889 342469
1501489889 409017
1501489889 507685
1501489889 574026
1501489889 640957
1501489889 708159
1501489889 773916
1501489889 841246
1501489889 907810
1501489889 975292
1501489890 42276
1501489890 109401
1501489890 176976
1501489890 245354
1501489890 313750
1501489890 379685
1501489890 448554
1501489890 522003
1501489890 589289
1501489890 658796
1501489890 723514
1501489890 793255
1501489890 921513
1501489890 995727
1501489891 71470
1501489891 172243
1501489891 265059
1501489891 343076
1501489891 417521
1501489891 482283
1501489891 551400
1501489891 616802
1501489891 736978
1501489891 808644
1501489891 876481
1501489891 946085
1501489892 69357
1501489892 156826
1501489892 223973
1501489892 288003
1501489892 355055
1501489892 423502
1501489892 493116
1501489892 569633
1501489892 684637
1501489892 806792
1501489892 877022
1501489892 956065
1501489893 27770
1501489893 94689
1501489893 162752
1501489893 277244
1501489893 363347
1501489893 486121
1501489893 647165
1501489893 720442
1501489893 786969
1501489893 949315
1501489894 16096
1501489894 85822
1501489894 152243
1501489894 221004
1501489894 295117
1501489894 364740
1501489894 430761
1501489894 497946
1501489894 565922
1501489894 663284
1501489894 736864
1501489894 804251
1501489895 116952
1501489895 270220
1501489895 343877
1501489895 412688
1501489895 620207
1501489895 687342
1501489895 755831
1501489895 824488
1501489895 898795
1501489895 967756
1501489896 33067
1501489896 103815
1501489896 177196
1501489896 245865
1501489896 769337
1501489896 842005
1501489896 918415
1501489896 983180
1501489897 51185
1501489897 120361
1501489897 194520
1501489897 263700
1501489897 330421
1501489897 398118
1501489897 464375
1501489897 533344
1501489897 608870
1501489897 966063
1501489898 41756
1501489898 118552
1501489898 357479
1501489898 423638
1501489898 524845
1501489898 596768
1501489898 665782
1501489898 740116
1501489898 806989
1501489898 877159
1501489898 951595
1501489899 20684
1501489899 87421
1501489899 152478
1501489899 219989
1501489899 289237
1501489899 353761
1501489899 424220
1501489899 491113
1501489899 556842
1501489899 623798
1501489899 692472
1501489899 767052
1501489899 918783
1501489900 108355
1501489900 193901
1501489900 273635
1501489900 409330
1501489900 616537
1501489900 689212
1501489900 848771
1501489900 919817
1501489900 986710
1501489901 91816
1501489901 169414
1501489901 238616
1501489901 600517
1501489901 714996
1501489901 789228
1501489901 859367
1501489901 926455
1501489901 993669
1501489902 58012
1501489902 136774
1501489902 367249
1501489902 532433
1501489902 605382
1501489902 673326
1501489902 740518
1501489902 862919
1501489902 934273
1501489903 24648
1501489903 104490
1501489903 301318
1501489903 364961
1501489903 431464
1501489903 500384
1501489903 565388
1501489903 652158
1501489903 770405
1501489903 834786
1501489903 904093
1501489903 971092
1501489904 35759
1501489904 103606
1501489904 172747
1501489904 239866
1501489904 306200
1501489904 375064
1501489904 441972
1501489904 538949
1501489904 605252
1501489904 671357
1501489904 738391
1501489904 807196
1501489904 872866
1501489904 940012
1501489905 7185
1501489905 76592
1501489905 143044
1501489905 210704
1501489905 277160
1501489905 342903
1501489905 412095
1501489905 478772
1501489905 544391
1501489905 645959
1501489905 722640
1501489905 801734
1501489905 876129
1501489905 954687
1501489906 107149
1501489906 184850
1501489906 260156
1501489906 336928
1501489906 415234
1501489906 492348
1501489906 566547
1501489906 643485
1501489906 722795
1501489906 797120
1501489906 876280
1501489906 951449
1501489907 28344
1501489907 104969
1501489907 182181
1501489907 278911
1501489907 470249
1501489907 651377
1501489907 728276
1501489907 831756
1501489907 896967
1501489908 282388
1501489908 384084
1501489908 470534
1501489908 543211
1501489908 618422
1501489908 684926
1501489908 752595
1501489908 821621
1501489908 895847
1501489908 964844
1501489909 31994
1501489909 97472
1501489909 166731
1501489909 233919
1501489909 301011
1501489909 368169
1501489909 662224
1501489909 807292
1501489910 22093
1501489910 98319
1501489910 175017
1501489910 252130
1501489910 382647
1501489910 577498
1501489910 642400
1501489910 717733
1501489910 787088
1501489910 853787
1501489910 921043
1501489911 94816
1501489911 168053
1501489911 233892
1501489911 312779
1501489911 422192
1501489911 565433
1501489911 760920
1501489911 838971
1501489911 915155
1501489911 985239
1501489912 200058
1501489912 307983
1501489912 450292
1501489912 539718
1501489912 670134
1501489912 814229
1501489912 896259
1501489912 961809
1501489913 31236
1501489913 96371
1501489913 164692
1501489913 233400
1501489913 298376
1501489913 398152
1501489913 565942
1501489913 662751
1501489913 733678
1501489913 800546
1501489913 867223
1501489913 932475
1501489914 1569
1501489914 68321
1501489914 133838
1501489914 200810
1501489914 270608
1501489914 334645
1501489914 404620
1501489914 471281
1501489914 536288
1501489914 603449
1501489914 670858
1501489914 739729
1501489914 807710
1501489914 872155
1501489914 943001
1501489915 19347
1501489915 85653
1501489915 153356
1501489915 217843
1501489915 287622
1501489915 354262
1501489915 419336
1501489915 488044
1501489915 554119
1501489915 623353
1501489915 689274
1501489915 758087
1501489915 823022
1501489915 962206
1501489916 36311
1501489916 295165
1501489917 130270
1501489917 198158
1501489917 264971
1501489917 329872
1501489917 537046
1501489917 611495
1501489917 676105
1501489917 861832
1501489918 14780
1501489918 88774
1501489918 191954
1501489918 333062
1501489918 507102
1501489918 618647
1501489918 692514
1501489918 758137
1501489918 827650
1501489918 894325
1501489918 962069
1501489919 29431
1501489919 94495
1501489919 344862
1501489919 497542
1501489919 567691
1501489919 634069
1501489919 705080
1501489919 789153
1501489919 854387
1501489919 921588
1501489920 276435
1501489920 399425
1501489920 495874
1501489920 608978
1501489920 748896
1501489920 815080
1501489920 882625
1501489920 947590
1501489921 14651
1501489921 83913
1501489921 150597
1501489921 215465
1501489921 284672
1501489921 439835
1501489921 867527
1501489921 938282
1501489922 5090
1501489922 70015
1501489922 139310
1501489922 204348
1501489922 271445
1501489922 338853
1501489922 405428
1501489922 475030
1501489922 540642
1501489922 610267
1501489922 676854
1501489922 793813
1501489922 869108
1501489923 154854
1501489923 222687
1501489923 292072
1501489923 358412
1501489923 766279
1501489923 838788
1501489923 905626
1501489923 972863
1501489924 39769
1501489924 107340
1501489924 174845
1501489924 239114
1501489924 308273
1501489924 376414
1501489924 443205
1501489924 508416
1501489924 575431
1501489924 642400
1501489924 819978
1501489924 993127
1501489925 65884
1501489925 301655
1501489925 372974
1501489925 439709
1501489925 507838
1501489925 574015
1501489925 642128
1501489925 710587
1501489925 775747
1501489925 844809
1501489925 910057
1501489925 977251
1501489926 45029
1501489926 113529
1501489926 178855
1501489926 247792
1501489926 312852
1501489926 380123
1501489926 447275
1501489926 515649
1501489926 582604
1501489926 649518
1501489926 741453
1501489926 917418
1501489927 9776
1501489927 81903
1501489927 148634
1501489927 215809
1501489927 295409
1501489927 369980
1501489927 438645
1501489927 503723
1501489927 573364
1501489927 709226
1501489927 799295
1501489927 868050
1501489927 935303
1501489928 2008
1501489928 69765
1501489928 155228
1501489928 225311
1501489928 418671
1501489928 492259
1501489928 558884
1501489928 626130
1501489929 111495
1501489929 248849
1501489929 319048
1501489929 386045
1501489929 453763
1501489929 520470
1501489929 611214
1501489929 682327
1501489929 749460
1501489929 940718
1501489930 103282
1501489930 173000
1501489930 241220
1501489930 357421
1501489930 568929
1501489930 644677
1501489930 721609
1501489930 797829
1501489930 863163
1501489930 930256
1501489930 999598
1501489931 64492
1501489931 132298
1501489931 201379
1501489931 266078
1501489931 333829
1501489931 457125
1501489931 526977
1501489931 592132
1501489931 661863
1501489931 728946
1501489931 796089
1501489931 874311
1501489932 30213
1501489932 103758
1501489932 178076
1501489932 246710
1501489932 326771
1501489932 405382
1501489932 484799
1501489932 921554
1501489932 996090
1501489933 134388
1501489933 204932
1501489933 271836
1501489933 341354
1501489933 408471
1501489933 475076
1501489933 562255
1501489933 764906
1501489933 857832
1501489934 311589
1501489934 387980
1501489934 452766
1501489934 520193
1501489934 588066
1501489934 657748
1501489934 733589
1501489934 932772
1501489935 37900
1501489935 108635
1501489935 182536
1501489935 250480
1501489935 318079
1501489935 384881
1501489935 452043
1501489935 521178
1501489935 588022
1501489935 652910
1501489935 785196
1501489935 857092
1501489935 921481
1501489935 989242
1501489936 56615
1501489936 123145
1501489936 191119
1501489936 258278
1501489936 325284
1501489936 428340
1501489936 495703
1501489936 662422
1501489936 734451
1501489936 844258
1501489936 916815
1501489936 993950
1501489937 64227
1501489937 128631
1501489937 196367
1501489937 263662
1501489937 356936
1501489937 498275
1501489937 570207
1501489937 646573
1501489937 723652
1501489937 793794
1501489937 858765
1501489937 925954
1501489938 2215
1501489938 78333
1501489938 302751
1501489938 453317
1501489938 521332
1501489938 665210
1501489938 740815
1501489938 932895
1501489939 9596
1501489939 88258
1501489939 209351
1501489939 457736
1501489939 537235
1501489939 615448
1501489939 689760
1501489939 766734
1501489939 845937
1501489940 89520
1501489940 367474
1501489940 441372
1501489940 516034
1501489940 652033
1501489940 727324
1501489940 803227
1501489940 944445
1501489941 16577
1501489941 91873
1501489941 170343
1501489941 244871
1501489941 321069
1501489941 398592
1501489941 475442
1501489941 573883
1501489941 646448
1501489941 757781
1501489942 212827
1501489942 304336
1501489942 378070
1501489942 515679
1501489942 762762
1501489942 838970
1501489942 912952
1501489942 989899
1501489943 66131
1501489943 132568
1501489943 199683
1501489943 267780
1501489943 337034
1501489943 413794
1501489943 490789
1501489943 567200
1501489943 641849
1501489943 710850
1501489943 789067
1501489943 865054
1501489943 940463
1501489944 18956
1501489944 93495
1501489944 161883
1501489944 237733
1501489944 317233
1501489944 390856
1501489944 457508
1501489944 524783
1501489944 594526
1501489944 671890
1501489944 746268
1501489944 824700
1501489944 900351
1501489944 977340
1501489945 56150
1501489945 132612
1501489945 208537
1501489945 286912
1501489945 361536
1501489945 436637
1501489945 505826
1501489945 581742
1501489945 660219
1501489945 735150
1501489945 813925
1501489945 890266
1501489945 967771
1501489946 44647
1501489946 118903
1501489946 187564
1501489946 264769
1501489946 339377
1501489946 408773
1501489946 483490
1501489946 550864
1501489946 617799
1501489946 684602
1501489946 782132
1501489947 16691
1501489947 88403
1501489947 175639
1501489947 276674
1501489947 407047
1501489947 715767
1501489947 790747
1501489947 867868
1501489947 944936
1501489948 70528
1501489948 207430
1501489948 278462
1501489948 401094
1501489948 472806
1501489948 546898
1501489948 616045
1501489948 691585
1501489948 770905
1501489948 846727
1501489948 924263
1501489948 999817
1501489949 75681
1501489949 166224
1501489949 241145
1501489949 316608
1501489949 392183
1501489949 467744
1501489949 535305
1501489949 602202
1501489949 671544
1501489949 749378
1501489949 826063
1501489949 902371
1501489949 977645
1501489950 56583
1501489950 133108
1501489950 274840
1501489950 344159
1501489950 437409
1501489950 505118
1501489950 572460
1501489950 756089
1501489950 833176
1501489950 908821
1501489951 62152
1501489951 139366
1501489951 215808
1501489951 294713
1501489951 371720
1501489951 511393
1501489951 594330
1501489951 669183
1501489951 743308
1501489951 946799
1501489952 75511
1501489952 147593
1501489952 223805
1501489952 324412
1501489952 398963
1501489952 475462
1501489952 592849
1501489952 826858
1501489952 896301
1501489952 974451
1501489953 51548
1501489953 183316
1501489953 340823
1501489953 414363
1501489953 491454
1501489953 567498
1501489953 636289
1501489953 714212
1501489953 789025
1501489953 865439
1501489953 934026
1501489954 9538
1501489954 224075
1501489954 303361
1501489954 374717
1501489954 453741
1501489954 607318
1501489954 681484
1501489954 760625
1501489954 834718
1501489954 903811
1501489955 335472
1501489955 411326
1501489955 550411
1501489955 675653
1501489955 933877
1501489956 51346
1501489956 297805
1501489956 429849
1501489956 537901
1501489956 731695
1501489956 930578
1501489957 5623
1501489957 373643
1501489957 464641
1501489957 534778
1501489957 610994
1501489957 730593
1501489957 828752
1501489957 934242
1501489958 3613
1501489958 80004
1501489958 159475
1501489958 233766
1501489958 312551
1501489958 387796
1501489958 464155
1501489958 543222
1501489958 620398
1501489958 696219
1501489958 773275
1501489958 880422
1501489958 954898
1501489959 32321
1501489959 108496
1501489959 185560
1501489959 264816
1501489959 338805
1501489959 530905
1501489959 607669
1501489959 846239
1501489959 925353
1501489960 1523
1501489960 78491
1501489960 319627
1501489960 490389
1501489960 647797
1501489960 723214
1501489960 798374
1501489960 876433
1501489960 953604
1501489961 29594
1501489961 104848
1501489961 183281
1501489961 258305
1501489961 335264
1501489961 411669
1501489961 490652
1501489961 565753
1501489961 704436
1501489961 778461
1501489961 856304
1501489961 930508
1501489962 6797
1501489962 86044
1501489962 162386
1501489962 240199
1501489962 316726
1501489962 461920
1501489962 600180
1501489962 678653
1501489962 757937
1501489962 835255
1501489962 908853
1501489963 35068
1501489963 112428
1501489963 189471
1501489963 264651
1501489963 340809
1501489963 420167
1501489963 497332
1501489963 571511
1501489963 650513
1501489963 879590
1501489963 955184
1501489964 32532
1501489964 114908
1501489964 381266
1501489964 456650
1501489964 533824
1501489964 608779
1501489964 686582
1501489964 764233
1501489964 839341
1501489964 917619
1501489964 994455
1501489965 69906
1501489965 600299
1501489966 167377
1501489966 263828
1501489966 338838
1501489966 422565
1501489966 739150
1501489966 817169
1501489966 895948
1501489966 970411
1501489967 312431
1501489967 383260
1501489967 462205
1501489967 536675
1501489967 714678
1501489967 788091
1501489967 964500
1501489968 174501
1501489968 249332
1501489968 324114
1501489968 402588
1501489968 477918
1501489968 556552
1501489968 642382
1501489968 719120
1501489968 796348
1501489968 873248
1501489968 947461
1501489969 26496
1501489969 101647
1501489969 177959
1501489969 255036
1501489969 331537
1501489969 408451
1501489969 485823
1501489969 564030
1501489969 663216
1501489969 737291
1501489970 286981
1501489970 381588
1501489970 455068
1501489970 534213
1501489970 654815
1501489970 735671
1501489970 809821
1501489970 889096
1501489971 3576
1501489971 79331
1501489971 155524
1501489971 235544
1501489971 309537
1501489971 389666
1501489971 470524
1501489971 569809
1501489971 644715
1501489971 723876
1501489971 798742
1501489971 877109
1501489971 954338
1501489972 30585
1501489972 105634
1501489972 182726
1501489972 332292
1501489972 405445
1501489972 482488
1501489972 558823
1501489972 633595
1501489972 712131
1501489972 787406
1501489972 863420
1501489972 940632
1501489973 18642
1501489973 93744
1501489973 173104
1501489973 247257
1501489973 324457
1501489973 401657
1501489973 479698
1501489973 554685
1501489973 631003
1501489973 710063
1501489973 787264
1501489973 883792
1501489974 165826
1501489974 249067
1501489974 324654
1501489974 562855
1501489974 706997
1501489974 784027
1501489974 861541
1501489974 939297
1501489975 16669
1501489975 90445
1501489975 302079
1501489975 408528
1501489975 513043
1501489975 590780
1501489975 666778
1501489976 152226
1501489976 467617
1501489976 653488
1501489976 734310
1501489976 828149
1501489976 923125
1501489977 3694
1501489977 130389
1501489977 205242
1501489977 279354
1501489977 358591
1501489977 449827
1501489977 713593
1501489977 788705
1501489977 867550
1501489977 941979
1501489978 18905
1501489978 97227
1501489978 172183
1501489978 251501
1501489978 327797
1501489978 402748
1501489978 480031
1501489978 556169
1501489978 635382
1501489978 709469
1501489978 788776
1501489978 865991
1501489978 942475
1501489979 19357
1501489979 94389
1501489979 172693
1501489979 247876
1501489979 407348
1501489979 474893
1501489979 543667
1501489979 764409
1501489979 857755
1501489980 6376
1501489980 82567
1501489980 278431
1501489980 363094
1501489980 470463
1501489980 542995
1501489980 673260
1501489980 744202
1501489980 819188
1501489980 898590
1501489980 971808
1501489981 39485
1501489981 114560
1501489981 183961
1501489981 251054
1501489981 320093
1501489981 395208
1501489981 461839
1501489981 531531
1501489981 608984
1501489981 713485
1501489981 790319
1501489981 960806
1501489982 31303
1501489982 106979
1501489982 290736
1501489982 367939
1501489982 444078
1501489982 522006
1501489982 598391
1501489982 767436
1501489982 836750
1501489982 913779
1501489982 991822
1501489983 66901
1501489983 143067
1501489983 252376
1501489983 362135
1501489983 430975
1501489983 561996
1501489983 680715
1501489983 758269
1501489983 870275
1501489983 939262
1501489984 6263
1501489984 107747
1501489984 177632
1501489984 244767
1501489984 311568
1501489984 379497
1501489984 444306
1501489984 513503
1501489984 578570
1501489984 648043
1501489984 714787
1501489984 780087
1501489984 849207
1501489985 198567
1501489985 270597
1501489985 337501
1501489985 406634
1501489985 473875
1501489985 541060
1501489985 606227
1501489985 672995
1501489985 741997
1501489985 809399
1501489985 874459
1501489985 941593
1501489986 10581
1501489986 78462
1501489986 146329
1501489986 212835
1501489986 280230
1501489986 347683
1501489986 415178
1501489986 616028
1501489986 683654
1501489986 748108
1501489986 815215
1501489986 884618
1501489986 992801
1501489987 64684
1501489987 134144
1501489987 257585
1501489987 348813
1501489987 449173
1501489987 539131
1501489987 615014
1501489987 679135
1501489987 746872
1501489987 813396
1501489987 880706
1501489987 950590
1501489988 17431
1501489988 162483
1501489988 225833
1501489988 364440
1501489988 439633
1501489988 538635
1501489988 610843
1501489988 677751
1501489988 746881
1501489988 811580
1501489988 879329
1501489988 946580
1501489989 15887
1501489989 82483
1501489989 187189
1501489989 254410
1501489989 321369
1501489989 390940
1501489989 466783
1501489989 531312
1501489989 673287
1501489989 962143
1501489990 167944
1501489990 252993
1501489990 459415
1501489990 533278
1501489990 609543
1501489990 676355
1501489990 741311
1501489990 810966
1501489990 898751
1501489991 56873
1501489991 332513
1501489991 406611
1501489991 484043
1501489991 558784
1501489991 631400
1501489991 703850
1501489991 770587
1501489991 845929
1501489991 915213
1501489991 982074
1501489992 46960
1501489992 152433
1501489992 222593
1501489992 299203
1501489992 374280
1501489992 621624
1501489992 711997
1501489992 789269
1501489992 865438
1501489992 942459
1501489993 19795
1501489993 96171
1501489993 172896
1501489993 247000
1501489993 315859
1501489993 383176
1501489993 448546
1501489993 517908
1501489993 586227
1501489993 662525
1501489993 739149
1501489993 815171
1501489993 880518
1501489993 948099
1501489994 17064
1501489994 83785
1501489994 149970
1501489994 220350
1501489994 293629
1501489994 564644
1501489994 642077
1501489994 716751
1501489994 783317
1501489994 852877
1501489994 929161
1501489994 995593
1501489995 60648
1501489995 216325
1501489995 285231
1501489995 361431
1501489995 436092
1501489995 966501
1501489996 91181
1501489996 200007
1501489996 271353
1501489996 338182
1501489996 407503
1501489996 474075
1501489996 542112
1501489996 616917
1501489996 685549
1501489996 750735
1501489996 820909
1501489996 897464
1501489996 972614
1501489997 39895
1501489997 131064
1501489997 569338
1501489997 767687
1501489997 838352
1501489997 915165
1501489997 990525
1501489998 59355
1501489998 134526
1501489998 201418
1501489998 268133
1501489998 337055
1501489998 402142
1501489998 469255
1501489998 560445
1501489998 634435
1501489998 726241
1501489998 797986
1501489998 875190
1501489999 102615
1501489999 170269
1501489999 240034
1501489999 314142
1501489999 381162
1501489999 451167
1501489999 525194
1501489999 592574
1501489999 850520
1501489999 947410
1501490000 37604
1501490000 112185
1501490000 322483
1501490000 458548
1501490000 609143
1501490000 677036
1501490000 744293
1501490000 812730
1501490000 879524
1501490000 955058
1501490001 25044
1501490001 120470
1501490001 295969
1501490001 435996
1501490001 505010
1501490001 569651
1501490001 799224
1501490001 976257
1501490002 112315
1501490002 184847
1501490002 253846
1501490002 318341
1501490002 388433
1501490002 498283
1501490002 568301
1501490002 640343
1501490002 712496
1501490002 779960
1501490002 846938
1501490002 928773
1501490003 215
1501490003 68319
1501490003 284776
1501490003 618997
1501490003 702591
1501490003 770558
1501490004 265655
1501490004 359207
1501490004 485301
1501490004 557941
1501490004 646340
1501490005 121845
1501490005 189257
1501490005 313572
1501490005 427639
1501490005 520818
1501490005 615206
1501490005 737840
1501490005 882351
1501490005 991225
1501490006 251779
1501490006 322281
1501490006 398574
1501490006 466001
1501490006 611863
1501490006 695044
1501490006 799826
1501490006 870518
1501490006 935933
1501490007 3640
1501490007 71130
1501490007 139479
1501490007 355307
1501490007 427480
1501490007 526671
1501490007 951080
1501490008 21093
1501490008 87882
1501490008 279860
1501490008 348067
1501490008 414678
1501490008 497290
1501490008 570132
1501490008 668333
1501490008 763989
1501490009 183141
1501490009 250917
1501490009 516844
1501490009 615935
1501490009 765732
1501490010 353489
1501490010 422096
1501490010 498267
1501490010 564868
1501490010 634441
1501490010 709519
1501490010 778734
1501490010 855764
1501490010 932034
1501490011 9149
1501490011 86300
1501490011 162562
1501490011 237556
1501490011 306457
1501490011 382101
1501490011 458346
1501490011 526895
1501490011 604635
1501490011 679618
1501490011 746342
1501490011 815311
1501490011 891916
1501490012 19159
1501490012 91700
1501490012 158136
1501490012 420755
1501490012 496256
1501490012 573993
1501490012 651384
1501490012 728049
1501490012 802203
1501490012 978075
1501490013 53244
1501490013 215469
1501490013 287276
1501490013 360457
1501490013 435715
1501490013 504371
1501490013 581885
1501490013 656988
1501490013 723406
1501490013 792986
1501490013 869295
1501490013 946750
1501490014 21572
1501490014 90444
1501490014 167165
1501490014 244547
1501490014 320231
1501490014 397242
1501490014 474829
1501490014 551085
1501490014 628460
1501490014 703248
1501490014 785022
1501490014 856696
1501490015 67297
1501490015 135970
1501490015 213937
1501490015 288981
1501490015 357425
1501490015 435229
1501490015 509507
1501490015 577955
1501490015 655547
1501490015 730595
1501490015 799399
1501490015 875720
1501490016 1144
1501490016 77830
1501490016 310774
1501490016 519167
1501490016 594988
1501490016 673356
1501490016 748403
1501490016 824397
1501490016 893926
1501490016 968653
1501490017 35109
1501490017 102078
1501490017 171903
1501490017 246247
1501490017 313427
1501490017 381967
1501490017 447210
1501490017 516725
1501490017 591851
1501490017 659011
1501490017 727839
1501490017 805350
1501490017 879591
1501490017 946616
1501490018 329773
1501490018 397606
1501490018 603397
1501490018 678807
1501490018 842623
1501490019 186798
1501490019 353771
1501490019 427585
1501490019 502409
1501490019 569285
1501490019 635999
1501490019 703594
1501490019 772882
1501490019 846609
1501490019 914334
1501490019 981309
1501490020 49496
1501490020 116007
1501490020 183359
1501490020 252899
1501490020 326661
1501490020 474777
1501490020 625265
1501490020 747557
1501490020 818745
1501490020 936155
1501490021 125319
1501490021 192642
1501490021 259824
1501490021 337562
1501490021 414501
1501490021 617031
1501490021 727506
1501490021 948750
1501490022 17341
1501490022 133882
1501490022 232439
1501490022 460975
