1501489724 703143
1501489724 778795
1501489724 980271
1501489725 56921
1501489725 133954
1501489725 230199
1501489725 306394
1501489725 392607
1501489725 469927
1501489725 536306
1501489725 623086
1501489725 689537
1501489725 767181
1501489725 833991
1501489725 901300
1501489725 977839
1501489726 73698
1501489726 381390
1501489726 726822
1501489726 908638
1501489727 43806
1501489727 120569
1501489727 225825
1501489727 292243
1501489727 370303
1501489727 725175
1501489727 955344
1501489728 41908
1501489728 118900
1501489728 185245
1501489728 252379
1501489728 329045
1501489728 395746
1501489728 463543
1501489728 529982
1501489728 597252
1501489728 674703
1501489728 740922
1501489728 818102
1501489728 894705
1501489729 364981
1501489729 442121
1501489729 508462
1501489729 864402
1501489729 960329
1501489730 37330
1501489730 103986
1501489730 170987
1501489730 391526
1501489730 641929
1501489730 718023
1501489730 814011
1501489730 948295
1501489731 25407
1501489731 265115
1501489731 332344
1501489731 398945
1501489731 465948
1501489731 533093
1501489731 600771
1501489731 677867
1501489731 755068
1501489731 870710
1501489731 956034
1501489732 23406
1501489732 89388
1501489732 156921
1501489732 224970
1501489732 301133
1501489732 378546
1501489732 541805
1501489732 618053
1501489732 695306
1501489732 771605
1501489732 838831
1501489733 50499
1501489733 376249
1501489733 453239
1501489733 530463
1501489733 605933
1501489733 672975
1501489733 740228
1501489733 904050
1501489734 75969
1501489734 153489
1501489734 230785
1501489734 393408
1501489734 470411
1501489734 547701
1501489734 614210
1501489734 681193
1501489734 777172
1501489734 854133
1501489734 921019
1501489734 997189
1501489735 74694
1501489735 150437
1501489735 228243
1501489735 304717
1501489735 381372
1501489735 553813
1501489735 630136
1501489735 706652
1501489735 793465
1501489735 860214
1501489735 928189
1501489735 994331
1501489736 158822
1501489736 224993
1501489736 301856
1501489736 378646
1501489736 454861
1501489736 521482
1501489736 599179
1501489736 666148
1501489736 742574
1501489736 820235
1501489736 886514
1501489736 964278
1501489737 40373
1501489737 117554
1501489737 184247
1501489737 251352
1501489737 318780
1501489737 385628
1501489737 452827
1501489737 530400
1501489737 606998
1501489737 683682
1501489737 760114
1501489737 836910
1501489737 904121
1501489737 971554
1501489738 47595
1501489738 147340
1501489738 215218
1501489738 283060
1501489738 350150
1501489738 417786
1501489738 484924
1501489738 552193
1501489738 619102
1501489738 686534
1501489738 753470
1501489738 820806
1501489738 888167
1501489738 955303
1501489739 80277
1501489739 147571
1501489739 214147
1501489739 281196
1501489739 349519
1501489739 435138
1501489739 674458
1501489739 742723
1501489739 810239
1501489739 877407
1501489739 943698
1501489740 11312
1501489740 77888
1501489740 145254
1501489740 212891
1501489740 311997
1501489740 563736
1501489740 639933
1501489740 745226
1501489740 822610
1501489740 899188
1501489740 975744
1501489741 52967
1501489741 129204
1501489741 206283
1501489741 283379
1501489741 359719
1501489741 436738
1501489741 512998
1501489741 590003
1501489741 692496
1501489741 762392
1501489741 838563
1501489741 915489
1501489741 991860
1501489742 68975
1501489742 146288
1501489742 222755
1501489742 299769
1501489742 375870
1501489742 452925
1501489742 530603
1501489742 606474
1501489742 683605
1501489742 759784
1501489742 837006
1501489742 913207
1501489742 990297
1501489743 66486
1501489743 143739
1501489743 220013
1501489743 296942
1501489743 397194
1501489743 469315
1501489743 546528
1501489743 623002
1501489743 699891
1501489743 776055
1501489743 853337
1501489743 929983
1501489744 6742
1501489744 84060
1501489744 160133
1501489744 237307
1501489744 313461
1501489744 390804
1501489744 544213
1501489744 803652
1501489744 889804
1501489744 967096
1501489745 43173
1501489745 216533
1501489745 292665
1501489745 370085
1501489745 580521
1501489745 724780
1501489745 801761
1501489745 906018
1501489745 981424
1501489746 48567
1501489746 125329
1501489746 221102
1501489746 297868
1501489746 364570
1501489746 432183
1501489746 528275
1501489746 633480
1501489746 711091
1501489746 777319
1501489746 941328
1501489747 180833
1501489747 247488
1501489747 488829
1501489747 613002
1501489747 988044
1501489748 131452
1501489748 208409
1501489748 284489
1501489748 361706
1501489748 437711
1501489748 504236
1501489748 572023
1501489748 783062
1501489748 937014
1501489749 3344
1501489749 148551
1501489749 263623
1501489749 561398
1501489749 637510
1501489749 704202
1501489749 781529
1501489749 858548
1501489749 924525
1501489750 2413
1501489750 78407
1501489750 155622
1501489750 231827
1501489750 365812
1501489750 432855
1501489750 692997
1501489750 865324
1501489750 931846
1501489750 998987
1501489751 77027
1501489751 143420
1501489751 220067
1501489751 297202
1501489751 363885
1501489751 441578
1501489751 517933
1501489751 700752
1501489751 816008
1501489752 17525
1501489752 94276
1501489752 305714
1501489752 381954
1501489752 459109
1501489752 535980
1501489752 602690
1501489752 679524
1501489752 746338
1501489752 823729
1501489752 899838
1501489753 63374
1501489753 129864
1501489753 208072
1501489753 283756
1501489753 350552
1501489753 581915
1501489753 648102
1501489753 725746
1501489753 801961
1501489753 879588
1501489753 955454
1501489754 32541
1501489754 99361
1501489754 166286
1501489754 253115
1501489754 319693
1501489754 387629
1501489754 521974
1501489754 588990
1501489755 299371
1501489755 365996
1501489755 433151
1501489755 509910
1501489755 587039
1501489755 663076
1501489755 740342
1501489755 817460
1501489755 893705
1501489755 970953
1501489756 47867
1501489756 191552
1501489756 285054
1501489756 358792
1501489756 426157
1501489756 646841
1501489757 51199
1501489757 117932
1501489757 184959
1501489757 252068
1501489757 319645
1501489757 463364
1501489757 530466
1501489757 597800
1501489757 664211
1501489757 731282
1501489757 798473
1501489757 865641
1501489757 932794
1501489758 154
1501489758 67248
1501489758 134601
1501489758 202500
1501489758 270455
1501489758 336622
1501489758 404537
1501489758 471919
1501489758 538465
1501489758 606090
1501489758 674249
1501489758 750734
1501489758 832214
1501489758 901604
1501489758 969573
1501489759 36230
1501489759 103394
1501489759 170554
1501489759 237553
1501489759 304604
1501489759 371796
1501489759 439163
1501489759 507400
1501489759 574743
1501489759 675914
1501489759 744421
1501489759 811739
1501489759 878618
1501489759 945960
1501489760 28220
1501489760 105323
1501489760 181328
1501489760 249919
1501489760 317093
1501489760 392891
1501489760 461004
1501489760 537612
1501489760 701130
1501489760 814312
1501489760 887237
1501489760 954221
1501489761 21367
1501489761 88432
1501489761 155761
1501489761 348940
1501489761 415330
1501489761 482874
1501489761 549584
1501489761 646402
1501489761 712909
1501489761 789944
1501489761 866851
1501489761 933528
1501489762 11077
1501489762 87509
1501489762 153955
1501489762 221832
1501489762 288477
1501489762 365699
1501489762 442004
1501489762 519417
1501489762 586183
1501489762 653841
1501489762 720558
1501489762 845344
1501489762 912230
1501489762 988735
1501489763 83834
1501489763 151872
1501489763 228432
1501489763 304778
1501489763 382171
1501489763 448858
1501489763 525582
1501489763 602083
1501489763 678720
1501489763 745610
1501489763 928738
1501489764 4073
1501489764 90755
1501489764 341861
1501489764 408792
1501489764 475369
1501489764 570779
1501489764 648291
1501489764 725285
1501489764 801829
1501489764 868383
1501489764 946256
1501489765 12646
1501489765 90441
1501489765 156951
1501489765 224417
1501489765 300908
1501489765 367498
1501489765 512492
1501489765 579075
1501489765 655684
1501489765 732887
1501489765 810007
1501489765 876650
1501489765 943763
1501489766 10947
1501489766 87977
1501489766 154900
1501489766 221949
1501489766 298529
1501489766 365297
1501489766 441806
1501489766 536950
1501489766 606103
1501489766 681790
1501489766 748401
1501489766 825127
1501489766 902554
1501489766 979057
1501489767 45458
1501489767 122645
1501489767 189627
1501489767 266294
1501489767 391079
1501489767 467142
1501489767 544405
1501489767 621374
1501489767 813483
1501489767 899382
1501489767 976411
1501489768 197218
1501489768 274189
1501489768 494618
1501489768 571073
1501489768 647906
1501489768 724153
1501489768 973961
1501489769 40939
1501489769 107936
1501489769 185163
1501489769 262566
1501489769 636027
1501489769 828370
1501489769 904823
1501489769 981732
1501489770 73610
1501489770 144379
1501489770 307211
1501489770 384385
1501489770 518507
1501489770 596032
1501489770 711170
1501489770 787131
1501489770 922166
1501489770 998621
1501489771 75597
1501489771 152970
1501489771 228786
1501489771 304859
1501489771 622267
1501489771 708341
1501489771 784488
1501489771 861514
1501489771 947689
1501489772 24702
1501489772 101058
1501489772 178172
1501489772 388944
1501489772 532798
1501489772 686071
1501489772 762066
1501489773 12033
1501489773 233133
1501489773 325089
1501489773 501085
1501489773 577666
1501489773 654533
1501489773 818092
1501489773 991042
1501489774 154224
1501489774 229818
1501489774 307024
1501489774 489700
1501489774 624881
1501489774 700348
1501489774 777972
1501489774 854567
1501489775 94241
1501489775 257843
1501489775 458701
1501489775 650164
1501489775 726039
1501489775 812672
1501489775 889674
1501489776 110292
1501489776 187296
1501489776 263397
1501489776 340134
1501489776 416405
1501489776 493549
1501489776 593684
1501489776 665742
1501489776 742929
1501489776 819294
1501489776 896328
1501489776 973747
1501489777 49847
1501489777 165035
1501489777 242407
1501489777 318489
1501489777 395637
1501489777 472820
1501489777 549012
1501489777 731648
1501489777 856964
1501489778 10216
1501489778 220380
1501489778 297729
1501489778 373729
1501489778 450949
1501489778 527156
1501489778 594349
1501489778 671854
1501489778 779745
1501489778 851310
1501489778 946187
1501489779 13152
1501489779 119366
1501489779 388163
1501489779 485033
1501489779 667314
1501489779 735021
1501489779 849412
1501489780 108645
1501489780 186103
1501489780 252428
1501489780 319574
1501489780 386643
1501489780 453689
1501489780 521482
1501489780 645923
1501489780 713067
1501489780 779534
1501489780 886220
1501489780 953460
1501489781 29264
1501489781 423293
1501489781 548875
1501489781 721434
1501489781 798444
1501489781 874483
1501489782 9226
1501489782 144245
1501489782 248894
1501489782 315721
1501489782 383508
1501489782 451324
1501489782 527969
1501489782 603461
1501489782 671614
1501489782 748266
1501489782 814971
1501489782 882133
1501489782 949187
1501489783 16636
1501489783 83515
1501489783 170234
1501489783 243931
1501489783 310627
1501489783 377402
1501489783 445206
1501489783 513495
1501489783 608067
1501489783 674928
1501489783 885675
1501489784 991
1501489784 155473
1501489784 221854
1501489784 289472
1501489784 356916
1501489784 423178
1501489784 529256
1501489784 605655
1501489784 672446
1501489784 740068
1501489784 806984
1501489784 874202
1501489784 941600
1501489785 8445
1501489785 75575
1501489785 143338
1501489785 430340
1501489785 497453
1501489785 747218
1501489785 872754
1501489785 939646
1501489786 189629
1501489786 256503
1501489786 323746
1501489786 390505
1501489786 457440
1501489786 524605
1501489786 591763
1501489786 658950
1501489786 726445
1501489786 793630
1501489786 861142
1501489786 928221
1501489787 25072
1501489787 495045
1501489787 561486
1501489787 629540
1501489787 716045
1501489787 783268
1501489787 850390
1501489787 917617
1501489787 984773
1501489788 60561
1501489788 127832
1501489788 195027
1501489788 320805
1501489788 435560
1501489788 637497
1501489788 704031
1501489788 771222
1501489788 838228
1501489788 905278
1501489788 972684
1501489789 39727
1501489789 107335
1501489789 175322
1501489789 251626
1501489789 318351
1501489789 385419
1501489789 463229
1501489789 529744
1501489789 597301
1501489789 663954
1501489789 731902
1501489789 827415
1501489790 19977
1501489790 115532
1501489790 192778
1501489790 269022
1501489790 346393
1501489790 423056
1501489790 490084
1501489790 566747
1501489790 633485
1501489790 700493
1501489790 788104
1501489790 960087
1501489791 27202
1501489791 94938
1501489791 171420
1501489791 247939
1501489791 314837
1501489791 381972
1501489791 449577
1501489791 516782
1501489791 593380
1501489791 660387
1501489791 727281
1501489791 794395
1501489791 861559
1501489791 929185
1501489791 996637
1501489792 63853
1501489792 140929
1501489792 217868
1501489792 294415
1501489792 371267
1501489792 447843
1501489792 514358
1501489792 592446
1501489792 668568
1501489792 735654
1501489792 802951
1501489792 870413
1501489792 946495
1501489793 52709
1501489793 301869
1501489793 368590
1501489793 436546
1501489793 512221
1501489793 578871
1501489793 656567
1501489793 733108
1501489793 886584
1501489793 953750
1501489794 30447
1501489794 97181
1501489794 164842
1501489794 241739
1501489794 319342
1501489794 462881
1501489794 606974
1501489794 683595
1501489794 750729
1501489794 923785
1501489794 990248
1501489795 67883
1501489795 144351
1501489795 221310
1501489795 298419
1501489795 365051
1501489795 441537
1501489795 508726
1501489795 585583
1501489795 662934
1501489795 739403
1501489795 805980
1501489795 883583
1501489795 950256
1501489796 66736
1501489796 142507
1501489796 208943
1501489796 286852
1501489796 363764
1501489796 430278
1501489796 679791
1501489796 756061
1501489796 832252
1501489796 908462
1501489797 43141
1501489797 120014
1501489797 206024
1501489797 301656
1501489797 406784
1501489797 473676
1501489797 559889
1501489797 636925
1501489797 704964
1501489797 770659
1501489797 925020
1501489798 10721
1501489798 240696
1501489798 317316
1501489798 384033
1501489798 652944
1501489798 730652
1501489798 921807
1501489798 998967
1501489799 65614
1501489799 238838
1501489799 334412
1501489799 412574
1501489799 498522
1501489799 575635
1501489799 661731
1501489799 796125
1501489799 987856
1501489800 112945
1501489800 179430
1501489800 246606
1501489800 313681
1501489800 429381
1501489800 679002
1501489800 928160
1501489800 995217
1501489801 130450
1501489801 273515
1501489801 359989
1501489801 427028
1501489801 637843
1501489801 706615
1501489801 801765
1501489801 868299
1501489802 2506
1501489802 70168
1501489802 146796
1501489802 213875
1501489802 281249
1501489802 347916
1501489802 448560
1501489802 519034
1501489802 586197
1501489802 652943
1501489802 729380
1501489802 796711
1501489802 863687
1501489802 930653
1501489802 998580
1501489803 133344
1501489803 200490
1501489803 305953
1501489803 477977
1501489803 757228
1501489803 834249
1501489804 266091
1501489804 342550
1501489804 419221
1501489804 486369
1501489804 564142
1501489804 630726
1501489804 697709
1501489804 775478
1501489804 841846
1501489804 919020
1501489804 985288
1501489805 62983
1501489805 140231
1501489805 206989
1501489805 274096
1501489805 341966
1501489805 418147
1501489805 514487
1501489805 917556
1501489806 4326
1501489806 80529
1501489806 224774
1501489806 301295
1501489806 378137
1501489806 444937
1501489806 522231
1501489806 598621
1501489806 675798
1501489806 751999
1501489806 829213
1501489806 895654
1501489806 972393
1501489807 39405
1501489807 116770
1501489807 193086
1501489807 270137
1501489807 356502
1501489807 422794
1501489807 499999
1501489807 576343
1501489807 787209
1501489808 65377
1501489808 237529
1501489808 314713
1501489808 391950
1501489808 507441
1501489808 670054
1501489808 757052
1501489808 891267
1501489808 967492
1501489809 44659
1501489809 428971
1501489809 506154
1501489809 582153
1501489809 659135
1501489809 736066
1501489809 812556
1501489809 889723
1501489809 965904
1501489810 43715
1501489810 330797
1501489810 433687
1501489810 500958
1501489810 568237
1501489810 664752
1501489810 742477
1501489810 808874
1501489810 885677
1501489810 952291
1501489811 31411
1501489811 107322
1501489811 182857
1501489811 249765
1501489811 316943
1501489811 384102
1501489811 450971
1501489811 519194
1501489811 586438
1501489811 663798
1501489811 730594
1501489811 797522
1501489811 864126
1501489811 931358
1501489812 8984
1501489812 75548
1501489812 152805
1501489812 307093
1501489812 517443
1501489812 632665
1501489812 747423
1501489812 814496
1501489812 920658
1501489813 180133
1501489813 266317
1501489813 333513
1501489813 400695
1501489813 476884
1501489813 572978
1501489813 697941
1501489813 822026
1501489813 995875
1501489814 62348
1501489814 139253
1501489814 360628
1501489814 533037
1501489814 609137
1501489814 686476
1501489814 763834
1501489814 926192
1501489815 80256
1501489815 156243
1501489815 233486
1501489815 310460
1501489815 377063
1501489815 453837
1501489815 520919
1501489815 597837
1501489815 664805
1501489815 731602
1501489815 798774
1501489815 875309
1501489815 952597
1501489816 29850
1501489816 95898
1501489816 260014
1501489816 758671
1501489816 836105
1501489816 912328
1501489816 989467
1501489817 65006
1501489817 142626
1501489817 209520
1501489817 296067
1501489817 363127
1501489817 536328
1501489817 776382
1501489817 910575
1501489817 977375
1501489818 103045
1501489818 180251
1501489818 266354
1501489818 342757
1501489818 419926
1501489818 496251
1501489818 573039
1501489818 745528
1501489818 812989
1501489818 908701
1501489818 975973
1501489819 53113
1501489819 119995
1501489819 196545
1501489819 523153
1501489819 599786
1501489819 734763
1501489819 829777
1501489819 896532
1501489820 32432
1501489820 107978
1501489820 271967
1501489820 416308
1501489820 492516
1501489820 569956
1501489820 704007
1501489820 818686
1501489820 905273
1501489820 982183
1501489821 58426
1501489821 134377
1501489821 210509
1501489821 277428
1501489821 452041
1501489821 557025
1501489821 623760
1501489821 806733
1501489821 883186
1501489821 951114
1501489822 17417
1501489822 84386
1501489822 161562
1501489822 238305
1501489822 324607
1501489822 401570
1501489822 478913
1501489822 545680
1501489822 661246
1501489822 853124
1501489822 930200
1501489823 6191
1501489823 72852
1501489823 150815
1501489823 217208
1501489823 295132
1501489823 371170
1501489823 437706
1501489823 504896
1501489823 582867
1501489823 774284
1501489823 899131
1501489823 965773
1501489824 33384
1501489824 158798
1501489824 379340
1501489824 523788
1501489824 609502
1501489824 715493
1501489824 781653
1501489825 13147
1501489825 79614
1501489825 146726
1501489825 224346
1501489825 290994
1501489825 367597
1501489825 435098
1501489825 511900
1501489825 694705
1501489825 799626
1501489826 30567
1501489826 96996
1501489826 174781
1501489826 241086
1501489826 308224
1501489826 510427
1501489826 586773
1501489826 653866
1501489826 720975
1501489826 798664
1501489826 884536
1501489826 981545
1501489827 167538
1501489827 321901
1501489827 388780
1501489827 455777
1501489827 523018
1501489827 897986
1501489827 965367
1501489828 32283
1501489828 157901
1501489828 271870
1501489828 338651
1501489828 502352
1501489828 569422
1501489828 636744
1501489828 703769
1501489828 770821
1501489828 838748
1501489828 905965
1501489828 972939
1501489829 40364
1501489829 107307
1501489829 174263
1501489829 280419
1501489829 450527
1501489830 27357
1501489830 151531
1501489830 227889
1501489830 304881
1501489830 380981
1501489830 458322
1501489830 534498
1501489830 611923
1501489830 707743
1501489830 783986
1501489830 861852
1501489830 938258
1501489831 14499
1501489831 91668
1501489831 167913
1501489831 245021
1501489831 322142
1501489831 398597
1501489831 561994
1501489831 888676
1501489832 22733
1501489832 98869
1501489832 175916
1501489832 281319
1501489832 531034
1501489832 684350
1501489832 857667
1501489833 20955
1501489833 96980
1501489833 174215
1501489833 260494
1501489833 337770
1501489833 432965
1501489833 510845
1501489833 596310
1501489833 750912
1501489834 134403
1501489834 258853
1501489834 585580
1501489834 662926
1501489834 816150
1501489834 892535
1501489835 238258
1501489835 392605
1501489835 468429
1501489835 554719
1501489835 631833
1501489835 708997
1501489835 785290
1501489835 881340
1501489835 958435
1501489836 34607
1501489836 111777
1501489836 208171
1501489836 284340
1501489836 361383
1501489836 437561
1501489836 514644
1501489836 591981
1501489836 668113
1501489836 745340
1501489836 821562
1501489836 898488
1501489836 975725
1501489837 51728
1501489837 129053
1501489837 406854
1501489837 483880
1501489837 561185
1501489837 637393
1501489837 714511
1501489837 790834
1501489838 31299
1501489838 107537
1501489838 453237
1501489838 530209
1501489838 606378
1501489838 683654
1501489838 759863
1501489838 837087
1501489838 971425
1501489839 48575
1501489839 162942
1501489839 480564
1501489839 556761
1501489839 633950
1501489839 711280
1501489839 787071
1501489839 864409
1501489839 940564
1501489840 17848
1501489840 94950
1501489840 171085
1501489840 402356
1501489840 478705
1501489840 573755
1501489840 689802
1501489840 766780
1501489840 843514
1501489840 919803
1501489840 997361
1501489841 73321
1501489841 150447
1501489841 257126
1501489841 332764
1501489841 410001
1501489841 678806
1501489841 755868
1501489841 938174
1501489842 14447
1501489842 91626
1501489842 168681
1501489842 244715
1501489842 322073
1501489842 398273
1501489842 475746
1501489842 552453
1501489842 628846
1501489842 705827
1501489842 783034
1501489842 859151
1501489843 32431
1501489843 108772
1501489843 224082
1501489843 301172
1501489843 377506
1501489843 454509
1501489843 553029
1501489843 623625
1501489843 699935
1501489843 911707
1501489844 36024
1501489844 189860
1501489844 294947
1501489844 420789
1501489844 487340
1501489844 574123
1501489844 659750
1501489844 726855
1501489844 804822
1501489844 880285
1501489844 947882
1501489845 24643
1501489845 92316
1501489845 245172
1501489845 312763
1501489845 380033
1501489845 533607
1501489845 725663
1501489845 802985
1501489845 880358
1501489846 41785
1501489846 119436
1501489846 253299
1501489846 320878
1501489846 387578
1501489846 455210
1501489846 532516
1501489846 609211
1501489846 685877
1501489846 763384
1501489846 839422
1501489846 905921
1501489846 972945
1501489847 50584
1501489847 175278
1501489847 338509
1501489847 501691
1501489847 568387
1501489847 679110
1501489847 750300
1501489847 817304
1501489847 883907
1501489847 951104
1501489848 18903
1501489848 85554
1501489848 152596
1501489848 219854
1501489848 286880
1501489848 354254
1501489848 421785
1501489848 633608
1501489848 700801
1501489848 776878
1501489848 843410
1501489848 910530
1501489848 977479
1501489849 44554
1501489849 112763
1501489849 180391
1501489849 246977
1501489849 314683
1501489849 390988
1501489849 457553
1501489849 524690
1501489849 621722
1501489849 688105
1501489849 755811
1501489849 822465
1501489849 924053
1501489849 995223
1501489850 62344
1501489850 128887
1501489850 196657
1501489850 562211
1501489850 638677
1501489850 704704
1501489850 772513
1501489850 838981
1501489850 906632
1501489850 973974
1501489851 166445
1501489851 233476
1501489851 473884
1501489851 540430
1501489851 674891
1501489852 48707
1501489852 116450
1501489852 182988
1501489852 250810
1501489852 318130
1501489852 385606
1501489852 452839
1501489852 519500
1501489852 653980
1501489852 875284
1501489852 942212
1501489853 9376
1501489853 76349
1501489853 384220
1501489853 449735
1501489853 517519
1501489853 584628
1501489853 787390
1501489853 854669
1501489853 920914
1501489854 7493
1501489854 74076
1501489854 141876
1501489854 391763
1501489854 458004
1501489854 591361
1501489854 784416
1501489854 967383
1501489855 34242
1501489855 331789
1501489855 705433
1501489855 773279
1501489855 907264
1501489855 974789
1501489856 42119
1501489856 109178
1501489856 176167
1501489856 242696
1501489856 433990
1501489856 501497
1501489856 627227
1501489856 694228
1501489856 761624
1501489856 828249
1501489856 895963
1501489856 962736
1501489857 30172
1501489857 97376
1501489857 164088
1501489857 231817
1501489857 298268
1501489857 443364
1501489857 509700
1501489857 932761
1501489858 9894
1501489858 114910
1501489858 181435
1501489858 355434
1501489858 653202
1501489858 738790
1501489858 805975
1501489858 873672
1501489858 940685
1501489859 7377
1501489859 94145
1501489859 391914
1501489859 458583
1501489859 545587
1501489859 613170
1501489859 746913
1501489859 814640
1501489859 891249
1501489859 958418
1501489860 25297
1501489860 168965
1501489860 236493
1501489860 303880
1501489860 370830
1501489860 438999
1501489860 505679
1501489860 572865
1501489860 937593
1501489861 14436
1501489861 80995
1501489861 167003
1501489861 263401
1501489861 330617
1501489861 436939
1501489861 513280
1501489861 580206
1501489861 647693
1501489861 714746
1501489861 782201
1501489861 849642
1501489861 917506
1501489862 22064
1501489862 127933
1501489862 204716
1501489862 464499
1501489862 560117
1501489862 636782
1501489862 703545
1501489862 770480
1501489862 914805
1501489863 96910
1501489863 366430
1501489863 596847
1501489863 664319
1501489863 741361
1501489863 885068
1501489864 47182
1501489864 124491
1501489864 297535
1501489864 364110
1501489864 431265
1501489864 498374
1501489864 671978
1501489864 748632
1501489864 826107
1501489864 903134
1501489864 979084
1501489865 56386
1501489865 123495
1501489865 190495
1501489865 267093
1501489865 342986
1501489865 410437
1501489865 477284
1501489865 544990
1501489865 620941
1501489865 688454
1501489865 764837
1501489865 832613
1501489865 908867
1501489865 975657
1501489866 43941
1501489866 118166
1501489866 185380
1501489866 252601
1501489866 343946
1501489866 419661
1501489866 496785
1501489866 573903
1501489866 650118
1501489866 727279
1501489866 804591
1501489866 880391
1501489866 957485
1501489867 34053
1501489867 111208
1501489867 188331
1501489867 264768
1501489867 341761
1501489867 418983
1501489867 495248
1501489867 597877
1501489867 702967
1501489867 766771
1501489867 834379
1501489867 901220
1501489867 968309
1501489868 35132
1501489868 102978
1501489868 169977
1501489868 237454
1501489868 332318
1501489868 399775
1501489868 467701
1501489868 534851
1501489868 611337
1501489868 746649
1501489868 813243
1501489868 880490
1501489869 92116
1501489869 216737
1501489869 370422
1501489869 437697
1501489869 504566
1501489869 571885
1501489869 735753
1501489869 821080
1501489869 888291
1501489870 89704
1501489870 156535
1501489870 310645
1501489870 445312
1501489870 512105
1501489870 579251
1501489870 646658
1501489870 742894
1501489870 925693
1501489871 136575
1501489871 203223
1501489871 272409
1501489871 337922
1501489871 530565
1501489871 693431
1501489871 904959
1501489871 972621
1501489872 183718
1501489872 490962
1501489872 681963
1501489872 758743
1501489872 826348
1501489872 893048
1501489872 960056
1501489873 27881
1501489873 94821
1501489873 162361
1501489873 229206
1501489873 296636
1501489873 363787
1501489873 431641
1501489873 498622
1501489873 632538
1501489873 709396
1501489873 776367
1501489873 843845
1501489874 122549
1501489874 188709
1501489874 256035
1501489874 323885
1501489874 389862
1501489874 457612
1501489874 650335
1501489874 736335
1501489875 43660
1501489875 111114
1501489875 178273
1501489875 245198
1501489875 312505
1501489875 619094
1501489875 686629
1501489875 753959
1501489875 820934
1501489875 887883
1501489875 955666
1501489876 22918
1501489876 90101
1501489876 157179
1501489876 224301
1501489876 291524
1501489876 359096
1501489876 425869
1501489876 493547
1501489876 560777
1501489876 627347
1501489876 694841
1501489876 761667
1501489876 828710
1501489876 896444
1501489876 963109
1501489877 30237
1501489877 97731
1501489877 164568
1501489877 232227
1501489877 299808
1501489877 367341
1501489877 443704
1501489877 510775
1501489877 578285
1501489877 644654
1501489877 712362
1501489877 779461
1501489878 125350
1501489878 288558
1501489878 403494
1501489878 586090
1501489878 653941
1501489878 729760
1501489878 797318
1501489878 864317
1501489878 932000
1501489879 143167
1501489879 333899
1501489879 660453
1501489879 747460
1501489879 814599
1501489879 881367
1501489879 948864
1501489880 15779
1501489880 83202
1501489880 150611
1501489880 255608
1501489880 448129
1501489880 514784
1501489880 629233
1501489880 725148
1501489880 792634
1501489880 859883
1501489880 927939
1501489880 994466
1501489881 61447
1501489881 128463
1501489881 196995
1501489881 264064
1501489881 331287
1501489881 428441
1501489881 493487
1501489881 560563
1501489881 666862
1501489881 878589
1501489881 954439
1501489882 22015
1501489882 147415
1501489882 319967
1501489882 396960
1501489882 473183
1501489882 540235
1501489882 606867
1501489882 838191
1501489883 11615
1501489883 299107
1501489883 365800
1501489883 432821
1501489883 499778
1501489883 567015
1501489883 634191
1501489883 701792
1501489883 768558
1501489883 836199
1501489883 902849
1501489883 970794
1501489884 36960
1501489884 104640
1501489884 171721
1501489884 238447
1501489884 305953
1501489884 498344
1501489884 576430
1501489884 795625
1501489884 862458
1501489884 929989
1501489884 997375
1501489885 64196
1501489885 131327
1501489885 199081
1501489885 265694
1501489885 333440
1501489885 400662
1501489885 467295
1501489885 534694
1501489885 602058
1501489885 668837
1501489885 735894
1501489885 803254
1501489885 880771
1501489885 947767
1501489886 14612
1501489886 207618
1501489886 543337
1501489886 619573
1501489886 686223
1501489887 71669
1501489887 147789
1501489887 224950
1501489887 339538
1501489887 406530
1501489887 474340
1501489887 627806
1501489887 695042
1501489887 761488
1501489887 829001
1501489887 896296
1501489887 963992
1501489888 89071
1501489888 165875
1501489888 233077
1501489888 337893
1501489888 405495
1501489888 472191
1501489888 539856
1501489888 606514
1501489888 674069
1501489888 741273
1501489888 808523
1501489888 875612
1501489888 943132
1501489889 10174
1501489889 135483
1501489889 260439
1501489889 337132
1501489889 403667
1501489889 471036
1501489889 566527
1501489889 633603
1501489889 700793
1501489889 768564
1501489889 835893
1501489889 902434
1501489889 969975
1501489890 36958
1501489890 104061
1501489890 171661
1501489890 238024
1501489890 306371
1501489890 372342
1501489890 441128
1501489890 516657
1501489890 583936
1501489890 651428
1501489890 718179
1501489890 785894
1501489890 852409
1501489890 988357
1501489891 64126
1501489891 131080
1501489891 236937
1501489891 333038
1501489891 410178
1501489891 476944
1501489891 544004
1501489891 611491
1501489891 678749
1501489891 803314
1501489891 871191
1501489891 938655
1501489892 5008
1501489892 129281
1501489892 215762
1501489892 282684
1501489892 349716
1501489892 418136
1501489892 485674
1501489892 562207
1501489892 628283
1501489892 743669
1501489892 869594
1501489892 945776
1501489893 22407
1501489893 89388
1501489893 157327
1501489893 224303
1501489893 339651
1501489893 426062
1501489893 550499
1501489893 714941
1501489893 781635
1501489893 848885
1501489894 10752
1501489894 78437
1501489894 144835
1501489894 213630
1501489894 289798
1501489894 357307
1501489894 423384
1501489894 490532
1501489894 558551
1501489894 655905
1501489894 731552
1501489894 798833
1501489894 865716
1501489895 182395
1501489895 336488
1501489895 403515
1501489895 480350
1501489895 681979
1501489895 748464
1501489895 817120
1501489895 893410
1501489895 960412
1501489896 27727
1501489896 94246
1501489896 171918
1501489896 238412
1501489896 305608
1501489896 834606
1501489896 910945
1501489896 977853
1501489897 45852
1501489897 112957
1501489897 189178
1501489897 256291
1501489897 322963
1501489897 390631
1501489897 457065
1501489897 526018
1501489897 601556
1501489897 668718
1501489898 34292
1501489898 111188
1501489898 178108
1501489898 418271
1501489898 485241
1501489898 591429
1501489898 658417
1501489898 734802
1501489898 801614
1501489898 869813
1501489898 946297
1501489899 13237
1501489899 80006
1501489899 147140
1501489899 214710
1501489899 281827
1501489899 348424
1501489899 416897
1501489899 483707
1501489899 551489
1501489899 618447
1501489899 685096
1501489899 752347
1501489899 828995
1501489899 983308
1501489900 175045
1501489900 261302
1501489900 338297
1501489900 473178
1501489900 683828
1501489900 750473
1501489900 914489
1501489900 981407
1501489901 48209
1501489901 154284
1501489901 231191
1501489901 308553
1501489901 709641
1501489901 783878
1501489901 852003
1501489901 919120
1501489901 986284
1501489902 52731
1501489902 129481
1501489902 197630
1501489902 436449
1501489902 600024
1501489902 667945
1501489902 735159
1501489902 802317
1501489902 926910
1501489902 994068
1501489903 98758
1501489903 166792
1501489903 359644
1501489903 426075
1501489903 493026
1501489903 560116
1501489903 628146
1501489903 714890
1501489903 829436
1501489903 896712
1501489903 963698
1501489904 30438
1501489904 98318
1501489904 165425
1501489904 232546
1501489904 300826
1501489904 367652
1501489904 434674
1501489904 533737
1501489904 597847
1501489904 666002
1501489904 733057
1501489904 799903
1501489904 867535
1501489904 934720
1501489905 1882
1501489905 69271
1501489905 135636
1501489905 203326
1501489905 269741
1501489905 337558
1501489905 404749
1501489905 471386
1501489905 539030
1501489905 638659
1501489905 717338
1501489905 793468
1501489905 870793
1501489905 946944
1501489906 23978
1501489906 177490
1501489906 254741
1501489906 331607
1501489906 407872
1501489906 485040
1501489906 561283
1501489906 638266
1501489906 715484
1501489906 791765
1501489906 868972
1501489906 946141
1501489907 22986
1501489907 99604
1501489907 176790
1501489907 252876
1501489907 349201
1501489907 541554
1501489907 722921
1501489907 824385
1501489907 891607
1501489907 959657
1501489908 344451
1501489908 449752
1501489908 535796
1501489908 613084
1501489908 679512
1501489908 747250
1501489908 814234
1501489908 890485
1501489908 957496
1501489909 24596
1501489909 92143
1501489909 159328
1501489909 226490
1501489909 293635
1501489909 360821
1501489909 427985
1501489909 726638
1501489909 869332
1501489910 90916
1501489910 167532
1501489910 244759
1501489910 322006
1501489910 445367
1501489910 636982
1501489910 704168
1501489910 781792
1501489910 848403
1501489910 915657
1501489911 16816
1501489911 152413
1501489911 228571
1501489911 305416
1501489911 372808
1501489911 489070
1501489911 622460
1501489911 833561
1501489911 909740
1501489911 977909
1501489912 45291
1501489912 274770
1501489912 371304
1501489912 524492
1501489912 602578
1501489912 737340
1501489912 888904
1501489912 956434
1501489913 23829
1501489913 90969
1501489913 159317
1501489913 226012
1501489913 293049
1501489913 360098
1501489913 456932
1501489913 629668
1501489913 726236
1501489913 793122
1501489913 859892
1501489913 927200
1501489913 994275
1501489914 60967
1501489914 128495
1501489914 195405
1501489914 263197
1501489914 329340
1501489914 397260
1501489914 463857
1501489914 530985
1501489914 598134
1501489914 665493
1501489914 732397
1501489914 800270
1501489914 866790
1501489914 935351
1501489915 11912
1501489915 78300
1501489915 145976
1501489915 212514
1501489915 280248
1501489915 346886
1501489915 413971
1501489915 482665
1501489915 548781
1501489915 616007
1501489915 683952
1501489915 750697
1501489915 817747
1501489915 885494
1501489916 28893
1501489916 96228
1501489916 355849
1501489917 190791
1501489917 257603
1501489917 324513
1501489917 393007
1501489917 604120
1501489917 670786
1501489917 737778
1501489917 930292
1501489918 83397
1501489918 150763
1501489918 256196
1501489918 400256
1501489918 613314
1501489918 685151
1501489918 752791
1501489918 820339
1501489918 887035
1501489918 954612
1501489919 22091
1501489919 89111
1501489919 156209
1501489919 406682
1501489919 560217
1501489919 626741
1501489919 693800
1501489919 771981
1501489919 847050
1501489919 914276
1501489919 981708
1501489920 337631
1501489920 462076
1501489920 558278
1501489920 673549
1501489920 807760
1501489920 875247
1501489920 942229
1501489921 9380
1501489921 76530
1501489921 143250
1501489921 210159
1501489921 277288
1501489921 345521
1501489921 498076
1501489921 930860
1501489921 997738
1501489922 64651
1501489922 131909
1501489922 199026
1501489922 266069
1501489922 333474
1501489922 400055
1501489922 467656
1501489922 535249
1501489922 602909
1501489922 669471
1501489922 736685
1501489922 861726
1501489922 928302
1501489923 217355
1501489923 284724
1501489923 351052
1501489923 418644
1501489923 831354
1501489923 898251
1501489923 965505
1501489924 32392
1501489924 99985
1501489924 167460
1501489924 233813
1501489924 300942
1501489924 369052
1501489924 435867
1501489924 503061
1501489924 570154
1501489924 637101
1501489924 704547
1501489924 887242
1501489925 60595
1501489925 127708
1501489925 367476
1501489925 434367
1501489925 502476
1501489925 568613
1501489925 636753
1501489925 703232
1501489925 770405
1501489925 837504
1501489925 904757
1501489925 971902
1501489926 39714
1501489926 106173
1501489926 173439
1501489926 240389
1501489926 307578
1501489926 374778
1501489926 441924
1501489926 510213
1501489926 577238
1501489926 644078
1501489926 710596
1501489926 807365
1501489926 980874
1501489927 76503
1501489927 143300
1501489927 210465
1501489927 277477
1501489927 364644
1501489927 431271
1501489927 498373
1501489927 566012
1501489927 632480
1501489927 776134
1501489927 862713
1501489927 929973
1501489927 996666
1501489928 64428
1501489928 131469
1501489928 217902
1501489928 285090
1501489928 486914
1501489928 553561
1501489928 620767
1501489928 688438
1501489929 178142
1501489929 311592
1501489929 378673
1501489929 446444
1501489929 515122
1501489929 582063
1501489929 676963
1501489929 744133
1501489929 811280
1501489930 4058
1501489930 167530
1501489930 233784
1501489930 300778
1501489930 425055
1501489930 637320
1501489930 714253
1501489930 790495
1501489930 857854
1501489930 924950
1501489930 992227
1501489931 59234
1501489931 126967
1501489931 194001
1501489931 260794
1501489931 328539
1501489931 395990
1501489931 519615
1501489931 586753
1501489931 654451
1501489931 721590
1501489931 788707
1501489931 855250
1501489931 941872
1501489932 96364
1501489932 172729
1501489932 239332
1501489932 306812
1501489932 393230
1501489932 469927
1501489932 547281
1501489932 988679
1501489933 56083
1501489933 199535
1501489933 266461
1501489933 333956
1501489933 401091
1501489933 467713
1501489933 535339
1501489933 622151
1501489933 833467
1501489933 920328
1501489934 380932
1501489934 447293
1501489934 514861
1501489934 582706
1501489934 650305
1501489934 726229
1501489934 792898
1501489934 995168
1501489935 101267
1501489935 177222
1501489935 245165
1501489935 312712
1501489935 379612
1501489935 446705
1501489935 513794
1501489935 580595
1501489935 647630
1501489935 715378
1501489935 849680
1501489935 916202
1501489935 983914
1501489936 51251
1501489936 117779
1501489936 185766
1501489936 252866
1501489936 319901
1501489936 423008
1501489936 490393
1501489936 557701
1501489936 729118
1501489936 806200
1501489936 911356
1501489936 988553
1501489937 56859
1501489937 123285
1501489937 191058
1501489937 258356
1501489937 324836
1501489937 420973
1501489937 564867
1501489937 641224
1501489937 718307
1501489937 786364
1501489937 853462
1501489937 920646
1501489937 996876
1501489938 72971
1501489938 150354
1501489938 370946
1501489938 516040
1501489938 583367
1501489938 735529
1501489938 811760
1501489939 4269
1501489939 80850
1501489939 157027
1501489939 282308
1501489939 531862
1501489939 608057
1501489939 684393
1501489939 761387
1501489939 838514
1501489939 914819
1501489940 155395
1501489940 433084
1501489940 510251
1501489940 587193
1501489940 721868
1501489940 797878
1501489940 875004
1501489941 9167
1501489941 86527
1501489941 162919
1501489941 239576
1501489941 315741
1501489941 393235
1501489941 470077
1501489941 568527
1501489941 641097
1501489941 717512
1501489941 823597
1501489942 284176
1501489942 370655
1501489942 447301
1501489942 581809
1501489942 831504
1501489942 907618
1501489942 984535
1501489943 60802
1501489943 127287
1501489943 194400
1501489943 262508
1501489943 329677
1501489943 406487
1501489943 483335
1501489943 559812
1501489943 636496
1501489943 703537
1501489943 781673
1501489943 857711
1501489943 935111
1501489944 11607
1501489944 88200
1501489944 154527
1501489944 232395
1501489944 309730
1501489944 385615
1501489944 452217
1501489944 519428
1501489944 587166
1501489944 664479
1501489944 740948
1501489944 817362
1501489944 894932
1501489944 971924
1501489945 48748
1501489945 125303
1501489945 201051
1501489945 279475
1501489945 356166
1501489945 431362
1501489945 498490
1501489945 576396
1501489945 652845
1501489945 729799
1501489945 806579
1501489945 882987
1501489945 960376
1501489946 37290
1501489946 113576
1501489946 180157
1501489946 257321
1501489946 334087
1501489946 401458
1501489946 478128
1501489946 545461
1501489946 612401
1501489946 679231
1501489946 746513
1501489946 853194
1501489947 83063
1501489947 149466
1501489947 246301
1501489947 342516
1501489947 476880
1501489947 783414
1501489947 860504
1501489947 937536
1501489948 14238
1501489948 139515
1501489948 273110
1501489948 350797
1501489948 465427
1501489948 541498
1501489948 608629
1501489948 686267
1501489948 763520
1501489948 839258
1501489948 916846
1501489948 992490
1501489949 70361
1501489949 146637
1501489949 233770
1501489949 309196
1501489949 386879
1501489949 462442
1501489949 529880
1501489949 596929
1501489949 664170
1501489949 741903
1501489949 818695
1501489949 895052
1501489949 972260
1501489950 49195
1501489950 125759
1501489950 202634
1501489950 336687
1501489950 414391
1501489950 499780
1501489950 567138
1501489950 634578
1501489950 827246
1501489950 903461
1501489950 980831
1501489951 123632
1501489951 210439
1501489951 287307
1501489951 364348
1501489951 440373
1501489951 574334
1501489951 661835
1501489951 738011
1501489951 804879
1501489952 16816
1501489952 142223
1501489952 218504
1501489952 285150
1501489952 391512
1501489952 467965
1501489952 544209
1501489952 659734
1501489952 890942
1501489952 967094
1501489953 44192
1501489953 121441
1501489953 245143
1501489953 408992
1501489953 486094
1501489953 562232
1501489953 628875
1501489953 706788
1501489953 783682
1501489953 860048
1501489953 926522
1501489954 4114
1501489954 81894
1501489954 292274
1501489954 369279
1501489954 446302
1501489954 522655
1501489954 676155
1501489954 753158
1501489954 829392
1501489954 896501
1501489954 973023
1501489955 405927
1501489955 482793
1501489955 616574
1501489955 742752
1501489956 1252
1501489956 116317
1501489956 365209
1501489956 500135
1501489956 605445
1501489956 796997
1501489957 270
1501489957 107178
1501489957 443428
1501489957 529441
1501489957 605670
1501489957 682758
1501489957 798268
1501489957 928821
1501489957 998311
1501489958 74647
1501489958 152038
1501489958 228419
1501489958 305198
1501489958 382405
1501489958 458750
1501489958 535831
1501489958 612946
1501489958 688817
1501489958 765922
1501489958 873076
1501489958 949597
1501489959 26982
1501489959 103088
1501489959 180204
1501489959 257412
1501489959 333518
1501489959 410669
1501489959 602262
1501489959 679673
1501489959 920003
1501489959 996087
1501489960 73101
1501489960 149256
1501489960 390166
1501489960 562403
1501489960 715769
1501489960 792945
1501489960 869075
1501489960 946180
1501489961 22232
1501489961 99452
1501489961 175862
1501489961 252962
1501489961 329983
1501489961 406341
1501489961 483299
1501489961 560428
1501489961 636980
1501489961 771067
1501489961 848929
1501489961 925203
1501489962 1472
1501489962 78717
1501489962 155061
1501489962 232067
1501489962 309294
1501489962 385343
1501489962 529759
1501489962 673271
1501489962 750542
1501489962 827729
1501489962 903523
1501489962 980827
1501489963 105073
1501489963 182197
1501489963 259354
1501489963 335533
1501489963 412708
1501489963 489857
1501489963 566201
1501489963 643167
1501489963 719496
1501489963 949882
1501489964 27113
1501489964 104524
1501489964 180637
1501489964 449255
1501489964 526451
1501489964 603389
1501489964 680421
1501489964 756824
1501489964 834002
1501489964 910215
1501489964 987088
1501489965 64522
1501489965 140611
1501489965 669019
1501489966 235279
1501489966 331430
1501489966 408565
1501489966 494971
1501489966 811778
1501489966 888537
1501489966 964971
1501489967 41991
1501489967 377873
1501489967 454773
1501489967 531333
1501489967 608271
1501489967 780780
1501489967 857917
1501489968 30158
1501489968 241830
1501489968 318742
1501489968 395120
1501489968 472424
1501489968 549151
1501489968 625645
1501489968 711725
1501489968 788939
1501489968 865912
1501489968 942138
1501489969 19114
1501489969 96317
1501489969 172629
1501489969 249742
1501489969 326254
1501489969 403138
1501489969 480429
1501489969 556541
1501489969 633628
1501489969 729862
1501489969 806107
1501489970 353826
1501489970 449692
1501489970 526721
1501489970 602893
1501489970 728254
1501489970 804457
1501489970 881696
1501489970 958731
1501489971 73961
1501489971 150168
1501489971 227774
1501489971 304218
1501489971 380691
1501489971 456882
1501489971 544042
1501489971 639352
1501489971 716425
1501489971 793432
1501489971 869762
1501489971 946898
1501489972 23199
1501489972 100273
1501489972 177424
1501489972 253607
1501489972 398000
1501489972 475085
1501489972 551436
1501489972 628286
1501489972 704710
1501489972 782086
1501489972 858064
1501489972 935268
1501489973 11243
1501489973 88421
1501489973 165745
1501489973 241884
1501489973 319160
1501489973 396247
1501489973 472266
1501489973 549445
1501489973 625704
1501489973 702661
1501489973 779959
1501489973 856180
1501489973 952355
1501489974 231329
1501489974 317318
1501489974 394465
1501489974 634017
1501489974 778552
1501489974 856208
1501489974 931852
1501489975 9202
1501489975 85053
1501489975 162163
1501489975 373598
1501489975 478985
1501489975 585354
1501489975 661384
1501489975 738550
1501489976 218865
1501489976 535400
1501489976 726891
1501489976 803943
1501489976 900200
1501489976 996248
1501489977 72500
1501489977 197887
1501489977 273946
1501489977 351162
1501489977 428509
1501489977 515257
1501489977 783353
1501489977 860171
1501489977 936521
1501489978 13599
1501489978 89755
1501489978 166877
1501489978 244068
1501489978 320352
1501489978 397442
1501489978 474725
1501489978 550817
1501489978 627922
1501489978 704153
1501489978 781418
1501489978 858571
1501489978 934686
1501489979 11915
1501489979 89051
1501489979 165281
1501489979 242516
1501489979 348868
1501489979 469513
1501489979 536284
1501489979 614515
1501489979 834713
1501489979 920762
1501489980 75138
1501489980 151226
1501489980 343972
1501489980 430045
1501489980 535517
1501489980 611798
1501489980 736818
1501489980 813846
1501489980 880343
1501489980 966482
1501489981 34133
1501489981 101418
1501489981 178593
1501489981 245681
1501489981 312696
1501489981 389868
1501489981 456465
1501489981 524217
1501489981 601655
1501489981 706090
1501489981 784981
1501489981 861545
1501489982 23957
1501489982 101572
1501489982 177769
1501489982 360515
1501489982 436738
1501489982 514597
1501489982 590974
1501489982 667242
1501489982 831339
1501489982 908303
1501489982 984449
1501489983 61478
1501489983 137665
1501489983 215038
1501489983 320258
1501489983 425605
1501489983 501881
1501489983 626900
1501489983 750901
1501489983 828311
1501489983 933871
1501489984 951
1501489984 102486
1501489984 170297
1501489984 237433
1501489984 304157
1501489984 372014
1501489984 439056
1501489984 506172
1501489984 573266
1501489984 640680
1501489984 707511
1501489984 774796
1501489984 841850
1501489984 910196
1501489985 265239
1501489985 332163
1501489985 399294
1501489985 466509
1501489985 533686
1501489985 600850
1501489985 667699
1501489985 734724
1501489985 802047
1501489985 869108
1501489985 936250
1501489986 3191
1501489986 71032
1501489986 138973
1501489986 205464
1501489986 272805
1501489986 340303
1501489986 407794
1501489986 474104
1501489986 676284
1501489986 742773
1501489986 809871
1501489986 877195
1501489986 944687
1501489987 59370
1501489987 126681
1501489987 193791
1501489987 319625
1501489987 415857
1501489987 511066
1501489987 607636
1501489987 673835
1501489987 741583
1501489987 808133
1501489987 875406
1501489987 943205
1501489988 10027
1501489988 112242
1501489988 220483
1501489988 287622
1501489988 432252
1501489988 533367
1501489988 605559
1501489988 672415
1501489988 739417
1501489988 806274
1501489988 874054
1501489988 941204
1501489989 8492
1501489989 75171
1501489989 142209
1501489989 249067
1501489989 315982
1501489989 383463
1501489989 459436
1501489989 526012
1501489989 593591
1501489989 738326
1501489990 27209
1501489990 237613
1501489990 314387
1501489990 525795
1501489990 602209
1501489990 668893
1501489990 735926
1501489990 803606
1501489990 871652
1501489990 966719
1501489991 121296
1501489991 399146
1501489991 476535
1501489991 553402
1501489991 620281
1501489991 696524
1501489991 763198
1501489991 830269
1501489991 907837
1501489991 974682
1501489992 41680
1501489992 108898
1501489992 215194
1501489992 291830
1501489992 368953
1501489992 436021
1501489992 685588
1501489992 781943
1501489992 858011
1501489992 935127
1501489993 12405
1501489993 88748
1501489993 165504
1501489993 241625
1501489993 308515
1501489993 375814
1501489993 443235
1501489993 510501
1501489993 578109
1501489993 655076
1501489993 731810
1501489993 807762
1501489993 875122
1501489993 942699
1501489994 9643
1501489994 76377
1501489994 144588
1501489994 211645
1501489994 288290
1501489994 354835
1501489994 634614
1501489994 711401
1501489994 777919
1501489994 845491
1501489994 921759
1501489994 988273
1501489995 55412
1501489995 123420
1501489995 277842
1501489995 354088
1501489995 430790
1501489995 497920
1501489996 35018
1501489996 160622
1501489996 266023
1501489996 332751
1501489996 400145
1501489996 466703
1501489996 534703
1501489996 611622
1501489996 678097
1501489996 745402
1501489996 813521
1501489996 890125
1501489996 967199
1501489997 34591
1501489997 101689
1501489997 197864
1501489997 639207
1501489997 830934
1501489997 907821
1501489997 985092
1501489998 52037
1501489998 129166
1501489998 196063
1501489998 262738
1501489998 329645
1501489998 396753
1501489998 463963
1501489998 531227
1501489998 627065
1501489998 693764
1501489998 790646
1501489998 867715
1501489998 943950
1501489999 164874
1501489999 232592
1501489999 308841
1501489999 375729
1501489999 443794
1501489999 519858
1501489999 587243
1501489999 653724
1501489999 914543
1501490000 10297
1501490000 104797
1501490000 210074
1501490000 383373
1501490000 517817
1501490000 671701
1501490000 738930
1501490000 807386
1501490000 874218
1501490000 941193
1501490001 17608
1501490001 84014
1501490001 180208
1501490001 363429
1501490001 497642
1501490001 564225
1501490001 632048
1501490001 862541
1501490002 44849
1501490002 179396
1501490002 246454
1501490002 313013
1501490002 381016
1501490002 457854
1501490002 562993
1501490002 630181
1501490002 707111
1501490002 774641
1501490002 841586
1501490002 908852
1501490002 994859
1501490003 62990
1501490003 130165
1501490003 350950
1501490003 686977
1501490003 763225
1501490003 830296
1501490004 330142
1501490004 426087
1501490004 550577
1501490004 627522
1501490004 713712
1501490005 183541
1501490005 251146
1501490005 376259
1501490005 491534
1501490005 587096
1501490005 682764
1501490005 798395
1501490005 941990
1501490006 57877
1501490006 316875
1501490006 383699
1501490006 460688
1501490006 528003
1501490006 671479
1501490006 758117
1501490006 863099
1501490006 930500
1501490006 998267
1501490007 65756
1501490007 132133
1501490007 209280
1501490007 420075
1501490007 497054
1501490007 593215
1501490008 15672
1501490008 82540
1501490008 149010
1501490008 342588
1501490008 409303
1501490008 476397
1501490008 562610
1501490008 663077
1501490008 735351
1501490008 831674
1501490009 245531
1501490009 312171
1501490009 581007
1501490009 676323
1501490009 830371
1501490010 416753
1501490010 492917
1501490010 559455
1501490010 627088
1501490010 704205
1501490010 771325
1501490010 848361
1501490010 924611
1501490011 1697
1501490011 78963
1501490011 155183
1501490011 232222
1501490011 299036
1501490011 376793
1501490011 453036
1501490011 519489
1501490011 597241
1501490011 674258
1501490011 741021
1501490011 807980
1501490011 884627
1501490011 961801
1501490012 86315
1501490012 152803
1501490012 221705
1501490012 490868
1501490012 566675
1501490012 643786
1501490012 720663
1501490012 796878
1501490012 863871
1501490013 45869
1501490013 123543
1501490013 276399
1501490013 354090
1501490013 430430
1501490013 496985
1501490013 574543
1501490013 651668
1501490013 718121
1501490013 785710
1501490013 861958
1501490013 939317
1501490014 16284
1501490014 83060
1501490014 159830
1501490014 237171
1501490014 314888
1501490014 389762
1501490014 467443
1501490014 543726
1501490014 621130
1501490014 697844
1501490014 764533
1501490014 851386
1501490014 918053
1501490015 130587
1501490015 206497
1501490015 283570
1501490015 350019
1501490015 427847
1501490015 504095
1501490015 570580
1501490015 648198
1501490015 725273
1501490015 791854
1501490015 868308
1501490015 946169
1501490016 70315
1501490016 146826
1501490016 378004
1501490016 589601
1501490016 665859
1501490016 743028
1501490016 819011
1501490016 886470
1501490016 963308
1501490017 29751
1501490017 96762
1501490017 164482
1501490017 240880
1501490017 308118
1501490017 374572
1501490017 441837
1501490017 509423
1501490017 586541
1501490017 653680
1501490017 720469
1501490017 797935
1501490017 874253
1501490017 941309
1501490018 9113
1501490018 392152
1501490018 459814
1501490018 671402
1501490018 747648
1501490018 910575
1501490019 247264
1501490019 420149
1501490019 497080
1501490019 563922
1501490019 630654
1501490019 698242
1501490019 765485
1501490019 841223
1501490019 908906
1501490019 975959
1501490020 44210
1501490020 110711
1501490020 178002
1501490020 245514
1501490020 321262
1501490020 388436
1501490020 543378
1501490020 686185
1501490020 811843
1501490020 887925
1501490021 3112
1501490021 185268
1501490021 252419
1501490021 319656
1501490021 407115
1501490021 483458
1501490021 685257
1501490021 790690
1501490022 12001
1501490022 78686
1501490022 203159
1501490022 299564
