1498573965 200297
1498573965 400406
1498573965 600466
1498573965 800554
1498573966 682
1498573966 200769
1498573966 400807
1498573966 600867
1498573966 800967
1498573967 1056
1498573967 201152
1498573967 401225
1498573967 601287
1498573967 801396
1498573968 1461
1498573968 201538
1498573968 401600
1498573968 601761
1498573968 801829
1498573969 1943
1498573969 201981
1498573969 402046
1498573969 602128
1498573969 802212
1498573970 2303
1498573970 202412
1498573970 402416
1498573970 602548
1498573970 802647
1498573971 2707
1498573971 202842
1498573971 402929
1498573971 602986
1498573971 803111
1498573972 3204
1498573972 203235
1498573972 403354
1498573972 603457
1498573972 803544
1498573973 3645
1498573973 203641
1498573973 403739
1498573973 603830
1498573973 803936
1498573974 4012
1498573974 204120
1498573974 404209
1498573974 604252
1498573974 804266
1498573975 4396
1498573975 204473
1498573975 404527
1498573975 604611
1498573975 804724
1498573976 4761
1498573976 204878
1498573976 404962
1498573976 605076
1498573976 805151
1498573977 5238
1498573977 205279
