1502718797 137775
1502718797 157156
1502718797 320641
1502718797 339505
1502718797 540658
1502718797 560005
1502718797 645970
1502718797 675216
1502718797 838308
1502718797 849978
1502718797 895526
1502718797 907218
1502718797 953678
1502718797 964432
1502718798 10856
1502718798 22308
1502718798 68816
1502718798 79661
1502718798 125976
1502718798 137621
1502718798 184195
1502718798 232378
1502718798 423611
1502718798 472044
1502718798 597023
1502718798 616338
1502718798 664170
1502718798 674881
1502718798 721285
1502718798 732949
1502718798 779418
1502718798 790136
1502718798 835686
1502718798 884103
1502718799 9008
1502718799 28398
1502718799 76136
1502718799 124443
1502718799 248669
1502718799 267914
1502718799 315767
1502718799 364207
1502718799 517305
1502718799 565313
1502718799 577866
1502718799 623316
1502718799 634991
1502718799 680509
1502718799 693028
1502718799 738658
1502718799 776959
1502718799 882044
1502718799 902274
1502718799 978194
1502718800 36031
1502718800 227870
1502718800 240357
1502718800 284963
1502718800 419339
1502718800 438600
1502718800 534823
1502718801 743283
1502718801 757029
1502718801 764043
1502718801 801360
1502718801 814921
1502718801 858529
1502718801 872031
1502718801 916660
1502718801 930099
1502718801 973742
1502718801 990336
1502718802 44733
1502718802 130823
1502718802 141140
1502718802 275155
1502718802 284945
1502718802 331558
1502718802 379658
1502718802 590149
1502718802 715243
1502718802 744518
1502718802 811385
1502718802 823079
1502718802 868642
1502718802 935983
1502718802 992899
1502718803 12266
1502718803 108168
1502718803 120749
1502718803 165371
1502718803 178067
1502718803 222493
1502718803 260907
1502718803 462293
1502718803 509579
1502718803 711231
1502718803 768130
1502718803 950344
1502718803 965912
1502718803 970534
1502718804 8357
1502718804 46794
1502718804 152724
1502718804 171977
1502718804 258059
1502718804 272448
1502718804 315171
1502718804 330460
1502718804 373271
1502718804 420683
1502718804 621965
1502718804 680182
1502718804 747139
1502718804 766540
1502718804 862446
1502718804 876811
1502718804 918671
1502718804 976972
1502718805 53910
1502718805 63174
1502718805 169065
1502718805 206535
1502718805 312441
1502718805 321761
1502718805 407807
1502718805 424122
1502718805 465965
1502718805 481170
1502718805 523062
1502718805 581336
1502718805 715477
1502718805 772617
1502718805 788781
1502718805 830876
1502718805 845891
1502718805 887914
1502718805 904320
1502718805 954979
1502718806 89344
1502718806 99530
1502718806 194625
1502718806 210850
1502718806 252643
1502718806 310046
1502718806 502243
1502718806 540555
1502718806 741813
1502718806 790140
1502718806 981433
1502718806 998803
1502718807 809
1502718807 48564
1502718807 87755
1502718807 144688
1502718807 164000
1502718807 221865
1502718807 241229
1502718807 289042
1502718807 305199
1502718807 346203
1502718807 363332
1502718807 413428
1502718807 430461
1502718807 480492
1502718807 497891
1502718807 500747
1502718807 547597
1502718807 564712
1502718807 615717
1502718807 631890
1502718807 681970
1502718807 749488
1502718807 922451
1502718807 939626
1502718807 989607
1502718808 7317
1502718808 8966
1502718808 56726
1502718808 73936
1502718808 123972
1502718808 141045
1502718808 191132
1502718808 208689
1502718808 210487
1502718808 258205
1502718808 275320
1502718808 325413
1502718808 343221
1502718808 392809
1502718808 545906
1502718808 556156
1502718808 632994
1502718808 671328
1502718808 805518
1502718808 824829
1502718808 872573
1502718808 889708
1502718808 939868
1502718808 956869
1502718809 7024
1502718809 55228
1502718809 247927
1502718809 304867
1502718809 487018
1502718809 535340
1502718809 727477
1502718809 755784
1502718809 870927
1502718809 890332
1502718809 976072
1502718809 993271
1502718810 43260
1502718810 81709
1502718810 283767
1502718810 312078
1502718810 426235
1502718810 445758
1502718810 522430
1502718810 540422
1502718810 589585
1502718810 627937
1502718810 791585
1502718810 830148
1502718810 847479
1502718810 897714
1502718810 897803
1502718810 914356
1502718810 964474
1502718810 981495
1502718811 31682
1502718811 48723
1502718811 97787
1502718811 414534
1502718811 424903
1502718811 577871
1502718811 607527
1502718811 818297
1502718811 855827
1502718811 951924
1502718811 971208
1502718812 66975
1502718812 85699
1502718812 134124
1502718812 152727
1502718812 201313
1502718812 220433
1502718812 220703
1502718812 268412
1502718812 287137
1502718812 335922
1502718812 383965
1502718812 681454
1502718812 691790
1502718812 815668
1502718812 833876
1502718812 882849
1502718812 945447
1502718813 122382
1502718813 170808
1502718813 314799
1502718813 362087
1502718813 379992
1502718813 430227
1502718813 668765
1502718813 687042
1502718813 698199
1502718813 735865
1502718813 753910
1502718813 803043
1502718813 821083
1502718813 870189
1502718813 888202
1502718813 938332
1502718814 91627
1502718814 111000
1502718814 177843
1502718814 194965
1502718814 245063
1502718814 262132
1502718814 312156
1502718814 398426
1502718814 408623
1502718814 475506
1502718814 494481
1502718814 552653
1502718814 569743
1502718814 618902
1502718814 657224
1502718814 800449
1502718814 820912
1502718814 858469
1502718814 876450
1502718814 925627
1502718814 963979
1502718815 405728
1502718815 424095
1502718815 482268
1502718815 770679
1502718815 794231
1502718815 962286
1502718816 125421
1502718816 144792
1502718816 192503
1502718816 211051
1502718816 269035
1502718816 364976
1502718816 384361
1502718816 499311
1502718816 517480
1502718816 566459
1502718816 604795
1502718816 757928
1502718816 806103
1502718816 824491
1502718816 883528
1502718817 295242
1502718817 315859
1502718817 353335
1502718817 410520
1502718817 525649
1502718817 544934
1502718817 592827
1502718817 609846
1502718817 659969
1502718817 676950
1502718817 727114
1502718817 794543
1502718818 111305
1502718818 130831
1502718818 207147
1502718818 224339
1502718818 274283
1502718818 291692
1502718818 350783
1502718818 648364
1502718818 668651
1502718818 821488
1502718818 869983
1502718819 61108
1502718819 78294
1502718819 128252
1502718819 146346
1502718819 195404
1502718819 213604
1502718819 262736
1502718819 280667
1502718819 292246
1502718819 329718
1502718819 347873
1502718819 397133
1502718819 415072
1502718819 474354
1502718819 704589
1502718819 733894
1502718819 906741
1502718820 107713
1502718820 126981
1502718820 184651
1502718820 200976
1502718820 241773
1502718820 258890
1502718820 308926
1502718820 326093
1502718820 338479
1502718820 376962
1502718820 393241
1502718820 443244
1502718820 460521
1502718820 510414
1502718820 527541
1502718820 577819
1502718820 817253
1502718820 952410
1502718820 971678
1502718821 57719
1502718821 74831
1502718821 124879
1502718821 142137
1502718821 192010
1502718821 259425
1502718821 374727
1502718821 394076
1502718821 432615
1502718821 448669
1502718821 498683
1502718821 516760
1502718821 565864
1502718821 604349
1502718821 805476
1502718821 863967
1502718822 123093
1502718822 142359
1502718822 285601
1502718822 302720
1502718822 352947
1502718822 410069
1502718822 496961
1502718822 516253
1502718822 592307
1502718822 610401
1502718822 659429
1502718822 677719
1502718822 680689
1502718822 726625
1502718822 744579
1502718822 794653
1502718822 851991
1502718823 34304
1502718823 51834
1502718823 53995
1502718823 101274
1502718823 118467
1502718823 168484
1502718823 185582
1502718823 235625
1502718823 253615
1502718823 302791
1502718823 320793
1502718823 369894
1502718823 388179
1502718823 430671
1502718823 488188
1502718823 632186
1502718823 680346
1502718823 694739
1502718823 736651
1502718823 752730
1502718823 794676
1502718823 809929
1502718823 851831
1502718823 900280
1502718824 514374
1502718824 533756
1502718824 581538
1502718824 596701
1502718824 637783
1502718824 654895
1502718824 704931
1502718824 722061
1502718824 772050
1502718824 820392
1502718824 907215
1502718824 926604
1502718825 12609
1502718825 28743
1502718825 69700
1502718825 86925
1502718825 136899
1502718825 176352
1502718825 243006
1502718825 262519
1502718825 377423
1502718825 415709
1502718825 520750
1502718825 540074
1502718825 616958
1502718825 665416
1502718825 751245
1502718825 770604
1502718825 857391
1502718825 873833
1502718825 923748
1502718825 940856
1502718825 990862
1502718826 8937
1502718826 58077
1502718826 76019
1502718826 125108
1502718826 143072
1502718826 192213
1502718826 210207
1502718826 259390
1502718826 277557
1502718826 326652
1502718826 344586
1502718826 393835
1502718826 411914
1502718826 461880
1502718826 479547
1502718826 538339
1502718826 720445
1502718826 826911
1502718827 9028
1502718827 56451
1502718827 268035
1502718827 555280
1502718827 574643
1502718827 737703
1502718827 754886
1502718827 804020
1502718827 833343
1502718827 900131
1502718827 919576
1502718828 159722
1502718828 179182
1502718828 284070
1502718828 302276
1502718828 350305
1502718828 369231
1502718828 417420
1502718828 436102
1502718828 484723
1502718828 503377
1502718828 551896
1502718828 599292
1502718828 801505
1502718829 31863
1502718829 69332
1502718829 194306
1502718829 203634
1502718829 280472
1502718829 290442
1502718829 337644
1502718829 386059
1502718829 491925
1502718829 511268
1502718829 578219
1502718829 588129
1502718829 635655
1502718829 692709
1502718829 779681
1502718829 799039
1502718829 874886
1502718829 933309
1502718830 115432
1502718830 125667
1502718830 172520
1502718830 354999
1502718830 365154
1502718830 413046
1502718830 422866
1502718830 470203
1502718830 480914
1502718830 528297
1502718830 594765
1502718830 767009
1502718830 815272
1502718830 940264
1502718830 949685
1502718831 7346
1502718831 45765
1502718831 170902
1502718831 180033
1502718831 257049
1502718831 267805
1502718831 314180
1502718831 325810
1502718831 372235
1502718831 382965
1502718831 429369
1502718831 441019
1502718831 487556
1502718831 498332
1502718831 544976
1502718831 592931
1502718831 678997
1502718831 699263
1502718831 785125
1502718831 833641
1502718832 35043
1502718832 188097
1502718832 198451
1502718832 274272
1502718832 285988
1502718832 332358
1502718832 343269
1502718832 389582
1502718832 401249
1502718832 447617
1502718832 458425
1502718832 504790
1502718832 516488
1502718832 562928
1502718832 619389
1502718832 763434
1502718832 801609
1502718832 814148
1502718832 859611
1502718832 871403
1502718832 916783
1502718832 929314
1502718832 974905
1502718832 986633
1502718833 32094
1502718833 44747
1502718833 90159
1502718833 540741
1502718833 579227
1502718833 591859
1502718833 635484
1502718833 648973
1502718833 693608
1502718833 895101
1502718833 933251
1502718833 947075
1502718833 991264
1502718834 163817
1502718834 174102
1502718834 230882
1502718834 244312
1502718834 288905
1502718834 302491
1502718834 346114
1502718834 384479
1502718834 461368
1502718834 471612
1502718834 586658
1502718834 600175
1502718834 643889
1502718834 702026
1502718834 884321
1502718834 896917
1502718834 941421
1502718834 954985
1502718834 999550
1502718835 12185
1502718835 55842
1502718835 70135
1502718835 113882
1502718835 171325
1502718835 267284
1502718835 286619
1502718835 353455
1502718835 367803
1502718835 411598
1502718835 535889
1502718835 546092
1502718835 661154
1502718835 674580
1502718835 718265
1502718835 776520
1502718835 919903
1502718835 958790
1502718835 972261
1502718836 15980
1502718836 29443
1502718836 73972
1502718836 122305
1502718836 217384
1502718836 237554
1502718836 313532
1502718836 327106
1502718836 371671
1502718836 385178
1502718836 439071
1502718836 544129
1502718836 554407
1502718836 669331
1502718836 735751
1502718836 812745
1502718836 821982
1502718836 917954
1502718836 932458
1502718836 975223
1502718836 989698
1502718837 42617
1502718837 272844
1502718837 302056
1502718837 417098
1502718837 427368
1502718837 522401
1502718837 536756
1502718837 580414
1502718837 618746
1502718837 830329
1502718838 127714
1502718838 147107
1502718838 310116
1502718838 323647
1502718838 367254
1502718838 425568
1502718838 540604
1502718838 549911
1502718838 607814
1502718838 621290
1502718838 664947
1502718838 678411
1502718838 722978
1502718838 736539
1502718838 780200
1502718838 793688
1502718838 799389
1502718838 838275
1502718838 851750
1502718838 895388
1502718838 933785
1502718839 136023
1502718839 192383
1502718839 327384
1502718839 384614
1502718839 398956
1502718839 441865
1502718839 456091
1502718839 499825
1502718839 513293
1502718839 557061
1502718839 893652
1502718839 902963
1502718839 979847
1502718839 989185
1502718840 47114
1502718840 60536
1502718840 104237
1502718840 117663
1502718840 162296
1502718840 175802
1502718840 181620
1502718840 219458
1502718840 286843
1502718840 536185
1502718840 546456
1502718840 709544
1502718840 747821
1502718840 949281
1502718841 7379
1502718841 93358
1502718841 103630
1502718841 189564
1502718841 236979
1502718841 352091
1502718841 361362
1502718841 429130
1502718841 440923
1502718841 485533
1502718841 523434
1502718841 725012
1502718841 754321
1502718841 840279
1502718841 850493
1502718841 975413
1502718841 988104
1502718842 32687
1502718842 90156
1502718842 166945
1502718842 177350
1502718842 292094
1502718842 704319
1502718842 724383
1502718842 762326
1502718842 775714
1502718842 819443
1502718842 867774
1502718843 69248
1502718843 261488
1502718843 309481
1502718843 322954
1502718843 366764
1502718843 569194
1502718843 607149
1502718843 620631
1502718843 664300
1502718843 702745
1502718843 904047
1502718843 952351
1502718844 86476
1502718844 115831
1502718844 154317
1502718844 167869
1502718844 210637
1502718844 224996
1502718844 268643
1502718844 282162
1502718844 325879
1502718844 508371
1502718844 527739
1502718844 566407
1502718844 579991
1502718844 623529
1502718844 638047
1502718844 681583
1502718844 695125
1502718844 738712
1502718844 979251
1502718844 992777
1502718845 36474
1502718845 50822
1502718845 93654
1502718845 108204
1502718845 150879
1502718845 166115
1502718845 208037
1502718845 380538
1502718845 399758
1502718845 457557
1502718845 472771
1502718845 514696
1502718845 531075
1502718845 572797
1502718845 588109
1502718845 630022
1502718845 646190
1502718845 688025
1502718845 703445
1502718845 745273
1502718845 761421
1502718845 803384
1502718845 831717
1502718845 927708
1502718845 946927
1502718846 14102
1502718846 52800
1502718846 68245
1502718846 109980
1502718846 167411
1502718846 359643
1502718846 375860
1502718846 426760
1502718846 442982
1502718846 483965
1502718846 551329
1502718846 733592
1502718846 800926
1502718846 896842
1502718846 916139
1502718846 973945
1502718846 990153
1502718847 40524
1502718847 98589
1502718847 280764
1502718847 319123
1502718847 702757
1502718847 721955
1502718847 760792
1502718847 777065
1502718847 817982
1502718847 835044
1502718847 885124
1502718847 904495
1502718848 39438
1502718848 59005
1502718848 125920
1502718848 183098
1502718848 365127
1502718848 382434
1502718848 432260
1502718848 449412
1502718848 499471
1502718848 566865
1502718848 874439
1502718848 893785
1502718848 989835
1502718849 239404
1502718849 479126
1502718849 546026
1502718849 566174
1502718849 853587
1502718849 872888
1502718849 949708
1502718849 965942
1502718850 16868
1502718850 65277
1502718850 141218
1502718850 160481
1502718850 256432
1502718850 272712
1502718850 314503
1502718850 331065
1502718850 391114
1502718850 621276
1502718850 659625
1502718850 784597
1502718850 812939
1502718850 860893
1502718850 877917
1502718850 927927
1502718850 967320
1502718851 82410
1502718851 101716
1502718851 168493
1502718851 184680
1502718851 225653
1502718851 274022
1502718851 475133
1502718851 542607
1502718851 676985
1502718851 715716
1502718851 731950
1502718851 772875
1502718851 790143
1502718851 840037
1502718851 907524
1502718852 214783
1502718852 234135
1502718852 320213
1502718852 387440
1502718852 560530
1502718852 607980
1502718852 800168
1502718852 867480
1502718852 963415
1502718852 982740
1502718853 49820
1502718853 66756
1502718853 116996
1502718853 134032
1502718853 183956
1502718853 201200
1502718853 251071
1502718853 268245
1502718853 318394
1502718853 335505
1502718853 385539
1502718853 402769
1502718853 415182
1502718853 452598
1502718853 469835
1502718853 519771
1502718853 578161
1502718853 760344
1502718853 827639
1502718853 999901
1502718854 17203
1502718854 77315
1502718854 182184
1502718854 201577
1502718854 307489
1502718854 324057
1502718854 383966
1502718854 623635
1502718854 863967
1502718855 218634
1502718855 247970
1502718855 343000
1502718855 360072
1502718855 410159
1502718855 427213
1502718855 478200
1502718855 494356
1502718855 545379
1502718855 562468
1502718855 611686
1502718855 669084
1502718855 755944
1502718855 775663
1502718855 851143
1502718855 869287
1502718855 918388
1502718855 936351
1502718855 986518
1502718856 33983
1502718856 177980
1502718856 226041
1502718856 243159
1502718856 293112
1502718856 310269
1502718856 359361
1502718856 377756
1502718856 378809
1502718856 426741
1502718856 494256
1502718856 666115
1502718856 705383
1502718856 810368
1502718856 829696
1502718856 906573
1502718856 923710
1502718856 972854
1502718857 11219
1502718857 212371
1502718857 260716
1502718857 347539
1502718857 356875
1502718857 452839
1502718857 469978
1502718857 520025
1502718857 537253
1502718857 587143
1502718857 604309
1502718857 654314
1502718857 712621
1502718858 135
1502718858 19396
1502718858 133540
1502718858 151656
1502718858 200636
1502718858 258044
1502718858 440272
1502718858 458429
1502718858 508369
1502718858 525408
1502718858 575419
1502718858 592609
1502718858 642584
1502718858 690047
1502718858 881357
1502718858 899947
1502718858 901604
1502718858 949482
1502718858 966556
1502718859 16517
1502718859 33645
1502718859 83643
1502718859 132001
1502718859 409424
1502718859 428792
1502718859 562976
1502718859 803444
1502718859 831713
1502718859 975803
1502718859 995156
1502718860 52206
1502718860 110319
1502718860 244464
1502718860 292508
1502718860 310751
1502718860 358673
1502718860 397935
1502718860 599317
1502718860 637504
1502718860 838761
1502718860 896427
1502718861 2018
1502718861 21471
1502718861 88246
1502718861 106117
1502718861 155451
1502718861 299731
1502718861 309134
1502718861 395025
1502718861 415001
1502718861 462553
1502718861 481058
1502718861 529533
1502718861 711813
1502718861 722113
1502718861 769852
1502718861 788881
1502718861 837252
1502718862 28539
1502718862 76568
1502718862 95305
1502718862 143834
1502718862 202074
1502718862 326270
1502718862 336371
1502718862 384243
1502718862 451617
1502718862 623897
1502718862 642543
1502718862 690966
1502718862 709945
1502718862 758452
1502718862 758472
1502718862 776782
1502718862 826210
1502718862 844355
1502718862 893265
1502718862 997855
1502718863 17951
1502718863 248206
1502718863 257685
1502718863 372633
1502718863 401745
1502718863 574043
1502718863 622039
1502718863 640790
1502718863 689428
1502718863 747481
1502718863 929837
1502718863 986307
1502718864 82199
1502718864 101528
1502718864 168350
1502718864 187036
1502718864 236393
1502718864 254493
1502718864 302752
1502718864 321354
1502718864 369812
1502718864 552418
1502718864 562530
1502718864 610330
1502718864 628463
1502718864 677475
1502718864 706805
1502718864 859895
1502718864 917167
1502718864 935501
1502718864 984277
1502718865 147603
1502718865 166988
1502718865 224702
1502718865 281337
1502718865 463381
1502718865 481481
1502718865 530610
1502718865 548865
1502718865 550812
1502718865 597673
1502718865 646059
1502718865 722952
1502718865 733294
1502718865 838205
1502718865 855416
1502718865 904422
1502718865 922863
1502718865 933635
1502718865 971623
1502718866 10857
1502718866 212121
1502718866 250463
1502718866 403486
1502718866 451764
1502718866 468840
1502718866 518851
1502718866 535922
1502718866 585891
1502718866 603089
1502718866 653102
1502718866 670290
1502718866 673320
1502718866 721133
1502718866 737466
1502718866 788354
1502718866 816751
1502718866 978964
1502718867 27026
1502718867 44219
1502718867 94192
1502718867 111244
1502718867 161284
1502718867 178421
1502718867 228461
1502718867 353734
1502718867 363941
1502718867 469002
1502718867 485339
1502718867 526361
1502718867 543801
1502718867 622626
1502718867 796012
1502718867 833807
1502718867 850058
1502718867 890980
1502718867 929842
1502718868 64394
1502718868 93643
1502718868 140631
1502718868 157716
1502718868 208634
1502718868 224786
1502718868 274812
1502718868 331956
1502718868 419176
1502718868 437536
1502718868 533483
1502718868 667793
1502718868 687392
1502718868 754351
1502718868 772017
1502718868 821080
1502718868 839186
1502718868 888272
1502718868 936585
1502718869 127900
1502718869 167223
1502718869 234056
1502718869 252525
1502718869 367428
1502718869 415851
1502718869 627498
1502718869 780489
1502718869 809706
1502718869 857456
1502718869 874596
1502718869 924666
1502718869 941940
1502718869 991780
1502718870 40088
1502718870 164250
1502718870 183495
1502718870 231432
1502718870 279720
1502718870 423730
1502718870 470902
1502718870 489010
1502718870 538984
1502718870 556155
1502718870 605331
1502718870 623363
1502718870 672504
1502718870 922278
1502718871 37360
1502718871 56745
1502718871 152535
1502718871 170614
1502718871 219632
1502718871 237822
1502718871 285890
1502718871 305136
1502718871 363474
1502718871 525665
1502718871 545813
1502718871 592783
1502718871 611441
1502718871 660723
1502718871 678809
1502718871 727042
1502718871 756412
1502718871 976909
1502718872 158940
1502718872 208755
1502718872 226158
1502718872 274248
1502718872 292821
1502718872 341368
1502718872 359974
1502718872 408490
1502718872 427554
1502718872 428802
1502718872 476841
1502718872 534150
1502718872 955698
1502718872 974115
1502718872 976088
1502718873 23737
1502718873 52210
1502718873 196346
1502718873 215650
1502718873 263356
1502718873 280534
1502718873 329801
1502718873 347632
1502718873 396847
1502718873 415337
1502718873 474157
1502718873 541038
1502718873 560461
1502718873 780615
1502718873 800845
1502718873 944065
1502718873 962246
1502718874 11093
1502718874 29140
1502718874 78272
1502718874 96375
1502718874 145393
1502718874 163525
1502718874 212621
1502718874 230887
1502718874 232792
1502718874 280596
1502718874 297716
1502718874 346875
1502718874 404444
1502718874 586626
1502718874 615882
1502718874 990485
1502718875 9637
1502718875 66493
1502718875 106118
1502718875 171823
1502718875 191124
1502718875 431330
1502718875 450685
1502718875 555747
1502718875 585019
1502718875 699910
1502718875 719444
1502718875 805226
1502718875 823314
1502718875 882570
1502718876 112968
1502718876 142146
1502718876 285583
1502718876 295658
1502718876 352501
1502718876 370699
1502718876 419656
1502718876 437695
1502718876 486775
1502718876 525279
1502718876 669122
1502718876 726603
1502718876 783792
1502718876 851558
1502718876 870952
1502718877 206390
1502718877 224502
1502718877 273757
1502718877 291699
1502718877 340772
1502718877 379227
1502718877 446109
1502718877 466391
1502718877 581166
1502718877 598343
1502718877 648323
1502718877 665421
1502718877 714607
1502718877 733006
1502718877 734184
1502718877 781817
1502718877 830153
1502718878 146701
1502718878 157004
1502718878 261958
1502718878 279085
1502718878 329003
1502718878 346217
1502718878 396190
1502718878 414178
1502718878 463383
1502718878 481433
1502718878 530510
1502718878 548545
1502718878 597619
1502718878 674756
1502718878 684083
1502718878 790042
1502718878 838208
1502718878 855222
1502718878 905340
1502718878 922418
1502718878 971487
1502718879 19752
1502718879 163960
1502718879 211952
1502718879 230059
1502718879 278293
1502718879 297451
1502718879 345397
1502718879 384596
1502718879 470594
1502718879 489919
1502718879 662613
1502718879 672332
1502718879 825547
1502718879 884262
1502718880 65964
1502718880 104477
1502718880 181162
1502718880 200559
1502718880 267397
1502718880 315473
1502718880 333630
1502718880 381802
1502718880 440124
1502718880 536065
1502718880 545502
1502718880 622250
1502718880 640667
1502718880 698705
1502718881 178830
1502718881 409183
1502718881 450314
1502718881 658626
1502718881 697847
1502718881 831971
1502718881 851324
1502718881 899084
1502718881 956468
1502718882 33444
1502718882 42826
1502718882 214973
1502718882 234342
1502718882 378485
1502718882 435684
1502718882 791256
1502718882 800501
1502718882 867428
1502718882 884563
1502718882 935443
1502718882 951684
1502718883 2674
1502718883 31003
1502718883 146025
1502718883 165374
1502718883 242215
1502718883 290549
1502718883 434596
1502718883 481775
1502718883 499024
1502718883 549876
1502718883 566134
1502718883 616102
1502718883 633226
1502718883 683309
1502718883 827523
1502718883 847076
1502718883 922850
1502718883 940037
1502718883 989995
1502718884 7218
1502718884 58060
1502718884 297642
1502718884 314803
1502718884 363930
1502718884 382101
1502718884 432016
1502718884 517241
1502718884 536568
1502718884 670581
1502718884 688735
1502718884 737782
1502718884 755860
1502718884 804070
1502718884 822957
1502718884 833485
1502718884 871134
1502718884 889922
1502718884 938327
1502718884 957062
1502718885 6691
1502718885 63178
1502718885 255394
1502718885 312338
1502718885 332554
1502718885 418576
1502718885 437801
1502718885 485577
1502718885 504334
1502718885 552730
1502718885 571450
1502718885 619885
1502718885 639099
1502718885 696431
1502718885 925916
1502718885 945587
1502718886 31010
1502718886 50408
1502718886 165386
1502718886 223668
1502718886 415073
1502718886 425742
1502718886 472930
1502718886 483728
1502718886 530132
1502718886 540842
1502718886 588245
1502718886 598970
1502718886 645368
1502718886 656261
1502718886 703367
1502718886 714191
1502718886 760589
1502718886 771501
1502718886 780101
1502718886 818655
1502718886 829394
1502718886 875821
1502718886 924245
1502718887 19171
1502718887 39430
1502718887 115377
1502718887 183005
1502718887 355968
1502718887 404313
1502718887 605536
1502718887 730027
1502718887 749186
1502718887 845073
1502718887 856822
1502718887 903168
1502718887 941519
1502718888 17651
1502718888 37835
1502718888 142746
1502718888 154446
1502718888 200014
1502718888 229277
1502718888 450623
1502718888 690352
1502718888 929637
1502718888 949724
1502718889 54811
1502718889 74235
1502718889 170012
1502718889 227470
1502718889 419885
1502718889 534864
1502718889 554384
1502718889 659190
1502718889 670856
1502718889 717162
1502718889 727953
1502718889 774344
1502718889 821838
1502718890 81255
1502718890 100468
1502718890 158255
1502718890 177607
1502718890 253561
1502718890 266159
1502718890 330998
1502718890 475157
1502718890 494366
1502718890 551269
1502718890 563872
1502718890 609306
1502718890 621041
1502718890 629216
1502718890 666436
1502718890 679148
1502718890 723650
1502718890 736203
1502718890 742907
1502718890 780831
1502718890 794456
1502718890 837936
1502718890 851445
1502718890 896019
1502718890 909528
1502718890 953205
1502718890 992545
1502718891 327253
1502718891 346613
1502718891 692282
1502718891 797220
1502718891 816519
1502718891 922476
1502718891 935070
1502718891 979595
1502718892 18019
1502718892 152028
1502718892 172271
1502718892 220114
1502718892 232710
1502718892 276341
1502718892 290815
1502718892 334422
1502718892 383484
1502718892 453332
1502718892 472542
1502718892 539499
1502718892 577601
1502718892 588391
1502718892 634800
1502718892 692324
1502718892 874582
1502718892 886208
1502718892 932564
1502718892 943286
1502718892 989649
1502718893 1391
1502718893 47793
1502718893 115123
1502718893 182090
1502718893 201362
1502718893 287361
1502718893 299157
1502718893 345410
1502718893 402946
1502718893 479737
1502718893 499108
1502718893 584982
1502718893 633397
1502718893 930931
1502718893 950276
1502718894 84796
1502718894 237541
1502718894 257613
1502718894 314637
1502718894 326452
1502718894 372687
1502718894 383478
1502718894 429914
1502718894 478261
1502718894 669615
1502718894 717939
1502718894 909954
1502718894 948306
1502718895 82479
1502718895 103665
1502718895 159499
1502718895 170410
1502718895 216704
1502718895 228456
1502718895 274837
1502718895 514472
1502718895 543720
1502718895 649756
1502718895 669014
1502718895 763902
1502718895 774732
1502718895 822286
1502718895 832798
1502718895 879220
1502718895 889951
1502718895 937233
1502718896 4743
1502718896 138956
1502718896 176851
1502718896 187589
1502718896 234013
1502718896 244852
1502718896 292197
1502718896 339687
1502718896 445558
1502718896 464889
1502718896 531668
1502718896 569989
1502718896 780694
1502718896 962909
1502718897 20834
1502718897 31605
1502718897 78035
1502718897 89753
1502718897 136136
1502718897 146891
1502718897 193207
1502718897 204961
1502718897 212717
1502718897 251364
1502718897 262167
1502718897 308489
1502718897 347728
1502718897 433736
1502718897 452989
1502718897 548991
1502718897 559894
1502718897 606288
1502718897 654544
1502718897 846797
1502718897 904039
1502718897 980997
1502718897 990361
1502718898 86167
1502718898 97986
1502718898 143391
1502718898 210861
1502718898 316787
1502718898 336087
1502718898 383831
1502718898 395578
1502718898 441026
1502718898 459088
1502718898 508251
1502718898 526324
1502718898 575454
1502718898 593455
1502718898 643410
1502718898 660645
1502718898 710584
1502718898 727719
1502718898 777701
1502718898 794888
1502718898 843938
1502718898 861938
1502718898 911077
1502718898 929147
1502718898 978402
1502718898 996421
1502718899 45544
1502718899 63821
1502718899 65275
1502718899 112566
1502718899 130648
1502718899 178894
1502718899 197533
1502718899 246060
1502718899 264674
1502718899 313072
1502718899 331798
1502718899 380283
1502718899 438723
1502718899 620783
1502718899 678219
1502718899 735363
1502718899 755360
1502718899 860327
1502718899 878549
1502718899 927492
1502718899 995315
1502718900 292365
1502718900 311829
1502718900 800691
1502718900 819960
1502718900 896720
1502718900 954201
1502718901 21974
1502718901 41276
1502718901 136672
1502718901 194609
1502718901 271584
1502718901 280938
1502718901 376837
1502718901 394081
1502718901 443017
1502718901 461088
1502718901 510202
1502718901 539504
1502718901 692679
1502718901 750825
1502718901 818185
1502718902 105590
1502718902 124911
1502718902 230805
1502718902 248166
1502718902 298284
1502718902 298325
1502718902 315134
1502718902 365066
1502718902 382326
1502718902 432232
1502718902 449390
1502718902 499813
1502718902 547767
1502718902 643786
1502718902 663057
1502718902 738969
1502718902 757061
1502718902 806999
1502718902 824225
1502718902 874131
1502718902 911627
1502718903 112918
1502718903 171229
1502718903 353482
1502718903 391719
1502718903 535795
1502718903 545158
1502718903 592912
1502718903 611140
1502718903 659227
1502718903 677841
1502718903 726413
1502718903 774816
1502718903 966793
1502718903 984950
1502718904 34019
1502718904 52150
1502718904 101170
1502718904 168555
1502718904 340854
1502718904 359152
1502718904 417293
1502718904 647746
1502718904 676844
1502718904 897470
1502718904 984147
1502718905 3720
1502718905 137408
1502718905 153770
1502718905 194752
1502718905 211750
1502718905 261887
1502718905 279229
1502718905 329255
1502718905 569850
1502718905 713731
1502718905 723185
1502718905 809039
1502718905 825248
1502718905 867157
1502718905 905546
1502718906 39668
1502718906 49933
1502718906 116660
1502718906 132969
1502718906 173912
1502718906 190388
1502718906 231918
1502718906 337192
1502718906 347585
1502718906 481567
1502718906 529824
1502718906 605994
1502718906 626043
1502718906 922679
1502718906 961613
1502718906 976948
1502718907 18723
1502718907 48031
1502718907 182043
1502718907 201353
1502718907 268356
1502718907 283745
1502718907 326404
1502718907 341783
1502718907 383490
1502718907 431973
1502718907 517879
1502718907 537439
1502718907 633124
1502718907 649477
1502718907 691169
1502718907 706781
1502718907 748323
1502718907 997899
1502718908 14179
1502718908 17299
1502718908 55136
1502718908 71339
1502718908 113128
1502718908 129363
1502718908 170292
1502718908 199722
1502718908 276533
1502718908 285943
1502718908 362727
1502718908 372152
1502718908 419828
1502718908 436130
1502718908 477927
1502718908 493309
1502718908 535120
1502718908 551482
1502718908 602316
1502718908 631495
1502718908 774774
1502718908 784929
1502718908 841927
1502718908 858132
1502718908 900036
1502718908 916203
1502718908 957116
1502718908 973372
1502718908 976500
1502718909 15326
1502718909 31436
1502718909 72422
1502718909 130956
1502718909 322038
1502718909 338510
1502718909 399375
1502718909 821119
1502718909 869197
1502718909 885451
1502718909 927317
1502718909 943652
1502718909 994862
1502718910 42755
1502718910 233990
1502718910 292254
1502718910 426462
1502718910 474543
1502718910 490821
1502718910 541677
1502718910 579908
1502718910 724131
1502718910 733828
1502718910 781452
1502718910 797485
1502718910 839297
1502718910 867866
1502718911 98273
1502718911 673294
1502718911 692740
1502718911 807671
1502718911 846839
1502718912 57401
1502718912 96620
1502718912 297638
1502718912 354966
1502718912 489115
1502718912 537218
1502718912 553480
1502718912 595273
1502718912 611552
1502718912 661557
1502718912 678645
1502718912 728682
1502718913 160823
1502718913 208833
1502718913 225066
1502718913 275074
1502718913 292189
1502718913 342238
1502718913 359445
1502718913 409336
1502718913 477684
1502718913 716979
1502718913 735921
1502718913 803207
1502718913 822145
1502718913 889359
1502718913 905630
1502718913 947487
1502718913 985601
1502718914 100792
1502718914 119719
1502718914 197032
1502718914 212369
1502718914 254224
1502718914 270498
1502718914 321345
1502718914 359368
1502718914 445754
1502718914 464951
1502718914 560937
1502718914 577209
1502718914 628057
1502718914 644416
1502718914 695315
1502718914 800450
1502718914 819816
1502718914 934868
1502718914 951069
1502718915 1086
1502718915 19040
1502718915 78451
1502718915 308805
1502718915 547437
1502718915 565859
1502718915 615496
1502718915 632626
1502718915 682601
1502718915 720116
1502718915 921389
1502718915 969726
1502718916 113698
1502718916 161737
1502718916 178957
1502718916 228978
1502718916 296263
1502718916 382378
1502718916 401609
1502718916 468553
1502718916 671226
1502718916 709044
1502718916 726145
1502718916 776095
1502718916 814448
1502718917 25974
1502718917 111939
1502718917 131283
1502718917 256236
1502718917 273662
1502718917 323116
1502718917 340496
1502718917 389607
1502718917 407749
1502718917 456829
1502718917 474923
1502718917 524284
1502718917 582268
1502718917 888716
1502718917 908103
1502718918 4042
1502718918 22110
1502718918 71124
1502718918 89575
1502718918 138244
1502718918 156443
1502718918 205435
1502718918 223753
1502718918 224986
1502718918 272640
1502718918 340056
1502718918 513072
1502718918 530251
1502718918 580303
1502718918 819902
1502718918 837990
1502718918 887018
1502718918 905090
1502718918 954150
1502718918 972198
1502718919 21292
1502718919 39613
1502718919 84805
1502718919 96463
1502718919 141959
1502718919 154569
1502718919 199121
1502718919 211709
1502718919 256338
1502718919 269817
1502718919 323736
1502718919 506125
1502718919 516311
1502718919 553936
1502718919 566609
1502718919 611172
1502718919 624817
1502718919 668364
1502718919 681963
1502718919 726457
1502718919 764759
1502718919 831718
1502718919 842097
1502718919 976392
1502718920 542276
1502718920 552443
1502718920 695697
1502718920 709439
1502718920 753752
1502718920 802008
1502718920 907168
1502718920 926518
1502718920 993253
1502718921 6863
1502718921 51388
1502718921 99607
1502718921 204803
1502718921 215018
1502718921 290974
1502718921 304614
1502718921 348977
1502718921 377382
1502718921 588706
1502718921 627791
1502718921 838508
1502718921 886481
1502718922 78685
1502718922 91500
1502718922 135830
1502718922 149424
1502718922 193875
1502718922 206565
1502718922 251061
1502718922 264639
1502718922 309172
1502718922 321799
1502718922 366332
1502718922 379817
1502718922 422664
1502718922 480576
1502718922 576874
1502718922 595926
1502718922 663089
1502718922 720597
1502718922 796549
1502718922 825776
1502718922 921985
1502718923 334710
1502718923 391893
1502718923 406265
1502718923 449057
1502718923 497339
1502718923 698628
1502718923 736865
1502718923 831969
1502718923 852257
1502718923 938138
1502718923 953525
1502718923 995302
1502718924 11595
1502718924 53403
1502718924 120856
1502718924 561882
1502718924 648764
1502718924 668117
1502718924 802337
1502718925 185966
1502718925 205463
1502718925 272229
1502718925 288605
1502718925 330234
1502718925 345589
1502718925 387429
1502718925 402797
1502718925 445491
1502718925 512006
1502718925 627083
1502718925 646387
1502718925 694173
1502718925 709515
1502718925 751300
1502718925 767692
1502718925 809385
1502718925 847736
1502718926 241477
1502718926 261020
1502718926 298558
1502718926 314845
1502718926 356674
1502718926 372876
1502718926 413828
1502718926 453149
1502718926 539093
1502718926 558459
1502718926 663376
1502718926 679643
1502718926 740853
1502718926 807625
1502718926 827072
1502718926 922995
1502718926 971174
1502718926 986567
1502718927 28182
1502718927 44394
1502718927 86206
1502718927 101606
1502718927 143439
1502718927 159628
1502718927 201517
1502718927 239816
1502718927 450177
1502718927 508510
1502718927 690745
1502718927 758127
1502718927 824991
1502718927 846256
1502718927 930214
1502718927 946485
1502718927 988270
1502718928 4753
1502718928 54531
1502718928 102898
1502718928 198861
1502718928 218101
1502718928 295022
1502718928 311440
1502718928 362182
1502718928 400514
1502718928 515483
1502718928 534986
1502718928 601760
1502718928 618137
1502718928 659835
1502718928 727245
1502718928 918836
1502718929 149082
1502718929 178324
1502718929 274414
1502718929 293605
1502718929 389448
1502718929 446943
1502718929 542887
1502718929 562192
1502718929 629071
1502718929 645290
1502718929 687138
1502718929 702550
1502718929 744383
1502718929 782615
1502718929 897780
1502718929 917013
1502718929 993910
1502718930 9358
1502718930 51939
1502718930 67359
1502718930 109090
1502718930 124515
1502718930 166351
1502718930 182523
1502718930 224381
1502718930 239742
1502718930 281542
1502718930 330037
1502718930 474010
1502718930 531130
1502718930 547389
1502718930 589249
1502718930 604610
1502718930 646386
1502718930 664444
1502718930 713583
1502718930 761833
1502718930 954132
1502718931 21433
1502718931 78323
1502718931 98585
1502718931 193589
1502718931 211671
1502718931 260837
1502718931 309127
1502718931 386039
1502718931 405365
1502718931 501309
1502718931 518436
1502718931 567572
1502718931 585566
1502718931 634703
1502718931 653876
1502718931 655083
1502718931 702800
1502718931 769270
1502718932 181032
1502718932 199727
1502718932 248171
1502718932 278490
1502718932 497989
1502718932 642033
1502718932 661369
1502718932 728236
1502718932 747078
1502718932 795355
1502718932 814103
1502718932 862514
1502718932 881649
1502718932 929642
1502718932 948712
1502718932 949899
1502718932 997717
1502718933 15803
1502718933 64140
1502718933 103323
1502718933 237367
1502718933 256746
1502718933 304495
1502718933 322638
1502718933 371912
1502718933 428261
1502718933 610372
1502718933 648784
1502718933 849974
1502718933 908150
1502718934 99640
1502718934 168103
1502718934 339971
1502718934 378282
1502718934 503330
1502718934 522591
1502718934 579535
1502718934 589426
1502718934 637563
1502718934 647616
1502718934 694721
1502718934 704741
1502718934 752867
1502718934 762710
1502718934 810039
1502718934 858352
1502718935 348197
1502718935 367544
1502718935 539724
1502718935 558710
1502718935 607210
1502718935 732020
1502718935 751381
1502718935 847370
1502718935 885620
1502718935 962545
1502718935 981834
1502718936 86897
1502718936 105010
1502718936 154030
1502718936 193245
1502718936 394970
1502718936 451884
1502718936 547874
1502718936 567149
1502718936 634161
1502718936 652109
1502718936 701223
1502718936 759507
1502718936 941788
1502718936 999103
1502718937 95052
1502718937 114356
1502718937 181337
1502718937 199394
1502718937 248461
1502718937 266510
1502718937 315626
1502718937 364109
1502718937 556225
1502718937 574368
1502718937 623455
1502718937 728453
1502718937 747749
1502718937 862892
1502718937 880882
1502718937 929992
1502718937 987310
1502718938 64295
1502718938 83565
1502718938 169516
1502718938 187671
1502718938 236707
1502718938 285046
1502718938 371054
1502718938 381184
1502718938 477285
1502718938 494412
1502718938 544424
1502718938 611768
1502718938 697820
1502718938 707909
1502718938 783922
1502718938 813171
1502718938 947389
1502718938 966529
1502718939 24429
1502718939 42211
1502718939 91899
1502718939 254959
1502718939 274361
1502718939 331130
1502718939 349287
1502718939 398364
1502718939 437736
1502718939 590727
1502718939 638841
1502718939 655978
1502718939 706024
1502718939 773361
1502718939 907667
1502718939 945518
1502718939 963616
1502718940 12698
1502718940 31261
1502718940 32948
1502718940 79798
1502718940 97893
1502718940 146974
1502718940 165125
1502718940 215090
1502718940 281585
1502718940 396585
1502718940 405852
1502718940 453709
1502718940 471770
1502718940 520893
1502718940 539067
1502718940 588934
1502718940 655370
1502718940 722376
1502718940 741602
1502718940 828531
1502718940 845682
1502718940 895711
1502718940 912880
1502718940 962828
1502718941 1199
1502718941 154350
1502718941 202485
1502718941 220540
1502718941 269595
1502718941 286758
1502718941 336724
1502718941 353903
1502718941 403854
1502718941 422285
1502718941 464629
1502718941 479135
1502718941 522716
1502718941 537153
1502718941 579969
1502718941 594468
1502718941 637134
1502718941 675448
1502718941 886956
1502718942 2030
1502718942 21331
1502718942 127215
1502718942 141669
1502718942 184301
1502718942 198898
1502718942 242434
1502718942 289958
1502718942 386016
1502718942 405154
1502718942 491062
1502718942 506456
1502718942 549144
1502718942 616670
1502718942 692547
1502718942 712906
1502718942 798786
1502718942 813310
1502718942 855889
1502718942 871260
1502718942 914011
1502718942 971430
1502718943 38287
1502718943 57636
1502718943 162637
1502718943 178107
1502718943 220610
1502718943 236008
1502718943 276930
1502718943 293233
1502718943 335040
1502718943 351325
1502718943 411526
1502718943 641834
1502718943 671138
1502718943 834173
1502718943 882280
1502718943 898559
1502718943 939493
1502718943 955747
1502718943 997561
1502718944 46055
1502718944 112763
1502718944 132099
1502718944 247293
1502718944 276385
1502718944 438690
1502718944 486818
1502718944 503026
1502718944 544676
1502718944 561010
1502718944 610963
1502718944 628132
1502718944 678212
1502718944 695433
1502718944 745359
1502718944 762479
1502718944 812487
1502718944 829650
1502718944 879560
1502718944 896744
1502718944 946771
1502718944 964007
1502718945 13930
1502718945 31097
1502718945 81052
1502718945 98253
1502718945 148234
1502718945 187464
1502718945 292518
1502718945 311766
1502718945 388031
1502718945 446128
1502718945 628333
1502718945 685727
1502718946 12264
1502718946 22430
1502718946 280846
1502718946 300228
1502718946 356950
1502718946 374954
1502718946 424194
1502718946 483404
1502718946 625980
1502718946 664722
1502718946 681905
1502718946 731807
1502718946 749130
1502718946 798067
1502718946 815960
1502718946 865215
1502718947 57703
1502718947 105765
1502718947 123885
1502718947 172826
1502718947 191111
1502718947 240030
1502718947 258326
1502718947 259512
1502718947 307157
1502718947 325306
1502718947 374310
1502718947 392389
1502718947 441421
1502718947 460273
1502718947 460782
1502718947 508660
1502718947 526726
1502718947 575817
1502718947 632330
1502718947 814460
1502718947 833431
1502718947 882049
1502718947 958752
1502718947 969085
1502718948 122195
1502718948 140825
1502718948 189327
1502718948 227664
1502718948 352670
1502718948 372133
1502718948 428852
1502718948 447602
1502718948 496117
1502718948 554573
1502718948 736555
1502718948 774981
1502718948 860858
1502718948 871338
1502718948 976063
1502718949 15440
1502718949 216579
1502718949 265047
1502718949 398910
1502718949 418297
1502718949 466063
1502718949 484795
1502718949 543485
1502718949 610445
1502718949 629704
1502718949 772978
1502718949 791723
1502718949 840086
1502718949 888433
1502718949 965208
1502718949 984576
1502718950 80549
1502718950 97737
1502718950 147668
1502718950 165715
1502718950 213894
1502718950 253171
1502718950 396410
1502718950 454420
1502718950 472535
1502718950 521525
1502718950 539693
1502718950 588670
1502718950 606862
1502718950 649458
1502718950 663835
1502718950 707712
1502718950 722012
1502718950 764911
1502718950 779150
1502718950 822840
1502718950 837314
1502718950 879993
1502718950 947452
1502718951 283917
1502718951 303234
1502718951 370090
1502718951 383689
1502718951 427352
1502718951 484558
1502718951 618764
1502718951 675860
1502718951 691360
1502718951 733965
1502718951 748414
1502718951 790230
1502718951 838570
1502718951 953681
1502718951 973040
1502718952 39797
1502718952 56102
1502718952 97862
1502718952 113277
1502718952 155072
1502718952 171629
1502718952 222431
1502718952 462779
1502718952 478370
1502718952 482059
1502718952 519921
1502718952 536167
1502718952 577940
1502718952 593352
1502718952 635211
1502718952 651358
1502718952 693174
1502718952 731542
1502718952 942923
1502718952 981185
1502718953 96142
1502718953 115482
1502718953 182384
1502718953 221623
1502718953 355712
1502718953 375056
1502718953 422880
1502718953 490398
1502718953 662521
1502718953 678805
1502718953 720450
1502718953 735881
1502718953 777610
1502718953 793897
1502718953 835754
1502718953 851185
1502718953 892911
1502718953 951185
1502718954 152765
1502718954 315953
1502718954 335138
1502718954 383003
1502718954 398409
1502718954 440140
1502718954 455605
1502718954 498216
1502718954 513910
1502718954 517654
1502718954 555392
1502718954 570774
1502718954 613470
1502718954 628933
1502718954 669707
1502718954 728125
1502718954 919335
1502718954 977697
1502718955 159872
1502718955 176161
1502718955 227009
1502718955 265318
1502718955 610817
1502718955 630217
1502718955 707090
1502718955 723445
1502718955 774196
1502718955 790835
1502718955 793424
1502718955 841261
1502718955 857654
1502718955 918708
1502718956 80952
1502718956 101340
1502718956 148315
1502718956 206345
1502718956 302277
1502718956 321730
1502718956 388498
1502718956 403978
1502718956 445693
1502718956 463135
1502718956 465881
1502718956 512890
1502718956 529194
1502718956 570948
1502718956 586641
1502718956 648280
1502718956 791487
1502718956 810758
1502718956 877986
1502718956 926030
1502718957 51198
1502718957 70338
1502718957 118191
1502718957 133620
1502718957 175302
1502718957 191915
1502718957 252733
1502718957 338721
1502718957 348886
1502718957 482997
1502718957 497454
1502718957 540178
1502718957 588615
1502718957 713560
1502718957 732885
1502718957 780735
1502718957 795273
1502718957 837803
1502718957 852367
1502718957 895905
1502718957 910419
1502718957 915289
1502718957 953052
1502718957 967574
1502718958 11121
1502718958 68594
1502718958 250789
1502718958 308177
1502718958 500616
1502718958 547762
1502718958 739982
1502718958 788278
1502718958 922402
1502718958 932594
1502718958 980357
1502718958 994829
1502718959 36651
1502718959 65904
1502718959 180962
1502718959 200261
1502718959 286254
1502718959 301605
1502718959 344267
1502718959 359712
1502718959 401463
1502718959 449738
1502718959 661261
1502718959 814451
1502718959 833681
1502718959 891542
1502718959 906074
1502718959 948660
1502718959 997174
1502718960 198236
1502718960 213650
1502718960 256297
1502718960 271842
1502718960 275673
1502718960 313470
1502718960 328853
1502718960 371528
1502718960 385975
1502718960 428738
1502718960 444221
1502718960 486788
1502718960 525158
1502718960 659300
1502718960 678605
1502718960 736363
1502718960 751796
1502718960 793554
1502718960 808960
1502718960 850785
1502718960 899129
1502718961 100298
1502718961 116795
1502718961 119772
1502718961 167416
1502718961 225789
1502718961 311718
1502718961 331023
1502718961 407919
1502718961 423384
1502718961 465129
1502718961 493389
1502718961 781846
1502718961 791158
1502718961 954303
1502718961 970766
1502718962 12359
1502718962 27853
1502718962 31002
1502718962 78633
1502718962 94842
1502718962 144856
1502718962 183750
1502718962 385293
1502718962 402878
1502718962 404645
1502718962 452484
1502718962 469799
1502718962 519665
1502718962 536857
1502718962 586808
1502718962 624823
1502718962 941685
1502718962 951949
1502718963 65995
1502718963 84271
1502718963 133119
1502718963 219335
1502718963 248181
1502718963 517281
1502718963 536838
1502718963 613110
1502718963 651236
1502718963 718486
1502718963 737412
1502718963 852898
1502718963 870921
1502718963 872981
1502718963 919816
1502718963 938304
1502718963 988116
1502718964 237542
1502718964 304693
1502718964 323623
1502718964 410032
1502718964 467168
1502718964 484394
1502718964 534572
1502718964 592208
1502718964 774928
1502718964 791113
1502718964 841936
1502718965 32570
1502718965 80606
1502718965 98727
1502718965 147713
1502718965 165919
1502718965 214889
1502718965 233195
1502718965 243514
1502718965 282009
1502718965 300153
1502718965 349232
1502718965 367396
1502718965 416379
1502718965 483780
1502718965 618251
1502718965 655957
1502718965 673258
1502718965 723096
1502718965 740461
1502718965 790344
1502718965 808449
1502718965 857473
1502718965 895875
1502718965 971844
1502718965 991967
1502718966 97022
1502718966 115337
1502718966 164155
1502718966 182397
1502718966 193669
1502718966 231278
1502718966 248625
1502718966 298423
1502718966 315627
1502718966 365591
1502718966 404040
1502718966 538887
1502718966 567646
1502718966 606055
1502718966 673605
1502718966 846057
1502718966 903110
1502718967 28136
1502718967 47404
1502718967 85231
1502718967 152672
1502718967 325856
1502718967 393174
1502718967 718732
1502718967 738256
1502718967 814926
1502718967 832069
1502718967 882145
1502718967 968337
1502718967 988448
1502718968 122521
1502718968 139770
1502718968 189773
1502718968 257189
1502718968 429292
1502718968 477575
1502718968 727004
1502718968 746235
1502718968 909341
1502718968 926550
1502718968 976479
1502718968 993730
1502718969 43606
1502718969 91958
1502718969 408492
1502718969 427881
1502718969 697103
1502718969 716410
1502718969 764169
1502718969 780487
1502718969 831382
1502718969 847705
1502718969 898524
1502718970 138157
1502718970 387900
1502718970 493924
1502718970 513185
1502718970 618363
1502718970 635437
1502718970 685289
1502718970 702591
1502718970 752536
1502718970 769641
1502718970 819679
1502718970 837047
1502718970 886712
1502718970 935167
1502718971 126536
1502718971 143757
1502718971 193773
1502718971 251764
1502718971 433926
1502718971 452248
1502718971 510499
1502718971 740940
1502718971 779222
1502718971 932333
1502718971 980276
1502718971 998556
1502718972 47436
1502718972 65851
1502718972 114696
1502718972 132773
1502718972 181884
1502718972 199916
1502718972 248927
1502718972 307259
1502718972 412342
1502718972 431646
1502718972 489416
1502718972 506707
1502718972 556604
1502718972 573879
1502718972 623839
1502718972 672150
1502718972 806238
1502718972 825900
1502718972 863240
1502718972 881450
1502718972 930599
1502718972 948622
1502718972 998550
1502718973 15846
1502718973 65100
1502718973 122426
1502718973 304377
1502718973 343627
1502718973 419557
1502718973 439050
1502718973 544876
1502718973 583177
1502718973 784453
1502718973 813691
1502718974 34076
1502718974 52874
1502718974 54448
1502718974 102092
1502718974 119300
1502718974 168232
1502718974 186351
1502718974 235411
1502718974 253853
1502718974 254881
1502718974 302556
1502718974 320757
1502718974 369856
1502718974 387872
1502718974 436891
1502718974 484476
1502718974 560415
1502718974 570642
1502718974 675576
1502718974 694402
1502718974 742808
1502718974 761480
1502718974 810891
1502718974 829013
1502718974 877203
1502718974 895811
1502718974 944198
1502718974 982688
1502718975 183906
1502718975 213143
1502718975 299050
1502718975 318450
1502718975 433814
1502718975 491417
1502718975 510854
1502718975 673853
1502718975 692589
1502718975 741024
1502718975 875378
1502718975 894665
1502718975 980581
1502718975 990498
1502718976 38638
1502718976 57340
1502718976 104873
1502718976 163261
1502718976 344484
1502718976 383715
1502718976 536905
1502718976 585011
1502718976 594946
1502718976 642071
1502718976 652056
1502718976 699256
1502718976 710334
1502718976 757369
1502718976 767351
1502718976 814582
1502718976 825398
1502718976 872631
1502718976 882811
1502718976 929781
1502718976 988203
1502718977 169448
1502718977 180283
1502718977 226588
1502718977 303654
1502718977 322971
1502718977 620484
1502718977 629782
1502718977 706687
1502718977 718530
1502718977 763802
1502718977 775539
1502718977 821911
1502718977 833650
1502718977 879157
1502718977 890843
1502718977 937132
1502718977 948945
1502718977 994332
1502718978 6150
1502718978 52369
1502718978 64175
1502718978 108710
1502718978 146721
1502718978 291079
1502718978 301323
1502718978 349098
1502718978 361809
1502718978 405436
1502718978 419036
1502718978 463415
1502718978 477043
1502718978 520644
1502718978 568827
1502718978 665000
1502718978 693390
1502718978 760337
1502718978 774798
1502718978 818372
1502718978 831960
1502718978 875512
1502718978 890061
1502718978 933582
1502718978 947161
1502718978 990690
1502718979 5252
1502718979 48880
1502718979 115436
1502718979 202295
1502718979 221594
1502718979 297503
1502718979 312104
1502718979 355611
1502718979 370136
1502718979 412795
1502718979 461123
1502718979 662330
1502718979 758472
1502718979 777791
1502718979 902769
1502718979 917387
1502718979 959948
1502718979 974413
1502718980 18077
1502718980 32561
1502718980 75180
1502718980 89730
1502718980 132372
1502718980 147712
1502718980 190451
1502718980 204893
1502718980 247572
1502718980 263027
1502718980 304861
1502718980 373136
1502718980 555230
1502718980 987396
1502718981 34463
1502718981 91901
1502718981 196996
1502718981 216107
1502718981 273995
1502718981 290324
1502718981 331250
1502718981 347912
1502718981 350572
1502718981 398383
1502718981 414641
1502718981 456461
1502718981 472730
1502718981 513579
1502718981 529960
1502718981 571692
1502718981 620288
1502718982 2771
1502718982 22431
1502718982 60727
1502718982 77069
1502718982 127928
1502718982 144287
1502718982 195109
1502718982 211370
1502718982 252293
1502718982 268952
1502718982 329684
1502718982 415663
1502718982 435048
1502718982 559984
1502718982 576361
1502718982 626274
1502718982 655478
1502718982 866595
1502718982 883131
1502718982 933204
1502718982 981407
1502718983 297730
1502718983 317071
1502718983 412063
1502718983 430025
1502718983 479194
1502718983 537543
1502718983 719812
1502718983 738114
1502718983 787151
1502718983 787192
1502718983 804995
1502718983 854029
1502718983 872177
1502718983 921144
1502718983 939382
1502718983 988264
1502718984 36666
1502718984 141766
1502718984 160999
1502718984 228823
1502718984 276290
1502718984 468382
1502718984 486786
1502718984 487808
1502718984 535549
1502718984 573920
1502718984 775239
1502718984 814448
1502718985 15928
1502718985 73052
1502718985 255228
1502718985 272879
1502718985 275467
1502718985 322356
1502718985 339680
1502718985 389476
1502718985 407146
1502718985 457862
1502718985 458034
1502718985 473932
1502718985 523879
1502718985 581216
1502718985 763549
1502718985 802742
1502718986 3982
1502718986 21520
1502718986 23837
1502718986 70152
1502718986 88125
1502718986 138192
1502718986 156687
1502718986 156868
1502718986 204391
1502718986 223149
1502718986 271607
1502718986 290417
1502718986 338811
1502718986 368030
1502718986 443992
1502718986 464248
1502718986 579328
1502718986 598049
1502718986 645779
1502718986 722573
1502718986 731972
1502718986 885173
1502718986 904149
1502718986 953445
1502718986 953495
1502718986 971367
1502718987 19465
1502718987 58664
1502718987 173607
1502718987 193128
1502718987 259795
1502718987 278757
1502718987 327103
1502718987 346288
1502718987 347431
1502718987 393187
1502718987 403230
1502718987 451366
1502718987 508751
1502718987 873347
1502718987 883786
1502718987 931442
1502718987 941364
1502718987 988800
1502718987 998574
1502718988 46676
1502718988 56676
1502718988 103866
1502718988 142173
1502718988 353761
1502718988 429642
1502718988 439977
1502718988 583958
1502718988 621367
1502718988 736392
1502718988 755743
1502718988 832601
1502718988 843440
1502718988 890661
1502718988 937807
1502718989 129412
1502718989 187624
1502718989 273608
1502718989 283876
1502718989 369820
1502718989 426835
1502718989 523117
1502718989 552075
1502718989 619313
1502718989 675602
1502718989 820217
1502718989 857983
1502718989 870717
1502718989 915216
1502718989 928805
1502718989 973254
1502718989 985968
1502718990 30432
1502718990 68881
1502718990 232096
1502718990 270019
1502718990 283681
1502718990 327272
1502718990 341690
1502718990 384358
1502718990 398916
1502718990 442488
1502718990 456900
1502718990 499633
1502718990 514089
1502718990 557727
1502718990 572286
1502718990 614989
1502718990 654217
1502718990 730210
1502718990 749499
1502718990 864480
1502718990 879046
1502718990 922513
1502718991 239270
1502718991 258665
1502718991 411782
1502718991 451093
1502718991 834601
1502718991 854048
1502718991 891738
1502718991 906373
1502718991 949880
1502718991 963755
1502718992 6994
1502718992 141509
1502718992 160680
1502718992 256591
1502718992 271060
1502718992 314688
1502718992 382247
1502718992 564338
1502718992 577948
1502718992 621401
1502718992 679788
1502718992 784708
1502718992 804078
1502718992 861972
1502718992 875519
1502718992 919033
1502718992 933590
1502718992 977087
1502718993 44596
1502718993 226780
1502718993 466257
1502718993 480887
1502718993 524324
1502718993 537904
1502718993 581551
1502718993 596089
1502718993 639587
1502718993 677039
1502718993 830399
1502718993 888228
1502718993 902817
1502718993 945411
1502718993 961028
1502718994 2565
1502718994 17993
1502718994 59757
1502718994 118215
1502718994 252254
1502718994 309362
1502718994 325777
1502718994 367508
1502718994 382953
1502718994 424628
1502718994 454043
1502718994 568966
1502718994 588220
1502718994 674229
1502718994 690535
1502718994 732296
1502718994 747702
1502718994 789447
1502718994 804796
1502718994 847496
1502718994 862931
1502718994 904629
1502718994 942996
1502718995 78070
1502718995 97389
1502718995 154353
1502718995 170546
1502718995 212366
1502718995 227786
1502718995 289099
1502718995 422967
1502718995 443596
1502718995 518999
1502718995 567414
1502718995 663327
1502718995 682832
1502718995 759544
1502718995 774953
1502718995 816658
1502718995 832163
1502718995 874881
1502718995 913269
1502718996 219745
1502718996 239797
1502718996 363910
1502718996 379396
1502718996 421990
1502718996 479471
1502718996 804998
1502718996 824280
1502718996 911127
1502718996 926690
1502718996 977356
1502718997 15861
1502718997 217404
1502718997 275369
1502718997 342225
1502718997 361575
1502718997 457426
1502718997 474115
1502718997 525001
1502718997 525049
1502718997 540883
1502718997 582049
1502718997 599022
1502718997 648886
1502718997 666180
1502718997 716156
1502718997 733342
1502718997 793548
1502718997 966540
1502718998 24024
1502718998 81170
1502718998 273598
1502718998 503901
1502718998 520239
1502718998 570938
1502718998 587293
1502718998 637246
1502718998 654503
1502718998 704373
1502718998 743610
1502718998 945081
1502718999 184426
1502718999 201979
1502718999 204639
1502718999 251604
1502718999 268877
1502718999 319713
1502718999 336120
1502718999 386114
1502718999 444207
1502718999 578299
1502718999 626359
1502718999 643651
1502718999 693459
1502718999 710748
1502718999 760682
1502718999 778974
1502718999 780274
1502718999 827808
1502718999 845110
1502718999 895046
1502718999 912550
1502718999 971567
1502719000 201810
1502719000 298126
1502719000 307293
1502719000 441456
1502719000 459554
1502719000 508501
1502719000 556801
1502719000 633678
1502719000 643044
1502719000 748936
1502719000 766230
1502719000 816177
1502719000 833995
1502719000 882671
1502719001 209051
1502719001 228431
1502719001 362495
1502719001 380670
1502719001 429594
1502719001 487898
1502719001 670334
1502719001 804344
1502719001 814532
1502719001 909597
1502719001 927511
1502719001 929179
1502719001 976772
1502719001 994103
1502719002 43899
1502719002 62134
1502719002 110224
1502719002 129240
1502719002 177322
1502719002 196109
1502719002 244521
1502719002 263276
1502719002 311763
1502719002 330465
1502719002 378874
1502719002 397568
1502719002 446036
1502719002 475508
1502719002 600267
1502719002 619684
1502719002 686527
1502719002 704790
1502719002 762953
1502719003 136652
1502719003 156791
1502719003 232752
1502719003 251591
1502719003 299923
1502719003 376187
1502719003 472392
1502719003 482668
1502719003 539625
1502719003 558276
1502719003 606662
1502719003 645026
1502719003 847157
1502719003 894282
1502719003 980587
1502719004 9504
1502719004 86726
1502719004 96732
1502719004 143897
1502719004 154135
1502719004 202023
1502719004 259352
1502719004 441692
1502719004 508724
1502719004 682175
1502719004 739480
1502719005 85144
1502719005 104011
1502719005 171194
1502719005 181353
1502719005 229287
1502719005 239268
1502719005 286467
1502719005 344760
1502719005 459812
1502719005 469193
1502719005 526957
1502719005 545739
1502719005 594080
1502719005 604027
1502719005 650316
1502719005 708709
1502719005 890946
1502719005 947914
1502719006 130446
1502719006 168460
1502719006 264824
1502719006 283746
1502719006 533340
1502719006 543888
1502719006 619572
1502719006 631387
1502719006 677646
1502719006 688473
1502719006 734794
1502719006 782773
1502719006 975327
1502719006 986309
1502719007 32493
1502719007 119618
1502719007 138543
1502719007 272917
1502719007 283916
1502719007 330128
1502719007 342060
1502719007 388161
1502719007 399064
1502719007 445337
1502719007 457198
1502719007 503488
1502719007 541789
1502719007 743082
1502719007 772378
1502719007 992882
1502719008 40909
1502719008 165940
1502719008 175227
1502719008 233091
1502719008 244076
1502719008 290556
1502719008 338546
1502719008 530881
1502719008 559136
1502719008 780601
1502719009 19954
1502719009 31881
1502719009 77932
1502719009 88821
1502719009 135132
1502719009 193456
1502719009 538078
1502719009 558359
1502719009 625227
1502719009 636126
1502719009 682410
1502719009 694166
1502719009 740503
1502719009 789608
1502719009 979257
1502719009 992168
1502719010 37281
1502719010 189692
1502719010 208912
1502719010 275811
1502719010 289480
1502719010 333080
1502719010 346634
1502719010 391133
1502719010 458616
1502719010 755930
1502719010 784370
1502719010 880292
1502719010 893944
1502719010 937468
1502719011 4856
1502719011 90796
1502719011 110282
1502719011 187050
1502719011 201610
1502719011 244246
1502719011 258810
1502719011 302273
1502719011 339748
1502719011 550949
1502719011 566510
1502719011 609018
1502719011 623697
1502719011 666131
1502719011 733628
1502719011 829529
1502719011 848820
1502719011 915736
1502719011 931290
1502719011 973774
1502719011 988303
1502719012 31026
1502719012 46513
1502719012 89101
1502719012 103598
1502719012 145346
1502719012 193856
1502719012 395051
1502719012 443359
1502719012 635632
1502719012 650875
1502719012 712817
1502719012 807860
1502719012 827239
1502719012 942178
1502719012 957592
1502719013 415
1502719013 38772
1502719013 249817
1502719013 288223
1502719013 489369
1502719013 576544
1502719013 595758
1502719013 729792
1502719013 787307
1502719013 969484
1502719013 984873
1502719014 27528
1502719014 41968
1502719014 84629
1502719014 100018
1502719014 142779
1502719014 157245
1502719014 200036
1502719014 215525
1502719014 257128
1502719014 272479
1502719014 314336
1502719014 330720
1502719014 380544
1502719014 409807
1502719014 534938
1502719014 554217
1502719014 620968
1502719014 637397
1502719014 688154
1502719014 704492
1502719014 745335
1502719014 762530
1502719014 812516
1502719014 829640
1502719014 880506
1502719014 896849
1502719014 946815
1502719014 964439
1502719014 966273
1502719015 14104
1502719015 31265
1502719015 81101
1502719015 119444
1502719015 186579
1502719015 206892
1502719015 494004
1502719015 513373
1502719015 560282
1502719015 578489
1502719015 628391
1502719015 645703
1502719015 695473
1502719015 723888
1502719015 857976
1502719015 877328
1502719015 934183
1502719015 952284
1502719016 1297
1502719016 19537
1502719016 68484
1502719016 260958
1502719016 308940
1502719016 326241
1502719016 376099
1502719016 393422
1502719016 443312
1502719016 491652
1502719016 682964
1502719016 751165
1502719016 923326
1502719016 940902
1502719017 718
1502719017 230239
1502719017 259342
1502719017 393428
1502719017 412828
1502719017 469682
1502719017 487820
1502719017 536836
1502719017 555099
1502719017 603957
1502719017 622168
1502719017 672010
1502719017 815619
1502719017 835811
1502719017 910725
1502719017 928931
1502719017 978102
1502719018 36103
1502719018 141243
1502719018 151543
1502719018 218343
1502719018 235615
1502719018 285455
1502719018 302724
1502719018 352622
1502719018 370428
1502719018 420040
1502719018 612238
1502719018 659562
1502719018 677587
1502719018 727537
1502719018 745067
1502719018 803195
1502719018 918045
1502719018 938303
1502719019 33247
1502719019 52149
1502719019 100473
1502719019 119180
1502719019 167669
1502719019 206809
1502719019 292819
1502719019 312206
1502719019 408052
1502719019 426490
1502719019 475339
1502719019 513743
1502719019 599629
1502719019 619954
1502719019 714787
1502719019 733280
1502719019 792250
1502719020 22421
1502719020 165822
1502719020 185109
1502719020 261974
1502719020 319440
1502719020 415394
1502719020 424716
1502719020 501627
1502719020 519810
1502719020 568733
1502719020 586918
1502719020 635887
1502719020 694207
1502719020 799240
1502719020 818631
1502719020 875426
1502719020 892951
1502719020 942629
1502719020 959874
1502719021 9798
1502719021 250258
1502719021 267650
1502719021 317495
1502719021 334828
1502719021 384550
1502719021 586303
1502719021 624208
1502719021 641437
1502719021 691338
1502719021 708776
1502719021 758511
1502719021 775801
1502719021 826600
1502719021 863976
1502719022 65551
1502719022 247867
1502719022 267834
1502719022 305649
1502719022 322977
1502719022 372815
1502719022 430317
1502719022 612536
1502719022 630578
1502719022 679620
1502719022 930041
1502719023 6269
1502719023 25575
1502719023 159775
1502719023 207699
1502719023 303991
1502719023 332012
1502719023 399291
1502719023 417441
1502719023 466436
1502719023 484586
1502719023 534511
1502719023 552001
1502719023 562281
1502719023 599805
1502719023 618667
1502719023 667009
1502719023 685720
1502719023 734270
1502719023 753260
1502719023 812580
1502719024 186278
1502719024 205579
1502719024 281424
1502719024 300149
1502719024 348591
1502719024 367309
1502719024 415698
1502719024 761519
1502719024 780766
1502719024 895775
1502719024 914552
1502719024 962869
1502719024 981750
1502719025 30128
1502719025 270580
1502719025 318065
1502719025 520507
1502719025 692571
1502719025 711949
1502719025 759696
1502719025 778517
1502719025 826880
1502719025 884681
1502719026 66631
1502719026 85263
1502719026 134504
1502719026 527606
1502719026 546914
1502719026 613679
1502719026 671400
1502719026 815339
1502719026 863193
1502719026 873277
1502719026 920430
1502719026 930397
1502719026 978609
1502719026 997856
1502719027 55165
1502719027 285215
1502719027 295186
1502719027 342409
1502719027 353203
1502719027 400460
1502719027 410453
1502719027 457624
1502719027 468555
1502719027 516022
1502719027 573151
1502719027 640041
1502719027 659378
1502719027 755274
1502719027 812754
1502719027 898726
1502719027 918901
1502719027 994953
1502719028 5853
1502719028 52898
1502719028 62884
1502719028 110107
1502719028 149383
1502719028 360002
1502719028 542239
1502719028 590207
1502719028 601154
1502719028 648306
1502719028 658402
1502719028 705383
1502719028 716362
1502719028 763495
1502719028 773531
1502719028 820621
1502719028 879028
1502719028 984027
1502719029 3405
1502719029 60242
1502719029 71112
1502719029 118809
1502719029 129115
1502719029 175527
1502719029 186379
1502719029 232640
1502719029 244399
1502719029 290790
1502719029 301643
1502719029 347931
1502719029 359897
1502719029 406029
1502719029 416991
1502719029 463202
1502719029 847965
1502719029 867464
1502719029 943317
1502719029 954153
1502719030 1481
1502719030 12308
1502719030 58532
1502719030 144779
1502719030 170271
1502719030 299038
1502719030 347590
1502719030 538578
1502719030 597052
1502719030 788195
1502719030 799069
1502719030 846263
1502719030 857058
1502719030 903375
1502719030 914298
1502719030 961476
1502719030 972407
1502719031 18658
1502719031 29521
1502719031 76684
1502719031 87735
1502719031 133903
1502719031 144793
1502719031 191965
1502719031 229433
1502719031 585090
1502719031 604236
1502719031 671164
1502719031 683049
1502719031 727439
1502719031 740135
1502719031 784636
1502719031 832922
1502719032 34517
1502719032 111255
1502719032 130657
1502719032 274680
1502719032 287418
1502719032 331757
1502719032 371066
1502719032 572251
1502719032 610801
1502719032 821854
1502719032 860190
1502719033 61628
1502719033 128876
1502719033 302010
1502719033 369332
1502719033 474374
1502719033 493713
1502719033 541406
1502719033 554244
1502719033 598662
1502719033 646971
1502719033 839156
1502719033 887475
1502719034 88843
1502719034 117951
1502719034 328254
1502719034 341022
1502719034 385413
1502719034 399052
1502719034 443543
1502719034 500987
1502719034 683115
1502719034 696874
1502719034 702540
1502719034 741185
1502719034 753920
1502719034 798364
1502719034 846659
1502719034 961878
1502719034 981009
1502719035 38767
1502719035 51599
1502719035 95155
1502719035 108651
1502719035 153174
1502719035 210568
1502719035 403025
1502719035 498077
1502719035 517617
1502719035 642376
1502719035 655071
1502719035 699523
1502719035 738704
1502719035 940032
1502719035 988446
1502719036 189567
1502719036 228067
1502719036 602577
1502719036 621895
1502719036 669704
1502719036 682495
1502719036 726809
1502719036 739533
1502719036 783945
1502719036 797610
1502719036 842043
1502719036 854769
1502719036 861406
1502719036 899254
1502719036 912856
1502719036 957365
1502719036 970054
1502719037 14540
1502719037 62776
1502719037 264264
1502719037 503847
1502719037 667069
1502719037 677253
1502719037 744515
1502719037 801493
1502719037 983802
1502719038 51203
1502719038 224190
1502719038 290677
1502719038 357658
1502719038 376927
1502719038 472868
1502719038 485546
1502719038 530047
1502719038 588295
1502719038 770591
1502719038 837965
1502719038 962108
1502719038 972176
1502719039 20074
1502719039 32946
1502719039 77325
1502719039 90786
1502719039 135322
1502719039 148100
1502719039 192454
1502719039 205243
1502719039 211864
1502719039 249663
1502719039 263358
1502719039 307721
1502719039 320580
1502719039 364926
1502719039 378543
1502719039 422132
1502719039 480412
1502719039 547377
1502719039 566678
1502719039 662583
1502719039 699944
1502719039 911235
1502719039 924902
1502719039 930667
1502719039 968357
1502719040 26813
1502719040 122694
1502719040 132012
1502719040 208966
1502719040 222650
1502719040 276341
1502719040 506562
1502719040 520261
1502719040 525838
1502719040 563804
1502719040 631156
1502719040 804304
1502719040 870642
1502719040 966646
1502719040 976892
1502719041 52866
1502719041 67393
1502719041 110950
1502719041 124800
1502719041 168117
1502719041 216451
1502719041 302440
1502719041 321745
1502719041 408645
1502719041 422302
1502719041 465800
1502719041 479431
1502719041 523864
1502719041 537506
1502719041 543191
1502719041 580976
1502719041 594708
1502719041 639077
1502719041 676576
1502719041 887827
1502719041 945171
1502719042 127368
1502719042 156595
1502719042 262610
1502719042 281884
1502719042 367878
1502719042 381499
1502719042 425007
1502719042 439603
1502719042 482301
1502719042 496767
1502719042 540311
1502719042 712654
1502719042 732011
1502719042 789814
1502719042 804496
1502719042 846954
1502719042 861538
1502719042 904128
1502719042 943070
1502719043 538631
1502719043 557884
1502719043 644148
1502719043 729987
1502719043 740266
1502719043 970636
1502719043 989884
1502719044 113869
1502719044 143136
1502719044 268129
1502719044 287459
1502719044 363439
1502719044 555960
1502719044 604030
1502719044 618624
1502719044 661076
1502719044 676594
1502719044 719141
1502719044 733765
1502719044 776326
1502719044 791750
1502719044 795639
1502719044 834415
1502719044 849282
1502719044 891668
1502719044 968746
1502719044 988166
1502719045 64082
1502719045 93019
1502719045 141157
1502719045 155768
1502719045 198316
1502719045 256340
1502719045 370762
1502719045 390971
1502719045 447815
1502719045 463423
1502719045 505956
1502719045 520528
1502719045 562240
1502719045 578685
1502719045 591470
1502719045 620235
1502719045 635794
1502719045 677489
1502719045 692957
1502719045 735503
1502719045 751081
1502719045 764733
1502719045 792696
1502719045 808417
1502719045 850896
1502719045 866714
1502719045 907960
1502719045 923543
1502719045 966188
1502719046 32592
1502719046 176887
1502719046 214728
1502719046 231125
1502719046 272766
1502719046 288274
1502719046 329961
1502719046 346423
1502719046 397206
1502719046 413525
1502719046 464717
1502719046 521742
1502719046 896305
1502719046 944384
1502719046 960743
1502719047 11570
1502719047 28726
1502719047 78640
1502719047 136107
1502719047 202993
1502719047 222282
1502719047 318293
1502719047 335540
1502719047 385416
1502719047 403532
1502719047 452558
1502719047 462078
1502719047 468981
1502719047 519735
1502719047 536135
1502719047 585949
1502719047 634458
1502719047 711271
1502719047 730651
1502719047 826468
1502719047 843849
1502719047 893738
1502719047 910938
1502719047 960739
1502719048 46949
1502719048 66410
1502719048 133233
1502719048 162871
1502719048 200377
1502719048 217651
1502719048 267619
1502719048 284883
1502719048 334705
1502719048 383078
1502719048 575145
1502719048 592463
1502719048 604779
1502719048 642372
1502719048 659614
1502719048 709516
1502719048 727099
1502719048 776689
1502719048 793910
1502719048 843834
1502719048 861063
1502719048 873462
1502719048 910893
1502719048 928282
1502719048 978165
1502719048 995485
1502719049 45249
1502719049 93506
1502719049 285721
1502719049 295717
1502719049 342049
1502719049 438123
1502719049 457449
1502719049 582528
1502719049 593383
1502719049 639651
1502719049 880288
1502719049 928650
1502719050 283083
1502719050 302395
1502719050 369392
1502719050 380255
1502719050 427529
1502719050 438410
1502719050 484533
1502719050 495500
1502719050 542735
1502719050 553533
1502719050 599773
1502719050 610648
1502719050 657871
1502719050 668720
1502719050 715056
1502719050 725997
1502719050 773437
1502719050 830695
1502719051 12714
1502719051 23556
1502719051 69857
1502719051 81649
1502719051 128123
1502719051 139054
1502719051 185169
1502719051 196894
1502719051 243273
1502719051 254211
1502719051 300326
1502719051 312250
1502719051 356648
1502719051 369319
1502719051 413797
1502719051 427471
1502719051 471946
1502719051 484593
1502719051 529102
1502719051 541821
1502719051 586225
1502719051 599772
1502719051 644320
1502719051 657053
1502719051 701507
1502719051 715076
1502719051 759597
1502719051 807055
1502719051 999171
1502719052 12832
1502719052 56284
1502719052 70030
1502719052 114387
1502719052 128006
1502719052 171554
1502719052 212023
1502719052 315807
1502719052 335142
1502719052 412071
1502719052 424820
1502719052 469294
1502719052 482996
1502719052 527279
1502719052 575739
1502719052 680774
1502719052 700097
1502719052 766918
1502719052 780472
1502719052 825073
1502719052 882351
1502719052 959299
1502719052 968599
1502719053 64525
1502719053 78296
1502719053 122623
1502719053 135497
1502719053 179770
1502719053 193485
1502719053 237009
1502719053 250586
1502719053 294083
1502719053 308678
1502719053 352198
1502719053 365879
1502719053 409368
1502719053 424281
1502719053 486881
1502719053 899405
1502719053 956663
1502719053 971157
1502719054 14711
1502719054 28464
1502719054 71898
1502719054 86490
1502719054 129943
1502719054 168387
1502719054 379492
1502719054 393607
1502719054 436766
1502719054 450457
1502719054 494824
1502719054 508468
1502719054 513661
1502719054 551894
1502719054 565598
1502719054 609189
1502719054 623740
1502719054 667212
1502719054 680936
1502719054 686616
1502719054 724315
1502719054 738854
1502719054 781575
1502719054 796134
1502719054 839620
1502719054 887038
1502719055 2054
1502719055 21420
1502719055 88280
1502719055 103723
1502719055 145408
1502719055 160863
1502719055 203498
1502719055 219084
1502719055 260643
1502719055 276211
1502719055 280927
1502719055 318803
1502719055 376181
1502719055 463058
1502719055 482345
1502719055 568378
1502719055 583913
1502719055 625508
1502719055 641024
1502719055 683582
1502719055 711885
1502719055 797960
1502719055 818166
1502719055 932146
1502719055 947801
1502719055 990338
1502719056 5797
1502719056 57696
1502719056 210848
1502719056 221045
1502719056 297031
1502719056 312539
1502719056 355170
1502719056 370764
1502719056 412360
1502719056 451679
1502719056 661824
1502719056 691278
1502719056 902375
1502719056 950715
1502719057 142039
1502719057 200202
1502719057 382534
1502719057 448901
1502719057 631193
1502719057 647816
1502719057 698538
1502719057 774535
1502719057 793752
1502719057 899905
1502719057 937764
1502719057 954251
1502719058 5248
1502719058 63285
1502719058 158391
1502719058 178639
1502719058 245491
1502719058 261065
1502719058 302751
1502719058 319044
1502719058 360674
1502719058 408113
1502719058 495041
1502719058 514301
1502719058 610356
1502719058 625815
1502719058 676501
1502719058 693032
1502719058 743690
1502719058 760150
1502719058 810846
1502719058 827573
1502719058 878261
1502719059 118775
1502719059 358191
1502719059 374563
1502719059 377544
1502719059 425245
1502719059 441638
1502719059 491416
1502719059 509640
1502719059 558895
1502719059 606898
1502719059 693813
1502719059 713274
1502719059 799354
1502719059 943396
1502719059 962720
1502719060 38765
1502719060 57010
1502719060 105870
1502719060 124170
1502719060 173941
1502719060 231338
1502719060 413518
1502719060 430822
1502719060 480592
1502719060 720169
1502719060 749608
1502719060 826376
1502719060 845317
1502719060 959906
1502719060 978071
1502719061 27066
1502719061 66303
1502719061 267588
1502719061 285130
1502719061 296659
1502719061 334540
1502719061 382556
1502719061 574218
1502719061 613413
1502719061 814723
1502719061 872037
1502719062 54244
1502719062 121688
1502719062 458131
1502719062 477006
1502719062 544334
1502719062 561656
1502719062 611750
1502719062 668474
1502719062 851241
1502719062 917550
1502719063 90750
1502719063 108996
1502719063 156877
1502719063 502619
1502719063 521972
1502719063 636981
1502719063 675358
1502719063 781202
1502719063 809600
1502719063 886603
1502719063 899296
1502719063 943664
1502719063 956407
1502719064 847
1502719064 14526
1502719064 58841
1502719064 71573
1502719064 116085
1502719064 129785
1502719064 173186
1502719064 186914
1502719064 230418
1502719064 287882
1502719064 373852
1502719064 394181
1502719064 480092
1502719064 494918
1502719064 499409
1502719064 537204
1502719064 551877
1502719064 595241
1502719064 609870
1502719064 652466
1502719064 667070
1502719064 710501
1502719064 767959
1502719064 902039
1502719064 959118
1502719065 7563
1502719065 132539
1502719065 151851
1502719065 199659
1502719065 248059
1502719065 439196
1502719065 497621
1502719065 564530
1502719065 583866
1502719065 679818
1502719065 694238
1502719065 736801
1502719065 784412
1502719066 138978
1502719066 158374
1502719066 225132
1502719066 241656
1502719066 283378
1502719066 299622
1502719066 350648
1502719066 407980
1502719066 474812
1502719066 495036
1502719066 590073
1502719066 648336
1502719066 839909
1502719067 12908
1502719067 32298
1502719067 70257
1502719067 86364
1502719067 128238
1502719067 143773
1502719067 185268
1502719067 234676
1502719067 434866
1502719067 483292
1502719067 675478
1502719067 691224
1502719067 732485
1502719067 747923
1502719067 790777
1502719067 805974
1502719067 847754
1502719067 863168
1502719067 905030
1502719067 921339
1502719067 982444
1502719068 145478
1502719068 164860
1502719068 212622
1502719068 279116
1502719068 452262
1502719068 468618
1502719068 519452
1502719068 535733
1502719068 586444
1502719068 603125
1502719068 662866
1502719068 767949
1502719068 778204
1502719068 893231
1502719068 909713
1502719068 959502
1502719069 26838
1502719069 382374
1502719069 401643
1502719069 439447
1502719069 456800
1502719069 506580
1502719069 524869
1502719069 573807
1502719069 591995
1502719069 640978
1502719069 659498
1502719069 660341
1502719069 708115
1502719069 726320
1502719069 775595
1502719069 823584
1502719070 91977
1502719070 111344
1502719070 198139
1502719070 217561
1502719070 255253
1502719070 272599
1502719070 322414
1502719070 351680
1502719070 563034
1502719070 611605
1502719070 725442
1502719070 745614
1502719070 802583
1502719070 859083
1502719071 41396
1502719071 99554
1502719071 290780
1502719071 309720
1502719071 358439
1502719071 358462
1502719071 376186
1502719071 425081
1502719071 443783
1502719071 445328
1502719071 492278
1502719071 510472
1502719071 569663
1502719071 694598
1502719071 704032
1502719071 799954
1502719071 857369
1502719072 39459
1502719072 58741
1502719072 106859
1502719072 107024
1502719072 124814
1502719072 173723
1502719072 191984
1502719072 240930
1502719072 298471
1502719072 480561
1502719072 528973
1502719072 720970
1502719072 738274
1502719072 788079
1502719072 805508
1502719072 855275
1502719073 229249
1502719073 248611
1502719073 334443
1502719073 352489
1502719073 401959
1502719073 450014
1502719073 642242
1502719073 699512
1502719073 881696
1502719073 900486
1502719073 901107
1502719073 948840
1502719073 967076
1502719074 15973
1502719074 34213
1502719074 83747
1502719074 323938
1502719074 399854
1502719074 420083
1502719074 563526
1502719074 620672
1502719074 706696
1502719074 726016
1502719074 802848
1502719074 820258
1502719074 822103
1502719074 869934
1502719074 886374
1502719074 937088
1502719074 953774
1502719075 4451
1502719075 89484
1502719075 118493
1502719075 244029
1502719075 260373
1502719075 311042
1502719075 368370
1502719075 512644
1502719075 550654
1502719075 567938
1502719075 617726
1502719075 635316
1502719075 694751
1502719075 848266
1502719075 858516
1502719075 925343
1502719075 942783
1502719075 992576
1502719076 9768
1502719076 20807
1502719076 58764
1502719076 117096
1502719076 203092
1502719076 221979
1502719076 299290
1502719076 347580
1502719076 471710
1502719076 500550
1502719076 538811
1502719076 556409
1502719076 606208
1502719076 615162
1502719076 624166
1502719076 673027
1502719076 690432
1502719076 740276
1502719076 757563
1502719076 807416
1502719076 999090
1502719077 46979
1502719077 65277
1502719077 114157
1502719077 172520
1502719077 354794
1502719077 372002
1502719077 420903
1502719077 574309
1502719077 603789
1502719077 660553
1502719077 679438
1502719077 727718
1502719077 795107
1502719077 968119
1502719077 986544
1502719078 35313
1502719078 53997
1502719078 64851
1502719078 102485
1502719078 120597
1502719078 169547
1502719078 188053
1502719078 199094
1502719078 236749
1502719078 255127
1502719078 304017
1502719078 322169
1502719078 371064
1502719078 389219
1502719078 438212
1502719078 591669
1502719078 611161
1502719078 677835
1502719078 696503
1502719078 707396
1502719078 744921
1502719078 763197
1502719078 812168
1502719078 830294
1502719078 879514
1502719078 936649
1502719079 42533
1502719079 71895
1502719079 118790
1502719079 137024
1502719079 187002
1502719079 204250
1502719079 253115
1502719079 310597
1502719079 387524
1502719079 406782
1502719079 492721
1502719079 560154
1502719079 695244
1502719079 733187
1502719079 750738
1502719079 800354
1502719079 857744
1502719079 972825
1502719079 992149
1502719080 39910
1502719080 58401
1502719080 107144
1502719080 125285
1502719080 174323
1502719080 192478
1502719080 242315
1502719080 308880
1502719080 433058
1502719080 480993
1502719080 499487
1502719080 548195
1502719080 615675
1502719080 961304
1502719080 980484
1502719081 28316
1502719081 46735
1502719081 95396
1502719081 162813
1502719081 335880
1502719081 353239
1502719081 403094
1502719081 420346
1502719081 470166
1502719081 487513
1502719081 537298
1502719081 575741
1502719081 709788
1502719081 730077
1502719081 776948
1502719081 795475
1502719081 844936
1502719081 862328
1502719081 911159
1502719081 929398
1502719081 978433
1502719081 996649
1502719082 44657
1502719082 93256
1502719082 227151
1502719082 247798
1502719082 285052
1502719082 302499
1502719082 352232
1502719082 370448
1502719082 419375
1502719082 456811
1502719082 610026
1502719082 658042
1502719082 677082
1502719082 725282
1502719082 745009
1502719082 802716
1502719082 927657
1502719082 946989
1502719083 33013
1502719083 51876
1502719083 100089
1502719083 119166
1502719083 119734
1502719083 167220
1502719083 186042
1502719083 234429
1502719083 253301
1502719083 301684
1502719083 320851
1502719083 321085
1502719083 368733
1502719083 387490
1502719083 435937
1502719083 484424
1502719083 685962
1502719083 762510
1502719083 782111
1502719083 992318
1502719084 12377
1502719084 117438
1502719084 155397
1502719084 174322
1502719084 222661
1502719084 241747
1502719084 242149
1502719084 289732
1502719084 308555
1502719084 357016
1502719084 396219
1502719084 453191
1502719084 472694
1502719084 597435
1502719084 616238
1502719084 663743
1502719084 673690
1502719084 721675
1502719084 731824
1502719084 778855
1502719084 788971
1502719084 837160
1502719084 847001
1502719084 894266
1502719084 904343
1502719084 952245
1502719084 962379
1502719085 9368
1502719085 19550
1502719085 67467
1502719085 77523
1502719085 124552
1502719085 134670
1502719085 182952
1502719085 192817
1502719085 239919
1502719085 250120
1502719085 298010
1502719085 317659
1502719085 318499
1502719085 365169
1502719085 422563
1502719085 499467
1502719085 508767
1502719085 604875
1502719085 623596
1502719085 671919
1502719085 730291
1502719085 797094
1502719085 816500
1502719085 912456
1502719085 931295
1502719085 978636
1502719086 17920
1502719086 74852
1502719086 94183
1502719086 161063
1502719086 181361
1502719086 219022
1502719086 229176
1502719086 276216
1502719086 286222
1502719086 334508
1502719086 344429
1502719086 391459
1502719086 401532
1502719086 449703
1502719086 479111
1502719086 795410
1502719086 814756
1502719086 939004
1502719087 73100
1502719087 93326
1502719087 169277
1502719087 179761
1502719087 227337
1502719087 237418
1502719087 284453
1502719087 294564
1502719087 342575
1502719087 352600
1502719087 399718
1502719087 409915
1502719087 457773
1502719087 496219
1502719087 649404
1502719087 697544
1502719087 707648
1502719087 754773
1502719087 765736
1502719087 811936
1502719087 822701
1502719087 868892
1502719087 927188
1502719088 109398
1502719088 176775
1502719088 349054
1502719088 397356
1502719088 512455
1502719088 531782
1502719088 598564
1502719088 610410
1502719088 656626
1502719088 667536
1502719088 713777
1502719088 725718
1502719088 771813
1502719088 782834
1502719088 829123
1502719088 840923
1502719088 887398
1502719088 944496
1502719089 126772
1502719089 138641
1502719089 184762
1502719089 195687
1502719089 241955
1502719089 309508
1502719089 482460
1502719089 493426
1502719089 538748
1502719089 577958
1502719089 980749
1502719090 18895
1502719090 31824
1502719090 76845
1502719090 88728
1502719090 134020
1502719090 172370
1502719090 335537
1502719090 374552
1502719090 386423
1502719090 430887
1502719090 444531
1502719090 488885
1502719090 501622
1502719090 546051
1502719090 559780
1502719090 604130
1502719090 652447
1502719090 795573
1502719090 805811
1502719090 843669
1502719090 857449
1502719090 901743
1502719090 950147
1502719091 64284
1502719091 84479
1502719091 141444
1502719091 208909
1502719091 477161
1502719091 487376
1502719091 631377
1502719091 669839
1502719091 871023
1502719091 929316
1502719092 111504
1502719092 159041
1502719092 293882
1502719092 313269
1502719092 361078
1502719092 373877
1502719092 418177
1502719092 431810
1502719092 476290
1502719092 489102
1502719092 532584
1502719092 580870
1502719092 773176
1502719092 786821
1502719092 830158
1502719092 844828
1502719092 887449
1502719092 926661
1502719093 79823
1502719093 137082
1502719093 151672
1502719093 195068
1502719093 209564
1502719093 252255
1502719093 266907
1502719093 310335
1502719093 324952
1502719093 367524
1502719093 382075
1502719093 425493
1502719093 440235
1502719093 482703
1502719093 497405
1502719093 540781
1502719093 555503
1502719093 598054
1502719093 612632
1502719093 655172
1502719093 670634
1502719093 713213
1502719093 727808
1502719093 770421
1502719093 818825
1502719093 885619
1502719093 895848
1502719094 164236
1502719094 174520
1502719094 260416
1502719094 275021
1502719094 317751
1502719094 332254
1502719094 375734
1502719094 390373
1502719094 432881
1502719094 447485
1502719094 490944
1502719094 505696
1502719094 548088
1502719094 562870
1502719094 605230
1502719094 619776
1502719094 663500
1502719094 677988
1502719094 720813
1502719094 735515
1502719094 778799
1502719094 793498
1502719094 835930
1502719094 850708
1502719094 894210
1502719094 908744
1502719094 951215
1502719094 966103
1502719095 9521
1502719095 23979
1502719095 66651
1502719095 81409
1502719095 123760
1502719095 139420
1502719095 181811
1502719095 196471
1502719095 238923
1502719095 254531
1502719095 297108
1502719095 311798
1502719095 354190
1502719095 369718
1502719095 412470
1502719095 427119
1502719095 469652
1502719095 485073
1502719095 527603
1502719095 542202
1502719095 584719
1502719095 600272
1502719095 642983
1502719095 657429
1502719095 699826
1502719095 715272
1502719095 757880
1502719095 772435
1502719095 815051
1502719095 830549
