1502293803 526934
1502293803 545559
1502293803 767643
1502293803 785725
1502293804 34979
1502293804 102415
1502293804 170575
1502293804 237689
1502293804 255800
1502293804 679008
1502293804 698041
1502293804 803207
1502293804 822130
1502293805 23574
1502293805 89786
1502293805 158020
1502293805 176327
1502293805 243091
1502293805 310669
1502293805 330035
1502293805 762683
1502293805 781589
1502293805 848947
1502293805 867917
1502293806 31019
1502293806 50015
1502293807 19718
1502293807 38567
1502293807 864447
1502293807 883425
1502293809 122408
1502293809 141781
1502293809 332888
1502293809 351746
1502293809 591450
1502293809 610859
1502293810 129728
1502293810 148511
1502293810 215798
1502293810 282761
1502293810 301835
1502293810 608616
1502293810 627519
1502293810 762160
1502293810 781000
1502293812 28859
1502293812 47794
1502293812 182269
1502293812 201205
1502293812 738712
1502293812 805709
1502293812 824683
1502293813 74078
1502293813 92322
1502293813 226682
1502293813 246062
1502293813 687645
1502293813 706433
1502293813 994571
1502293814 13166
1502293814 359462
1502293814 378314
1502293815 414736
1502293815 434035
1502293815 578113
1502293815 645026
1502293815 712164
1502293815 730425
1502293815 903653
1502293815 921958
