1502355783 128883
1502355783 417258
1502355783 589577
1502355783 742805
1502355784 21362
1502355784 261156
1502355784 376423
1502355784 722266
1502355784 827558
1502355784 942782
1502355785 125185
1502355785 403871
1502355785 576103
1502355785 739350
1502355785 825677
1502355785 988892
1502355786 94283
1502355786 276773
1502355786 507260
1502355786 756948
1502355786 948804
1502355787 102608
1502355787 333083
1502355787 582571
1502355787 716785
1502355787 966723
1502355788 62852
1502355788 312289
1502355788 523251
1502355788 772247
1502355788 944919
1502355789 156234
1502355789 405723
1502355789 511108
1502355789 846764
1502355790 144407
1502355790 240506
1502355790 326741
1502355790 586378
1502355790 912169
1502355791 382185
1502355792 44797
1502355792 284378
1502355792 466828
1502355792 764313
1502355792 947032
1502355793 800843
1502355794 31221
1502355794 270883
1502355794 434104
1502355794 616507
1502355794 750693
1502355794 865963
1502355795 96690
1502355795 279322
1502355795 498779
1502355795 661983
1502355795 748174
1502355796 45908
1502355796 179927
1502355796 438803
1502355796 583218
1502355796 697262
1502355797 43178
1502355797 148267
1502355797 416993
1502355797 589086
1502355797 770653
1502355797 934242
1502355798 107049
1502355798 299027
1502355798 423144
1502355798 615360
1502355798 758901
1502355798 921432
1502355799 94770
1502355799 565057
1502355799 929582
