1502355783 437309
1502355783 609346
1502355784 40607
1502355784 281265
1502355784 742152
1502355784 847250
1502355784 962573
1502355785 423619
1502355785 596007
1502355785 759265
1502355785 845499
1502355786 8789
1502355786 114416
1502355786 296585
1502355786 526985
1502355786 776743
1502355786 968254
1502355787 121573
1502355787 352355
1502355787 601567
1502355787 986423
1502355788 81740
1502355788 331228
1502355788 792020
1502355788 964618
1502355789 176034
1502355789 425760
1502355790 164438
1502355790 259420
1502355790 346680
1502355792 64765
1502355792 304320
1502355793 820446
1502355794 50849
1502355794 453812
1502355794 636389
1502355794 769512
1502355794 884983
1502355795 115850
1502355795 298226
1502355795 518568
1502355795 681974
1502355796 65562
1502355796 458564
1502355796 602180
1502355797 63104
1502355797 167075
1502355797 436812
1502355797 608511
1502355797 781407
1502355797 954445
1502355798 319415
1502355798 626063
1502355798 770710
