1500555984 808594
1500555984 894829
1500555984 980994
1500555985 67928
1500555985 307474
1500555985 394113
1500555985 480798
1500555985 740006
1500555985 825683
1500555985 913006
1500555985 999033
1500555986 85062
1500555986 171465
1500555986 258094
1500555986 344733
1500555986 431026
1500555986 517207
1500555986 603842
1500555986 689842
1500555986 776597
1500555986 862968
1500555986 949006
1500555987 35359
1500555987 199650
1500555987 304183
1500555987 391307
1500555987 649826
1500555987 851355
1500555987 995661
1500555988 91756
1500555988 236205
1500555988 331470
1500555988 418517
1500555988 513785
1500555988 609830
1500555988 706142
1500555988 801065
1500555988 888052
1500555988 983451
1500555989 79710
1500555989 176326
1500555989 271074
1500555989 358170
1500555989 453564
1500555989 540665
1500555989 635960
1500555989 723061
1500555989 818282
1500555989 905441
1500555990 643
1500555990 77868
1500555990 173395
