1498573530 200279
1498573530 400430
1498573530 600491
1498573530 800560
1498573531 625
1498573531 200715
1498573531 400796
1498573531 600890
1498573531 800988
1498573532 1081
1498573532 201141
1498573532 401240
1498573532 601300
1498573532 801379
1498573533 1423
1498573533 201490
1498573533 401591
1498573533 601716
1498573533 801795
1498573534 1915
1498573534 201974
1498573534 402052
1498573534 602101
1498573534 802192
1498573535 2261
1498573535 202383
1498573535 402472
1498573535 602522
1498573535 802597
1498573536 2675
1498573536 202793
1498573536 402859
1498573536 602935
1498573536 803080
1498573537 3132
1498573537 203181
1498573537 403263
1498573537 603363
1498573537 803450
1498573538 3539
1498573538 203663
1498573538 403760
