1502293301 350373
1502293301 369333
1502293301 695168
1502293301 713545
1502293302 175103
1502293302 192946
1502293302 473111
1502293302 529672
1502293302 548282
1502293302 645118
1502293302 665185
1502293302 816521
1502293302 836048
1502293303 75950
1502293303 94908
1502293303 384088
1502293303 403222
1502293303 498212
1502293303 517613
1502293303 690428
1502293303 709010
1502293303 978232
1502293303 997714
1502293304 353000
1502293304 410045
1502293304 467391
1502293304 486721
1502293305 34591
1502293305 52646
1502293306 224140
1502293306 281393
1502293306 301356
1502293306 463907
1502293306 481900
1502293307 307738
1502293307 366010
1502293307 384223
1502293307 556915
1502293307 576103
1502293308 498556
1502293308 516555
1502293308 747200
1502293308 805176
1502293308 823671
1502293309 83943
1502293309 102092
1502293309 889869
1502293309 908746
1502293310 71322
1502293310 90718
1502293310 273833
1502293310 292580
1502293310 349656
1502293310 368197
1502293311 549639
1502293311 569046
1502293311 818966
1502293311 837030
1502293311 914049
1502293311 932673
1502293312 374976
1502293312 393814
1502293312 451109
1502293312 461185
1502293312 547746
1502293312 566304
1502293312 624418
1502293312 643345
1502293312 931281
1502293312 941382
1502293313 517330
1502293313 536753
