1502199689 396420
1502199689 578790
1502199689 790205
1502199689 953602
1502199690 68795
1502199690 308434
1502199690 490587
1502199690 634154
1502199690 845503
1502199690 961088
1502199691 113979
1502199691 344492
1502199691 526971
1502199691 776621
1502199691 968958
1502199692 112577
1502199692 237738
1502199692 410154
1502199692 506397
1502199692 669751
1502199692 919303
1502199693 120720
1502199693 361242
1502199693 610785
1502199693 774133
1502199694 32746
1502199694 215182
1502199694 378555
1502199694 483886
1502199694 638088
1502199694 820522
1502199695 70082
1502199695 261595
1502199695 453966
1502199695 655434
1502199695 799728
1502199695 924015
1502199696 29273
1502199696 192661
1502199696 404150
