1502207599 113627
1502207599 189784
1502207599 266828
1502207599 382233
1502207599 439379
1502207599 632011
1502207599 717921
1502207599 775903
1502207599 833383
1502207599 891257
1502207599 948575
1502207600 6456
1502207600 63597
1502207600 121836
1502207600 179182
1502207600 236948
1502207600 294133
1502207600 351494
1502207600 409363
1502207600 466617
1502207600 524640
1502207600 668932
1502207600 726160
1502207600 783367
1502207600 927587
1502207601 13924
1502207601 71927
1502207601 129080
1502207601 187167
1502207601 244335
1502207601 302371
1502207601 359583
1502207601 417834
1502207601 600085
1502207601 676318
1502207601 753417
1502207601 810622
1502207601 935786
1502207602 223608
1502207602 281672
1502207602 348877
1502207602 415858
1502207602 655703
1502207602 713575
1502207602 770942
1502207603 97485
1502207603 193596
1502207603 269984
1502207603 347000
1502207603 462241
1502207603 606604
1502207603 692859
1502207603 932341
1502207604 153872
1502207604 211017
1502207604 268102
1502207604 326259
1502207604 431429
1502207604 556779
1502207604 613994
1502207604 796241
1502207604 854409
1502207604 911544
1502207605 74854
1502207605 180171
1502207605 286563
1502207605 583990
1502207605 680194
1502207605 766659
1502207605 900680
1502207605 976944
1502207606 83200
1502207606 140364
1502207606 198361
1502207606 265785
1502207606 524107
1502207606 582225
1502207606 639434
1502207606 773671
1502207606 899005
1502207607 23282
1502207607 81373
1502207607 148539
1502207607 225864
1502207607 282814
1502207607 341068
1502207607 513356
1502207607 570649
1502207607 628825
1502207607 685865
1502207607 743811
1502207607 801037
1502207607 897417
1502207608 156758
1502207608 262018
1502207608 320086
1502207608 377306
1502207608 454308
1502207608 511591
1502207608 578751
1502207608 732069
1502207608 828300
1502207609 39783
1502207609 96964
1502207609 308403
1502207609 366454
1502207609 423672
1502207609 481833
1502207609 538799
1502207609 654111
1502207609 826570
1502207609 999906
1502207610 172400
1502207610 230435
1502207610 287623
1502207610 421885
1502207610 480069
1502207610 556161
1502207610 614229
1502207610 671430
1502207610 729480
1502207610 786785
1502207610 853926
1502207610 979153
1502207611 46332
1502207611 257744
1502207611 382012
1502207611 440145
1502207611 497226
1502207611 555481
1502207611 746846
1502207611 804966
1502207611 862020
1502207611 920245
1502207611 977377
1502207612 35466
1502207612 188823
1502207612 245970
1502207612 313054
1502207612 543621
1502207612 649794
1502207612 736100
1502207612 803164
1502207613 61811
1502207613 119863
1502207613 197079
1502207613 273328
1502207613 407622
1502207613 734382
1502207613 926590
1502207614 147260
1502207614 204441
1502207614 348776
1502207614 405868
1502207614 472991
1502207614 636304
1502207614 694410
1502207614 761494
1502207614 876857
1502207614 953055
1502207615 20421
1502207615 78266
1502207615 135467
1502207615 193500
1502207615 520225
1502207615 644523
1502207615 702635
1502207615 885096
1502207615 961307
1502207616 19327
1502207616 86420
1502207616 153997
1502207616 220822
1502207616 326217
1502207616 384190
1502207616 508489
1502207616 566726
1502207616 633705
1502207616 700856
1502207616 768030
1502207617 55716
1502207617 229131
1502207617 296219
1502207617 564871
1502207617 632092
1502207617 699178
1502207617 766398
1502207617 833447
1502207617 900625
1502207618 160220
1502207618 265583
1502207618 332563
1502207618 418854
1502207618 486253
1502207618 755575
1502207618 831761
1502207618 898995
1502207618 966084
1502207619 33132
1502207619 177459
1502207619 244587
1502207619 311815
1502207619 437052
1502207619 762804
1502207619 829836
1502207619 916106
1502207619 993284
1502207620 243153
1502207620 396273
1502207620 463480
1502207620 684805
1502207620 876324
1502207620 943465
1502207621 49721
1502207621 125861
1502207621 193012
1502207621 261165
1502207621 328282
1502207621 567762
1502207621 635030
1502207622 96014
1502207622 163095
1502207622 268418
1502207622 335492
1502207622 402703
1502207622 469813
1502207622 537128
1502207622 605123
1502207622 672240
1502207622 739391
1502207622 806501
1502207622 873802
1502207622 940919
1502207623 8062
1502207623 75119
1502207623 142377
1502207623 209529
1502207623 276669
1502207623 343743
1502207623 410956
1502207623 478133
1502207623 545252
1502207623 612394
1502207623 679491
1502207623 746717
1502207623 813850
1502207623 881056
1502207623 948157
1502207624 15421
1502207624 82641
1502207624 149622
1502207624 216802
1502207624 283981
1502207624 351093
1502207624 476496
1502207624 600631
1502207624 667906
1502207624 783090
1502207624 850208
1502207624 917667
1502207624 984604
1502207625 51841
1502207625 119756
1502207625 186974
1502207625 254083
1502207625 359425
1502207625 426492
1502207625 493637
1502207625 560796
1502207625 628034
1502207625 724121
1502207625 791318
1502207625 887535
1502207625 973715
1502207626 40896
1502207626 108050
1502207626 261397
1502207626 328572
1502207626 395723
1502207626 462867
1502207626 530074
1502207626 636176
1502207626 703370
1502207626 770535
1502207626 866063
1502207626 991047
1502207627 58264
1502207627 125390
1502207627 192553
1502207627 259613
1502207627 326810
1502207627 393912
1502207627 461164
1502207627 528310
1502207627 595493
1502207627 662627
1502207627 729758
1502207627 797844
1502207627 864963
1502207627 932165
1502207627 999226
1502207628 66457
1502207628 133587
1502207628 200979
1502207628 267921
1502207628 335006
1502207628 402213
1502207628 469402
1502207628 536580
1502207628 603656
1502207628 863171
1502207629 276118
1502207629 343256
1502207629 534758
1502207629 659965
1502207629 727145
1502207629 794397
1502207629 861449
1502207629 928720
1502207629 995755
1502207630 62932
1502207630 130035
1502207630 197247
1502207630 264492
1502207630 331586
1502207630 398747
1502207630 465893
1502207630 533074
1502207630 600203
1502207630 668194
1502207630 735406
1502207630 802569
1502207631 23158
1502207631 90236
1502207631 157477
1502207631 272635
1502207631 339852
1502207631 406947
1502207631 493237
1502207631 675626
1502207631 742704
1502207631 963282
1502207632 328118
1502207632 395152
1502207632 615750
1502207632 701906
1502207632 769129
1502207632 836263
1502207632 903446
1502207633 47759
1502207633 114900
1502207633 316361
1502207633 383513
1502207633 450888
1502207633 517840
1502207633 585870
1502207633 815543
1502207633 969795
1502207634 334564
1502207634 401740
1502207634 477972
1502207634 670334
1502207634 737492
1502207634 804633
1502207634 881782
1502207634 948891
1502207635 16097
1502207635 83224
1502207635 150374
1502207635 217569
1502207635 332824
1502207635 399988
1502207635 544467
1502207635 841012
1502207635 909010
1502207635 976241
1502207636 43430
1502207636 110541
1502207636 388185
1502207636 570651
1502207636 733967
1502207636 801130
1502207636 916425
1502207637 118014
1502207637 185000
1502207637 252147
1502207637 319317
1502207637 453636
1502207637 577972
1502207637 645111
1502207637 713183
1502207637 780338
1502207637 914615
1502207637 990848
1502207638 57953
1502207638 125181
1502207638 192340
1502207638 259523
1502207638 326562
1502207638 393774
1502207638 461023
1502207638 528118
1502207638 595267
1502207638 662410
1502207638 729643
1502207638 835779
1502207639 18209
1502207639 85314
1502207639 152442
1502207639 343927
1502207639 411121
1502207639 478230
1502207639 603477
1502207639 670598
1502207639 737950
1502207639 804944
1502207639 872124
1502207640 371222
1502207640 438418
1502207640 591787
1502207640 658909
1502207640 822243
1502207640 889405
1502207640 956639
1502207641 23739
1502207641 206141
1502207641 273307
1502207641 388541
1502207641 455704
1502207641 523785
1502207641 590901
1502207641 658068
1502207641 725263
1502207641 792405
1502207641 859553
1502207641 926754
1502207641 993824
1502207642 61046
1502207642 128187
1502207642 195403
1502207642 329633
1502207642 396736
1502207642 463943
1502207642 531169
1502207642 761624
1502207642 828736
1502207643 68308
1502207643 336952
1502207643 404095
1502207643 472221
1502207643 539332
1502207643 606426
1502207643 673665
1502207643 740839
1502207644 200885
1502207644 268956
1502207644 336069
1502207644 403298
1502207644 470409
1502207644 537552
1502207644 604666
1502207644 671924
1502207644 739080
1502207644 806209
1502207644 873309
1502207645 151946
1502207645 247314
1502207645 353479
1502207645 449562
1502207645 516759
1502207645 592985
1502207645 919773
1502207645 986862
1502207646 53958
1502207646 121169
1502207646 198329
1502207646 265457
1502207646 332675
1502207646 399787
1502207646 466965
1502207646 534071
1502207646 601209
1502207646 668436
1502207646 735682
1502207646 802714
1502207646 869805
1502207646 937016
1502207647 80354
1502207647 148481
1502207647 253809
1502207647 320863
1502207647 388095
1502207647 455295
1502207647 541389
1502207647 608582
1502207647 675761
1502207647 742913
1502207647 810009
1502207647 877226
1502207647 945294
1502207648 12378
1502207648 79580
1502207648 146715
1502207648 213828
1502207648 281211
1502207648 348163
1502207648 415406
1502207648 482553
1502207648 549654
1502207648 616814
1502207648 683995
1502207648 751150
1502207648 818318
1502207648 885420
1502207648 952600
1502207649 77784
1502207649 212169
1502207649 413657
1502207649 605970
1502207649 759406
1502207649 835635
1502207650 162263
1502207650 315613
1502207650 411849
1502207650 479061
1502207650 546208
1502207650 613363
1502207650 680456
1502207650 747747
1502207650 901966
1502207650 969020
1502207651 343182
1502207651 487183
1502207651 698652
1502207651 765837
1502207651 832958
1502207651 986387
1502207652 53503
1502207652 120644
1502207652 581677
1502207652 648844
1502207652 716002
1502207652 783143
1502207652 850264
1502207652 946489
1502207653 80814
1502207653 147968
1502207653 215111
1502207653 320365
1502207653 387504
1502207653 473766
1502207653 540861
1502207653 608069
1502207653 675239
1502207653 742392
1502207653 809559
1502207653 876718
1502207653 943851
1502207654 11002
1502207654 78134
1502207654 145329
1502207654 213337
1502207654 280491
1502207654 347713
1502207654 414880
1502207654 481981
1502207654 549139
1502207654 616264
1502207654 683483
1502207654 750725
1502207654 817771
1502207654 884890
1502207654 952112
1502207655 19282
1502207655 86380
1502207655 153516
1502207655 220719
1502207655 287818
1502207655 354997
1502207655 422112
1502207655 489320
1502207655 557377
1502207655 624500
1502207655 691733
1502207655 758893
1502207655 883191
1502207656 103732
1502207656 171755
1502207656 238915
1502207656 315139
1502207656 516550
1502207656 631872
1502207656 756212
1502207656 852329
1502207656 919544
1502207656 986680
1502207657 53819
1502207657 121016
1502207657 188190
1502207657 255353
1502207657 514833
1502207657 601071
1502207657 668204
1502207657 735365
1502207657 840655
1502207657 908708
1502207657 975849
1502207658 43031
1502207658 110193
1502207658 177353
1502207658 244498
1502207658 311657
1502207658 379088
1502207658 445974
1502207658 551215
1502207658 695511
1502207658 762667
1502207658 829896
1502207658 897006
1502207658 964164
1502207659 31300
1502207659 98427
1502207659 165630
1502207659 232799
1502207659 299891
1502207659 367024
1502207659 636589
1502207659 732009
1502207659 953292
1502207660 20528
1502207660 87618
1502207660 260030
1502207660 327227
1502207660 548646
1502207660 615726
1502207660 683027
1502207660 750091
1502207660 817247
1502207660 884398
1502207660 951614
1502207661 18888
1502207661 191251
1502207661 431619
1502207661 498853
1502207661 642192
1502207661 709719
1502207661 776498
1502207661 844521
1502207661 930812
1502207662 55141
1502207662 122212
1502207662 342776
1502207662 409944
1502207662 477049
1502207662 545124
1502207662 612283
1502207662 679473
1502207662 746636
1502207662 813769
1502207662 881205
1502207662 948068
1502207663 15272
1502207663 351138
1502207663 437313
1502207663 504437
1502207663 571876
1502207663 638604
1502207663 705907
1502207663 773045
1502207663 840184
1502207663 907299
1502207663 975400
1502207664 42543
1502207664 109732
1502207664 177106
1502207664 244001
1502207664 311110
1502207664 378265
1502207664 445502
1502207664 512634
1502207664 579815
1502207664 646917
1502207664 714091
1502207664 781190
1502207664 848367
1502207664 915501
1502207664 982703
1502207665 49866
1502207665 116993
1502207665 184168
1502207665 251337
1502207665 318594
1502207665 472814
1502207665 588008
1502207665 953020
1502207666 87125
1502207666 154413
1502207666 221451
1502207666 288614
1502207666 355757
1502207666 422865
1502207666 490091
1502207666 557237
1502207666 624474
1502207666 691488
1502207666 758692
1502207666 825817
1502207666 892989
1502207666 960084
1502207667 27304
1502207667 94459
1502207667 161634
1502207667 228742
1502207667 296809
1502207667 363971
1502207667 431145
1502207667 498324
1502207667 565407
1502207667 632555
1502207667 699771
1502207667 766953
1502207667 834160
1502207667 901276
1502207667 968409
1502207668 35483
1502207668 102762
1502207668 169845
1502207668 236989
1502207668 304140
1502207668 371306
1502207668 438487
1502207668 505678
1502207668 572774
1502207668 639993
1502207668 861360
1502207668 928508
1502207668 995660
1502207669 293328
1502207669 485013
1502207669 581051
1502207669 648167
1502207669 715366
1502207670 22985
1502207670 90101
1502207670 455005
1502207670 522113
1502207670 589241
1502207670 733501
1502207670 935056
1502207671 2105
1502207671 107423
1502207671 270761
1502207671 337916
1502207671 568452
1502207671 635586
1502207672 105667
1502207672 172839
1502207672 239983
1502207672 307181
1502207672 374258
1502207672 652902
1502207672 720078
1502207672 787203
1502207672 854401
1502207672 969573
1502207673 74872
1502207673 171087
1502207673 238212
1502207673 334423
1502207673 526804
1502207673 593918
1502207673 661205
1502207673 728320
1502207673 795489
1502207673 862582
1502207673 929753
1502207673 996899
1502207674 64051
1502207674 160247
1502207674 256455
1502207674 409836
1502207674 476947
1502207674 544129
1502207674 611288
1502207674 697506
1502207674 976117
1502207675 43231
1502207675 119463
1502207675 186547
1502207675 320980
1502207675 388111
1502207675 455246
1502207675 705760
1502207675 811009
1502207676 98683
1502207676 165850
1502207676 252038
1502207676 319220
1502207676 386419
1502207676 453606
1502207676 521580
1502207676 588749
1502207676 761190
1502207676 886415
1502207676 953539
1502207677 20710
1502207677 87846
1502207677 155018
1502207677 471681
1502207677 567909
1502207677 635127
1502207677 769420
1502207677 836522
1502207678 47098
1502207678 115154
1502207678 182339
1502207678 249413
1502207678 316627
1502207678 690432
1502207678 757694
1502207678 824904
1502207678 892022
1502207678 959218
1502207679 26429
1502207679 122535
1502207679 198779
1502207679 265874
1502207679 333017
1502207679 400185
1502207679 467371
1502207679 534521
1502207679 601590
1502207679 735894
1502207679 899367
1502207679 966552
1502207680 119817
1502207680 186970
1502207680 283145
1502207680 350315
1502207680 417455
1502207680 484645
1502207680 580848
1502207680 647951
1502207680 743342
1502207681 166213
1502207681 386711
1502207681 512139
1502207681 607269
1502207681 674446
1502207681 741496
1502207681 876780
1502207681 943896
1502207682 11034
1502207682 78252
1502207682 145351
1502207682 212502
1502207682 365922
1502207682 433028
1502207682 500220
1502207682 846098
1502207682 913402
1502207682 980349
1502207683 143657
1502207683 211035
1502207683 277961
1502207683 345061
1502207683 623660
1502207683 690898
1502207683 902267
1502207684 16725
1502207684 103749
1502207684 170896
1502207684 238057
1502207684 305160
1502207684 372395
1502207684 439533
1502207684 506680
1502207684 573814
1502207684 641001
1502207684 727230
1502207684 813431
1502207685 178297
1502207685 341621
1502207685 408730
1502207685 475867
1502207685 542998
1502207685 610234
1502207685 677374
1502207685 744462
1502207685 811653
1502207685 878927
1502207686 80291
1502207686 252770
1502207686 338983
1502207686 406139
1502207686 636585
1502207686 703778
1502207686 828071
1502207686 895293
1502207687 211986
1502207687 327201
1502207687 394390
1502207687 461487
1502207687 528704
1502207687 595808
1502207687 739268
1502207687 807322
1502207687 874403
1502207687 942006
1502207688 8850
1502207688 76188
1502207688 143213
1502207688 229231
1502207688 315542
1502207688 478885
1502207688 565057
1502207688 632255
1502207688 747537
1502207688 901015
1502207688 988012
1502207689 55159
1502207689 131544
1502207689 227555
1502207689 294655
1502207689 361802
1502207689 458064
1502207689 754796
1502207689 821943
1502207690 72403
1502207690 139585
1502207690 206883
1502207690 273924
1502207690 666848
1502207690 734087
1502207690 801077
1502207690 869188
1502207690 936338
1502207691 3517
1502207691 358319
1502207691 425512
1502207691 492621
1502207691 578934
1502207691 646209
1502207691 713202
1502207691 780366
1502207691 848389
1502207691 915617
1502207691 982685
1502207692 49889
1502207692 117026
1502207692 184151
1502207692 251323
1502207692 318454
1502207692 433794
1502207692 519904
1502207692 587080
1502207692 654212
1502207692 721433
1502207692 788532
1502207692 922904
1502207692 990048
1502207693 499115
1502207693 815854
1502207693 883009
1502207693 950112
1502207694 237875
1502207694 304954
1502207694 468315
1502207694 535555
1502207694 602660
1502207694 669790
1502207694 737000
1502207694 804143
1502207695 34619
1502207695 101720
1502207695 168888
1502207695 236098
1502207695 303224
1502207695 370406
1502207695 437500
1502207695 504702
1502207695 571853
1502207695 639222
1502207695 706170
1502207695 773325
1502207695 841373
1502207695 908533
1502207695 975775
1502207696 42875
1502207696 109982
1502207696 177223
1502207696 244380
1502207696 445753
1502207696 695337
1502207696 819693
1502207696 896761
1502207696 973940
1502207697 41147
1502207697 108231
1502207697 366952
1502207697 434054
1502207697 501193
1502207697 654575
1502207697 740783
1502207697 846034
1502207697 913355
1502207697 981282
1502207698 95626
1502207698 163705
1502207698 230841
1502207698 297976
1502207698 365184
1502207698 432287
1502207698 499472
1502207698 566583
1502207698 633750
1502207698 700940
1502207698 768046
1502207698 845236
1502207698 950515
1502207699 94807
1502207699 171023
1502207699 305293
1502207699 372446
1502207699 593927
1502207699 747283
1502207699 814490
1502207699 881582
1502207700 64008
1502207700 131141
1502207700 303622
1502207700 370798
1502207700 438807
1502207700 505952
1502207700 573103
1502207700 640284
1502207700 841757
1502207700 966062
1502207701 33228
1502207701 110392
1502207701 177497
1502207701 244622
1502207701 311792
1502207701 427066
1502207701 494433
1502207701 561383
1502207701 628538
1502207701 695706
1502207701 916190
1502207702 31461
1502207702 117708
1502207702 175914
1502207702 242928
1502207702 310174
1502207702 377240
1502207702 444426
1502207702 501552
1502207702 588925
1502207702 675310
1502207702 752032
1502207702 847331
1502207702 934449
1502207703 136072
1502207703 203088
1502207703 346443
1502207703 413587
1502207703 615974
1502207703 798399
1502207703 970908
1502207704 37950
1502207704 325591
1502207704 383734
1502207704 450952
1502207704 518003
1502207704 690439
1502207704 786638
1502207704 988080
1502207705 55271
1502207705 170525
1502207705 237665
1502207705 622481
1502207705 689601
1502207705 862026
1502207705 929375
1502207705 996339
1502207706 63524
1502207706 130620
1502207706 226967
1502207706 294035
1502207706 361166
1502207706 428357
1502207706 495516
1502207706 562657
1502207706 629814
1502207706 696939
1502207706 764088
1502207706 831334
1502207706 898376
1502207706 965590
1502207707 33661
1502207707 100846
1502207707 167935
1502207707 235075
1502207707 407517
1502207707 474654
1502207707 541831
1502207707 609005
1502207707 676173
1502207707 743293
1502207707 820445
1502207707 963785
1502207708 31003
1502207708 222541
1502207708 357667
1502207708 471993
1502207708 540067
1502207709 249729
1502207709 316888
1502207709 384051
1502207709 893141
1502207709 960313
1502207710 296058
1502207710 373189
1502207710 469368
1502207710 536592
1502207710 603721
1502207710 670938
1502207710 738005
1502207710 805208
1502207710 872336
1502207710 939480
1502207711 6654
1502207711 73815
1502207711 140935
1502207711 208133
1502207711 275289
1502207711 342389
1502207711 409588
1502207711 477663
1502207711 544776
1502207711 611956
1502207711 679149
1502207711 746225
1502207711 813368
1502207711 880584
1502207711 947734
1502207712 14904
1502207712 82027
1502207712 331697
1502207712 715499
1502207712 879067
1502207713 51255
1502207713 195577
1502207713 281785
1502207713 522245
1502207713 704642
1502207713 780887
1502207713 848086
1502207714 88554
1502207714 155678
1502207714 222834
1502207714 290040
1502207714 357161
1502207714 558644
1502207714 625774
1502207714 692943
1502207714 760037
1502207714 827260
1502207714 894378
1502207714 961538
1502207715 28694
1502207715 95928
1502207715 163063
1502207715 230191
1502207715 297317
1502207715 469745
1502207715 536940
1502207715 921677
1502207715 988845
1502207716 55986
1502207716 123164
1502207716 190302
1502207716 257434
1502207716 324610
1502207716 536345
1502207716 603185
1502207716 670352
1502207716 737503
1502207716 804656
1502207716 871812
1502207717 25199
1502207717 131374
1502207717 198511
1502207717 265694
1502207717 332860
1502207717 400316
1502207717 467153
1502207717 534382
1502207717 697667
1502207717 792941
1502207717 860127
1502207718 205886
1502207718 369228
1502207718 436366
1502207718 503506
1502207718 570679
1502207718 637816
1502207718 705007
1502207718 772163
1502207718 839343
1502207718 907380
1502207718 974502
1502207719 41676
1502207719 339325
1502207719 406458
1502207719 473673
1502207719 540828
1502207719 607955
1502207719 675110
1502207719 857832
1502207719 981860
1502207720 58994
1502207720 221393
1502207720 288612
1502207720 355755
1502207720 432914
1502207720 500019
1502207720 567157
1502207720 634373
1502207720 701507
1502207720 768666
1502207720 835809
1502207720 903035
1502207720 970133
1502207721 37341
1502207721 210890
1502207721 306002
1502207721 373037
1502207721 440165
1502207721 507411
1502207721 699772
1502207721 910271
1502207721 977469
1502207722 45591
1502207722 112905
1502207722 179858
1502207722 573005
1502207722 639888
1502207722 707059
1502207722 774277
1502207722 985717
1502207723 52875
1502207723 235256
1502207723 302441
1502207723 455756
1502207723 581002
1502207723 811527
1502207723 945897
1502207724 70138
1502207724 214424
1502207724 281592
1502207724 405914
1502207724 493019
1502207724 656404
1502207724 732680
1502207725 11263
1502207725 78354
1502207725 145479
1502207725 212620
1502207725 279879
1502207725 347035
1502207725 414149
1502207725 481290
1502207725 548517
1502207725 615747
1502207725 682785
1502207725 749962
1502207725 817034
1502207725 884208
1502207725 951400
1502207726 18653
1502207726 85750
1502207726 152887
1502207726 220025
1502207726 287181
1502207726 354323
1502207726 421467
1502207726 488629
1502207726 555814
1502207726 622943
1502207726 690100
1502207726 757272
1502207726 824458
1502207726 891971
1502207726 958711
1502207727 26119
1502207727 93058
1502207727 160156
1502207727 227579
1502207727 294551
1502207727 361665
1502207727 429672
1502207727 496965
1502207727 564014
1502207727 688353
1502207727 803829
1502207728 5079
1502207728 72241
1502207728 139341
1502207728 206550
1502207728 581374
1502207728 725648
1502207728 888048
1502207728 955245
1502207729 23384
1502207729 176713
1502207729 371577
1502207729 435311
1502207729 502499
1502207729 656816
1502207729 723901
1502207729 791146
1502207729 887325
1502207729 954423
1502207730 21588
1502207730 88699
1502207730 155839
1502207730 223013
1502207730 290393
1502207730 357334
1502207730 424480
1502207730 491698
1502207730 596997
1502207730 664011
1502207730 731485
1502207730 799273
1502207730 866416
1502207730 933575
1502207731 828
1502207731 68000
1502207731 135052
1502207731 336538
1502207731 596060
1502207731 663253
1502207731 816615
1502207731 883873
1502207732 37116
1502207732 334820
1502207732 488124
1502207732 555269
1502207732 622398
1502207732 689636
1502207732 756800
1502207732 823955
1502207732 891084
1502207732 958282
1502207733 64415
1502207733 140606
1502207733 208700
1502207733 284942
1502207733 352026
1502207733 496604
1502207733 592588
1502207733 745961
1502207734 52662
1502207734 129807
1502207734 283166
1502207734 465585
1502207734 532749
1502207734 599899
1502207734 667065
1502207734 734269
1502207735 70869
1502207735 138042
1502207735 205294
1502207735 541078
1502207735 694439
1502207735 761460
1502207735 828651
1502207735 895791
1502207735 962951
1502207736 30142
1502207736 97250
1502207736 164454
1502207736 232467
1502207736 299634
1502207736 404982
1502207736 481993
1502207736 664592
1502207736 732138
1502207736 799021
1502207736 952104
1502207737 162680
1502207737 230056
1502207737 296994
1502207737 441264
1502207737 508545
1502207737 575728
1502207737 642760
1502207737 709903
1502207737 777127
1502207737 844225
1502207737 911542
1502207738 45872
1502207738 170017
1502207738 305229
1502207738 410606
1502207738 477921
1502207738 544880
1502207738 611955
1502207738 679145
1502207738 746231
1502207738 813791
1502207738 880535
1502207738 947779
1502207739 14927
1502207739 312534
1502207739 552189
1502207739 620417
1502207739 888807
1502207739 955962
1502207740 23280
1502207740 90349
1502207740 157465
1502207740 224775
1502207740 291738
1502207740 358948
1502207740 426145
1502207740 493447
1502207740 560342
1502207740 627827
1502207741 117630
1502207741 185074
1502207741 300010
1502207741 434542
1502207741 587691
1502207741 655025
1502207741 722070
1502207741 789335
1502207741 856366
1502207741 923401
1502207741 990542
1502207742 57846
1502207742 374491
1502207742 441653
1502207742 509660
1502207742 576811
1502207742 643931
1502207742 950881
1502207743 46933
1502207743 219347
1502207743 286505
1502207743 353635
1502207743 680373
1502207743 747561
1502207743 968044
1502207744 35295
1502207744 102483
1502207744 169506
1502207744 237575
1502207744 304670
1502207744 371850
1502207744 439018
1502207744 506191
1502207744 573370
1502207744 640467
1502207744 707616
1502207744 774835
1502207744 841940
1502207744 909107
1502207744 976274
1502207745 43343
1502207745 110612
1502207745 177779
1502207745 244884
1502207745 312051
1502207745 379340
1502207745 466458
1502207745 657818
1502207745 802213
1502207745 869285
1502207746 12699
1502207746 79800
1502207746 156932
1502207746 224066
1502207746 291202
1502207746 559859
1502207746 627044
1502207746 694180
1502207746 761333
1502207747 241407
1502207747 490959
1502207747 664261
1502207747 740678
1502207747 807628
1502207747 874835
1502207747 942104
1502207748 9952
1502207748 77186
1502207748 144398
1502207748 211538
1502207748 278652
1502207748 345860
1502207748 412993
1502207748 480160
1502207748 547270
1502207748 614410
1502207748 681581
1502207748 748728
1502207748 912138
1502207749 46421
1502207749 190730
1502207749 325058
1502207749 392190
1502207749 459327
1502207749 574775
1502207749 641764
1502207749 776056
1502207750 44700
1502207750 400427
1502207750 697165
1502207750 765235
1502207750 832385
1502207750 899542
1502207750 966634
1502207751 33925
1502207751 101056
1502207751 168146
1502207751 235294
1502207751 302486
1502207751 426982
1502207751 513850
1502207751 581070
1502207751 648271
1502207751 715404
1502207751 782528
1502207751 849671
1502207751 916886
1502207751 983955
1502207752 51178
1502207752 118327
1502207752 185495
1502207752 252629
1502207752 319749
1502207752 387001
1502207752 454139
1502207752 521192
1502207752 588399
1502207752 655603
1502207752 742721
1502207752 944177
1502207753 11253
1502207753 202778
1502207753 269908
1502207753 337088
1502207753 405145
1502207753 519526
1502207753 587572
1502207753 654655
1502207753 730945
1502207753 817148
1502207753 980536
1502207754 57716
1502207754 124788
1502207754 191922
1502207754 259136
1502207754 326302
1502207754 393419
1502207754 460578
1502207754 527753
1502207754 595128
1502207754 662266
1502207754 729386
1502207754 796298
1502207754 863512
1502207754 930637
1502207754 998761
1502207755 65905
1502207755 133132
1502207755 200162
1502207755 267319
1502207755 391659
1502207755 459043
1502207755 689365
1502207755 756489
1502207755 823690
1502207755 890803
1502207755 987042
1502207756 54217
1502207756 121286
1502207756 188541
1502207756 333249
1502207756 399978
1502207756 467082
1502207756 620443
1502207756 754789
1502207756 850989
1502207757 23395
1502207757 129501
1502207757 196772
1502207757 320972
1502207757 388275
1502207757 455414
1502207757 522562
1502207757 589715
1502207757 656831
1502207757 733932
1502207757 868234
1502207757 935349
1502207758 2764
1502207758 146808
1502207758 223972
1502207758 291394
1502207758 358521
1502207758 425543
1502207758 492674
1502207758 568866
1502207758 636246
1502207758 723134
1502207758 790432
1502207758 933625
1502207759 866
1502207759 317559
1502207759 385588
1502207759 452756
1502207759 519857
1502207759 596123
1502207759 922842
1502207760 191439
1502207760 470233
1502207760 537247
1502207760 642447
1502207760 805874
1502207760 902020
1502207760 969218
1502207761 132541
1502207761 228726
1502207761 295867
1502207761 362989
1502207761 430206
1502207761 497354
1502207761 564731
1502207761 631667
1502207761 765971
1502207761 900293
1502207762 92706
1502207762 159767
1502207762 227040
1502207762 294097
1502207762 361302
1502207762 428499
1502207762 495676
1502207762 562807
1502207762 629881
1502207762 697027
1502207762 764477
1502207762 965667
1502207763 32872
1502207763 100132
1502207763 168049
1502207763 235146
1502207763 302377
1502207763 369559
1502207763 436631
1502207763 503776
1502207763 570990
1502207763 638079
1502207764 2978
1502207764 70097
1502207764 137303
1502207764 204357
1502207764 271611
1502207764 338704
1502207764 406128
1502207764 473021
1502207764 540220
1502207764 607397
1502207764 674548
1502207764 741805
1502207764 856978
1502207764 924129
1502207764 991466
1502207765 59020
1502207765 126501
1502207765 193659
1502207765 288883
1502207765 356140
1502207765 423287
1502207765 490384
1502207765 605675
1502207765 672761
1502207765 739932
1502207765 807148
1502207765 903296
1502207766 18541
1502207766 85718
1502207766 200986
1502207766 459618
1502207766 603898
1502207766 671051
1502207766 738104
1502207766 949762
1502207767 16814
1502207767 83895
1502207767 256310
1502207767 564087
1502207767 631129
1502207767 698338
1502207767 765686
1502207767 996018
1502207768 63299
1502207768 130296
1502207768 197432
1502207768 283636
1502207768 350804
1502207768 418306
1502207768 619411
1502207768 686610
1502207768 753692
1502207768 820955
1502207768 888093
1502207768 955394
1502207769 22585
1502207769 89539
1502207769 156667
1502207769 368153
1502207769 435308
1502207769 636835
1502207769 722958
1502207769 790135
1502207769 905315
1502207769 982480
1502207770 241086
1502207770 327380
1502207770 394472
1502207770 615902
1502207770 683297
1502207770 750293
1502207770 817381
1502207770 884591
1502207770 951797
1502207771 23090
1502207771 86254
1502207771 153389
1502207771 220499
1502207771 325598
1502207771 431869
1502207771 498923
1502207771 566265
1502207771 872954
1502207772 84292
1502207772 151474
1502207772 218670
1502207772 285773
1502207772 352904
1502207772 573455
1502207772 746820
1502207772 948284
1502207773 380257
1502207773 448494
1502207773 514613
1502207773 591766
1502207773 659004
1502207773 793126
1502207773 965531
1502207774 32935
1502207774 137960
1502207774 273401
1502207774 340507
1502207774 522808
1502207774 589907
1502207774 657065
1502207774 724141
1502207774 791349
1502207774 858572
1502207774 925607
1502207774 992875
1502207775 60127
1502207775 127229
1502207775 194311
1502207775 261481
1502207775 328616
1502207775 395753
1502207775 462897
1502207775 578147
1502207776 39221
1502207776 201802
1502207776 279263
1502207776 403109
1502207776 528297
1502207776 595464
1502207776 662651
1502207776 730124
1502207776 796961
1502207776 873310
1502207776 940570
1502207777 7613
1502207777 256990
1502207777 324150
1502207777 391415
1502207777 458505
1502207777 699078
1502207777 766149
1502207777 833560
1502207777 900660
1502207777 967638
1502207778 34927
1502207778 102057
1502207778 169094
1502207778 236216
1502207778 303531
1502207778 370586
1502207778 437933
1502207778 504813
1502207778 571949
1502207778 639237
1502207778 706518
1502207778 773474
1502207778 841605
1502207778 908749
1502207778 975830
1502207779 43239
1502207779 110242
1502207779 177376
1502207779 244652
1502207779 311847
1502207779 378823
1502207779 446087
1502207779 513295
1502207779 580120
1502207779 647375
1502207779 714610
1502207779 781683
1502207779 848826
1502207779 916040
1502207779 983153
1502207780 50751
1502207780 117773
1502207780 184870
1502207780 251810
1502207780 320032
1502207780 386968
1502207780 454409
1502207780 521355
1502207780 588629
1502207780 655761
1502207780 723061
1502207780 799309
1502207781 77636
1502207781 203267
1502207781 327450
1502207781 394492
1502207781 461797
1502207781 528843
1502207781 595828
1502207781 663897
1502207782 325447
1502207782 460601
1502207782 536911
1502207782 623116
1502207782 690306
1502207782 757415
1502207782 863595
1502207782 949796
1502207783 65069
1502207783 218636
1502207783 506163
1502207783 717554
1502207783 784687
1502207783 851873
1502207783 919042
1502207783 986152
1502207784 53278
1502207784 120461
1502207784 428088
1502207784 495273
1502207784 696728
1502207784 802027
1502207784 870039
1502207784 975406
1502207785 51617
1502207785 128770
1502207785 195786
1502207785 263050
1502207785 378246
1502207785 493550
1502207785 963678
1502207786 51169
1502207786 300426
1502207786 367642
1502207786 482678
1502207786 597948
1502207786 665184
1502207786 732784
1502207786 847526
1502207787 269565
1502207787 336698
1502207787 403804
1502207787 548303
1502207787 634289
1502207787 902920
1502207787 979197
1502207788 46329
1502207788 114109
1502207788 180734
1502207788 247785
1502207788 315249
1502207788 382120
1502207788 555450
1502207788 622636
1502207788 689694
1502207788 756917
1502207788 824179
1502207788 891217
1502207788 958315
1502207789 226962
1502207789 294310
1502207789 361314
1502207789 543742
1502207789 610849
1502207789 678010
1502207789 822338
1502207789 975738
1502207790 42840
1502207790 110026
1502207790 177160
1502207790 244894
1502207790 331624
1502207790 533139
1502207790 801462
1502207790 897706
1502207790 974111
1502207791 118221
1502207791 185324
1502207791 252528
1502207791 319688
1502207791 386849
1502207791 453990
1502207791 521175
1502207791 588336
1502207791 655476
1502207791 760706
1502207791 953085
1502207792 97349
1502207792 414103
1502207792 730820
1502207792 874202
1502207792 941393
1502207793 9408
1502207793 76646
1502207793 143754
1502207793 248939
1502207793 335244
1502207793 613845
1502207793 681041
1502207793 748101
1502207793 815286
1502207793 882410
1502207793 949668
1502207794 16748
1502207794 83908
1502207794 151072
1502207794 218256
1502207794 285385
1502207794 352781
1502207794 419651
1502207794 488012
1502207794 554897
1502207794 622080
1502207794 689182
1502207794 756406
1502207794 823549
1502207794 890701
1502207794 957741
1502207795 25184
1502207795 92161
1502207795 159377
1502207795 226570
1502207795 446992
1502207795 514129
1502207795 581259
1502207795 667485
1502207795 734589
1502207795 801862
1502207795 869070
1502207795 936154
1502207796 3272
1502207796 70468
1502207796 137657
1502207796 214882
1502207796 281886
1502207796 349257
1502207796 416232
1502207796 483362
1502207796 617679
1502207796 684820
1502207796 751970
1502207796 819110
1502207796 886562
1502207796 954375
1502207797 40560
1502207797 529774
1502207797 596863
1502207797 663989
1502207797 731174
1502207797 798327
1502207797 865490
1502207797 932665
1502207797 999470
1502207798 66734
1502207798 488956
1502207798 594174
1502207798 699696
1502207798 766618
1502207798 853736
1502207798 920879
1502207798 997166
1502207799 208555
1502207799 342894
1502207799 410027
1502207799 477212
1502207799 544407
1502207799 630549
1502207799 697821
1502207799 764863
1502207799 832195
1502207799 966351
1502207800 33476
1502207800 158788
1502207800 225874
1502207800 302105
1502207800 484512
1502207800 551671
1502207800 637879
1502207800 705049
1502207800 773123
1502207800 840269
1502207800 907390
1502207800 974636
1502207801 41780
1502207801 300347
1502207801 367728
1502207801 511807
1502207801 608027
1502207801 675191
1502207801 742288
1502207801 809485
1502207801 876625
1502207801 943851
1502207802 10951
1502207802 270463
1502207802 404871
1502207802 472009
1502207802 539230
1502207802 663580
1502207803 182536
1502207803 249778
1502207803 316813
1502207803 537357
1502207803 604505
1502207803 671731
1502207803 739064
1502207803 805947
1502207803 873150
1502207803 988376
1502207804 363242
1502207804 506597
1502207804 574808
1502207804 747080
1502207804 814233
1502207804 881391
1502207804 948550
1502207805 15681
1502207805 82910
1502207805 149957
1502207805 217264
1502207805 332460
1502207805 399571
1502207805 466771
1502207805 534083
1502207805 601098
1502207805 668406
1502207805 735359
1502207805 803365
1502207805 870634
1502207805 937689
1502207806 4950
1502207806 72050
1502207806 139195
1502207806 206345
1502207806 273464
1502207806 340642
1502207806 407767
1502207806 474981
1502207806 542300
1502207806 609443
1502207806 676399
1502207806 743574
1502207806 896946
1502207806 965141
1502207807 32105
1502207807 147510
1502207807 348879
1502207807 416046
1502207807 483228
1502207807 636524
1502207807 703670
1502207807 770906
1502207807 838005
1502207807 905182
1502207807 972406
1502207808 39483
1502207808 106610
1502207808 173795
1502207808 433413
1502207808 500496
1502207808 692914
1502207808 760024
1502207808 827158
1502207808 894362
1502207808 961477
1502207809 114890
1502207809 460659
1502207809 556833
1502207809 623912
1502207809 699486
1502207809 767332
1502207809 834552
1502207809 901743
1502207809 968864
1502207810 36910
1502207810 104037
1502207810 238332
1502207810 343737
1502207810 429832
1502207810 516085
1502207810 583219
1502207810 650380
1502207810 718589
1502207810 784672
1502207810 851795
1502207810 919009
1502207810 986163
1502207811 53318
1502207811 168530
1502207811 351026
1502207811 418108
1502207811 543350
1502207811 734829
1502207811 802932
1502207811 956270
1502207812 23437
1502207812 90569
1502207812 157711
1502207812 224831
1502207812 340431
1502207812 464440
1502207812 531596
1502207812 599690
1502207812 667126
1502207812 733978
1502207812 849243
1502207813 520792
1502207813 799403
1502207813 895636
1502207813 962914
1502207814 29925
1502207814 97030
1502207814 298527
1502207814 481041
1502207814 548123
1502207814 615445
1502207814 682534
1502207815 95350
1502207815 162732
1502207815 229919
1502207815 296818
1502207815 364161
1502207815 431118
1502207815 498245
1502207815 565398
1502207815 642559
1502207815 709687
1502207815 795885
1502207815 911195
1502207816 122596
1502207816 189773
1502207816 266013
1502207816 333154
1502207816 553688
1502207816 621054
1502207816 688028
1502207816 756008
1502207816 823226
1502207816 890348
1502207816 957560
1502207817 24634
1502207817 91871
1502207817 159055
1502207817 226304
1502207817 379485
1502207817 610043
1502207817 687120
1502207817 754268
1502207818 291548
1502207818 358673
1502207818 425846
1502207818 493141
1502207818 560163
1502207818 627325
1502207818 694594
1502207818 761744
1502207818 828785
1502207818 895954
1502207818 963097
1502207819 30250
1502207819 174511
1502207819 270726
1502207819 386005
1502207819 453109
1502207819 549325
1502207819 654645
1502207819 769872
1502207819 952299
1502207820 19424
1502207820 86582
1502207820 153742
1502207820 220918
1502207820 288060
1502207820 355188
1502207820 422286
1502207820 729109
1502207820 797138
1502207820 864251
1502207821 36668
1502207821 113840
1502207821 180992
1502207821 248119
1502207821 315280
1502207821 391703
1502207821 497678
1502207821 583908
1502207821 670177
1502207821 737594
1502207821 795370
1502207821 852533
1502207821 910657
1502207822 169294
1502207822 227306
1502207822 313585
1502207822 525032
1502207822 601276
1502207822 774572
1502207823 72222
1502207823 282785
1502207823 340855
1502207823 417341
1502207823 523281
1502207823 580413
1502207823 781923
1502207823 840010
1502207823 897127
1502207823 955271
1502207824 252920
1502207824 329087
1502207824 416365
1502207825 97792
1502207825 174078
1502207825 232179
1502207825 289318
1502207825 347375
1502207825 404515
1502207825 462718
1502207825 529739
1502207825 597162
1502207825 664308
1502207825 731263
1502207825 798418
1502207825 855552
1502207826 182235
1502207826 240364
1502207826 383785
1502207826 614202
1502207826 681357
1502207826 748546
1502207826 815727
1502207826 882935
1502207826 950009
1502207827 17270
1502207827 84380
1502207827 152370
1502207827 219508
1502207827 286693
1502207827 353871
1502207827 449168
1502207827 517186
1502207827 612438
1502207827 679639
1502207827 746779
1502207827 813978
1502207828 54396
1502207828 438323
1502207828 937415
1502207829 33619
1502207829 264187
1502207829 331263
1502207829 417504
1502207829 484673
1502207829 551799
1502207829 618954
1502207829 686344
1502207829 887619
1502207830 79955
1502207830 166193
1502207830 406673
1502207830 473814
1502207830 540896
1502207830 608121
1502207830 953931
1502207831 21056
1502207831 88160
1502207831 155389
1502207831 365954
1502207831 644510
1502207831 711635
1502207831 788807
1502207831 894013
1502207831 961235
1502207832 28397
1502207832 119093
1502207832 182932
1502207832 249797
1502207832 316940
1502207832 451331
1502207832 518429
1502207832 619116
1502207832 854224
1502207832 979433
1502207833 84701
1502207833 151935
1502207833 257230
1502207833 325246
1502207833 392329
1502207833 459515
1502207833 526663
1502207833 680008
1502207833 785330
1502207833 967753
1502207834 121999
1502207834 361782
1502207834 428733
1502207834 514988
1502207834 582100
1502207834 649245
1502207834 764494
1502207834 860705
1502207834 927829
1502207835 14060
1502207835 244668
1502207835 311738
1502207835 436988
1502207835 504123
1502207835 571290
1502207835 801829
1502207835 878077
1502207835 965094
1502207836 32279
1502207836 99431
1502207836 166572
1502207836 233765
1502207836 300896
1502207836 368051
1502207836 540487
1502207836 646672
1502207836 713838
1502207836 857198
1502207836 924370
1502207837 11495
1502207837 106846
1502207837 173926
1502207837 241977
1502207837 309140
1502207837 462579
1502207837 846454
1502207837 932565
1502207838 163363
1502207838 259340
1502207838 326487
1502207838 393707
1502207838 470764
1502207838 556917
1502207838 624226
1502207838 758384
1502207838 825573
1502207838 892756
1502207838 959911
1502207839 27035
1502207839 94295
1502207839 161421
1502207839 228501
1502207839 295769
1502207839 363063
1502207839 430060
1502207839 498062
1502207839 565198
1502207839 632349
1502207839 804801
1502207839 920101
1502207840 73491
1502207840 140594
1502207840 207750
1502207840 429580
1502207840 591589
1502207840 659717
1502207840 726901
1502207840 794190
1502207840 861072
1502207840 947525
1502207841 14600
1502207841 225959
1502207841 513635
1502207841 590880
1502207841 657954
1502207841 725035
1502207841 792246
1502207841 859438
1502207841 926562
1502207842 214151
1502207842 339444
1502207842 521844
1502207842 588973
1502207842 656221
1502207842 723224
1502207842 790469
1502207842 953804
1502207843 30096
1502207843 107232
1502207843 203346
1502207843 270483
1502207843 337676
1502207843 404781
1502207843 471930
1502207843 539160
1502207843 664402
1502207843 904165
1502207843 971105
1502207844 191670
1502207844 354987
1502207844 422156
1502207844 489411
1502207844 556545
1502207844 623626
1502207844 690716
1502207844 757988
1502207844 826013
1502207844 893261
1502207845 8406
1502207845 75517
1502207845 142751
1502207845 209865
1502207845 277063
1502207845 353286
1502207845 507506
1502207845 574672
1502207845 766206
1502207846 130962
1502207846 198123
1502207846 380545
1502207846 447860
1502207846 514912
1502207846 581991
1502207846 649186
1502207846 717200
1502207846 784541
1502207846 851786
1502207846 956871
1502207847 23860
1502207847 91134
1502207847 158296
1502207847 465948
1502207847 533092
1502207847 648338
1502207847 753565
1502207847 849731
1502207848 89607
1502207848 175665
1502207848 242727
1502207848 387117
1502207848 454193
1502207848 521341
1502207848 588637
1502207848 655592
1502207848 722811
1502207848 790002
1502207848 868236
1502207848 943300
1502207849 10521
1502207849 97679
1502207849 212978
1502207849 347273
1502207849 529621
1502207849 596713
1502207849 663900
1502207849 731038
1502207849 798166
1502207849 865350
1502207849 932563
1502207849 999871
1502207850 66756
1502207850 134135
1502207850 201086
1502207850 268328
1502207850 335387
1502207850 402673
1502207850 469857
1502207850 536869
1502207850 604057
1502207850 672153
1502207850 739223
1502207850 806375
1502207850 873788
1502207850 940706
1502207851 7951
1502207851 84198
1502207851 151333
1502207851 218461
1502207851 421041
1502207851 516247
1502207851 583269
1502207851 651328
1502207851 718482
1502207851 785563
1502207851 852791
1502207851 919882
1502207851 987152
1502207852 54265
1502207852 121509
1502207852 188566
1502207852 255963
1502207852 322885
1502207852 390019
1502207852 457197
1502207852 524318
1502207852 591507
1502207852 658633
1502207852 725764
1502207852 792921
1502207852 860064
1502207852 927302
1502207852 994439
1502207853 311963
1502207853 379207
1502207853 446308
1502207853 513501
1502207853 580632
1502207853 647884
1502207853 715024
1502207853 782085
1502207853 849383
1502207853 916395
1502207853 983611
1502207854 50825
1502207854 117925
1502207854 185022
1502207854 252293
1502207854 319312
1502207854 386497
1502207854 453725
1502207854 520873
1502207854 847619
1502207854 914648
1502207855 19916
1502207855 87160
1502207855 154320
1502207855 221490
1502207855 298578
1502207855 470987
1502207855 539005
1502207855 711434
1502207855 864904
1502207855 999142
1502207856 66333
1502207856 133886
1502207856 200684
1502207856 267832
1502207856 334879
1502207856 834055
1502207856 901187
1502207856 968378
1502207857 35559
1502207857 102732
1502207857 189790
1502207857 256934
1502207857 324053
1502207857 391292
1502207857 458379
1502207857 525547
1502207857 775089
1502207857 842415
1502207858 91914
1502207858 158988
1502207858 226207
1502207858 341404
1502207858 408548
1502207858 504722
1502207858 571968
1502207858 639053
1502207858 706188
1502207858 773348
1502207858 840538
1502207858 907930
1502207858 975010
1502207859 41902
1502207859 109135
1502207859 176401
1502207859 243492
1502207859 310802
1502207859 386867
1502207859 453992
1502207859 521112
1502207859 588305
1502207859 722562
1502207860 154578
1502207860 221927
1502207860 288881
1502207860 356331
1502207860 423196
1502207860 577477
1502207860 644638
1502207860 711915
1502207860 779077
1502207861 47642
1502207861 114797
1502207861 181912
1502207861 249043
1502207861 316256
1502207861 469572
1502207861 536814
1502207861 604033
1502207861 671013
1502207861 738177
1502207861 805499
1502207861 872693
1502207861 939908
1502207862 6839
1502207862 74045
1502207862 141093
1502207862 208326
1502207862 275439
1502207862 381673
1502207862 449116
1502207862 515963
1502207862 583010
1502207862 650353
1502207862 717412
1502207862 784505
1502207862 851998
1502207862 919033
1502207862 986025
1502207863 53282
1502207863 120498
1502207863 216487
1502207863 283628
1502207863 360891
1502207863 457007
1502207863 524215
1502207863 639471
1502207863 706593
1502207863 773632
1502207863 840819
1502207863 908010
1502207863 975267
1502207864 42463
1502207864 109907
1502207864 618683
1502207864 944407
1502207865 21540
1502207865 88606
1502207865 155817
1502207865 223232
1502207865 367285
1502207865 453597
1502207865 520688
1502207865 625888
1502207865 693084
1502207865 760271
1502207865 827478
1502207865 895517
1502207865 962635
1502207866 57843
1502207866 164039
1502207866 231442
1502207866 298390
1502207866 384633
1502207866 451737
1502207866 518963
1502207866 586056
1502207866 653196
1502207866 720332
1502207866 787543
1502207866 854676
1502207866 921848
1502207866 989077
1502207867 57078
1502207867 124231
1502207867 191370
1502207867 277630
1502207867 344723
1502207867 411820
1502207867 479100
1502207867 546250
1502207867 661428
1502207867 728605
1502207867 796049
1502207867 863032
1502207867 930085
1502207867 997265
1502207868 64448
1502207868 170594
1502207868 439175
1502207868 506498
1502207868 573596
1502207868 640676
1502207868 707832
1502207868 774975
1502207868 842097
1502207869 101635
1502207869 187865
1502207869 264974
1502207869 332141
1502207869 399291
1502207869 466512
1502207869 533597
1502207869 744154
1502207869 916606
1502207869 983786
1502207870 51842
1502207870 118967
1502207870 291349
1502207870 358503
1502207870 425703
1502207870 492837
1502207870 559972
1502207870 627138
1502207871 1988
1502207871 117225
1502207871 184358
1502207871 251592
1502207871 318693
1502207871 443266
1502207871 846856
1502207871 981296
1502207872 48428
1502207872 115526
1502207872 182633
1502207872 249731
1502207872 316962
1502207872 384115
1502207872 451243
1502207872 518363
1502207872 585613
1502207872 941313
1502207873 8538
1502207873 103739
1502207873 171812
1502207873 248020
1502207873 382549
1502207873 449710
1502207873 622809
1502207873 805262
1502207873 891492
1502207873 958839
1502207874 92998
1502207874 160100
1502207874 227199
1502207874 294254
1502207874 361499
1502207874 428716
1502207874 495813
1502207874 562968
1502207874 630232
1502207874 697380
1502207874 765532
1502207874 918808
1502207874 985942
1502207875 101188
1502207875 264591
1502207875 437006
1502207875 523270
1502207875 609375
1502207875 676626
1502207875 743867
1502207875 810900
1502207875 878071
1502207876 175639
1502207876 310851
1502207876 377988
1502207876 445142
1502207876 512319
1502207876 579398
1502207876 646564
1502207876 713982
1502207876 780916
1502207876 848065
1502207876 915199
1502207876 982375
1502207877 97578
1502207877 164750
1502207877 231979
1502207877 299143
1502207877 385542
1502207877 548869
1502207877 615821
1502207877 683241
1502207877 750183
1502207877 817304
1502207877 884384
1502207877 951603
1502207878 18766
1502207878 172371
1502207878 325586
1502207878 412627
1502207878 479811
1502207878 547040
1502207878 614157
1502207878 681238
1502207878 748447
1502207878 815591
1502207878 882732
1502207878 950047
1502207879 17091
1502207879 84201
1502207879 151372
1502207879 218590
1502207879 285648
1502207879 352833
1502207879 419986
1502207879 487045
1502207879 554509
1502207879 621488
1502207879 688565
1502207879 755806
1502207879 823767
1502207879 890957
1502207879 958124
1502207880 25273
1502207880 92455
1502207880 159538
1502207880 226724
1502207880 303068
1502207880 371058
1502207880 438121
1502207880 505282
1502207880 572430
1502207880 639616
1502207880 706826
1502207880 773907
1502207880 841033
1502207880 917343
1502207881 13506
1502207881 157792
1502207881 234088
1502207881 320235
1502207881 387508
1502207881 454665
1502207881 521773
1502207881 588889
1502207881 656005
1502207881 723134
1502207881 934647
1502207882 78885
1502207882 146163
1502207882 213243
1502207882 280461
1502207882 347528
1502207882 414881
1502207882 481867
1502207882 549097
1502207882 616173
1502207882 904690
1502207883 144308
1502207883 240630
1502207883 502762
1502207883 604392
1502207883 671594
1502207883 739672
1502207883 893001
1502207884 123610
1502207884 190649
1502207884 257867
1502207884 324959
1502207884 392131
1502207884 459359
1502207884 536436
1502207884 603587
1502207884 670657
1502207884 737920
1502207884 805051
1502207884 872202
1502207884 939379
1502207885 150860
1502207885 217962
1502207885 323314
1502207885 390389
1502207885 486602
1502207885 553752
1502207885 668940
1502207885 736146
1502207885 803399
1502207885 870582
1502207885 937587
1502207886 4793
1502207886 71949
1502207886 139161
1502207886 206237
1502207886 283344
1502207886 350616
1502207886 590116
1502207886 657257
1502207886 724379
1502207886 858780
1502207886 954979
1502207887 223542
1502207887 329751
1502207888 68472
1502207888 269910
1502207888 337033
1502207888 404274
1502207888 586635
1502207888 759937
1502207888 827106
1502207888 894252
1502207888 961364
1502207889 28572
1502207889 95768
1502207889 172941
1502207889 240057
1502207889 701116
1502207889 825346
1502207890 142090
1502207890 209515
1502207890 334691
1502207890 401695
1502207890 468822
1502207890 535963
1502207890 603293
1502207890 670485
1502207890 737454
1502207890 804763
1502207890 871724
1502207890 938941
1502207891 6125
1502207891 73724
1502207891 140347
1502207891 207779
1502207891 274652
1502207891 341903
1502207891 409836
1502207891 476958
1502207891 591541
1502207891 659388
1502207891 726630
1502207891 793689
1502207891 860913
1502207891 928153
1502207892 33372
1502207892 138675
1502207892 244827
1502207892 340968
1502207892 513485
1502207892 580571
1502207892 647725
1502207892 714991
1502207892 782072
1502207892 849190
1502207892 964744
1502207893 31649
1502207893 98753
1502207893 165911
1502207893 233042
1502207893 300187
1502207893 367498
1502207893 435433
1502207893 502581
1502207893 569719
1502207893 636828
1502207893 704072
1502207893 771199
1502207893 838491
1502207893 905438
1502207893 972791
1502207894 39803
1502207894 106920
1502207894 174176
1502207894 241263
1502207894 308553
1502207894 375618
1502207894 442801
1502207894 510046
1502207894 577248
1502207894 644497
1502207894 711428
1502207894 778495
1502207894 846520
1502207894 913643
1502207894 980922
1502207895 48068
1502207895 115273
1502207895 182403
1502207895 249476
1502207895 316827
1502207895 384113
1502207895 470977
1502207895 547593
1502207895 700733
1502207895 767753
1502207895 834933
1502207895 921064
1502207896 26557
1502207896 160662
1502207896 496371
1502207896 563442
1502207896 631680
1502207896 698796
1502207896 833278
