1501766001 270658
1501766001 442880
1501766001 587163
1501766001 855979
1501766002 9173
1501766002 152532
1501766002 315879
1501766002 488317
1501766002 670749
1501766002 825016
1501766003 74573
1501766003 199006
1501766003 380539
1501766003 572842
1501766003 735307
1501766003 917684
1501766004 13880
1501766004 224926
1501766004 436677
1501766004 552102
1501766004 762627
1501766005 31967
1501766005 185349
1501766005 299883
1501766005 511256
1501766005 673711
1501766005 799055
1501766005 885162
1501766006 124886
1501766006 384300
1501766006 470414
1501766006 575831
1501766006 787249
1501766006 930770
1501766007 64770
1501766007 151802
1501766007 334339
1501766007 420638
1501766007 506788
1501766007 622069
1501766007 746347
1501766007 861504
1501766007 947879
1501766008 206404
1501766008 301653
1501766008 475207
1501766008 657517
1501766008 859030
1501766009 117592
1501766009 329079
1501766009 501240
1501766009 702944
1501766009 914308
1501766010 125786
1501766010 221017
1501766010 384544
1501766010 489744
1501766010 701183
1501766010 873709
1501766010 960003
1501766011 161268
1501766011 324863
1501766011 420816
1501766011 555025
1501766011 755890
1501766011 967377
1501766012 188097
1501766012 418310
1501766012 600713
1501766012 744901
1501766012 984522
1501766013 99716
1501766013 271853
1501766013 377336
1501766013 511811
1501766013 674869
1501766013 770028
1501766013 942604
1501766014 211923
1501766014 431644
1501766014 643545
1501766014 748621
1501766014 853850
1501766014 988058
1501766015 228854
1501766015 478213
1501766015 737883
1501766015 977719
1501766016 92668
1501766016 275120
1501766016 543718
1501766016 629885
1501766016 850562
1501766016 974778
1501766017 176223
1501766017 415830
1501766017 502006
1501766017 771694
1501766018 10967
1501766018 212759
1501766018 336950
1501766018 452016
