1500550423 741988
1500550423 818079
1500550423 895119
1500550423 972338
1500550424 48482
1500550424 125815
1500550424 202690
1500550424 278801
1500550424 355980
1500550424 452312
1500550424 528722
1500550424 604672
1500550424 681049
1500550424 758173
1500550424 835225
1500550424 911445
1500550425 372814
1500550425 573846
1500550425 649564
1500550425 909344
1500550426 43802
1500550426 225933
1500550426 302973
1500550426 370886
1500550426 437822
1500550426 504981
1500550426 572649
1500550426 639330
1500550426 822035
1500550426 889166
1500550426 956385
1500550427 33616
1500550427 101105
1500550427 167717
1500550427 234878
1500550427 465362
1500550427 532662
1500550427 599505
1500550427 666811
1500550427 734124
1500550427 800942
1500550427 868071
1500550427 935716
1500550428 2757
1500550428 69914
1500550428 137018
1500550428 204343
1500550428 271144
1500550428 338518
1500550428 405568
1500550428 472838
1500550428 540575
1500550428 608008
1500550428 675147
1500550428 742283
1500550428 943846
1500550429 10936
1500550429 78278
1500550429 145100
1500550429 212428
1500550429 279529
1500550429 346655
1500550429 798150
1500550430 76578
1500550430 249162
1500550430 345019
1500550430 556671
1500550430 835083
1500550430 901609
1500550431 103985
1500550431 208729
1500550431 285793
1500550431 698978
1500550431 823169
1500550431 938371
1500550432 25407
1500550432 228046
1500550432 533785
1500550432 601253
1500550432 774278
1500550432 917624
1500550433 32966
1500550433 129265
1500550433 196874
1500550433 273240
1500550433 436681
1500550433 512568
1500550433 800953
1500550433 868096
1500550433 935308
1500550434 2743
1500550434 118326
1500550434 194179
1500550434 271166
1500550434 338338
1500550434 598286
1500550435 145725
1500550435 250616
1500550435 452306
1500550435 529339
1500550435 605560
1500550435 682633
1500550435 759503
1500550435 845531
1500550435 921777
1500550435 998901
1500550436 75226
1500550436 151532
1500550436 228899
1500550436 304782
1500550436 411480
1500550436 487917
1500550436 564989
1500550436 641146
1500550436 717283
1500550436 794529
1500550436 870595
1500550436 947779
1500550437 24333
1500550437 120559
1500550437 196524
1500550437 350295
1500550437 426147
1500550437 502987
1500550437 579384
1500550437 656530
1500550437 732693
1500550437 810033
1500550437 886114
1500550437 963311
1500550438 39480
1500550438 116530
1500550438 192657
1500550438 269397
1500550438 346218
1500550438 423529
1500550438 499609
1500550438 576636
1500550438 797302
1500550438 873322
1500550438 950845
1500550439 103737
1500550439 670470
1500550439 775928
1500550439 871990
1500550439 948967
1500550440 25184
1500550440 102274
1500550440 179542
1500550440 255894
1500550440 332814
1500550440 409225
1500550440 486250
1500550440 562592
1500550440 639816
1500550440 715738
1500550440 792995
1500550440 869401
1500550440 994805
1500550441 109721
1500550441 195956
1500550441 272118
1500550441 349343
1500550441 425233
1500550441 502521
1500550441 578787
1500550441 655924
1500550441 732217
1500550441 828814
1500550441 905710
1500550442 11324
1500550442 88121
1500550442 164363
1500550442 241546
1500550442 318466
1500550442 413734
1500550442 490962
1500550442 567351
1500550442 663529
1500550442 807843
1500550442 961211
1500550443 57299
1500550443 134390
1500550443 210770
1500550443 403004
1500550443 479365
1500550443 748777
1500550443 834978
1500550444 102294
1500550444 284866
1500550444 362192
1500550444 438220
1500550444 519379
1500550444 590853
1500550444 667729
1500550444 744931
1500550445 42994
1500550445 464958
1500550445 541131
1500550445 656283
1500550445 733384
1500550445 809709
1500550445 886851
1500550445 963538
1500550446 40180
1500550446 116615
1500550446 193603
1500550446 270654
1500550446 346941
1500550446 424066
1500550446 500374
1500550446 577375
1500550446 653492
1500550446 731017
1500550446 807125
1500550446 884067
1500550446 960448
1500550447 37511
1500550447 114077
1500550447 190988
1500550447 267094
1500550447 344240
1500550447 420566
1500550447 497605
1500550447 574000
1500550447 650903
1500550447 728209
1500550447 804386
1500550447 881576
1500550447 957687
1500550448 34885
1500550448 111228
1500550448 188240
1500550448 264585
1500550448 495133
1500550448 571129
1500550448 648309
1500550448 724517
1500550448 801620
1500550448 877890
1500550448 955102
1500550449 31363
1500550449 108699
1500550449 185752
1500550449 262041
1500550449 338960
1500550449 415284
1500550449 492425
1500550449 568832
1500550449 645726
1500550449 828169
1500550449 904461
1500550449 981306
1500550450 57576
1500550450 134991
1500550450 210850
1500550450 288204
1500550450 364247
1500550450 441492
1500550450 517756
1500550450 594868
1500550450 671104
1500550450 748477
1500550450 824604
1500550450 901598
1500550450 978977
1500550451 55173
1500550451 132175
1500550451 208426
1500550451 285534
1500550451 371652
1500550451 543841
1500550451 620464
1500550451 696941
1500550451 773238
1500550451 869278
1500550452 41905
1500550452 118291
1500550452 194547
1500550452 386425
1500550452 895385
1500550452 975512
1500550453 48450
1500550453 124865
1500550453 297356
1500550453 374474
1500550453 451747
1500550453 537191
1500550453 710407
1500550453 786731
1500550453 911910
1500550453 989132
1500550454 65162
1500550454 142471
1500550454 218487
1500550454 294857
1500550454 430243
1500550454 506419
1500550454 583426
1500550454 659649
1500550454 736742
1500550454 871138
1500550454 947222
1500550455 24407
1500550455 101196
1500550455 322251
1500550455 398521
1500550455 686914
1500550455 763157
1500550455 840095
1500550455 944652
1500550456 25002
1500550456 97516
1500550456 173920
1500550456 250744
1500550456 327397
1500550456 404365
1500550456 481159
1500550456 557943
1500550456 634117
1500550456 710408
1500550457 75888
1500550457 152611
1500550457 229558
1500550457 305711
1500550457 381923
1500550457 708973
1500550457 785386
1500550457 862378
1500550457 938489
1500550458 15694
1500550458 208189
1500550458 284181
1500550458 390340
1500550458 466536
1500550458 544012
1500550458 621057
1500550458 707150
1500550459 91286
1500550459 167529
1500550459 244483
1500550459 320665
1500550459 397853
1500550459 474046
1500550459 551381
1500550459 627152
1500550459 704560
1500550459 780633
1500550459 857702
1500550459 934698
1500550460 11062
1500550460 87291
1500550460 164439
1500550460 240982
1500550460 318059
1500550460 394883
1500550460 471536
1500550460 547642
1500550460 624737
1500550460 903625
1500550461 37639
1500550461 191183
1500550461 469710
1500550461 671219
1500550461 766581
1500550461 843560
1500550461 920742
1500550461 997061
1500550462 92970
1500550462 496291
1500550462 573340
1500550462 649311
1500550462 725591
1500550462 821768
1500550462 897888
1500550462 975100
1500550463 51379
1500550463 128354
1500550463 204711
1500550463 281916
1500550463 358161
1500550463 435109
1500550463 512269
1500550463 588704
1500550463 733048
1500550463 809458
1500550463 886231
1500550463 962606
1500550464 39910
1500550464 193286
1500550464 270202
1500550464 347065
1500550464 423427
1500550464 500001
1500550464 576902
1500550464 653174
1500550464 730148
1500550464 806357
1500550464 883407
1500550464 960135
1500550465 37159
1500550465 210233
1500550465 391828
1500550465 469142
1500550465 546227
1500550465 622482
1500550465 698630
1500550465 775941
1500550465 852912
1500550466 102596
1500550466 178828
1500550466 255842
1500550466 332014
1500550466 457187
1500550466 543625
1500550466 620285
1500550466 696806
1500550466 773052
1500550466 850574
1500550467 90945
1500550467 330610
1500550467 560796
1500550467 637626
1500550467 714278
1500550467 791365
1500550467 973772
1500550468 89051
1500550468 165356
1500550468 242315
1500550468 318517
1500550468 568318
1500550468 712384
1500550468 788772
1500550468 904180
1500550469 67492
1500550469 249863
1500550469 480395
1500550469 671725
1500550469 776890
1500550469 854319
1500550470 141883
1500550470 324315
1500550470 411357
1500550470 487634
1500550470 612965
1500550470 688561
1500550470 852499
1500550471 91838
1500550471 168331
1500550471 245200
1500550471 410436
1500550471 484873
1500550471 562174
1500550471 638212
1500550471 715383
1500550471 792364
1500550471 868487
1500550471 944735
1500550472 21034
1500550472 98180
1500550472 175417
1500550472 251596
1500550472 328752
1500550472 406542
1500550472 482476
1500550472 559245
1500550472 635579
1500550472 712560
1500550472 788529
1500550472 865085
1500550472 941872
1500550473 18755
1500550473 95424
1500550473 172668
1500550473 249042
1500550473 325883
1500550473 402224
1500550473 478496
1500550473 555700
1500550473 632966
1500550473 709258
1500550473 785187
1500550473 861497
1500550473 938717
1500550474 188541
1500550474 265498
1500550474 341614
1500550474 418775
1500550474 495006
1500550474 571282
1500550474 647541
1500550474 724445
1500550474 800814
1500550474 877862
1500550474 954299
1500550475 31524
1500550475 108446
1500550475 184618
1500550475 261036
1500550475 338077
1500550475 415224
1500550475 491512
1500550475 568565
1500550475 644932
1500550475 721277
1500550475 798249
1500550475 875362
1500550475 951650
1500550476 28675
1500550476 104952
1500550476 182078
1500550476 259076
1500550476 335333
1500550476 412710
1500550476 662168
1500550476 738589
1500550476 816316
1500550476 891865
1500550476 968811
1500550477 45712
1500550477 122055
1500550477 198385
1500550477 276288
1500550477 352687
1500550477 428799
1500550477 505103
1500550477 582278
1500550477 659569
1500550477 735740
1500550477 811953
1500550477 889091
1500550477 966352
1500550478 43022
1500550478 119687
1500550478 234871
1500550478 350023
1500550478 426297
1500550478 551671
1500550478 627756
1500550478 791219
1500550478 868355
1500550479 156077
1500550479 232473
1500550479 309462
1500550479 386553
1500550479 462823
1500550479 549085
1500550479 664269
1500550479 741133
1500550479 817622
1500550479 893707
1500550479 970781
1500550480 46924
1500550480 123388
1500550480 200652
1500550480 277754
1500550480 353815
1500550480 429883
1500550480 507368
1500550480 583450
1500550480 660635
1500550480 736709
1500550480 881314
1500550481 53702
1500550481 131034
1500550481 206968
1500550481 284112
1500550481 360304
1500550481 437245
1500550481 513475
1500550481 589754
1500550481 666928
1500550481 744184
1500550481 820418
1500550481 896485
1500550481 973542
1500550482 49944
1500550482 127101
1500550482 203519
1500550482 280603
1500550482 395690
1500550482 549262
1500550482 626179
1500550482 923707
1500550483 96
1500550483 76957
1500550483 153483
1500550483 229698
1500550483 306805
1500550483 383832
1500550483 460170
1500550483 536536
1500550483 612575
1500550483 689588
1500550483 765903
1500550483 842706
1500550483 919165
1500550483 995304
1500550484 81804
1500550484 158976
1500550484 293373
1500550484 371438
1500550484 446835
1500550484 523721
1500550484 657312
1500550484 791759
1500550485 79100
1500550485 156437
1500550485 232462
1500550485 308910
1500550485 395834
1500550485 472062
1500550485 548519
1500550485 625528
1500550485 837288
1500550485 913392
1500550485 990521
1500550486 66512
1500550486 297244
1500550486 373501
1500550486 449586
1500550486 526827
1500550486 603169
1500550486 679961
1500550486 757077
1500550486 833396
1500550486 910740
1500550486 986832
1500550487 63926
1500550487 140287
1500550487 217719
1500550487 293543
1500550487 370897
1500550487 446821
1500550487 523005
1500550487 600172
1500550487 676514
1500550487 753584
1500550487 829832
1500550487 905953
1500550487 982074
1500550488 59267
1500550488 135632
1500550488 212758
1500550488 289050
1500550488 519610
1500550488 595755
1500550488 759058
1500550489 402777
1500550489 479618
1500550489 805777
1500550489 978812
1500550490 113782
1500550490 189451
1500550490 371878
1500550490 449600
1500550490 525357
1500550490 601298
1500550490 688160
1500550490 773663
1500550490 850772
1500550490 994123
1500550491 301055
1500550491 378273
1500550491 646942
1500550491 829501
1500550491 992766
1500550492 184168
1500550492 356898
1500550492 434278
1500550492 625202
1500550492 855662
1500550492 932666
1500550493 56962
1500550493 220666
1500550493 296554
1500550493 451069
1500550493 527318
1500550493 603398
1500550493 680330
1500550493 756623
1500550493 833720
1500550493 910227
1500550493 986202
1500550494 63256
1500550494 138773
1500550494 215851
1500550494 292222
1500550494 369329
1500550494 445473
1500550494 522519
1500550494 598958
1500550494 675434
1500550494 790081
1500550494 943788
1500550495 20866
1500550495 136071
1500550495 222432
1500550495 298460
1500550495 375166
1500550495 451741
1500550495 672213
1500550495 749594
1500550495 864838
1500550496 56177
1500550496 421883
1500550496 882267
1500550497 16657
1500550497 92616
1500550497 169110
1500550497 245955
1500550497 322212
1500550497 399269
1500550497 475727
1500550497 552820
1500550497 628898
1500550497 705768
1500550497 782159
1500550497 858350
1500550497 934665
1500550498 10887
1500550498 87148
1500550498 163448
1500550498 240257
1500550498 316774
1500550498 392966
1500550498 469932
1500550498 546410
1500550498 623261
1500550498 699809
1500550498 775882
1500550498 852168
1500550498 930088
1500550499 5628
1500550499 81842
1500550499 158215
1500550499 235049
1500550499 436731
1500550499 571337
1500550499 877739
1500550500 127331
1500550500 204258
1500550500 280749
1500550500 683700
1500550500 788869
1500550501 182860
1500550501 259088
1500550501 335172
1500550501 411268
1500550501 489261
1500550501 564455
1500550501 640604
1500550501 717887
1500550501 794087
1500550501 870028
1500550501 947626
1500550502 23764
1500550502 100103
1500550502 176271
1500550502 253313
1500550502 329659
1500550502 405964
1500550502 483201
1500550502 559349
1500550502 636432
1500550502 713538
1500550502 788906
1500550502 865131
1500550502 941385
1500550503 17973
1500550503 94586
1500550503 172187
1500550503 248999
1500550503 325404
1500550503 401497
1500550503 478560
1500550503 553989
1500550503 630431
1500550503 706496
1500550503 782587
1500550503 859351
1500550503 935934
1500550504 12105
1500550504 88369
1500550504 164704
1500550504 240973
1500550504 317179
1500550504 393937
1500550504 470404
1500550504 546326
1500550504 623890
1500550504 700705
1500550504 777111
1500550504 854151
1500550504 930936
1500550505 6901
1500550505 83176
1500550505 159846
1500550505 237240
1500550505 312617
1500550505 389390
1500550505 465994
1500550505 542678
1500550505 619446
1500550505 695677
1500550505 772655
1500550505 848998
1500550505 925723
1500550506 2590
1500550506 78685
1500550506 154762
1500550506 232285
1500550506 308284
1500550506 384878
1500550506 461628
1500550506 538407
1500550506 619786
1500550506 691050
1500550506 767868
1500550506 844597
1500550506 920782
1500550506 996915
1500550507 73204
1500550507 150276
1500550507 226531
1500550507 302776
1500550507 379056
1500550507 456073
1500550507 532444
1500550507 608761
1500550507 684860
1500550507 761188
1500550507 837883
1500550507 914420
1500550507 990655
1500550508 67447
1500550508 144901
1500550508 220305
1500550508 296687
1500550508 373000
1500550508 449698
1500550508 526096
1500550508 602362
1500550508 678461
1500550508 754578
1500550508 831817
1500550508 908553
1500550508 985169
1500550509 61481
1500550509 139069
1500550509 215473
1500550509 291841
1500550509 368504
1500550509 445021
1500550509 521802
1500550509 599030
1500550509 675376
1500550509 751377
1500550509 827521
1500550509 903694
1500550509 980025
1500550510 56649
1500550510 133175
1500550510 209424
1500550510 286238
1500550510 362800
1500550510 439112
1500550510 515819
1500550510 592358
1500550510 668570
1500550510 745920
1500550510 822965
1500550510 899142
1500550510 975027
1500550511 52544
1500550511 215313
1500550511 291899
1500550511 368518
1500550511 444572
1500550511 521196
1500550511 645185
1500550511 722135
1500550511 798519
1500550511 874518
1500550512 134536
1500550512 210662
1500550512 286870
1500550512 363758
1500550512 440441
1500550512 517541
1500550512 670946
1500550512 747920
1500550512 824140
1500550512 901212
1500550512 977467
1500550513 54449
1500550513 130763
1500550513 207089
1500550513 283122
1500550513 360220
1500550513 436629
1500550513 513481
1500550513 590045
1500550513 666670
1500550513 742587
1500550513 819761
1500550513 899785
1500550513 972122
1500550514 49017
1500550514 125650
1500550514 202283
1500550514 278882
1500550514 355573
1500550514 432150
1500550514 508642
1500550514 585546
1500550514 719744
1500550514 835055
1500550514 910970
1500550514 988390
1500550515 64764
1500550515 342547
1500550515 640332
1500550515 764779
1500550515 841655
1500550516 62504
1500550516 139249
1500550516 215839
1500550516 291836
1500550516 368970
1500550516 589220
1500550516 896418
1500550516 973385
1500550517 88537
1500550517 164755
1500550517 240906
1500550517 317153
1500550517 470705
1500550517 547590
1500550517 681164
1500550517 758110
1500550517 834407
1500550517 910670
1500550518 26013
1500550518 102697
1500550518 265553
1500550518 342557
1500550518 417498
1500550518 495011
1500550518 571860
1500550518 705759
1500550518 858978
1500550518 935810
1500550519 99003
1500550519 174707
1500550519 299150
1500550519 375291
1500550519 499882
1500550519 595096
1500550519 796638
1500550520 17144
1500550520 170630
1500550520 362991
1500550520 439790
1500550520 516151
1500550520 659502
1500550520 737377
1500550520 822721
1500550521 4291
1500550521 100345
1500550521 176625
1500550521 252543
1500550521 330057
1500550521 406313
1500550521 482934
1500550521 559982
1500550521 722200
1500550521 798413
1500550521 875268
1500550521 951922
1500550522 28904
1500550522 105144
1500550522 181565
1500550522 258732
1500550522 334613
1500550522 412051
1500550522 488088
1500550522 564873
1500550522 641364
1500550522 717227
1500550522 794816
1500550522 870925
1500550523 5367
1500550523 148949
1500550523 225606
1500550523 302104
1500550523 378386
1500550523 675257
1500550523 752167
1500550523 828396
1500550523 904655
1500550523 981935
1500550524 59176
1500550524 135434
1500550524 210936
1500550524 288560
1500550524 364848
1500550524 440811
1500550524 518158
1500550524 594451
1500550524 718679
1500550524 910341
1500550524 996755
1500550525 73166
1500550525 149736
1500550525 226302
1500550525 312102
1500550525 379328
1500550525 610144
1500550525 685783
1500550525 763061
1500550525 830939
1500550525 906269
1500550525 974899
1500550526 41819
1500550526 109061
1500550526 176218
1500550526 243606
1500550526 310548
1500550526 377727
1500550526 444822
1500550526 511981
1500550526 579019
1500550526 684461
1500550526 751532
1500550526 818706
1500550526 886523
1500550526 953704
1500550527 20985
1500550527 88396
1500550527 155292
1500550527 222471
1500550527 289583
1500550527 356791
1500550527 442982
1500550527 510100
1500550527 577281
1500550527 644440
1500550527 711607
1500550527 778798
1500550527 846204
1500550527 913280
1500550527 981222
1500550528 48282
1500550528 115534
1500550528 336412
1500550528 556664
1500550528 623872
1500550528 690992
1500550528 758283
1500550528 825187
1500550528 892381
1500550528 960567
1500550529 257333
1500550529 325450
1500550529 392336
1500550529 459712
1500550529 526709
1500550529 593819
1500550529 661042
1500550529 728398
1500550529 795257
1500550530 16049
1500550530 83837
1500550530 150236
1500550530 217493
1500550530 284494
1500550530 351674
1500550530 419512
1500550530 487185
1500550530 736576
1500550530 812732
1500550530 889853
1500550530 966007
1500550531 43539
1500550531 196747
1500550531 273788
1500550531 351008
1500550531 466566
1500550531 561441
1500550531 638684
1500550531 715722
1500550531 792036
1500550531 868048
1500550531 945152
1500550532 21349
1500550532 97630
1500550532 173880
1500550532 250070
1500550532 327066
1500550532 403603
1500550532 479913
1500550532 557015
1500550532 633258
1500550532 853676
1500550532 929448
1500550533 150460
1500550533 226517
1500550533 303364
1500550533 380020
1500550533 455824
1500550533 533268
1500550533 609222
1500550533 686737
1500550533 762413
1500550533 839994
1500550533 916035
1500550533 993464
1500550534 69469
1500550534 146907
1500550534 222897
1500550534 298996
1500550534 376338
1500550534 452837
1500550534 529298
1500550534 605996
1500550534 807734
1500550534 883920
1500550534 960673
1500550535 37185
1500550535 113320
1500550535 189170
1500550535 266757
1500550535 342378
1500550535 420025
1500550535 496354
1500550535 572239
1500550535 648727
1500550535 725840
1500550535 801637
1500550535 879345
1500550535 955422
1500550536 32507
1500550536 109115
1500550536 185265
1500550536 262438
1500550536 338647
1500550536 415281
1500550536 491384
1500550536 567972
1500550536 645196
1500550536 721684
1500550536 797133
1500550536 875639
1500550536 951112
1500550537 27277
1500550537 199832
1500550537 304612
1500550537 382059
1500550537 871312
1500550537 948468
1500550538 24533
1500550538 100331
1500550538 177952
1500550538 254128
1500550538 349798
1500550538 426966
1500550538 657967
1500550538 752673
1500550539 241878
1500550539 318802
1500550539 394633
1500550539 472214
1500550539 548420
1500550540 47768
1500550540 154475
1500550540 230185
1500550540 306991
1500550540 383252
1500550540 460394
1500550540 623047
1500550540 700349
1500550540 776565
1500550540 853306
1500550540 929386
1500550541 6696
1500550541 83020
1500550541 159120
1500550541 505244
1500550541 581377
1500550541 657294
1500550541 733714
1500550541 810965
1500550541 887893
1500550541 964006
1500550542 40390
1500550542 116407
1500550542 192703
1500550542 269088
1500550542 441558
1500550542 518581
1500550542 594944
1500550542 672364
1500550542 748468
1500550542 844729
1500550542 940823
1500550543 16835
1500550543 94134
1500550543 170124
1500550543 275549
1500550543 352759
1500550543 486996
1500550543 602341
1500550543 678518
1500550543 755862
1500550543 880001
1500550543 957115
1500550544 494481
1500550544 571476
1500550544 647788
1500550544 724791
1500550544 801056
1500550544 878457
1500550544 954513
1500550545 31581
1500550545 107783
1500550545 185139
1500550545 261192
1500550545 338429
1500550545 568969
1500550545 645165
1500550545 722303
1500550545 798484
1500550545 874736
1500550545 950448
1500550546 28093
1500550546 181538
1500550546 257844
1500550546 334958
1500550546 449640
1500550546 526262
1500550546 602964
1500550546 670587
1500550546 737567
1500550546 958267
1500550547 25218
1500550547 92382
1500550547 159719
1500550547 226852
1500550547 294271
1500550547 361222
1500550547 438127
1500550547 794225
1500550547 861307
1500550547 928423
1500550547 995502
1500550548 62600
1500550548 130160
1500550548 196988
1500550548 264040
1500550548 436804
1500550548 504133
1500550548 570907
1500550548 638139
1500550548 705122
1500550548 773293
1500550548 840457
1500550548 907478
1500550548 974623
1500550549 69874
1500550549 137994
1500550549 233744
1500550549 348638
1500550549 492859
1500550549 570046
1500550549 732948
1500550549 809666
1500550549 886990
1500550549 963036
1500550550 40046
1500550550 117138
1500550550 193395
1500550550 270429
1500550550 346783
1500550550 423915
1500550550 500892
1500550550 577312
1500550550 654564
1500550550 866221
1500550550 981416
1500550551 57404
1500550551 182794
1500550551 355330
1500550551 432242
1500550551 508368
1500550551 585715
1500550551 700945
1500550551 826135
1500550552 122953
1500550552 200090
1500550552 277177
1500550552 487856
1500550552 565042
1500550552 641160
1500550552 718404
1500550552 794811
1500550553 44218
1500550553 121321
1500550553 197433
1500550553 274511
1500550553 350985
1500550553 426965
1500550553 676617
1500550553 762706
1500550553 838917
1500550553 916230
1500550554 127678
1500550554 204128
1500550554 280992
1500550554 415260
1500550554 761468
1500550554 856575
1500550554 962605
1500550555 116138
1500550555 193113
1500550555 269279
1500550555 346355
1500550555 422488
1500550555 729698
1500550555 941118
1500550556 17456
1500550556 94275
1500550556 218499
1500550556 324487
1500550556 401097
1500550556 477298
1500550556 554104
1500550556 630551
1500550556 755877
1500550556 832197
1500550556 909389
1500550556 985444
1500550557 62460
1500550557 139247
1500550557 388473
1500550557 465375
1500550557 541691
1500550557 686112
1500550557 858675
1500550557 935885
1500550558 11709
1500550558 107950
1500550558 223328
1500550558 299513
1500550558 375602
1500550558 471863
1500550558 548880
1500550558 654225
1500550558 740754
1500550558 970184
1500550559 47149
1500550559 296918
1500550559 373027
1500550559 450107
1500550559 525970
1500550559 603449
1500550559 833915
1500550559 910167
1500550559 986384
1500550560 92555
1500550560 562916
1500550560 640175
1500550560 716160
1500550560 793630
1500550560 869526
1500550560 946858
1500550561 80994
1500550561 186169
1500550561 416960
1500550561 570321
1500550561 704488
1500550561 781616
1500550561 857736
1500550561 935243
1500550562 50110
1500550562 126332
1500550562 202867
1500550562 279873
1500550562 356831
1500550562 586445
1500550562 662625
1500550562 739936
1500550562 817043
1500550563 46722
1500550563 123941
1500550563 199991
1500550563 276120
1500550563 372484
1500550563 449663
1500550563 525777
1500550563 603288
1500550563 679238
1500550563 756213
1500550563 985762
1500550564 62916
1500550564 138740
1500550564 244365
1500550564 321645
1500550564 533270
1500550564 734778
1500550564 811004
1500550564 887731
1500550564 963972
1500550565 146457
1500550565 222840
1500550565 298793
1500550565 375962
1500550565 452034
1500550565 529357
1500550565 605602
1500550565 730214
1500550565 807411
1500550565 883954
1500550565 960571
1500550566 37138
1500550566 112904
1500550566 190054
1500550566 267258
1500550566 439998
1500550566 882096
1500550566 958058
1500550567 35398
1500550567 111441
1500550567 188476
1500550567 264838
1500550567 341720
1500550567 418064
1500550567 495229
1500550567 572267
1500550567 648486
1500550567 724729
1500550567 801907
1500550567 878074
1500550567 955233
1500550568 31485
1500550568 107975
1500550568 184856
1500550568 281082
1500550568 357243
1500550568 434463
1500550568 511609
1500550568 587718
1500550568 664938
1500550568 741470
1500550568 818337
1500550568 894505
1500550568 971791
1500550569 48075
1500550569 125135
1500550569 202111
1500550569 278169
1500550569 354887
1500550569 431049
1500550569 507123
1500550569 583291
1500550569 660768
1500550569 736638
1500550569 832920
1500550569 909209
1500550569 985395
1500550570 62572
1500550570 138852
1500550570 215643
1500550570 474670
1500550570 714371
1500550570 896665
1500550571 261401
1500550571 338315
1500550571 414579
1500550571 703577
1500550571 808633
1500550572 48148
1500550572 125228
1500550572 201679
1500550572 297952
1500550572 413138
1500550572 488964
1500550572 566302
1500550572 642743
1500550572 729141
1500550572 806098
1500550572 882391
1500550573 112705
1500550573 343054
1500550573 419208
1500550573 495386
1500550573 726062
1500550573 802507
1500550573 879646
1500550573 955950
1500550574 32928
1500550574 109100
1500550574 186173
1500550574 262328
1500550574 339359
1500550574 415762
1500550574 493011
1500550574 569311
1500550574 646374
1500550574 723168
1500550574 799654
1500550574 875989
1500550574 953171
1500550575 29022
1500550575 106435
1500550575 182906
1500550575 259835
1500550575 336956
1500550575 413101
1500550575 489332
1500550575 566630
1500550575 729217
1500550575 806090
1500550575 921469
1500550575 997566
1500550576 74739
1500550576 151059
1500550576 227167
1500550576 304308
1500550576 380492
1500550576 457647
1500550576 534953
1500550576 611248
1500550576 687446
1500550576 763781
1500550576 840779
1500550576 917878
1500550576 994237
1500550577 71114
1500550577 195874
1500550577 272711
1500550577 348960
1500550577 426146
1500550577 502257
1500550577 646753
1500550577 790920
1500550577 867221
1500550577 943376
1500550578 20350
1500550578 96528
1500550578 174052
1500550578 251086
1500550578 568021
1500550578 643993
1500550578 864912
1500550578 941763
1500550579 17988
1500550579 95058
1500550579 171162
1500550579 248284
1500550579 353628
1500550579 430689
1500550579 584156
1500550579 728687
1500550579 890772
1500550580 25050
1500550580 111604
1500550580 323036
1500550580 745064
1500550580 822166
1500550581 80470
1500550581 156923
1500550581 234087
1500550581 310359
1500550581 387343
1500550581 617835
1500550581 694147
1500550581 771101
1500550581 847385
1500550581 924410
1500550582 566
1500550582 76899
1500550582 154095
1500550582 230345
1500550582 306521
1500550582 383725
1500550582 460004
1500550582 536392
1500550582 613211
1500550582 689477
1500550582 765994
1500550582 842953
1500550583 73633
1500550583 149754
1500550583 226716
1500550583 302882
1500550583 380175
1500550583 456741
1500550583 686922
1500550583 763105
1500550583 840181
1500550583 916595
1500550583 993667
1500550584 69788
1500550584 300464
1500550584 376626
1500550584 453697
1500550584 741468
1500550585 67543
1500550585 365088
1500550585 451322
1500550585 528223
1500550585 604600
1500550585 681607
1500550585 757892
1500550585 988575
1500550586 64780
1500550586 141875
1500550586 218781
1500550586 295075
1500550586 371587
1500550586 448355
1500550586 524627
1500550586 601747
1500550586 678610
1500550586 755187
1500550586 831399
1500550586 908511
1500550587 139111
1500550587 215307
1500550587 291567
1500550587 368647
1500550587 444794
1500550587 521886
1500550587 598157
1500550587 674113
1500550587 751449
1500550587 827787
1500550587 905049
1500550587 981204
1500550588 57388
1500550588 288045
1500550588 365300
1500550588 441315
1500550588 671956
1500550588 748248
1500550588 825149
1500550588 901517
1500550588 977911
1500550589 53888
1500550589 131067
1500550589 207181
1500550589 284475
1500550589 360492
1500550589 437725
1500550589 514112
1500550589 591319
1500550589 821755
1500550589 897963
1500550589 975102
1500550590 51525
1500550590 128569
1500550590 204920
1500550590 281767
1500550590 358785
1500550590 434566
1500550590 511180
1500550590 587539
1500550590 664735
1500550590 740787
1500550590 818079
1500550590 894263
1500550590 971551
1500550591 47612
1500550591 124764
1500550591 200929
1500550591 277206
1500550591 353382
1500550591 430720
1500550591 507141
1500550591 584333
1500550591 660424
1500550591 737282
1500550591 812709
1500550591 889834
1500550591 967394
1500550592 43191
1500550592 119371
1500550592 195598
1500550592 271716
1500550592 349092
1500550592 425447
1500550592 502448
1500550592 578587
1500550592 655827
1500550592 732996
1500550592 809148
1500550592 885443
1500550592 962618
1500550593 38683
1500550593 115971
1500550593 192146
1500550593 269132
1500550593 345473
1500550593 422684
1500550593 498979
1500550593 575788
1500550593 652254
1500550593 729285
1500550593 805822
1500550593 881781
1500550593 959001
1500550594 35738
1500550594 112301
1500550594 188584
1500550594 264814
1500550594 341029
1500550594 418220
1500550594 494318
1500550594 571402
1500550594 647563
1500550594 724218
1500550594 801250
1500550594 877231
1500550594 954574
1500550595 31595
1500550595 107852
1500550595 185188
1500550595 261420
1500550595 337559
1500550595 414501
1500550595 490853
1500550595 567964
1500550595 644261
1500550595 721320
1500550595 797683
1500550595 874823
1500550595 950953
1500550596 27850
1500550596 103223
1500550596 180064
1500550596 257719
1500550596 333929
1500550596 411125
1500550596 487331
1500550596 564278
1500550596 640766
1500550596 717677
1500550596 794144
1500550596 957716
1500550597 120852
1500550597 196953
1500550597 273965
1500550597 350123
1500550597 427425
1500550597 504546
1500550597 580919
1500550597 658038
1500550597 734320
1500550597 811204
1500550597 887492
1500550597 963859
1500550598 40060
1500550598 117067
1500550598 193090
1500550598 270229
1500550598 393751
1500550598 470008
1500550598 547161
1500550598 623433
1500550598 700325
1500550598 921373
1500550598 997800
1500550599 74626
1500550599 150516
1500550599 228004
1500550599 343134
1500550599 525630
1500550599 601859
1500550599 678152
1500550599 754114
1500550600 446091
1500550600 561089
1500550600 637434
1500550600 714452
1500550600 790737
1500550600 866712
1500550600 942974
1500550601 20154
1500550601 96369
1500550601 172519
1500550601 249815
1500550601 326005
1500550601 402313
1500550601 478969
1500550601 555656
1500550601 767342
1500550601 843548
1500550602 113203
1500550602 189334
1500550602 381684
1500550602 457702
1500550602 535148
1500550602 765548
1500550602 841531
1500550602 918589
1500550602 994891
1500550603 71244
1500550603 148385
1500550603 224700
1500550603 301647
1500550603 378810
1500550603 455174
1500550603 532249
1500550603 608648
1500550603 685469
1500550603 761791
1500550603 838067
1500550603 915254
1500550603 991407
1500550604 68625
1500550604 145070
1500550604 221904
1500550604 298219
1500550604 375229
1500550604 451700
1500550604 528594
1500550604 604851
1500550604 681121
1500550604 758282
1500550604 834468
1500550604 911430
1500550604 987881
1500550605 64971
1500550605 218567
1500550605 295482
1500550605 371632
1500550605 563383
1500550605 640414
1500550605 909031
1500550605 986137
1500550606 100598
1500550606 177715
1500550606 253837
1500550606 330929
1500550606 436350
1500550606 579756
1500550606 675820
1500550606 752148
1500550606 906462
1500550607 155971
1500550607 232415
1500550607 309346
1500550607 385469
1500550607 462649
1500550607 664129
1500550607 750503
1500550607 884622
1500550608 28128
1500550608 105107
1500550608 181412
1500550608 258573
1500550608 335438
1500550608 517472
1500550608 594235
1500550608 671388
1500550608 747766
1500550608 834745
1500550608 911054
1500550609 26398
1500550609 180262
1500550609 256197
1500550609 333206
1500550609 650230
1500550609 746191
1500550609 822260
1500550609 908285
1500550609 984715
1500550610 61843
1500550610 138780
1500550610 214862
1500550610 292256
1500550610 368413
1500550610 444618
1500550610 521796
1500550610 598174
1500550610 828605
1500550610 905025
1500550610 981862
1500550611 59127
1500550611 135356
1500550611 212810
1500550611 288358
1500550611 364907
1500550611 442027
1500550611 518306
1500550611 595494
1500550611 826014
1500550611 902436
1500550611 978317
1500550612 55418
1500550612 141670
1500550612 218047
1500550612 294518
1500550612 371284
1500550612 448390
1500550612 592013
1500550612 669032
1500550612 745232
1500550612 861088
1500550612 936699
1500550613 13198
1500550613 90690
1500550613 205484
1500550613 330458
1500550613 608329
1500550613 684543
1500550613 762132
1500550613 837707
1500550613 914711
1500550613 991168
1500550614 67414
1500550614 144525
1500550614 317040
1500550614 394175
1500550614 471275
1500550614 547469
1500550614 777169
1500550614 854329
1500550614 930589
1500550615 7723
1500550615 141942
1500550615 238041
1500550615 381698
1500550615 458580
1500550615 534913
1500550615 611601
1500550615 687330
1500550615 783668
1500550615 869745
1500550616 4051
1500550616 378960
1500550616 580822
1500550616 657607
1500550616 781804
1500550616 868054
1500550616 944325
1500550617 59538
1500550617 165319
1500550617 240933
1500550617 404525
1500550617 625062
1500550617 721222
1500550617 798183
1500550617 941720
1500550618 402969
1500550618 508207
1500550618 671407
1500550618 901781
1500550619 27233
1500550619 161454
1500550619 237730
1500550619 314750
1500550619 390840
1500550619 466953
1500550619 543290
1500550619 773646
1500550619 849993
1500550619 927343
1500550620 3404
1500550620 79624
1500550620 156702
1500550620 233083
1500550620 309013
1500550620 386194
1500550620 462402
1500550620 538448
1500550620 614984
1500550620 691207
1500550620 768379
1500550620 941021
1500550621 94362
1500550621 171727
1500550621 247754
1500550621 324100
1500550621 401566
1500550621 478093
1500550621 583292
1500550621 823066
1500550621 899302
1500550621 985714
1500550622 90627
1500550622 311161
1500550622 388332
1500550622 464498
1500550622 694496
1500550622 771318
1500550623 1071
1500550623 78130
1500550623 155238
1500550623 231500
1500550623 307533
1500550623 384870
1500550623 461831
1500550623 538358
1500550623 614326
1500550623 690476
1500550623 767432
1500550623 843996
1500550623 920092
1500550623 996154
1500550624 72484
1500550624 148730
1500550624 226023
1500550624 302259
1500550624 531867
1500550624 609025
1500550624 686125
1500550624 762288
1500550624 838880
1500550624 915610
1500550624 992104
1500550625 69213
1500550625 145423
1500550625 376108
1500550625 558591
1500550626 124736
1500550626 200695
1500550626 277055
1500550626 507406
1500550626 583734
1500550626 660420
1500550626 737675
1500550626 814332
1500550626 890561
1500550626 966687
1500550627 43941
1500550627 120224
1500550627 197182
1500550627 273487
1500550627 369810
1500550627 445702
1500550627 522909
1500550627 598959
1500550627 675569
1500550627 751543
1500550627 827942
1500550627 943420
1500550628 19358
1500550628 96551
1500550628 172757
1500550628 249852
1500550628 326152
1500550628 403283
1500550628 479715
1500550628 556138
1500550628 632847
1500550628 709267
1500550628 785750
1500550628 862410
1500550628 938715
1500550629 15884
1500550629 91879
1500550629 169402
1500550629 245416
1500550629 322016
1500550629 398619
1500550629 484801
1500550629 561081
1500550629 839995
1500550629 917033
1500550629 993474
1500550630 70096
1500550630 146675
1500550630 222836
1500550630 300295
1500550630 376085
1500550630 453029
1500550630 529286
1500550630 759134
1500550630 835698
1500550630 912813
1500550630 988797
1500550631 66042
1500550631 142161
1500550631 219320
1500550631 448867
1500550631 526050
1500550631 602073
1500550631 679341
1500550631 909106
1500550631 986092
1500550632 62378
1500550632 139474
1500550632 484191
1500550632 695640
1500550632 772602
1500550632 848785
1500550632 925360
1500550633 98986
1500550633 175531
1500550633 252240
1500550633 328773
1500550633 404420
1500550633 481286
1500550633 558091
1500550633 653142
1500550633 729275
1500550633 806319
1500550633 882695
1500550633 959338
1500550634 36177
1500550634 112227
1500550634 188554
1500550634 322880
1500550634 399377
1500550634 475273
1500550634 552314
1500550634 782434
1500550634 964472
1500550635 40775
1500550635 116970
1500550635 413828
1500550635 557628
1500550635 826204
1500550635 913972
1500550636 86424
1500550636 153399
1500550636 220421
1500550636 287617
1500550636 469955
1500550636 690510
1500550636 757559
1500550636 825777
1500550636 892923
1500550636 960244
1500550637 27127
1500550637 94246
1500550637 161502
1500550637 228811
1500550637 295741
1500550637 362954
1500550637 430355
1500550637 593328
1500550637 660595
1500550637 736864
1500550637 804990
1500550637 871950
1500550637 939203
1500550638 15392
1500550638 92713
1500550638 313113
1500550638 380242
1500550638 447327
1500550638 514436
1500550638 581859
1500550638 648865
1500550638 716006
1500550638 784139
1500550638 860491
1500550638 927399
1500550638 994620
1500550639 61788
1500550639 138886
1500550639 215952
1500550639 292498
1500550639 369348
1500550639 772490
1500550640 2888
1500550640 118093
1500550640 195186
1500550640 271437
1500550640 349418
1500550640 424851
1500550640 502034
1500550640 578511
1500550640 655516
1500550640 731050
1500550640 808709
1500550640 884705
1500550640 961011
1500550641 37954
1500550641 114497
1500550641 190624
1500550641 267699
1500550641 343320
1500550641 496758
1500550641 573500
1500550641 649882
1500550641 775050
1500550641 850979
1500550641 927668
1500550642 4549
1500550642 81001
1500550642 157631
1500550642 234292
1500550642 310410
1500550642 386945
1500550642 462918
1500550642 539295
1500550642 616090
1500550642 692521
1500550642 769152
1500550642 845235
1500550642 921922
1500550642 998528
1500550643 74575
1500550643 151213
1500550643 228127
1500550643 304447
1500550643 381584
1500550643 457845
1500550643 582075
1500550643 658302
1500550643 773490
1500550643 849784
1500550644 32193
1500550644 147367
1500550644 223645
1500550644 300435
1500550644 377036
1500550644 453264
1500550644 529843
1500550644 837273
1500550644 933122
1500550645 57572
1500550645 133786
1500550645 249236
1500550645 325381
1500550645 507980
1500550645 661180
1500550645 881627
1500550645 968622
1500550646 44230
1500550646 120748
1500550646 197641
1500550646 302434
1500550646 380034
1500550646 504266
1500550646 724930
1500550646 801998
1500550646 878045
1500550646 954820
1500550647 185113
1500550647 262079
1500550647 415758
1500550647 491823
1500550647 615773
1500550647 722160
1500550647 798289
1500550647 874338
1500550647 950555
1500550648 27008
1500550648 103345
1500550648 179421
1500550648 257300
1500550648 332586
1500550648 553117
1500550648 628994
1500550648 706510
1500550648 783071
1500550648 859042
1500550648 935190
1500550649 11229
1500550649 88999
1500550649 164923
1500550649 241717
1500550649 318432
1500550649 394641
1500550649 471228
1500550649 547915
1500550649 624044
1500550649 700924
1500550649 777342
1500550649 853966
1500550649 930732
1500550650 7299
1500550650 83321
1500550650 179166
1500550650 255569
1500550650 370938
1500550650 706898
1500550650 783103
1500550650 859139
1500550650 936249
1500550651 12616
1500550651 88768
1500550651 165372
1500550651 241856
1500550651 318786
1500550651 394875
1500550651 624683
1500550651 700941
1500550651 777840
1500550651 854687
1500550651 930614
1500550652 7451
1500550652 83998
1500550652 160585
1500550652 236500
1500550652 314113
1500550652 390693
1500550652 467112
1500550652 543333
1500550652 715943
1500550652 791705
1500550652 869220
1500550652 945351
1500550653 21954
1500550653 232367
1500550653 308155
1500550653 433634
1500550653 702474
1500550653 779383
1500550653 856007
1500550653 932298
1500550654 8745
1500550654 85462
1500550654 373103
1500550654 449051
1500550654 526323
1500550654 602551
1500550654 678870
1500550654 755288
1500550654 831263
1500550654 907038
1500550654 988299
1500550655 204746
1500550655 281619
1500550655 531066
1500550655 607874
1500550655 684573
1500550655 761680
1500550655 837910
1500550655 934162
1500550656 230797
1500550656 451819
1500550656 519291
1500550656 595083
1500550657 372990
1500550657 777445
1500550657 891726
1500550658 83900
1500550658 333569
1500550658 400582
1500550658 621225
1500550658 689189
1500550658 756410
1500550658 823601
1500550658 890570
1500550658 957851
1500550659 466309
1500550659 533325
1500550659 600684
1500550659 668466
1500550659 889005
1500550659 956186
1500550660 23660
1500550660 243718
1500550660 310873
1500550660 378113
1500550660 445257
1500550660 512269
1500550660 579441
1500550660 647497
1500550660 868144
1500550660 944417
1500550661 21525
1500550661 98688
1500550661 176617
1500550661 251982
1500550661 329230
1500550661 405568
1500550661 491598
1500550661 568621
1500550661 645676
1500550661 722108
1500550661 799474
1500550661 875328
1500550661 951200
1500550662 67110
1500550662 144007
1500550662 220321
1500550662 642161
1500550662 718847
1500550662 920937
1500550662 997390
1500550663 73469
1500550663 149317
1500550663 226684
1500550663 302456
1500550663 379982
1500550663 456319
1500550663 532177
1500550663 609689
1500550663 715144
1500550663 792197
1500550663 868308
1500550663 944513
1500550664 155364
1500550664 299198
1500550664 375305
1500550664 452914
1500550664 528719
1500550664 606057
1500550664 681987
1500550664 797716
1500550665 47241
1500550665 123223
1500550665 200799
1500550665 276312
1500550665 383016
1500550665 459272
1500550665 534892
1500550665 650297
1500550665 756656
1500550666 361294
1500550666 438060
1500550666 533709
1500550666 629931
1500550666 706404
1500550666 935735
1500550667 11620
1500550667 89014
1500550667 165352
1500550667 241493
1500550667 317739
1500550667 393678
1500550667 471172
1500550667 547413
1500550667 623212
1500550667 700794
1500550667 777798
1500550667 854387
1500550667 930525
1500550668 93654
1500550668 247435
1500550668 323493
1500550668 496019
1500550668 764214
1500550669 33468
1500550669 109424
1500550669 234588
1500550669 310642
1500550669 386568
1500550669 464063
1500550669 540289
1500550669 616353
1500550669 692918
1500550669 787404
1500550670 278212
1500550670 355275
1500550670 431471
1500550670 507216
1500550670 584811
1500550670 679625
1500550670 776251
1500550670 958446
1500550671 130953
1500550671 332551
1500550671 408194
1500550671 484908
1500550671 706361
1500550671 984214
1500550672 204839
1500550672 290986
1500550672 473301
1500550672 578462
1500550672 808760
1500550672 885344
1500550672 961603
1500550673 37220
1500550673 143879
1500550673 373392
1500550673 449343
1500550673 525968
1500550673 603039
1500550673 678955
1500550673 756620
1500550673 832413
1500550673 909783
1500550673 985945
1500550674 62395
1500550674 138068
1500550674 215725
1500550674 350153
1500550674 426224
1500550674 502112
1500550674 579905
1500550674 655693
1500550674 731966
1500550674 962094
1500550675 86236
1500550675 335706
1500550675 526700
1500550675 700560
1500550675 776602
1500550675 881899
1500550675 959084
1500550676 53987
1500550676 131369
1500550676 207597
1500550676 283812
1500550676 360180
1500550676 435971
1500550676 512286
1500550676 588565
1500550676 664900
1500550676 742242
1500550676 818466
1500550676 895082
1500550676 999846
1500550677 230494
1500550677 306311
1500550677 383945
1500550677 460130
1500550677 537174
1500550677 613253
1500550677 689753
1500550677 765473
1500550677 843781
1500550677 967239
1500550678 72595
1500550678 148268
1500550678 226056
1500550678 302888
1500550678 523650
1500550678 599759
1500550678 676779
1500550678 753223
1500550678 887644
1500550678 963687
1500550679 39943
1500550679 125284
1500550679 288777
1500550679 576629
1500550679 758748
1500550679 835824
1500550679 912203
1500550679 987951
1500550680 132518
1500550680 314220
1500550680 391304
1500550680 650152
1500550680 957288
1500550681 206891
1500550681 292695
1500550681 628590
1500550681 801742
1500550681 878078
1500550682 127673
1500550682 454200
1500550682 530328
1500550682 606643
1500550682 682826
1500550682 912540
1500550682 989579
1500550683 219286
1500550683 296072
1500550683 372397
1500550683 448641
1500550683 524574
1500550683 601133
1500550683 678310
1500550683 841738
1500550683 917279
1500550684 4263
1500550684 147664
1500550684 281696
1500550684 358017
1500550684 434256
1500550684 510462
1500550684 586290
1500550684 663783
1500550684 740813
1500550685 201308
1500550685 278181
1500550685 354683
1500550685 613119
1500550685 689162
1500550685 766642
1500550685 852725
1500550685 929820
1500550686 245730
1500550686 639766
1500550686 715975
1500550686 946491
1500550687 108958
1500550687 186071
1500550687 262116
1500550687 338393
1500550687 433580
1500550687 510764
1500550687 586936
1500550687 663209
1500550687 739063
1500550687 815582
1500550687 892661
1500550687 968575
1500550688 45547
1500550688 122399
1500550688 351767
1500550688 429097
1500550688 504878
1500550688 582408
1500550688 658614
1500550688 734546
1500550688 965463
1500550689 42699
1500550689 118693
1500550689 195076
1500550689 271036
1500550689 348617
1500550689 424774
1500550689 501879
1500550689 577647
1500550689 655405
1500550689 923995
1500550690 87212
1500550690 682008
1500550690 758758
1500550690 834575
1500550690 911270
1500550691 45690
1500550691 256315
1500550691 765436
1500550691 995115
1500550692 72003
1500550692 148185
1500550692 225249
1500550692 301007
1500550692 377683
1500550692 454720
1500550692 551010
1500550692 713610
1500550692 789744
1500550692 866949
1500550692 942739
1500550693 20380
1500550693 96612
1500550693 172312
1500550693 249757
1500550693 499441
1500550693 575579
1500550694 180417
1500550694 708562
1500550694 785423
1500550694 890542
1500550695 207650
1500550695 283606
1500550695 360174
1500550695 437159
1500550695 581287
1500550695 657500
1500550695 955641
1500550696 89523
1500550696 319160
1500550696 395896
1500550696 472777
1500550696 548871
1500550696 624830
1500550696 701108
1500550696 777411
1500550696 854614
1500550696 930677
1500550697 7757
1500550697 84425
1500550697 199382
1500550697 361954
1500550697 439290
1500550697 516093
1500550697 592509
1500550697 850980
1500550697 956161
1500550698 100695
1500550698 398352
1500550698 503481
1500550698 579663
1500550698 656730
1500550698 733001
1500550698 809392
1500550698 885035
1500550699 697
1500550699 230423
1500550699 306108
1500550699 383580
1500550699 460907
1500550699 604529
1500550699 969410
1500550700 45839
1500550700 122118
1500550700 189734
1500550700 256917
1500550700 323965
1500550700 390970
1500550700 458089
1500550700 525503
1500550700 660768
1500550701 92728
1500550701 187839
1500550701 254958
1500550701 322989
1500550701 571860
1500550701 792228
1500550701 859296
1500550701 927370
1500550701 994674
1500550702 148399
1500550702 426839
1500550702 561152
1500550702 647277
1500550702 714297
1500550702 781443
1500550702 848397
1500550702 925962
1500550703 60312
1500550703 127236
1500550703 328864
1500550703 443960
1500550703 511152
1500550703 578203
1500550703 645380
1500550703 712533
1500550703 779734
1500550703 846699
1500550704 68526
1500550704 135535
1500550704 356246
1500550704 433134
1500550704 509237
1500550704 576510
1500550704 643523
1500550704 710876
1500550704 777909
1500550704 844972
1500550704 912240
1500550704 979296
1500550705 47273
1500550705 123415
1500550705 200817
1500550705 276936
1500550705 354909
1500550705 431310
1500550705 507452
1500550705 584590
1500550705 661872
1500550705 738142
1500550705 815157
1500550705 891431
1500550705 968653
1500550706 44771
1500550706 121668
1500550706 198012
1500550706 273884
1500550706 504530
1500550706 571946
1500550706 639341
1500550706 745601
1500550706 976084
1500550707 81290
1500550707 148700
1500550707 225454
1500550707 532333
1500550707 599514
1500550707 666743
1500550707 733824
1500550707 800735
1500550707 867845
1500550707 934915
1500550708 2228
1500550708 70245
1500550708 137412
1500550708 204557
1500550708 271684
1500550708 338935
1500550708 559531
1500550708 636888
1500550708 713074
1500550708 790122
1500550708 867049
1500550708 943242
1500550709 20468
1500550709 96774
1500550709 251164
1500550709 327087
1500550709 452621
1500550709 634893
1500550709 826453
1500550710 96135
1500550710 172546
1500550710 249325
1500550710 325548
1500550710 402662
1500550710 632297
1500550710 708433
1500550710 784849
1500550710 860949
1500550710 937154
1500550711 14380
1500550711 90506
1500550711 167770
1500550711 244045
1500550711 320233
1500550711 396531
1500550711 472665
1500550711 548913
1500550711 626067
1500550711 701991
1500550711 798378
1500550711 875794
1500550711 951832
1500550712 28396
1500550712 249499
1500550712 470108
1500550712 537290
1500550712 604346
1500550712 758996
1500550712 825906
1500550712 921068
1500550712 988744
1500550713 142795
1500550713 209742
1500550713 276938
1500550713 344128
1500550713 411107
1500550713 478223
1500550713 545380
1500550713 612645
1500550713 794824
1500550713 862198
1500550714 36023
1500550714 102743
1500550714 169881
1500550714 236984
1500550714 304024
1500550714 371540
1500550714 438342
1500550714 505326
1500550714 572511
1500550714 639846
1500550714 946657
1500550715 52865
1500550715 197107
1500550715 484882
1500550715 560954
1500550715 763322
1500550715 878726
1500550715 954783
1500550716 31922
1500550716 108691
1500550716 185567
1500550716 348744
1500550716 493064
1500550716 569208
1500550716 761611
1500550716 837892
1500550716 915048
1500550716 991998
1500550717 68259
1500550717 260658
1500550717 491319
1500550717 567603
1500550717 644518
1500550717 721874
1500550717 942275
1500550718 19371
1500550718 95444
1500550718 172820
1500550718 248922
1500550718 326010
1500550718 403272
1500550718 479625
1500550718 556537
1500550718 633676
1500550718 709734
1500550718 785979
1500550718 863233
1500550718 939443
1500550719 16047
1500550719 92378
1500550719 170134
1500550719 246330
1500550719 322565
1500550719 399670
1500550719 475651
1500550719 551890
1500550719 629143
1500550719 704492
1500550719 935178
1500550720 11437
1500550720 241148
1500550720 318163
1500550720 394363
1500550720 470477
1500550720 547681
1500550720 623302
1500550720 700580
1500550720 768386
1500550720 835266
1500550720 902362
1500550720 969497
1500550721 36618
1500550721 104023
1500550721 171007
1500550721 238736
1500550721 305478
1500550721 372688
1500550721 439723
1500550721 506795
