1502378135 844372
1502378135 962151
1502378136 38363
1502378136 168677
1502378136 235821
1502378136 291970
1502378136 350331
1502378136 599483
1502378136 752897
1502378136 906099
1502378137 69655
1502378137 155804
1502378137 214565
1502378137 300095
1502378137 443380
1502378137 511403
1502378137 578631
1502378137 645833
1502378137 789175
1502378137 856319
1502378137 923435
1502378137 990518
1502378138 57813
1502378138 125003
1502378138 269406
1502378138 297250
1502378138 317719
1502378138 374422
1502378138 397873
1502378138 451503
1502378138 460948
1502378138 518754
1502378138 528011
1502378138 585839
1502378138 595221
1502378138 653107
1502378138 691120
1502378138 729529
1502378138 787431
1502378138 796736
1502378138 854681
1502378138 864007
1502378138 921820
1502378138 931255
1502378138 986567
1502378139 11090
1502378139 68450
1502378139 86175
1502378139 123251
1502378139 142522
1502378139 201284
1502378139 219451
1502378139 276570
1502378139 343923
1502378139 372845
1502378139 392126
1502378139 488041
1502378139 517455
1502378139 575940
1502378139 624562
1502378139 661763
1502378139 766682
1502378139 776027
1502378139 833841
1502378139 843657
1502378139 900980
1502378139 911327
1502378139 968131
1502378139 978418
1502378140 35408
1502378140 45568
1502378140 102579
1502378140 112791
1502378140 169743
1502378140 185975
1502378140 236728
1502378140 247527
1502378140 303837
1502378140 323202
1502378140 381003
1502378140 390399
1502378140 448523
1502378140 486266
1502378140 527474
1502378140 592561
1502378140 601959
1502378140 659611
1502378140 669282
1502378140 726813
1502378140 736569
1502378140 801579
1502378140 803800
1502378140 861068
1502378140 870518
1502378140 909267
1502378140 948034
1502378141 5425
1502378141 14803
1502378141 52649
1502378141 82365
1502378141 138837
1502378141 162172
1502378141 197197
1502378141 229870
1502378141 282274
1502378141 311486
1502378141 359287
1502378141 381512
1502378141 426586
1502378141 436734
1502378141 484432
1502378141 503827
1502378141 560743
1502378141 571056
1502378141 627825
1502378141 650279
1502378141 704999
1502378141 714452
1502378141 772177
1502378141 782580
1502378141 896508
1502378141 916849
1502378142 59835
1502378142 127186
1502378142 184106
1502378142 203677
1502378142 280420
1502378142 299800
1502378142 347574
1502378142 395670
1502378142 472869
1502378142 529848
1502378142 588106
1502378142 614386
1502378142 664373
1502378142 674695
1502378142 760543
1502378142 827692
1502378142 895133
1502378142 924150
1502378142 943069
1502378143 282
1502378143 39370
1502378143 87515
1502378143 144629
1502378143 182532
1502378143 222203
1502378143 278738
1502378143 289573
1502378143 374793
1502378143 404292
1502378143 451980
1502378143 461700
1502378143 519071
1502378143 528480
1502378143 586407
1502378143 595715
1502378143 653507
1502378143 663510
1502378143 721666
1502378143 730047
1502378143 787756
1502378143 797162
1502378143 854917
1502378143 893114
1502378143 941352
1502378144 46440
1502378144 56641
1502378144 123579
1502378144 142933
1502378144 199936
1502378144 238700
1502378144 248060
1502378144 305894
1502378144 315325
1502378144 372992
1502378144 382812
1502378144 440577
1502378144 478358
1502378144 518673
1502378144 622919
1502378144 671602
1502378144 766907
1502378144 843366
1502378144 910311
1502378144 920651
1502378145 54254
1502378145 112235
1502378145 158979
1502378145 198183
1502378145 236369
1502378145 345993
1502378145 389774
1502378145 484811
1502378145 551920
1502378145 581741
1502378145 687687
1502378145 734683
1502378145 792349
1502378145 830598
1502378145 889210
1502378145 926769
1502378145 937484
1502378145 975567
1502378146 41979
1502378146 71547
1502378146 128082
1502378146 138492
1502378146 176202
1502378146 206107
1502378146 320569
1502378146 378616
1502378146 445673
1502378146 522083
1502378146 599143
1502378146 626770
1502378146 675361
1502378146 733582
1502378146 742894
1502378146 800562
1502378146 819956
1502378146 876968
1502378146 898266
1502378146 943992
1502378146 954887
1502378147 18065
1502378147 21891
1502378147 79230
1502378147 88552
1502378147 174657
1502378147 184811
1502378147 299733
1502378147 309081
1502378147 370005
1502378147 463118
1502378147 502100
1502378147 606474
1502378147 673498
1502378147 721740
1502378147 731143
1502378147 788884
1502378147 798336
1502378147 894184
1502378147 933820
1502378148 1130
1502378148 38633
1502378148 68076
1502378148 182901
1502378148 203137
1502378148 259305
1502378148 270030
1502378148 326489
1502378148 383346
1502378148 402832
1502378148 460419
1502378148 470314
1502378148 546791
1502378148 603806
1502378148 662042
1502378148 691328
1502378148 796302
1502378148 806889
1502378148 959781
1502378149 8893
1502378149 93995
1502378149 170480
1502378149 180758
1502378149 285656
1502378149 361610
1502378149 381328
1502378149 496490
1502378149 535231
1502378149 573031
1502378149 583279
1502378149 678338
1502378149 735608
1502378149 755815
1502378149 870688
1502378149 892765
1502378149 975930
1502378149 986233
1502378150 43118
1502378150 53542
1502378150 110280
1502378150 120748
1502378150 168400
1502378150 188848
1502378150 244913
1502378150 255060
1502378150 311763
1502378150 375044
1502378150 437278
1502378150 475454
1502378150 495376
1502378150 554969
1502378150 561721
1502378150 619419
1502378150 628741
1502378150 686601
1502378150 734658
1502378150 831282
1502378150 879050
1502378150 916318
1502378150 926236
1502378150 984094
1502378151 21567
1502378151 60924
1502378151 147001
1502378151 156138
1502378151 214092
1502378151 224242
1502378151 280852
1502378151 290310
1502378151 348204
1502378151 358452
1502378151 416088
1502378151 453405
1502378151 493475
1502378151 550222
1502378151 560527
1502378151 616826
1502378151 629743
1502378151 742404
1502378151 770189
1502378151 790696
1502378151 876305
1502378151 924409
1502378151 943867
1502378152 19703
1502378152 86896
1502378152 155061
1502378152 174348
1502378152 241055
1502378152 250550
1502378152 289317
1502378152 317648
1502378152 384621
1502378152 402191
1502378152 577072
1502378152 721083
1502378152 789042
1502378152 858858
1502378152 864907
1502378152 942053
1502378152 952698
1502378152 998891
1502378153 18160
1502378153 143336
1502378153 172489
1502378153 182426
1502378153 240097
1502378153 286600
1502378153 326528
1502378153 431086
1502378153 497979
1502378153 555106
1502378153 565480
1502378153 699321
1502378153 737917
1502378153 747658
1502378153 806767
1502378153 843588
1502378153 900895
1502378153 919778
1502378153 999749
1502378154 67417
