1502361466 758854
1502361466 855010
1502361468 457824
1502361469 436750
1502361469 830663
1502361469 984097
1502361470 128342
1502361470 483105
1502361470 598434
1502361470 694651
1502361470 876954
1502361470 934164
1502361471 202788
1502361471 500409
1502361471 702134
1502361471 827057
1502361472 278209
1502361472 997809
1502361473 55911
1502361473 228330
1502361473 756540
1502361473 813666
1502361474 562360
1502361474 889086
1502361475 23338
1502361475 224881
1502361475 541516
1502361475 713955
1502361476 98751
1502361476 539782
1502361477 316642
1502361477 373963
1502361477 431009
1502361478 102541
1502361478 159677
1502361478 563513
1502361478 668768
1502361478 822167
1502361479 14511
1502361479 312236
1502361479 628878
1502361480 483028
1502361480 886680
1502361480 982936
1502361481 40145
1502361481 232531
1502361481 510207
1502361482 210774
1502361482 374175
1502361482 709947
1502361482 863315
1502361482 953392
1502361483 448696
1502361483 573010
