1502706997 534432
1502706997 543981
1502706997 591588
1502706997 601904
1502706997 649442
1502706997 659143
1502706997 706665
1502706997 717109
1502706997 764800
1502706997 774381
1502706997 821899
1502706997 832149
1502706997 879912
1502706997 889202
1502706997 937138
1502706997 947577
1502706997 995192
1502706998 4865
1502706998 52337
1502706998 62974
1502706998 110474
1502706998 120109
1502706998 167620
1502706998 178186
1502706998 225808
1502706998 235356
1502706998 282871
1502706998 293497
1502706998 340072
1502706998 350773
1502706998 398143
1502706998 408702
1502706998 455306
1502706998 465863
1502706998 513337
1502706998 571475
1502706998 580889
1502706998 628677
1502706998 639242
1502706998 685785
1502706998 696805
1502706998 743949
1502706998 811714
1502706998 859253
1502706998 868440
1502706998 916356
1502706998 927096
1502706998 974571
1502706999 41887
1502706999 89715
1502706999 100272
1502706999 147813
1502706999 157417
1502706999 205079
1502706999 215641
1502706999 273886
1502706999 274489
1502706999 378258
1502706999 387910
1502706999 435554
1502706999 446153
1502706999 493553
1502706999 502976
1502706999 550742
1502706999 569976
1502706999 617833
1502706999 628486
1502706999 675951
1502706999 685651
1502706999 733247
1502706999 753065
1502706999 819595
1502706999 867322
1502706999 877656
1502706999 925455
1502706999 935367
1502706999 982654
1502706999 993206
1502707000 39892
1502707000 97978
1502707000 108185
1502707000 155133
1502707000 165338
1502707000 213154
1502707000 223452
1502707000 270277
1502707000 328418
1502707000 337827
1502707000 385563
1502707000 395817
1502707000 443611
1502707000 463442
1502707000 510739
1502707000 577928
1502707000 597661
1502707000 645253
1502707000 665131
1502707000 712416
1502707000 731993
1502707000 790234
1502707000 798891
1502707000 846568
1502707000 862315
1502707000 904661
1502707000 914346
1502707000 961837
1502707000 972274
1502707001 77148
1502707001 87582
1502707001 134248
1502707001 144498
1502707001 192310
1502707001 201678
1502707001 249496
1502707001 307554
1502707001 318032
1502707001 364731
1502707001 375351
1502707001 422848
1502707001 432507
1502707001 479951
1502707001 547750
1502707001 595358
1502707001 605852
1502707001 653284
1502707001 662747
1502707001 710549
1502707001 778470
1502707001 825831
1502707001 836042
1502707001 883855
1502707001 893214
1502707001 941092
1502707002 8534
1502707002 56298
1502707002 75998
1502707002 123419
1502707002 143165
1502707002 190543
1502707002 240312
1502707002 268467
1502707002 315800
1502707002 325258
1502707002 372950
1502707002 392617
1502707002 440212
1502707002 507819
1502707002 555388
1502707002 565685
1502707002 613401
1502707002 622780
1502707002 670749
1502707002 738300
1502707002 785887
1502707002 796165
1502707002 843063
1502707002 853532
1502707002 901099
1502707002 987599
1502707003 35552
1502707003 55251
1502707003 102606
1502707003 122351
1502707003 169691
1502707003 236897
1502707003 247596
1502707003 294964
1502707003 304720
1502707003 352224
1502707003 362774
1502707003 409317
1502707003 477841
1502707003 524640
1502707003 535323
1502707003 582659
1502707003 592333
1502707003 639930
1502707003 717339
1502707003 765059
1502707003 784758
1502707003 831311
1502707003 852016
1502707003 898467
1502707003 966655
1502707003 985908
1502707004 33766
1502707004 53396
1502707004 99927
1502707004 120556
1502707004 177455
1502707004 254504
1502707004 311380
1502707004 321774
1502707004 369481
1502707004 388904
1502707004 436636
1502707004 503882
1502707004 523579
1502707004 570069
1502707004 590599
1502707004 638195
1502707004 657422
1502707004 724596
1502707004 772396
1502707004 791638
1502707004 839512
1502707004 859190
1502707004 905794
1502707011 507423
1502707011 565087
1502707011 814694
1502707012 55130
1502707012 294889
1502707012 534941
1502707012 783956
1502707012 842306
1502707012 899249
1502707012 956696
1502707013 15673
1502707013 264090
1502707013 321461
1502707013 629223
1502707013 686173
1502707013 743913
