1502706998 486316
1502706998 728925
1502706998 971198
1502706999 213916
1502706999 274065
1502706999 516532
1502706999 759274
1502707000 1563
1502707000 243678
1502707000 486248
1502707000 727972
1502707000 969653
1502707001 211892
1502707001 454502
1502707001 696579
1502707001 938977
1502707002 181109
1502707002 423790
1502707002 665931
1502707002 908306
1502707003 151031
1502707003 393477
1502707003 635628
1502707003 878179
1502707004 120611
1502707004 177651
1502707004 420383
1502707004 662638
1502707004 905328
1502707005 147556
1502707005 389520
1502707005 631487
1502707005 873749
1502707006 115477
1502707006 358230
1502707006 600034
1502707006 843920
1502707007 85780
1502707007 327553
1502707007 570244
1502707007 812896
1502707008 55208
1502707008 296907
1502707008 539026
1502707008 781224
1502707009 23229
1502707009 265264
1502707009 507368
1502707009 749596
1502707009 991662
1502707010 233749
1502707010 475825
1502707010 718184
1502707010 960234
1502707011 202261
1502707011 444245
1502707011 507581
1502707011 750422
1502707011 992494
1502707012 234887
1502707012 477601
1502707012 720251
1502707012 784082
1502707012 842453
1502707012 899444
1502707012 956826
1502707013 198691
1502707013 264398
1502707013 321578
1502707013 563781
1502707013 629392
1502707013 686329
1502707013 744090
1502707013 986134
1502707014 228197
1502707014 470108
1502707014 712525
