1502199977 556629
1502199977 672081
1502199977 806558
1502199977 901488
1502199978 64735
1502199978 237422
1502199978 314432
1502199978 428760
1502199978 544086
1502199978 630192
1502199978 735682
1502199978 840904
1502199978 985098
1502199979 157563
1502199979 407166
1502199979 531343
1502199979 607736
1502199979 703819
1502199979 771199
1502199979 867673
1502199979 962504
1502199980 48657
1502199980 134883
1502199980 201994
1502199980 298215
1502199980 384851
1502199980 518621
1502199980 662236
1502199980 786552
1502199980 892173
1502199981 7183
1502199981 74420
1502199981 141640
1502199981 219060
1502199981 342664
1502199981 458292
1502199981 544351
1502199981 611438
1502199981 678560
1502199981 860939
1502199981 995188
1502199982 110364
1502199982 196652
1502199982 321037
1502199982 417192
1502199982 512497
1502199982 608858
1502199982 684931
1502199982 800144
1502199982 924661
1502199983 48799
1502199983 116767
1502199983 251171
1502199983 318827
1502199983 433496
1502199983 557986
1502199983 644374
1502199983 721402
