1502199978 457000
1502199978 696469
1502199978 773579
1502199978 984380
1502199979 166728
1502199979 310942
1502199979 454318
1502199979 694180
1502199979 915203
1502199980 20512
1502199980 125855
1502199980 394304
1502199980 663037
1502199980 749204
1502199981 17942
1502199981 123231
1502199981 304669
1502199981 419828
1502199981 621405
1502199981 803874
1502199982 14306
1502199982 215848
1502199982 321086
1502199982 417249
1502199982 502586
1502199982 636781
1502199982 809523
1502199982 943713
1502199983 145155
1502199983 317446
1502199983 393615
1502199983 652598
