1501766916 785186
1501766916 805527
1501766916 891204
1501766916 910793
1501766917 25435
1501766917 45340
1501766917 236127
1501766917 255382
1501766917 456687
1501766917 477112
1501766917 687088
1501766917 707673
1501766917 888727
1501766917 908757
1501766918 157209
1501766918 176592
1501766918 406814
1501766918 426119
1501766918 531070
1501766918 551423
1501766918 655430
1501766918 674741
1501766918 770676
1501766918 790666
1501766918 875836
1501766918 895374
1501766918 962089
1501766918 982098
1501766919 230807
1501766919 250705
1501766919 346093
1501766919 365331
1501766919 508606
1501766919 528461
1501766919 661949
1501766919 681897
1501766919 815405
1501766919 834543
1501766920 45666
1501766920 65412
1501766920 218130
1501766920 237548
1501766920 352327
1501766920 372699
1501766920 583107
1501766920 602977
1501766920 669133
1501766920 688980
1501766920 899747
1501766920 918976
1501766921 101015
1501766921 120960
1501766921 254505
1501766921 274258
1501766921 416851
1501766921 437440
1501766921 637406
1501766921 656704
1501766921 771789
1501766921 791526
1501766921 944452
1501766921 964125
1501766922 126547
1501766922 146003
1501766922 308971
1501766922 328767
1501766922 433261
1501766922 452659
1501766922 538790
1501766922 558857
1501766922 701812
1501766922 721761
1501766922 874514
1501766922 893885
1501766923 8677
1501766923 27967
1501766923 104933
1501766923 124247
1501766923 210010
1501766923 229455
1501766923 335296
1501766923 354878
1501766923 585152
1501766923 605244
1501766923 671172
1501766923 691204
1501766923 920777
1501766923 940507
1501766924 64071
1501766924 84217
1501766924 256531
1501766924 276503
1501766924 525385
1501766924 544770
1501766924 716643
1501766924 737276
1501766924 890130
1501766924 909845
1501766925 14262
1501766925 34703
1501766925 101248
1501766925 120613
1501766925 359995
1501766925 379378
1501766925 485174
1501766925 505295
1501766925 724912
1501766925 744200
1501766925 869128
1501766925 888548
1501766926 127815
1501766926 147257
1501766926 387362
1501766926 406776
1501766926 655978
1501766926 675228
1501766926 829258
1501766926 848760
1501766926 953577
1501766926 972893
1501766927 59087
1501766927 78724
1501766927 145065
1501766927 164283
1501766927 251190
1501766927 271068
1501766927 461816
1501766927 481151
1501766927 673252
1501766927 693108
1501766927 912751
1501766927 932313
1501766928 38188
1501766928 57934
1501766928 124202
1501766928 143529
1501766928 277605
1501766928 297579
1501766928 382830
1501766928 402876
1501766928 517201
1501766928 536440
1501766928 766798
1501766928 786871
1501766928 958259
1501766928 978286
1501766929 227009
1501766929 246592
1501766929 390219
1501766929 409551
1501766929 476356
1501766929 496561
1501766929 696954
1501766929 716213
1501766929 811247
1501766929 830546
1501766929 897592
1501766929 917788
1501766930 138043
1501766930 158011
1501766930 406796
1501766930 426676
1501766930 627090
1501766930 646620
1501766930 857826
1501766930 877845
1501766931 59188
1501766931 78938
1501766931 174668
1501766931 194425
1501766931 404963
1501766931 424859
1501766931 625430
1501766931 645005
1501766931 874972
1501766931 894391
1501766932 105490
1501766932 124849
1501766932 325927
1501766932 345371
1501766932 412153
1501766932 431778
1501766932 613782
1501766932 634159
1501766932 863430
1501766932 883244
1501766933 64772
1501766933 84626
1501766933 295233
1501766933 314568
1501766933 409581
1501766933 429810
1501766933 515696
1501766933 535204
1501766933 765381
1501766933 784815
1501766933 861504
1501766933 881476
1501766934 62991
1501766934 82770
1501766934 235302
1501766934 254753
1501766934 331440
1501766934 351562
1501766934 513149
1501766934 533425
1501766934 705471
1501766934 725501
1501766934 887912
1501766934 907230
1501766935 79232
1501766935 99086
1501766935 318942
1501766935 338999
1501766935 472388
1501766935 491685
1501766935 664621
1501766935 684736
1501766935 779083
1501766935 799241
1501766935 875171
1501766935 894498
1501766936 28786
1501766936 48935
1501766936 202048
1501766936 221336
1501766936 364373
1501766936 383774
1501766936 470489
1501766936 490289
1501766936 739350
1501766936 758881
1501766936 949908
1501766936 969795
1501766937 103117
1501766937 122354
1501766937 314511
1501766937 334574
1501766937 496947
1501766937 516298
1501766937 698583
1501766937 717780
1501766937 890099
1501766937 910280
1501766937 996051
1501766938 15465
1501766938 168612
1501766938 188449
1501766938 379171
1501766938 398950
1501766938 513283
1501766938 533097
1501766938 666646
1501766938 685984
1501766938 791063
1501766938 811699
1501766938 916248
1501766938 936095
1501766939 78970
1501766939 98830
1501766939 271179
1501766939 290761
1501766939 481603
1501766939 501178
1501766939 644996
1501766939 665025
1501766939 913790
1501766939 933081
1501766940 134190
1501766940 153642
1501766940 268342
1501766940 288107
1501766940 393700
1501766940 413541
1501766940 585332
1501766940 605229
1501766940 681298
1501766940 700791
1501766940 795826
1501766940 815976
1501766940 949070
1501766940 969003
1501766941 140649
1501766941 160690
1501766941 245982
1501766941 265148
1501766941 447285
1501766941 466675
1501766941 620624
1501766941 640506
1501766941 860250
1501766941 880344
1501766942 128953
1501766942 148236
1501766942 340302
1501766942 359693
1501766942 503657
1501766942 523666
1501766942 705113
1501766942 724369
1501766942 791262
1501766942 811521
1501766942 934717
1501766942 954149
1501766943 59953
1501766943 79300
1501766943 184156
1501766943 205903
1501766943 366570
1501766943 386903
1501766943 472919
1501766943 492886
1501766943 731551
1501766943 750878
1501766943 875792
1501766943 895101
1501766944 29154
1501766944 49206
1501766944 172445
1501766944 192878
1501766944 249488
1501766944 268928
1501766944 441991
1501766944 461359
1501766944 671715
1501766944 691956
1501766944 902267
1501766944 922457
1501766945 142854
1501766945 162805
1501766945 296062
1501766945 315931
1501766945 411227
1501766945 431051
1501766945 613180
1501766945 632753
1501766945 699082
1501766945 718527
1501766945 958744
1501766945 978658
1501766946 92775
1501766946 112528
1501766946 313382
1501766946 333420
1501766946 495799
1501766946 515204
1501766946 707379
1501766946 726670
1501766946 860582
1501766946 879928
1501766947 4266
1501766947 24393
1501766947 100304
1501766947 120101
1501766947 369020
1501766947 389200
1501766947 483934
1501766947 503386
1501766947 714568
1501766947 733841
1501766947 954280
1501766947 974185
1501766948 88356
1501766948 107658
1501766948 241845
1501766948 261764
1501766948 338440
1501766948 357389
1501766948 596715
1501766948 616807
1501766948 779099
1501766948 798765
1501766948 874257
1501766948 893702
1501766949 94970
1501766949 115429
1501766949 248325
1501766949 268445
1501766949 401572
1501766949 421670
1501766949 584059
1501766949 604274
1501766949 785533
1501766949 804807
1501766949 909730
1501766949 929196
1501766949 996957
1501766950 17087
1501766950 226570
1501766950 247074
1501766950 467178
1501766950 486602
1501766950 697534
1501766950 716937
1501766950 821848
1501766950 842073
1501766951 32405
1501766951 52666
1501766951 262876
1501766951 283250
1501766951 407214
1501766951 426665
1501766951 608654
1501766951 628672
1501766951 819184
1501766951 839414
1501766952 30723
1501766952 50025
1501766952 183964
1501766952 203896
1501766952 414673
1501766952 434665
1501766952 664044
1501766952 683638
1501766952 807622
1501766952 827574
1501766953 47190
1501766953 67390
1501766953 153133
1501766953 172947
1501766953 296665
1501766953 317056
1501766953 431970
1501766953 451417
1501766953 699716
1501766953 719781
1501766953 930201
1501766953 949626
1501766954 16247
1501766954 35574
1501766954 265788
1501766954 285081
1501766954 467340
1501766954 486797
1501766954 620683
1501766954 640929
1501766954 851182
1501766954 871286
1501766955 81730
1501766955 101893
1501766955 302350
1501766955 321963
1501766955 523198
1501766955 543688
1501766955 744186
1501766955 764393
1501766955 868521
1501766955 888539
1501766956 99016
1501766956 126148
1501766956 357708
1501766956 378054
1501766956 453783
1501766956 473145
1501766956 665311
1501766956 685315
1501766956 876803
1501766956 896245
1501766957 39154
1501766957 59584
1501766957 288742
1501766957 308993
1501766957 529219
1501766957 556767
1501766957 682607
1501766957 702581
1501766957 941176
1501766957 961256
1501766958 209888
1501766958 229786
1501766958 469414
1501766958 489546
1501766958 623026
1501766958 642357
1501766958 862488
1501766958 882658
1501766959 44688
1501766959 64758
1501766959 246308
1501766959 266249
1501766959 332371
1501766959 351964
1501766959 524811
1501766959 544489
1501766959 658884
1501766959 678220
1501766959 774509
1501766959 793880
1501766960 13059
1501766960 33151
1501766960 195391
1501766960 214784
1501766960 386868
1501766960 407198
1501766960 531093
1501766960 551377
1501766960 693649
1501766960 713638
1501766960 885356
1501766960 905097
1501766961 47856
1501766961 67654
1501766961 143696
1501766961 163184
1501766961 230019
1501766961 249449
1501766961 460544
1501766961 479820
1501766961 604721
1501766961 624262
1501766961 863413
1501766961 883639
1501766961 997947
1501766962 17953
1501766962 160962
1501766962 181123
1501766962 400819
1501766962 420549
1501766962 631182
1501766962 650617
1501766962 861642
1501766962 881040
1501766963 120433
1501766963 139806
1501766963 273838
1501766963 293854
1501766963 437019
1501766963 457047
1501766963 686630
1501766963 706206
1501766963 945302
1501766963 964765
1501766964 184960
1501766964 204255
1501766964 319159
1501766964 338561
1501766964 568650
1501766964 588262
1501766964 684123
1501766964 703935
1501766964 885399
1501766964 905187
1501766965 19856
1501766965 39122
1501766965 269252
1501766965 289291
1501766965 441796
1501766965 461113
1501766965 546939
1501766965 567324
1501766965 758451
1501766965 777609
1501766965 998924
1501766966 18272
1501766966 238637
1501766966 258444
1501766966 430887
1501766966 450225
1501766966 593548
1501766966 613532
1501766966 814061
1501766966 833992
1501766966 958278
1501766966 978276
1501766967 82507
1501766967 102519
1501766967 273963
1501766967 294003
1501766967 408225
1501766967 428239
1501766967 523619
1501766967 542841
1501766967 725019
1501766967 744451
1501766967 936817
1501766967 956743
1501766968 205201
1501766968 225047
1501766968 435581
1501766968 455561
1501766968 607891
1501766968 627315
1501766968 752227
1501766968 772273
1501766968 992132
1501766969 11311
1501766969 107302
1501766969 126493
1501766969 375748
1501766969 395287
1501766969 597294
1501766969 617439
1501766969 712404
1501766969 731823
1501766969 923332
1501766969 942500
1501766970 163475
1501766970 182903
1501766970 422056
1501766970 442246
1501766970 594547
1501766970 614700
1501766970 709758
1501766970 729031
1501766970 921280
1501766970 940630
1501766971 93796
1501766971 113129
1501766971 257139
1501766971 277107
1501766971 458526
1501766971 478740
1501766971 610871
1501766971 631095
1501766971 822636
1501766971 841854
1501766971 985772
1501766972 5242
1501766972 187100
1501766972 207343
1501766972 388638
1501766972 408306
1501766972 619203
1501766972 639745
1501766972 724310
1501766972 744329
1501766972 954889
1501766972 974581
1501766973 60353
1501766973 79552
1501766973 194523
1501766973 214804
1501766973 444102
1501766973 464235
1501766973 693607
1501766973 713820
1501766973 817911
1501766973 837748
1501766974 48556
1501766974 67895
1501766974 153732
1501766974 173949
1501766974 250056
1501766974 269962
1501766974 479833
1501766974 500260
1501766974 758019
1501766974 777495
1501766974 844067
1501766974 863531
1501766974 930513
1501766974 949746
1501766975 45665
1501766975 64948
1501766975 276208
1501766975 295769
1501766975 362752
1501766975 382708
1501766975 496733
1501766975 516136
1501766975 612256
1501766975 631733
1501766975 823656
1501766975 843435
1501766976 44145
1501766976 64595
1501766976 149406
1501766976 168734
1501766976 351036
1501766976 370832
1501766976 475926
1501766976 495776
1501766976 562276
1501766976 582452
1501766976 677479
1501766976 696817
1501766976 946406
1501766976 965740
1501766977 32363
1501766977 51686
1501766977 176193
1501766977 196078
1501766977 281975
1501766977 301995
1501766977 502463
1501766977 521717
1501766977 703987
1501766977 723546
1501766977 790109
1501766977 810419
1501766978 10668
1501766978 31647
1501766978 155327
1501766978 174930
1501766978 327497
1501766978 346831
1501766978 499834
1501766978 520732
1501766978 702119
1501766978 721564
1501766978 826494
1501766978 845878
1501766978 979879
1501766979 78
1501766979 143207
1501766979 162443
1501766979 382941
1501766979 402445
1501766979 546414
1501766979 566262
1501766979 699521
1501766979 719086
1501766979 853815
1501766979 873071
1501766980 26308
1501766980 46393
1501766980 189630
1501766980 209718
1501766980 294852
1501766980 314432
1501766980 544585
1501766980 564673
1501766980 755979
1501766980 775878
1501766980 957392
1501766980 977002
1501766981 139757
1501766981 159820
1501766981 408401
1501766981 427658
1501766981 609844
1501766981 630166
1501766981 733935
1501766981 754416
1501766981 878365
1501766981 897627
1501766982 98920
1501766982 119454
1501766982 348508
1501766982 368796
1501766982 474018
1501766982 494200
1501766982 704317
1501766982 723682
1501766982 847798
1501766982 867711
1501766983 107126
1501766983 127394
1501766983 289618
1501766983 309202
1501766983 443005
1501766983 462532
1501766983 673485
1501766983 692885
1501766983 836795
1501766983 856256
1501766984 105481
1501766984 125748
1501766984 191662
1501766984 211802
1501766984 451274
1501766984 470714
1501766984 604605
1501766984 623810
1501766984 854143
1501766984 873470
1501766985 74994
1501766985 94064
1501766985 189902
1501766985 209110
1501766985 458549
1501766985 478510
1501766985 717283
1501766985 737449
1501766985 832547
1501766985 853378
1501766986 81835
1501766986 101201
1501766986 235299
1501766986 255363
1501766986 504078
1501766986 524026
1501766986 753684
1501766986 773523
1501766987 22178
1501766987 41562
1501766987 109288
1501766987 129470
1501766987 319949
1501766987 339176
1501766987 531374
1501766987 554146
1501766987 780913
1501766987 800564
1501766987 982464
1501766988 1630
1501766988 250909
1501766988 270749
1501766988 490585
1501766988 510811
1501766988 605841
1501766988 625890
1501766988 769096
1501766988 789188
1501766988 874421
1501766988 893677
1501766989 86133
1501766989 105358
1501766989 306435
1501766989 326389
1501766989 383396
1501766989 402689
1501766989 652124
1501766989 671876
1501766989 748244
1501766989 767569
1501766989 911639
1501766989 931658
1501766990 103111
1501766990 123232
1501766990 362681
1501766990 382632
1501766990 545321
1501766990 564730
1501766990 813639
1501766990 832845
1501766991 53395
1501766991 72611
1501766991 168561
1501766991 188080
1501766991 350889
1501766991 370874
1501766991 466208
1501766991 486110
1501766991 657790
1501766991 677573
1501766991 869166
1501766991 889376
1501766992 41680
1501766992 61928
1501766992 175949
1501766992 196155
1501766992 339312
1501766992 359273
1501766992 473410
1501766992 493256
1501766992 607685
1501766992 627301
1501766992 713048
1501766992 732621
1501766992 943849
1501766992 963254
1501766993 58869
1501766993 78899
1501766993 164196
1501766993 183648
1501766993 433623
1501766993 452974
1501766993 586174
1501766993 606226
1501766993 855699
1501766993 875632
1501766994 9108
1501766994 28264
1501766994 220467
1501766994 240401
1501766994 450136
1501766994 470358
1501766994 642580
1501766994 662074
1501766994 738670
1501766994 758236
1501766994 921008
1501766994 941195
1501766995 84509
1501766995 104442
1501766995 342998
1501766995 362558
1501766995 535541
1501766995 555660
1501766995 766056
1501766995 785409
1501766996 15556
1501766996 35902
1501766996 216998
1501766996 236833
1501766996 437680
1501766996 456985
1501766996 706271
1501766996 726598
1501766996 841269
1501766996 860880
1501766996 927512
1501766996 947723
1501766997 167290
1501766997 186705
1501766997 435788
1501766997 456277
1501766997 560990
1501766997 580432
1501766997 704810
1501766997 724455
1501766997 791524
1501766997 810919
1501766998 60124
1501766998 79570
1501766998 203574
1501766998 223884
1501766998 453178
1501766998 472379
1501766998 587395
1501766998 607401
1501766998 769854
1501766998 789212
1501766998 981155
1501766999 1335
1501766999 239949
1501766999 259322
1501766999 441281
1501766999 461440
1501766999 527525
1501766999 546894
1501766999 671917
1501766999 691352
1501766999 777008
1501766999 797049
1501766999 901641
1501766999 921876
1501767000 27033
1501767000 46762
1501767000 295380
1501767000 315417
1501767000 429739
1501767000 449036
1501767000 650338
1501767000 669478
1501767000 918842
1501767000 939232
1501767001 5982
1501767001 25939
1501767001 111104
1501767001 131450
1501767001 341817
1501767001 361317
1501767001 427922
1501767001 447452
1501767001 524060
1501767001 544306
1501767001 610208
1501767001 629680
1501767001 734485
1501767001 754019
1501767001 820726
1501767001 840781
1501767002 70379
1501767002 90535
1501767002 290948
1501767002 311289
1501767002 396282
1501767002 416246
1501767002 569630
1501767002 589929
1501767002 732047
1501767002 752345
1501767002 847372
1501767002 867119
1501767002 981489
1501767003 829
1501767003 153961
1501767003 173917
1501767003 297333
1501767003 316718
1501767003 479609
1501767003 499018
1501767003 633128
1501767003 653968
1501767003 768199
1501767003 788526
1501767003 873526
1501767003 893094
1501767004 104316
1501767004 124321
1501767004 334662
1501767004 354167
1501767004 440001
1501767004 460169
1501767004 574150
1501767004 593552
1501767004 737641
1501767004 756873
1501767004 939083
1501767004 958517
1501767005 102379
1501767005 121850
1501767005 351968
1501767005 372141
1501767005 467122
1501767005 487172
1501767005 553337
1501767005 572668
1501767005 706762
1501767005 727182
1501767005 947431
1501767005 968198
1501767006 81700
1501767006 100967
1501767006 283002
1501767006 302532
1501767006 542568
1501767006 562686
1501767006 666934
1501767006 686987
1501767006 878393
1501767006 897949
1501767007 31722
1501767007 52179
1501767007 156121
1501767007 176272
1501767007 329396
1501767007 349667
1501767007 530847
1501767007 550251
1501767007 616959
1501767007 636418
1501767007 732227
1501767007 751730
1501767007 895673
1501767007 915773
1501767008 49070
1501767008 69434
1501767008 135172
1501767008 155248
1501767008 336620
1501767008 356761
1501767008 509148
1501767008 529501
1501767008 778661
1501767008 798555
1501767008 989179
1501767009 8658
1501767009 229827
1501767009 249051
1501767009 344912
1501767009 364272
1501767009 498290
1501767009 517512
1501767009 737927
1501767009 758368
1501767009 892143
1501767009 912205
1501767010 45598
1501767010 65633
1501767010 295020
1501767010 315370
1501767010 429353
1501767010 449609
1501767010 515533
1501767010 534898
1501767010 746094
1501767010 765482
1501767010 832434
1501767010 852455
1501767010 957456
1501767010 976822
1501767011 52725
1501767011 73064
1501767011 283660
1501767011 303749
1501767011 417678
1501767011 437886
1501767011 572000
1501767011 592030
1501767011 696297
1501767011 715721
1501767011 840458
1501767011 859906
1501767012 61151
1501767012 80670
1501767012 166393
1501767012 185794
1501767012 367869
1501767012 387944
1501767012 617456
1501767012 636771
1501767012 790762
1501767012 810157
1501767013 20393
1501767013 40591
1501767013 126430
1501767013 145751
1501767013 241624
1501767013 261089
1501767013 424142
1501767013 444400
1501767013 634854
1501767013 654640
1501767013 788206
1501767013 808347
1501767013 894252
1501767013 914264
1501767014 95628
1501767014 115023
1501767014 364469
1501767014 384948
1501767014 624102
1501767014 643557
1501767014 796298
1501767014 816225
1501767014 892657
1501767014 911790
1501767015 94447
1501767015 113600
1501767015 180229
1501767015 199552
1501767015 353671
1501767015 373330
1501767015 477865
1501767015 497361
1501767015 718423
1501767015 738371
1501767015 842681
1501767015 862592
1501767015 928823
1501767015 948834
1501767016 178557
1501767016 198149
1501767016 331780
1501767016 351143
1501767016 524162
1501767016 544230
1501767016 639332
1501767016 659374
1501767016 840978
1501767016 860527
1501767017 52277
1501767017 71747
1501767017 311216
1501767017 330857
1501767017 541432
1501767017 560943
1501767017 694819
1501767017 715100
1501767017 858102
1501767017 877468
1501767018 107705
1501767018 127275
1501767018 338414
1501767018 358413
1501767018 587908
1501767018 607212
1501767018 741347
1501767018 761256
1501767019 9937
1501767019 29927
1501767019 211383
1501767019 230666
1501767019 384589
1501767019 404421
1501767019 576251
1501767019 596123
1501767019 844648
1501767019 865161
1501767019 999107
1501767020 18390
1501767020 123560
1501767020 143385
1501767020 324854
1501767020 345154
1501767020 594291
1501767020 613109
1501767020 699657
1501767020 719596
1501767020 785948
1501767020 805478
1501767020 930096
1501767020 950455
1501767021 131512
1501767021 151129
1501767021 284770
1501767021 304299
1501767021 515540
1501767021 534978
1501767021 735994
1501767021 755423
1501767021 976492
1501767021 995869
1501767022 110861
1501767022 130931
1501767022 341330
1501767022 361194
1501767022 465534
1501767022 484895
1501767022 638227
1501767022 657597
1501767022 811385
1501767022 830704
1501767023 60889
1501767023 81136
1501767023 281640
1501767023 301747
1501767023 377651
1501767023 397886
1501767023 598183
1501767023 617626
1501767023 761609
1501767023 780960
1501767024 21023
1501767024 41188
1501767024 289646
1501767024 309822
1501767024 491258
1501767024 510882
1501767024 606454
1501767024 626162
1501767024 759763
1501767024 779322
1501767024 865944
1501767024 885242
1501767025 38305
1501767025 57791
1501767025 230982
1501767025 250383
1501767025 316954
1501767025 336050
1501767025 422253
1501767025 441461
1501767025 653086
1501767025 673732
1501767025 806143
1501767025 826262
1501767025 949556
1501767025 969312
1501767026 54752
1501767026 75131
1501767026 275383
1501767026 295107
1501767026 409589
1501767026 428974
1501767026 640273
1501767026 660652
1501767026 793503
1501767026 814254
1501767027 43150
1501767027 63351
1501767027 225465
1501767027 246407
1501767027 476038
1501767027 495420
1501767027 686519
1501767027 706566
1501767027 772795
1501767027 792985
1501767027 926119
1501767027 945971
1501767028 60543
1501767028 79844
1501767028 204606
1501767028 225005
1501767028 406156
1501767028 426100
1501767028 511507
1501767028 531680
1501767028 636656
1501767028 656100
1501767028 799954
1501767028 820045
1501767028 953556
1501767028 973382
1501767029 87635
1501767029 107104
1501767029 356210
1501767029 376289
1501767029 625206
1501767029 644791
1501767029 846501
1501767029 866107
1501767030 66968
1501767030 87138
1501767030 239294
1501767030 259161
1501767030 373679
1501767030 393526
1501767030 613332
1501767030 633789
1501767030 815600
1501767030 835901
1501767030 929976
1501767030 950246
1501767031 160481
1501767031 180466
1501767031 390980
1501767031 410176
1501767031 621511
1501767031 640918
1501767031 707660
1501767031 727572
1501767031 870904
1501767031 890283
1501767032 120583
1501767032 149962
1501767032 370117
1501767032 389438
1501767032 542616
1501767032 562849
1501767032 744058
1501767032 764351
1501767032 831173
1501767032 850639
1501767033 3487
1501767033 22873
1501767033 214972
1501767033 234535
1501767033 378383
1501767033 397822
1501767033 579796
1501767033 599663
1501767033 724006
1501767033 743992
1501767033 906520
1501767033 926624
1501767034 175266
1501767034 195348
1501767034 309418
1501767034 329390
1501767034 462981
1501767034 482379
1501767034 712469
1501767034 732611
1501767034 894900
1501767034 914334
1501767035 154399
1501767035 173799
1501767035 297719
1501767035 318660
1501767035 557375
1501767035 576778
1501767035 672665
1501767035 691958
1501767035 903013
1501767035 922526
1501767035 999159
1501767036 18814
1501767036 200687
1501767036 220726
1501767036 402302
1501767036 421541
1501767036 661739
1501767036 681531
1501767036 929485
1501767036 949546
1501767037 189047
1501767037 209331
1501767037 275023
1501767037 295263
1501767037 514600
1501767037 534756
1501767037 668022
1501767037 688358
1501767037 898652
1501767037 918138
1501767038 42090
1501767038 62475
1501767038 224504
1501767038 244556
1501767038 330792
1501767038 350514
1501767038 435930
1501767038 455231
1501767038 551326
1501767038 571242
1501767038 714470
1501767038 734067
1501767038 829698
1501767038 849745
1501767038 953935
1501767038 973909
1501767039 98312
1501767039 118621
1501767039 347908
1501767039 367925
1501767039 597531
1501767039 617481
1501767039 876294
1501767039 896030
1501767040 19489
1501767040 39234
1501767040 105610
1501767040 125544
1501767040 250164
1501767040 270128
1501767040 403324
1501767040 422747
1501767040 566690
1501767040 585963
1501767040 749043
1501767040 768236
1501767040 902572
1501767040 921905
1501767041 152249
1501767041 171531
1501767041 286381
1501767041 306488
1501767041 487825
1501767041 507104
1501767041 651084
1501767041 671140
1501767041 785436
1501767041 804773
1501767042 25140
1501767042 44456
1501767042 178411
1501767042 198668
1501767042 293700
1501767042 313952
1501767042 398926
1501767042 419032
1501767042 629381
1501767042 649376
1501767042 821868
1501767042 841266
1501767042 908261
1501767042 928084
1501767043 90543
1501767043 110586
1501767043 195693
1501767043 215166
1501767043 455427
1501767043 475564
1501767043 618633
1501767043 638754
1501767043 790968
1501767043 810896
1501767043 925344
1501767043 944718
1501767044 136784
1501767044 156969
1501767044 232995
1501767044 252933
1501767044 338165
1501767044 357550
1501767044 577881
1501767044 598244
1501767044 664865
1501767044 684122
1501767044 894619
1501767044 914886
1501767045 154197
1501767045 173519
1501767045 240466
1501767045 259748
1501767045 336615
1501767045 355913
1501767045 605272
1501767045 624856
1501767045 758558
1501767045 778531
1501767045 989074
1501767046 9110
1501767046 181276
1501767046 201208
1501767046 315695
1501767046 334799
1501767046 460111
1501767046 479188
1501767046 670568
1501767046 690102
1501767046 901245
1501767046 921193
1501767047 102610
1501767047 121932
1501767047 333080
1501767047 352486
1501767047 525472
1501767047 545288
1501767047 765188
1501767047 784705
1501767047 851250
1501767047 871766
1501767048 81817
1501767048 101743
1501767048 245127
1501767048 264832
1501767048 485473
1501767048 505535
1501767048 668023
1501767048 688036
1501767048 897658
1501767048 917950
1501767049 79928
1501767049 100147
1501767049 348551
1501767049 367941
1501767049 560163
1501767049 580104
1501767049 799667
1501767049 819698
1501767049 885906
1501767049 905440
1501767049 972865
1501767049 992762
1501767050 183715
1501767050 203292
1501767050 384862
1501767050 405312
1501767050 510195
1501767050 529861
1501767050 711660
1501767050 731333
1501767050 807090
1501767050 827177
1501767050 913062
1501767050 932419
1501767051 162841
1501767051 182775
1501767051 354349
1501767051 374575
1501767051 508328
1501767051 527798
1501767051 691168
1501767051 710857
1501767051 959551
1501767051 979189
1501767052 209333
1501767052 228421
1501767052 362606
1501767052 382052
1501767052 515777
1501767052 535806
1501767052 660065
1501767052 680046
1501767052 794329
1501767052 814645
1501767053 54122
1501767053 73335
1501767053 293653
1501767053 313686
1501767053 427789
1501767053 447482
1501767053 677600
1501767053 697010
1501767053 879090
1501767053 899777
1501767054 61336
1501767054 81573
1501767054 320939
1501767054 340624
1501767054 455253
1501767054 475287
1501767054 685618
1501767054 704975
1501767054 800830
1501767054 820993
1501767054 954347
1501767054 973587
1501767055 50650
1501767055 69561
1501767055 310126
1501767055 330186
1501767055 453509
1501767055 472889
1501767055 683881
1501767055 706048
1501767055 770014
1501767055 790381
1501767055 904417
1501767055 923740
1501767056 86933
1501767056 106637
1501767056 269269
1501767056 288537
1501767056 365335
1501767056 384750
1501767056 509783
1501767056 529597
1501767056 759293
1501767056 778635
1501767056 979821
1501767056 999922
1501767057 84928
1501767057 105327
1501767057 287394
1501767057 307202
1501767057 536897
1501767057 556422
1501767057 766552
1501767057 786570
1501767057 871991
1501767057 892083
1501767058 131449
1501767058 150811
1501767058 342914
1501767058 362155
1501767058 467263
1501767058 487535
1501767058 736898
1501767058 756795
1501767058 957458
1501767058 977215
1501767059 225941
1501767059 245370
1501767059 379278
1501767059 398598
1501767059 580961
1501767059 600986
1501767059 715969
1501767059 735387
1501767059 850331
1501767059 869636
1501767060 12687
1501767060 32617
1501767060 195206
1501767060 215282
1501767060 320454
1501767060 339659
1501767060 425520
1501767060 444867
1501767060 530888
1501767060 550718
1501767060 694246
1501767060 713501
1501767060 799434
1501767060 818893
1501767061 21008
1501767061 40241
1501767061 107021
1501767061 126713
1501767061 203256
1501767061 223599
1501767061 327622
1501767061 346948
1501767061 548149
1501767061 567545
1501767061 797751
1501767061 817919
1501767062 66434
1501767062 86381
1501767062 152477
1501767062 172793
1501767062 239757
1501767062 259784
1501767062 393324
1501767062 412534
1501767062 498288
1501767062 518177
1501767062 584482
1501767062 604594
1501767062 805031
1501767062 825004
1501767063 26668
1501767063 46102
1501767063 285037
1501767063 304530
1501767063 429420
1501767063 448880
1501767063 553790
1501767063 573873
1501767063 765141
1501767063 785245
1501767064 24808
1501767064 45170
1501767064 149274
1501767064 169148
1501767064 340550
1501767064 359865
1501767064 436708
1501767064 456082
1501767064 561242
1501767064 580629
1501767064 647223
1501767064 667081
1501767064 781762
1501767064 801021
1501767064 955077
1501767064 975417
1501767065 165530
1501767065 185802
1501767065 415147
1501767065 435819
1501767065 502127
1501767065 521566
1501767065 712699
1501767065 733006
1501767065 982278
1501767066 2519
1501767066 240893
1501767066 260900
1501767066 423382
1501767066 443328
1501767066 653900
1501767066 673817
1501767066 922520
1501767066 942432
1501767067 191163
1501767067 211439
1501767067 373478
1501767067 393992
1501767067 575655
1501767067 595119
1501767067 729277
1501767067 749216
1501767067 882682
1501767067 902798
1501767068 7877
1501767068 27212
1501767068 94051
1501767068 113604
1501767068 343495
1501767068 363243
1501767068 612298
1501767068 632670
1501767068 765731
1501767068 784845
1501767068 929148
1501767068 948899
1501767069 82496
1501767069 103271
1501767069 274708
1501767069 294012
1501767069 447407
1501767069 467369
1501767069 543384
1501767069 563324
1501767069 677614
1501767069 697483
1501767069 927263
1501767069 946632
1501767070 61399
1501767070 81886
1501767070 243892
1501767070 263372
1501767070 465310
1501767070 484644
1501767070 647656
1501767070 670061
1501767070 820303
1501767070 840307
1501767070 992578
1501767071 12831
1501767071 223218
1501767071 242437
1501767071 348392
1501767071 367761
1501767071 472659
1501767071 491856
1501767071 568695
1501767071 588247
1501767071 712386
1501767071 732556
1501767071 962016
1501767071 982753
1501767072 231439
1501767072 251407
1501767072 451789
1501767072 471884
1501767072 644290
1501767072 664205
1501767072 749403
1501767072 769734
1501767072 864758
1501767072 884946
1501767073 85234
1501767073 105497
1501767073 238676
1501767073 258875
1501767073 469251
1501767073 488977
1501767073 680641
1501767073 700661
1501767073 805815
1501767073 825082
1501767073 900927
1501767073 920444
1501767074 74500
1501767074 94411
1501767074 237742
1501767074 257040
1501767074 487301
1501767074 506774
1501767074 707933
1501767074 733963
1501767074 957604
1501767074 977554
1501767075 91883
1501767075 111139
1501767075 245037
1501767075 264439
1501767075 494651
1501767075 514601
1501767075 716145
1501767075 736218
1501767075 955887
1501767075 975409
1501767076 205233
1501767076 224617
1501767076 455009
1501767076 474292
1501767076 656278
1501767076 676675
1501767076 925133
1501767076 946408
1501767077 50123
1501767077 70119
1501767077 203515
1501767077 223080
1501767077 453229
1501767077 472532
1501767077 664483
1501767077 684659
1501767077 836885
1501767077 856788
1501767078 273
1501767078 20279
1501767078 172956
1501767078 193420
1501767078 442293
1501767078 462290
1501767078 614713
1501767078 633965
1501767078 787220
1501767078 807508
1501767079 56686
1501767079 77227
1501767079 296319
1501767079 316328
1501767079 516806
1501767079 537908
1501767079 699187
1501767079 719600
1501767079 948799
1501767079 969163
1501767080 45075
1501767080 65071
1501767080 188261
1501767080 209085
1501767080 361579
1501767080 381579
1501767080 630516
1501767080 649767
1501767080 870114
1501767080 891305
1501767080 966072
1501767080 985340
1501767081 148446
1501767081 168546
1501767081 301928
1501767081 322441
1501767081 446139
1501767081 465404
1501767081 570565
1501767081 589800
1501767081 704570
1501767081 724426
1501767081 887405
1501767081 907004
1501767082 146725
1501767082 166697
1501767082 280945
1501767082 301084
1501767082 434589
1501767082 454435
1501767082 549666
1501767082 569761
1501767082 702905
1501767082 723008
1501767082 885475
1501767082 905046
1501767083 38855
1501767083 58954
1501767083 241105
1501767083 261111
1501767083 509841
1501767083 529839
1501767083 596006
1501767083 615589
1501767083 845529
1501767083 865733
1501767084 47001
1501767084 66410
1501767084 306550
1501767084 326583
1501767084 537148
1501767084 556809
1501767084 767689
1501767084 787266
1501767085 26293
1501767085 45773
1501767085 256891
1501767085 276996
1501767085 391041
1501767085 410388
1501767085 573440
1501767085 592720
1501767085 698608
1501767085 718716
1501767085 794232
1501767085 813273
1501767085 899293
1501767085 918539
1501767086 129880
1501767086 150699
1501767086 398480
1501767086 417796
1501767086 504709
1501767086 524156
1501767086 667186
1501767086 687822
1501767086 936822
1501767086 956532
1501767087 138103
1501767087 158355
1501767087 291385
1501767087 310738
1501767087 377485
1501767087 396716
1501767087 483726
1501767087 503267
1501767087 618029
1501767087 637449
1501767087 809667
1501767087 829534
1501767088 59241
1501767088 79283
1501767088 183529
1501767088 203930
1501767088 327842
1501767088 347757
1501767088 577324
1501767088 596565
1501767088 797968
1501767088 818020
1501767088 990171
1501767089 9528
1501767089 133830
1501767089 153128
1501767089 296973
1501767089 316134
1501767089 431240
1501767089 450765
1501767089 546440
1501767089 565834
1501767089 737746
1501767089 757125
1501767089 968495
1501767089 987752
1501767090 170024
1501767090 190005
1501767090 429674
1501767090 449674
1501767090 534797
1501767090 554716
1501767090 775694
1501767090 794868
1501767090 957604
1501767090 977194
1501767091 187338
1501767091 207812
1501767091 360611
1501767091 380774
1501767091 494854
1501767091 514213
1501767091 744541
1501767091 764689
1501767092 13131
1501767092 32728
1501767092 281912
1501767092 302069
1501767092 512392
1501767092 532802
1501767092 666460
1501767092 685791
1501767092 935109
1501767092 955411
1501767093 126720
1501767093 146707
1501767093 242126
1501767093 261234
1501767093 482323
1501767093 502063
1501767093 740985
1501767093 761093
1501767093 875345
1501767093 895846
1501767093 981666
1501767094 854
1501767094 231211
1501767094 251603
1501767094 375358
1501767094 395326
1501767094 470624
1501767094 490010
1501767094 576845
1501767094 596611
1501767094 662908
1501767094 682303
1501767094 902628
1501767094 921927
1501767095 123606
1501767095 143161
1501767095 372806
1501767095 391967
1501767095 458792
1501767095 479002
1501767095 555032
1501767095 574875
1501767095 775595
1501767095 794906
1501767095 890707
1501767095 910175
1501767096 92453
1501767096 113438
1501767096 361914
1501767096 381151
1501767096 553335
1501767096 572597
1501767096 639543
1501767096 658932
1501767096 763772
1501767096 783661
1501767096 869928
1501767096 889541
1501767097 128661
1501767097 148638
1501767097 291950
1501767097 311207
1501767097 493344
1501767097 512851
1501767097 704881
1501767097 724192
1501767097 858407
1501767097 881959
1501767097 973518
1501767097 993616
1501767098 242401
1501767098 261498
1501767098 367424
1501767098 387557
1501767098 510689
1501767098 530529
1501767098 779402
1501767098 800522
1501767098 913784
1501767098 934009
1501767099 9998
1501767099 29702
1501767099 183524
1501767099 202694
1501767099 317458
1501767099 337626
1501767099 441788
1501767099 461171
1501767099 643700
1501767099 664348
1501767099 797837
1501767099 816980
1501767099 902917
1501767099 922479
1501767100 152722
1501767100 172765
1501767100 344051
1501767100 364491
1501767100 507535
1501767100 527594
1501767100 747040
1501767100 767924
1501767100 958358
1501767100 978578
1501767101 44451
1501767101 65084
1501767101 266051
1501767101 286477
1501767101 352198
1501767101 372221
1501767101 553600
1501767101 573004
1501767101 659048
1501767101 679087
1501767101 813181
1501767101 832559
1501767101 918445
1501767101 937860
1501767102 23707
1501767102 43880
1501767102 120016
1501767102 139211
1501767102 369415
1501767102 388917
1501767102 474905
1501767102 495021
1501767102 638185
1501767102 657393
1501767102 811302
1501767102 831335
1501767102 983933
1501767103 3926
1501767103 204615
1501767103 225606
1501767103 453975
1501767103 474939
1501767103 627385
1501767103 646671
1501767103 799810
1501767103 819771
1501767104 21290
1501767104 41223
1501767104 241856
1501767104 261050
1501767104 453295
1501767104 473368
1501767104 692681
1501767104 712804
1501767104 884378
1501767104 904821
1501767105 86642
1501767105 106649
1501767105 278223
1501767105 297446
1501767105 508556
1501767105 528218
1501767105 739097
1501767105 758404
1501767105 930429
1501767105 950516
1501767106 141916
1501767106 161395
1501767106 343501
1501767106 362843
1501767106 593329
1501767106 612583
1501767106 717501
1501767106 738483
1501767106 977061
1501767106 997123
1501767107 245644
1501767107 265676
1501767107 379933
1501767107 400213
1501767107 610367
1501767107 629861
1501767107 840981
1501767107 860962
1501767108 109499
1501767108 129818
1501767108 243826
1501767108 264745
1501767108 407317
1501767108 426666
1501767108 608662
1501767108 629035
1501767108 752971
1501767108 772376
1501767109 21615
1501767109 40845
1501767109 291088
1501767109 311168
1501767109 415255
1501767109 435236
1501767109 616823
1501767109 636212
1501767109 723135
1501767109 743183
1501767109 943591
1501767109 963651
1501767110 67807
1501767110 88265
1501767110 241171
1501767110 260530
1501767110 413916
1501767110 433662
1501767110 654122
1501767110 674293
1501767110 807537
1501767110 827585
1501767111 38121
1501767111 59088
1501767111 172370
1501767111 191859
1501767111 431856
1501767111 451747
1501767111 633335
1501767111 653518
1501767111 767711
1501767111 787151
1501767111 891888
1501767111 911182
1501767112 113485
1501767112 133361
1501767112 237675
1501767112 256981
1501767112 343218
1501767112 363416
1501767112 506217
1501767112 525760
1501767112 688663
1501767112 708127
1501767112 929381
1501767112 949338
1501767113 72717
1501767113 93882
1501767113 207951
1501767113 227649
1501767113 457504
1501767113 477656
1501767113 543632
1501767113 563014
1501767113 678054
1501767113 697977
1501767113 879691
1501767113 899031
1501767114 119932
1501767114 139323
1501767114 254284
1501767114 273764
1501767114 407649
1501767114 427636
1501767114 541953
1501767114 562015
1501767114 810553
1501767114 831004
1501767115 41117
1501767115 61026
1501767115 242495
1501767115 262633
1501767115 491964
1501767115 511368
1501767115 645545
1501767115 666485
1501767115 866945
1501767115 886462
1501767116 97330
1501767116 116661
1501767116 269590
1501767116 288997
1501767116 433177
1501767116 452613
1501767116 519311
1501767116 539631
1501767116 740111
1501767116 760267
1501767116 931412
1501767116 951663
1501767117 172116
1501767117 191153
1501767117 383147
1501767117 402727
1501767117 603750
1501767117 623053
1501767117 700301
1501767117 720065
1501767117 968608
1501767117 987937
1501767118 102931
1501767118 122292
1501767118 304374
1501767118 324493
1501767118 429636
1501767118 449147
1501767118 679179
1501767118 698521
1501767118 880757
1501767118 900114
1501767119 92144
1501767119 111371
1501767119 245545
1501767119 265377
1501767119 360713
1501767119 380692
1501767119 591214
1501767119 611459
1501767119 734740
1501767119 754823
1501767119 897994
1501767119 917723
1501767120 119610
1501767120 140548
1501767120 214723
1501767120 234019
1501767120 349006
1501767120 369248
1501767120 455328
1501767120 475352
1501767120 589542
1501767120 609195
1501767120 800928
1501767120 821068
1501767120 887083
1501767120 906655
1501767121 126857
1501767121 146895
1501767121 319204
1501767121 338516
1501767121 510574
1501767121 530896
1501767121 760592
1501767121 780523
1501767121 942716
1501767121 963144
1501767122 134991
1501767122 155054
1501767122 269244
1501767122 289270
1501767122 422578
1501767122 443497
1501767122 537887
1501767122 557181
1501767122 625009
1501767122 644351
1501767122 711333
1501767122 730640
1501767122 893731
1501767122 913767
1501767123 18143
1501767123 37281
1501767123 114122
1501767123 134387
1501767123 383053
1501767123 402355
1501767123 488888
1501767123 508482
1501767123 575098
1501767123 595215
1501767123 805716
1501767123 825006
1501767123 892010
1501767123 911303
1501767124 36424
1501767124 55718
1501767124 208679
1501767124 228309
1501767124 400087
1501767124 419547
1501767124 505389
1501767124 524682
1501767124 648823
1501767124 669514
1501767124 803079
1501767124 823048
1501767124 965621
1501767124 985490
1501767125 79940
1501767125 100176
1501767125 253258
1501767125 272644
1501767125 358555
1501767125 377769
1501767125 483712
1501767125 503995
1501767125 589011
1501767125 608646
1501767125 723303
1501767125 742618
1501767125 876642
1501767125 896899
1501767126 69097
1501767126 88456
1501767126 222466
1501767126 242457
1501767126 308591
1501767126 329057
1501767126 481940
1501767126 501418
1501767126 721530
1501767126 741067
1501767126 952037
1501767126 972158
1501767127 125429
1501767127 145337
1501767127 230670
1501767127 250827
1501767127 316799
1501767127 336285
1501767127 556427
1501767127 577589
1501767127 729767
1501767127 749340
1501767127 998593
1501767128 17932
1501767128 190978
1501767128 210247
1501767128 315103
1501767128 334613
1501767128 507730
1501767128 526893
1501767128 622723
1501767128 642722
1501767128 872336
1501767128 892418
1501767129 25883
1501767129 45015
1501767129 150128
1501767129 171183
1501767129 419540
1501767129 439722
1501767129 688398
1501767129 708652
1501767129 898737
1501767129 918185
1501767130 23870
1501767130 43245
1501767130 273568
1501767130 292764
1501767130 504205
1501767130 523451
1501767130 618381
1501767130 638757
1501767130 887874
1501767130 908870
1501767131 22422
1501767131 41796
1501767131 261995
1501767131 281327
1501767131 435310
1501767131 454586
1501767131 703795
1501767131 723131
1501767131 934382
1501767131 954570
1501767132 202884
1501767132 222350
1501767132 385205
1501767132 404661
1501767132 653928
1501767132 673435
1501767132 798490
1501767132 817818
1501767133 66978
1501767133 86472
1501767133 268380
1501767133 288035
1501767133 469954
1501767133 489303
1501767133 671236
1501767133 691701
1501767133 911874
1501767133 931860
1501767134 103083
1501767134 123104
1501767134 247415
1501767134 268010
1501767134 391723
1501767134 411893
1501767134 660441
1501767134 680396
1501767134 803831
1501767134 823944
1501767134 976368
1501767134 997142
1501767135 101480
1501767135 121594
1501767135 284027
1501767135 304387
1501767135 533395
1501767135 553441
1501767135 705879
1501767135 727219
1501767135 888234
1501767135 909938
1501767136 23703
1501767136 42769
1501767136 224862
1501767136 244526
1501767136 349187
1501767136 368563
1501767136 492486
1501767136 511906
1501767136 598752
1501767136 618702
1501767136 685213
1501767136 704578
1501767136 876642
1501767136 897658
1501767137 49975
1501767137 69184
1501767137 270495
1501767137 289917
1501767137 395650
1501767137 415074
1501767137 500949
1501767137 520607
1501767137 740410
1501767137 760491
1501767137 980170
1501767137 999503
1501767138 201720
1501767138 221759
1501767138 460269
1501767138 480175
1501767138 585416
1501767138 604691
1501767138 709733
1501767138 729964
1501767138 863206
1501767138 884158
1501767139 45738
1501767139 65659
1501767139 295872
1501767139 315372
1501767139 506575
1501767139 526564
1501767139 699152
1501767139 718262
1501767139 938580
1501767139 957928
1501767140 53902
1501767140 73019
1501767140 217074
1501767140 236452
1501767140 437598
1501767140 457945
1501767140 649119
1501767140 669063
1501767140 802460
1501767140 821870
1501767141 13841
1501767141 33853
1501767141 196280
1501767141 215496
1501767141 310662
1501767141 331236
1501767141 425937
1501767141 446584
1501767141 512933
1501767141 532336
1501767141 685267
1501767141 705319
1501767141 867955
1501767141 887946
1501767141 983129
1501767142 2564
1501767142 242695
1501767142 262789
1501767142 376824
1501767142 396418
1501767142 463133
1501767142 482694
1501767142 712722
1501767142 732148
1501767142 943346
1501767142 963264
1501767143 211780
1501767143 231661
1501767143 336235
1501767143 357182
1501767143 576676
1501767143 596051
1501767143 845327
1501767143 865468
1501767144 104795
1501767144 124232
1501767144 315452
1501767144 335925
1501767144 574971
1501767144 594884
1501767144 661196
1501767144 680620
1501767144 834834
1501767144 853900
1501767145 93211
1501767145 113307
1501767145 227459
1501767145 248238
1501767145 391043
1501767145 410506
1501767145 592245
1501767145 612437
1501767145 861817
1501767145 881043
1501767146 72440
1501767146 92571
1501767146 264740
1501767146 283906
1501767146 476191
1501767146 495613
1501767146 619653
1501767146 639160
1501767146 744684
1501767146 764162
1501767146 830859
1501767146 850866
1501767147 61594
1501767147 80858
1501767147 186206
1501767147 206112
1501767147 311122
1501767147 330428
1501767147 483663
1501767147 504221
1501767147 732919
1501767147 753224
1501767147 915429
1501767147 936221
1501767148 78719
1501767148 97911
1501767148 232163
1501767148 252884
1501767148 376602
1501767148 396695
1501767148 617032
1501767148 636402
1501767148 703145
1501767148 723494
1501767148 952968
1501767148 972289
1501767149 173319
1501767149 192659
1501767149 403838
1501767149 423140
1501767149 499926
1501767149 519922
1501767149 596308
1501767149 615809
1501767149 691493
1501767149 712163
1501767149 951096
1501767149 970485
1501767150 47179
1501767150 66576
1501767150 267699
1501767150 287519
1501767150 363943
1501767150 383638
1501767150 575355
1501767150 595363
1501767150 680680
1501767150 700024
1501767150 863029
1501767150 882730
1501767150 968455
1501767150 987546
1501767151 74371
1501767151 94398
1501767151 314084
1501767151 333285
1501767151 544493
1501767151 563847
1501767151 640721
1501767151 660007
1501767151 861342
1501767151 880575
1501767151 957332
1501767151 976900
1501767152 121359
1501767152 140887
1501767152 264237
1501767152 284557
1501767152 408533
1501767152 428036
1501767152 668075
1501767152 688119
1501767152 907739
1501767152 927033
1501767153 128141
1501767153 149155
1501767153 301670
1501767153 320795
1501767153 483878
1501767153 503303
1501767153 628074
1501767153 647443
1501767153 742659
1501767153 763244
1501767153 944932
1501767153 965228
1501767154 69498
1501767154 89203
1501767154 222758
1501767154 243732
1501767154 472267
1501767154 493321
1501767154 559379
1501767154 579422
1501767154 760835
1501767154 780276
1501767154 972314
1501767154 991685
1501767155 125642
1501767155 145027
1501767155 249938
1501767155 271180
1501767155 452338
1501767155 471911
1501767155 633825
1501767155 654418
1501767155 749129
1501767155 769364
1501767155 931380
1501767155 951797
1501767156 46662
1501767156 66915
1501767156 296404
1501767156 316743
1501767156 440562
1501767156 460695
1501767156 709237
1501767156 728497
1501767156 795493
1501767156 815628
1501767156 930623
1501767156 950524
1501767157 55006
1501767157 74807
1501767157 170197
1501767157 189808
1501767157 362797
1501767157 382882
1501767157 631306
1501767157 651359
1501767157 813749
1501767157 833498
1501767158 82284
1501767158 101661
1501767158 235599
1501767158 255086
1501767158 341791
1501767158 361237
1501767158 427915
1501767158 448003
1501767158 591284
1501767158 610664
1501767158 696685
1501767158 716025
1501767158 897953
1501767158 917419
1501767159 90661
1501767159 110084
1501767159 273022
1501767159 292673
1501767159 359060
1501767159 378644
1501767159 483529
1501767159 503035
1501767159 617603
1501767159 637094
1501767159 712981
1501767159 733933
1501767159 905500
1501767159 925537
1501767160 20857
1501767160 40368
1501767160 289479
1501767160 308818
1501767160 509998
1501767160 530905
1501767160 624939
1501767160 645586
1501767160 884699
1501767160 904210
1501767161 67235
1501767161 87398
1501767161 335611
1501767161 355522
1501767161 460771
1501767161 490045
1501767161 643160
1501767161 663233
1501767161 873833
1501767161 893241
1501767162 56432
1501767162 76468
1501767162 199743
1501767162 218967
1501767162 468368
1501767162 488488
1501767162 574557
1501767162 593868
1501767162 698894
1501767162 719746
1501767162 920189
1501767162 940127
1501767163 6297
1501767163 26251
1501767163 159812
1501767163 179175
1501767163 409321
1501767163 428766
1501767163 553523
1501767163 573540
1501767163 784100
1501767163 803487
1501767164 33792
1501767164 53108
1501767164 302730
1501767164 322534
1501767164 417740
1501767164 437828
1501767164 589959
1501767164 610389
1501767164 724311
1501767164 744844
1501767164 897714
1501767164 917036
1501767165 70138
1501767165 89410
1501767165 204307
1501767165 224507
1501767165 310537
1501767165 330252
1501767165 492995
1501767165 512560
1501767165 598191
1501767165 617523
1501767165 866924
1501767165 886279
1501767166 97398
1501767166 117396
1501767166 270733
1501767166 290037
1501767166 520374
1501767166 539828
1501767166 663744
1501767166 683617
1501767166 807331
1501767166 826281
1501767166 979770
1501767166 998980
1501767167 181158
1501767167 201119
1501767167 402586
1501767167 421935
1501767167 641926
1501767167 661526
1501767167 795318
1501767167 814692
1501767167 929543
1501767167 950472
1501767168 16604
1501767168 35953
1501767168 111862
1501767168 132232
1501767168 342411
1501767168 362049
1501767168 611506
1501767168 633039
1501767168 765549
1501767168 784896
1501767168 937834
1501767168 957720
1501767169 91270
1501767169 113039
1501767169 331607
1501767169 351075
1501767169 600420
1501767169 620429
1501767169 820966
1501767169 841890
1501767169 994417
1501767170 13655
1501767170 166839
1501767170 186071
1501767170 349049
1501767170 368423
1501767170 474348
1501767170 494418
1501767170 675791
1501767170 694935
1501767170 867536
1501767170 889056
1501767171 59650
1501767171 79698
1501767171 155811
1501767171 175751
1501767171 290031
1501767171 310192
1501767171 501021
1501767171 520393
1501767171 712097
1501767171 731426
1501767171 865534
1501767171 885503
1501767171 961776
1501767171 981359
1501767172 163340
1501767172 182531
1501767172 297417
1501767172 316884
1501767172 547053
1501767172 566377
1501767172 672234
1501767172 691730
1501767172 768532
1501767172 788625
1501767173 8162
1501767173 27454
1501767173 142745
1501767173 162658
1501767173 372726
1501767173 392163
1501767173 526217
1501767173 545388
1501767173 794688
1501767173 815037
1501767173 977260
1501767173 998460
1501767174 169588
1501767174 189030
1501767174 409230
1501767174 429437
1501767174 659778
1501767174 679040
1501767174 870263
1501767174 890170
1501767175 52687
1501767175 72489
1501767175 235067
1501767175 254366
1501767175 340173
1501767175 359556
1501767175 522821
1501767175 542054
1501767175 647052
1501767175 667848
1501767175 839489
1501767175 859356
1501767176 21828
1501767176 41243
1501767176 156070
1501767176 175371
1501767176 367540
1501767176 387661
1501767176 636343
1501767176 655673
1501767176 722431
1501767176 750076
1501767176 944034
1501767176 963387
1501767177 183430
1501767177 203484
1501767177 394048
1501767177 413562
1501767177 624639
1501767177 644555
1501767177 874041
1501767177 893551
1501767178 114518
1501767178 134639
1501767178 383233
1501767178 402699
1501767178 498453
1501767178 517878
1501767178 747943
1501767178 767922
1501767178 853264
1501767178 872567
1501767179 26777
1501767179 45854
1501767179 247145
1501767179 266666
1501767179 487045
1501767179 507287
1501767179 659976
1501767179 679340
1501767179 928793
1501767179 948149
1501767180 24902
1501767180 44776
1501767180 235418
1501767180 254806
1501767180 360541
1501767180 380010
1501767180 466071
1501767180 485420
1501767180 667465
1501767180 686915
1501767180 840713
1501767180 860097
1501767181 109469
1501767181 129295
1501767181 214675
1501767181 234019
1501767181 329886
1501767181 349177
1501767181 579445
1501767181 598906
1501767181 819935
1501767181 839272
1501767181 944309
1501767181 964425
1501767182 40359
1501767182 60541
1501767182 174667
1501767182 194764
1501767182 289903
1501767182 309308
1501767182 452385
1501767182 471691
1501767182 653881
1501767182 674152
1501767182 904489
1501767182 923829
1501767183 38800
1501767183 58149
1501767183 278609
1501767183 298291
1501767183 422498
1501767183 442760
1501767183 585964
1501767183 606050
1501767183 854795
1501767183 874801
1501767184 66012
1501767184 85963
1501767184 219330
1501767184 238707
1501767184 469149
1501767184 488353
1501767184 632252
1501767184 658058
1501767184 756622
1501767184 776504
1501767185 25231
1501767185 46244
1501767185 179455
1501767185 199359
1501767185 362062
1501767185 382190
1501767185 534430
1501767185 554444
1501767185 707024
1501767185 727373
1501767185 802957
1501767185 822279
1501767185 995268
1501767186 14685
1501767186 206742
1501767186 226039
1501767186 321813
1501767186 341543
1501767186 407313
1501767186 426555
1501767186 561528
1501767186 581328
1501767186 646623
1501767186 666941
1501767186 906597
1501767186 925780
1501767187 69783
1501767187 89116
1501767187 242200
1501767187 262234
1501767187 424630
1501767187 444578
1501767187 703254
1501767187 722618
1501767187 799573
1501767187 818740
1501767188 39188
1501767188 59204
1501767188 260737
1501767188 279791
1501767188 471093
1501767188 490343
1501767188 730631
1501767188 750574
1501767188 826709
1501767188 846847
1501767188 961110
1501767188 980523
1501767189 47382
1501767189 66652
1501767189 296901
1501767189 316786
1501767189 498533
1501767189 517649
1501767189 613453
1501767189 632835
1501767189 853161
1501767189 874069
1501767189 978336
1501767189 998146
1501767190 141748
1501767190 161605
1501767190 400367
1501767190 420754
1501767190 563773
1501767190 583070
1501767190 737015
1501767190 756476
1501767190 890330
1501767190 909852
1501767191 5610
1501767191 25575
1501767191 264359
1501767191 285292
1501767191 485814
1501767191 506146
1501767191 610128
1501767191 629437
1501767191 783606
1501767191 802666
1501767192 42061
1501767192 61997
1501767192 234589
1501767192 254398
1501767192 339847
1501767192 359747
1501767192 532268
1501767192 552347
1501767192 676481
1501767192 695841
1501767192 897097
1501767192 916481
1501767192 993133
1501767193 12856
1501767193 184768
1501767193 204665
1501767193 386083
1501767193 405246
1501767193 511356
1501767193 531132
1501767193 607479
1501767193 626830
1501767193 798977
1501767193 818425
1501767193 972293
1501767193 991607
1501767194 126254
1501767194 145043
1501767194 375337
1501767194 394920
1501767194 499492
1501767194 520041
1501767194 682012
1501767194 702513
1501767194 903517
1501767194 923176
1501767195 46919
1501767195 67206
1501767195 201246
1501767195 220380
1501767195 383454
1501767195 403019
1501767195 488862
1501767195 508091
1501767195 690219
1501767195 710196
1501767195 949761
1501767195 969769
1501767196 151174
1501767196 171249
1501767196 362022
1501767196 382050
1501767196 458065
1501767196 477311
1501767196 621466
1501767196 640875
1501767196 774910
1501767196 794201
1501767197 5188
1501767197 25541
1501767197 110469
1501767197 130535
1501767197 254885
1501767197 274761
1501767197 427361
1501767197 446716
1501767197 600613
1501767197 620691
1501767197 840141
1501767197 860084
1501767197 965385
1501767197 985602
1501767198 70569
1501767198 89835
1501767198 320223
1501767198 339524
1501767198 502705
1501767198 522832
1501767198 598745
1501767198 618684
1501767198 781278
1501767198 801431
1501767199 49901
1501767199 69813
1501767199 174165
1501767199 194959
1501767199 280368
1501767199 299664
1501767199 385553
1501767199 405650
1501767199 567921
1501767199 587781
1501767199 674166
1501767199 694158
1501767199 875576
1501767199 895455
1501767200 144237
1501767200 164471
1501767200 326842
1501767200 345946
1501767200 412889
1501767200 432200
1501767200 681437
1501767200 700781
1501767200 864095
1501767200 883857
1501767201 18190
1501767201 41948
1501767201 219749
1501767201 239173
1501767201 315294
1501767201 335968
1501767201 459276
1501767201 479268
1501767201 641618
1501767201 660976
1501767201 775906
1501767201 795635
1501767201 977480
1501767201 997701
1501767202 102857
1501767202 122238
1501767202 285150
1501767202 305316
1501767202 409412
1501767202 430263
1501767202 668938
1501767202 688500
1501767202 908792
1501767202 928113
1501767203 52294
1501767203 72343
1501767203 215406
1501767203 235214
1501767203 474922
1501767203 494970
1501767203 676332
1501767203 697290
1501767203 772475
1501767203 791726
1501767204 22117
1501767204 41491
1501767204 280775
1501767204 300761
1501767204 386959
1501767204 406325
1501767204 482181
1501767204 501546
1501767204 626698
1501767204 645696
1501767204 866028
1501767204 887021
1501767205 125490
1501767205 145551
1501767205 250970
1501767205 270170
1501767205 375150
1501767205 394517
1501767205 586801
1501767205 606664
1501767205 778227
1501767205 798275
1501767205 893357
1501767205 913871
1501767206 162897
1501767206 182207
1501767206 249068
1501767206 268496
1501767206 364298
1501767206 383535
1501767206 623034
1501767206 642934
1501767206 719047
1501767206 738553
1501767206 891588
1501767206 910977
1501767207 54950
1501767207 74257
1501767207 237592
1501767207 257422
1501767207 380858
1501767207 400983
1501767207 535140
1501767207 554970
1501767207 659351
1501767207 678713
1501767207 870804
1501767207 890197
1501767207 995189
1501767208 15968
1501767208 120376
1501767208 140044
1501767208 332162
1501767208 351602
1501767208 494405
1501767208 514421
1501767208 715898
1501767208 735856
1501767208 830835
1501767208 850345
1501767208 984209
1501767209 4234
1501767209 108710
1501767209 129616
1501767209 301172
1501767209 320531
1501767209 425384
1501767209 445557
1501767209 531495
1501767209 550874
1501767209 627739
1501767209 647293
1501767209 858342
1501767209 877731
1501767210 117195
1501767210 136157
1501767210 213025
1501767210 232345
1501767210 366714
1501767210 386668
1501767210 530021
1501767210 549903
1501767210 760291
1501767210 779722
1501767210 942856
1501767210 962620
1501767211 47999
1501767211 67312
1501767211 316673
1501767211 337462
1501767211 556969
1501767211 577637
1501767211 720384
1501767211 739737
1501767211 825998
1501767211 845536
1501767211 978977
1501767211 999684
1501767212 123456
1501767212 142764
1501767212 209583
1501767212 229712
1501767212 305750
1501767212 325626
1501767212 469076
1501767212 488417
1501767212 680520
1501767212 700524
1501767212 920219
1501767212 939566
1501767213 198847
1501767213 218717
1501767213 477384
1501767213 496767
1501767213 717055
1501767213 737153
1501767213 995717
1501767214 15621
1501767214 255089
1501767214 275193
1501767214 494860
1501767214 514484
