1501766916 785307
1501766916 891324
1501766917 25506
1501766917 236220
1501766917 456773
1501766917 687177
1501766917 888824
1501766918 157319
1501766918 406908
1501766918 531165
1501766918 655490
1501766918 770752
1501766918 875916
1501766918 962248
1501766919 230881
1501766919 346220
1501766919 508724
1501766919 662035
1501766919 815522
1501766920 45771
1501766920 218213
1501766920 352413
1501766920 583214
1501766920 669209
1501766920 899841
1501766921 101107
1501766921 254582
1501766921 416931
1501766921 637505
1501766921 771873
1501766921 944597
1501766922 126634
1501766922 309046
1501766922 433335
1501766922 538886
1501766922 701895
1501766922 874629
1501766923 8747
1501766923 105002
1501766923 210089
1501766923 335369
1501766923 585231
1501766923 671255
1501766923 920869
1501766924 64159
1501766924 256639
1501766924 525515
1501766924 716745
1501766924 890244
1501766925 14349
1501766925 101324
1501766925 360079
1501766925 485250
1501766925 725000
1501766925 869210
1501766926 127904
1501766926 387450
1501766926 656076
1501766926 829342
1501766926 953675
1501766927 59235
1501766927 145147
1501766927 251270
1501766927 461913
1501766927 673334
1501766927 912844
1501766928 38309
1501766928 124306
1501766928 277721
1501766928 382934
1501766928 517320
1501766928 766908
1501766928 958339
1501766929 227093
1501766929 390321
1501766929 476448
1501766929 697071
1501766929 811323
1501766929 897669
1501766930 138145
1501766930 406885
1501766930 627186
1501766930 857907
1501766931 59279
1501766931 174778
1501766931 405043
1501766931 625507
1501766931 875055
1501766932 105581
1501766932 326017
1501766932 412239
1501766932 613892
1501766932 863527
1501766933 64875
1501766933 295319
1501766933 409664
1501766933 515775
1501766933 765485
1501766933 861581
1501766934 63082
1501766934 235447
1501766934 331519
1501766934 513280
1501766934 705606
1501766934 887984
1501766935 79299
1501766935 319034
1501766935 472527
1501766935 664708
1501766935 779174
1501766935 875252
1501766936 28877
1501766936 202138
1501766936 364456
1501766936 470571
1501766936 739451
1501766936 949999
1501766937 103196
1501766937 314613
1501766937 497038
1501766937 698663
1501766937 890219
1501766937 996145
1501766938 168687
1501766938 379256
1501766938 513413
1501766938 666732
1501766938 791208
1501766938 916345
1501766939 79072
1501766939 271276
1501766939 481709
1501766939 645079
1501766939 913886
1501766940 134321
1501766940 268426
1501766940 393793
1501766940 585418
1501766940 681373
1501766940 795907
1501766940 949160
1501766941 140748
1501766941 246106
1501766941 447396
1501766941 620713
1501766941 860330
1501766942 129071
1501766942 340395
1501766942 503770
1501766942 705215
1501766942 791341
1501766942 934794
1501766943 60027
1501766943 184210
1501766943 366651
1501766943 472988
1501766943 731657
1501766943 875883
1501766944 29239
1501766944 172574
1501766944 249555
1501766944 442075
1501766944 671794
1501766944 902348
1501766945 142948
1501766945 296146
1501766945 411315
1501766945 613253
1501766945 699180
1501766945 958851
1501766946 92874
1501766946 313484
1501766946 495894
1501766946 707476
1501766946 860669
1501766947 4341
1501766947 100388
1501766947 369136
1501766947 484010
1501766947 714674
1501766947 954359
1501766948 88460
1501766948 241921
1501766948 338571
1501766948 596809
1501766948 779200
1501766948 874327
1501766949 95071
1501766949 248425
1501766949 401663
1501766949 584143
1501766949 785655
1501766949 909813
1501766949 997052
1501766950 226663
1501766950 467289
1501766950 697624
1501766950 821958
1501766951 32499
1501766951 263002
1501766951 407295
1501766951 608750
1501766951 819276
1501766952 30811
1501766952 184047
1501766952 414744
1501766952 664222
1501766952 807700
1501766953 47321
1501766953 153209
1501766953 296755
1501766953 432056
1501766953 699817
1501766953 930309
1501766954 16322
1501766954 265873
1501766954 467424
1501766954 620765
1501766954 851260
1501766955 81840
1501766955 302449
1501766955 523311
1501766955 744283
1501766955 868627
1501766956 99093
1501766956 357795
1501766956 453877
1501766956 665391
1501766956 876894
1501766957 39230
1501766957 288827
1501766957 529339
1501766957 682698
1501766957 941252
1501766958 209975
1501766958 469497
1501766958 623125
1501766958 862564
1501766959 44783
1501766959 246422
1501766959 332449
1501766959 524903
1501766959 658956
1501766959 774602
1501766960 13144
1501766960 195467
1501766960 386959
1501766960 531177
1501766960 693772
1501766960 885464
1501766961 47954
1501766961 143774
1501766961 230119
1501766961 460713
1501766961 604818
1501766961 863488
1501766961 998054
1501766962 161045
1501766962 400930
1501766962 631266
1501766962 861737
1501766963 120527
1501766963 273945
1501766963 437093
1501766963 686713
1501766963 945412
1501766964 185047
1501766964 319257
1501766964 568735
1501766964 684212
1501766964 885544
1501766965 19929
1501766965 269329
1501766965 441891
1501766965 547026
1501766965 758540
1501766965 999010
1501766966 238719
1501766966 430985
1501766966 593636
1501766966 814170
1501766966 958363
1501766967 82674
1501766967 274041
1501766967 408317
1501766967 523700
1501766967 725092
1501766967 936934
1501766968 205301
1501766968 435677
1501766968 607963
1501766968 752307
1501766968 992211
1501766969 107406
1501766969 375840
1501766969 597394
1501766969 712525
1501766969 923443
1501766970 163636
1501766970 422160
1501766970 594666
1501766970 709837
1501766970 921361
1501766971 93885
1501766971 257242
1501766971 458633
1501766971 610945
1501766971 822751
1501766971 985893
1501766972 187189
1501766972 388731
1501766972 619295
1501766972 724414
1501766972 954966
1501766973 60444
1501766973 194584
1501766973 444275
1501766973 693753
1501766973 817998
1501766974 48639
1501766974 153820
1501766974 250143
1501766974 479926
1501766974 758130
1501766974 844151
1501766974 930581
1501766975 45747
1501766975 276327
1501766975 362837
1501766975 496809
1501766975 612342
1501766975 823758
1501766976 44252
1501766976 149508
1501766976 351155
1501766976 476008
1501766976 562367
1501766976 677554
1501766976 946529
1501766977 32455
1501766977 176272
1501766977 282066
1501766977 502599
1501766977 704076
1501766977 790220
1501766978 10760
1501766978 155447
1501766978 327575
1501766978 499949
1501766978 702204
1501766978 826585
1501766978 979988
1501766979 143286
1501766979 383035
1501766979 546514
1501766979 699649
1501766979 853917
1501766980 26389
1501766980 189728
1501766980 294951
1501766980 544682
1501766980 756092
1501766980 957500
1501766981 139838
1501766981 408484
1501766981 609928
1501766981 734065
1501766981 878442
1501766982 99010
1501766982 348649
1501766982 474110
1501766982 704403
1501766982 847914
1501766983 107224
1501766983 289724
1501766983 443089
1501766983 673595
1501766983 836892
1501766984 105587
1501766984 191767
1501766984 451380
1501766984 604711
1501766984 854222
1501766985 75089
1501766985 189982
1501766985 458624
1501766985 717409
1501766985 832639
1501766986 81904
1501766986 235405
1501766986 504165
1501766986 753783
1501766987 22275
1501766987 109380
1501766987 320054
1501766987 531452
1501766987 781099
1501766987 982612
1501766988 251011
1501766988 490680
1501766988 605929
1501766988 769187
1501766988 874512
1501766989 86218
1501766989 306527
1501766989 383462
1501766989 652222
1501766989 748325
1501766989 911801
1501766990 103214
1501766990 362784
1501766990 545483
1501766990 813756
1501766991 53472
1501766991 168636
1501766991 350988
1501766991 466295
1501766991 657926
1501766991 869257
1501766992 41831
1501766992 176037
1501766992 339418
1501766992 473497
1501766992 607763
1501766992 713121
1501766992 943961
1501766993 58962
1501766993 164303
1501766993 433721
1501766993 586246
1501766993 855781
1501766994 9191
1501766994 220569
1501766994 450215
1501766994 642682
1501766994 738740
1501766994 921105
1501766995 84617
1501766995 343076
1501766995 535665
1501766995 766157
1501766996 15646
1501766996 217074
1501766996 437777
1501766996 706360
1501766996 841359
1501766996 927593
1501766997 167388
1501766997 435878
1501766997 561077
1501766997 704953
1501766997 791618
1501766998 60204
1501766998 203688
1501766998 453264
1501766998 587480
1501766998 769937
1501766998 981230
1501766999 240060
1501766999 441367
1501766999 527630
1501766999 672028
1501766999 777096
1501766999 901767
1501767000 27150
1501767000 295481
1501767000 429823
1501767000 650449
1501767000 918935
1501767001 6108
1501767001 111180
1501767001 341935
1501767001 428032
1501767001 524126
1501767001 610297
1501767001 734562
1501767001 820816
1501767002 70471
1501767002 291030
1501767002 396373
1501767002 569715
1501767002 732156
1501767002 847464
1501767002 981597
1501767003 154072
1501767003 297444
1501767003 479687
1501767003 633229
1501767003 768288
1501767003 873611
1501767004 104422
1501767004 334742
1501767004 440094
1501767004 574288
1501767004 737755
1501767004 939182
1501767005 102470
1501767005 352049
1501767005 467215
1501767005 553426
1501767005 706836
1501767005 947520
1501767006 81809
1501767006 283091
1501767006 542670
1501767006 667029
1501767006 878662
1501767007 31832
1501767007 156214
1501767007 329507
1501767007 530944
1501767007 617054
1501767007 732306
1501767007 895782
1501767008 49179
1501767008 135265
1501767008 336719
1501767008 509235
1501767008 778765
1501767008 989309
1501767009 229910
1501767009 344993
1501767009 498375
1501767009 738045
1501767009 892269
1501767010 45731
1501767010 295093
1501767010 429437
1501767010 515656
1501767010 746173
1501767010 832534
1501767010 957534
1501767011 52824
1501767011 283750
1501767011 418058
1501767011 572091
1501767011 696386
1501767011 840529
1501767012 61236
1501767012 166490
1501767012 367966
1501767012 617564
1501767012 790844
1501767013 20488
1501767013 126509
1501767013 241756
1501767013 424232
1501767013 634957
1501767013 788326
1501767013 894358
1501767014 95710
1501767014 364541
1501767014 624224
1501767014 796441
1501767014 892758
1501767015 94637
1501767015 180363
1501767015 353804
1501767015 477947
1501767015 718530
1501767015 842791
1501767015 928913
1501767016 178687
1501767016 331867
1501767016 524275
1501767016 639432
1501767016 841055
1501767017 52376
1501767017 311316
1501767017 541522
1501767017 694909
1501767017 858185
1501767018 107782
1501767018 338504
1501767018 587987
1501767018 741428
1501767019 10010
1501767019 211481
1501767019 384663
1501767019 576363
1501767019 844728
1501767019 999197
1501767020 123646
1501767020 324932
1501767020 594406
1501767020 699740
1501767020 786037
1501767020 930179
1501767021 131580
1501767021 284841
1501767021 515664
1501767021 736072
1501767021 976621
1501767022 110965
1501767022 341439
1501767022 465606
1501767022 638309
1501767022 811460
1501767023 60969
1501767023 281732
1501767023 377744
1501767023 598255
1501767023 761725
1501767024 21104
1501767024 289762
1501767024 491374
1501767024 606562
1501767024 759860
1501767024 866007
1501767025 38389
1501767025 231049
1501767025 317030
1501767025 422366
1501767025 653184
1501767025 806229
1501767025 949632
1501767026 54903
1501767026 275458
1501767026 409685
1501767026 640386
1501767026 793609
1501767027 43251
1501767027 225578
1501767027 476128
1501767027 686640
1501767027 772883
1501767027 926239
1501767028 60625
1501767028 204685
1501767028 406319
1501767028 511618
1501767028 636739
1501767028 800028
1501767028 953717
1501767029 87721
1501767029 356294
1501767029 625325
1501767029 846593
1501767030 67077
1501767030 239464
1501767030 373817
1501767030 613452
1501767030 815706
1501767030 930065
1501767031 160576
1501767031 391091
1501767031 621606
1501767031 707744
1501767031 870974
1501767032 120677
1501767032 370202
1501767032 542699
1501767032 744155
1501767032 831255
1501767033 3593
1501767033 215087
1501767033 378493
1501767033 579887
1501767033 724101
1501767033 906603
1501767034 175414
1501767034 309494
1501767034 463100
1501767034 712546
1501767034 894985
1501767035 154505
1501767035 297790
1501767035 557515
1501767035 672754
1501767035 903098
1501767035 999240
1501767036 200803
1501767036 402393
1501767036 661819
1501767036 929565
1501767037 189146
1501767037 275107
1501767037 514684
1501767037 668081
1501767037 898733
1501767038 42227
1501767038 224630
1501767038 330880
1501767038 436036
1501767038 551432
1501767038 714556
1501767038 829767
1501767038 954054
1501767039 98398
1501767039 348000
1501767039 597702
1501767039 876387
1501767040 19582
1501767040 105710
1501767040 250243
1501767040 403406
1501767040 566796
1501767040 749144
1501767040 902662
1501767041 152356
1501767041 286463
1501767041 487923
1501767041 651196
1501767041 785509
1501767042 25231
1501767042 178515
1501767042 293796
1501767042 399037
1501767042 629503
1501767042 822018
1501767042 908370
1501767043 90653
1501767043 195818
1501767043 455518
1501767043 618737
1501767043 791044
1501767043 925451
1501767044 136875
1501767044 233075
1501767044 338243
1501767044 577973
1501767044 664972
1501767044 894721
1501767045 154308
1501767045 240572
1501767045 336713
1501767045 605376
1501767045 758660
1501767045 989159
1501767046 181374
1501767046 315769
1501767046 460230
1501767046 670655
1501767046 901329
1501767047 102712
1501767047 333172
1501767047 525556
1501767047 765295
1501767047 851344
1501767048 81902
1501767048 245242
1501767048 485564
1501767048 668123
1501767048 897807
1501767049 80027
1501767049 348640
1501767049 560257
1501767049 799783
1501767049 886019
1501767049 972953
1501767050 183820
1501767050 384931
1501767050 510281
1501767050 711746
1501767050 807292
1501767050 913158
1501767051 162862
1501767051 354448
1501767051 508440
1501767051 691255
1501767051 959649
1501767052 209428
1501767052 362708
1501767052 515886
1501767052 660153
1501767052 794429
1501767053 54241
1501767053 293786
1501767053 427874
1501767053 677727
1501767053 879188
1501767054 61457
1501767054 321039
1501767054 455343
1501767054 685724
1501767054 800918
1501767054 954412
1501767055 50734
1501767055 310219
1501767055 453606
1501767055 683973
1501767055 770139
1501767055 904503
1501767056 87036
1501767056 269359
1501767056 365420
1501767056 509864
1501767056 759394
1501767056 979914
1501767057 85010
1501767057 287470
1501767057 537005
1501767057 766639
1501767057 872084
1501767058 131563
1501767058 343001
1501767058 467374
1501767058 737013
1501767058 957539
1501767059 226037
1501767059 379371
1501767059 581053
1501767059 716064
1501767059 850431
1501767060 12780
1501767060 195310
1501767060 320579
1501767060 425608
1501767060 530963
1501767060 694324
1501767060 799528
1501767061 21095
1501767061 107088
1501767061 203349
1501767061 327714
1501767061 548224
1501767061 797848
1501767062 66521
1501767062 152567
1501767062 239891
1501767062 393428
1501767062 498360
1501767062 584553
1501767062 805114
1501767063 26747
1501767063 285109
1501767063 429495
1501767063 553919
1501767063 765259
1501767064 24942
1501767064 149360
1501767064 340629
1501767064 436798
1501767064 561354
1501767064 647367
1501767064 781870
1501767064 955177
1501767065 165639
1501767065 415256
1501767065 502207
1501767065 712795
1501767065 982426
1501767066 240994
1501767066 423476
1501767066 654004
1501767066 922611
1501767067 191265
1501767067 373601
1501767067 575752
1501767067 729356
1501767067 882772
1501767068 8007
1501767068 94129
1501767068 343580
1501767068 612383
1501767068 765849
1501767068 929240
1501767069 82574
1501767069 274816
1501767069 447506
1501767069 543502
1501767069 677724
1501767069 927360
1501767070 61488
1501767070 244000
1501767070 465394
1501767070 647756
1501767070 820397
1501767070 992686
1501767071 223343
1501767071 348477
1501767071 472764
1501767071 568788
1501767071 712583
1501767071 962196
1501767072 231537
1501767072 451895
1501767072 644388
1501767072 749484
1501767072 864842
1501767073 85317
1501767073 238778
1501767073 469351
1501767073 680740
1501767073 805909
1501767073 901009
1501767074 74575
1501767074 237831
1501767074 487408
1501767074 708021
1501767074 957738
1501767075 91979
1501767075 245111
1501767075 494762
1501767075 716237
1501767075 955980
1501767076 205313
1501767076 455119
1501767076 656364
1501767076 925230
1501767077 50241
1501767077 203604
1501767077 453332
1501767077 664568
1501767077 836975
1501767078 365
1501767078 173076
1501767078 442374
1501767078 614789
1501767078 787336
1501767079 56852
1501767079 296406
1501767079 516908
1501767079 699310
1501767079 948922
1501767080 45157
1501767080 188379
1501767080 361680
1501767080 630617
1501767080 870213
1501767080 966168
1501767081 148524
1501767081 302008
1501767081 446227
1501767081 570662
1501767081 704642
1501767081 887475
1501767082 146832
1501767082 281030
1501767082 434689
1501767082 549803
1501767082 702991
1501767082 885562
1501767083 38964
1501767083 241205
1501767083 509927
1501767083 596110
1501767083 845646
1501767084 47112
1501767084 306647
1501767084 537238
1501767084 767765
1501767085 26380
1501767085 256973
1501767085 391142
1501767085 573553
1501767085 698743
1501767085 794317
1501767085 899376
1501767086 129976
1501767086 398623
1501767086 504817
1501767086 667288
1501767086 936934
1501767087 138192
1501767087 291478
1501767087 377573
1501767087 483826
1501767087 618144
1501767087 809799
1501767088 59326
1501767088 183641
1501767088 327930
1501767088 577518
1501767088 798077
1501767088 990281
1501767089 133953
1501767089 297079
1501767089 431340
1501767089 546532
1501767089 737817
1501767089 968594
1501767090 170148
1501767090 429783
1501767090 534878
1501767090 775809
1501767090 957731
1501767091 187434
1501767091 360713
1501767091 494949
1501767091 744651
1501767092 13256
1501767092 281999
1501767092 512503
1501767092 666562
1501767092 935202
1501767093 126852
1501767093 242202
1501767093 482408
1501767093 741107
1501767093 875430
1501767093 981733
1501767094 231295
1501767094 375437
1501767094 470722
1501767094 576941
1501767094 663564
1501767094 902727
1501767095 123708
1501767095 372897
1501767095 458860
1501767095 555119
1501767095 775684
1501767095 890770
1501767096 92593
1501767096 362079
1501767096 553464
1501767096 639639
1501767096 763871
1501767096 870003
1501767097 128745
1501767097 292090
1501767097 493488
1501767097 704975
1501767097 858483
1501767097 973598
1501767098 242535
1501767098 367509
1501767098 510771
1501767098 779518
1501767098 913895
1501767099 10069
1501767099 183597
1501767099 317535
1501767099 441873
1501767099 643801
1501767099 797944
1501767099 903022
1501767100 152864
1501767100 344177
1501767100 507663
1501767100 747216
1501767100 958466
1501767101 44535
1501767101 266146
1501767101 352282
1501767101 553710
1501767101 659120
1501767101 813260
1501767101 918543
1501767102 23779
1501767102 120098
1501767102 369496
1501767102 474985
1501767102 638305
1501767102 811392
1501767102 984030
1501767103 204757
1501767103 454079
1501767103 627479
1501767103 799911
1501767104 21373
1501767104 241987
1501767104 453384
1501767104 692803
1501767104 884472
1501767105 86733
1501767105 278319
1501767105 508690
1501767105 739187
1501767105 930532
1501767106 141988
1501767106 343630
1501767106 593442
1501767106 717652
1501767106 977177
1501767107 245754
1501767107 380023
1501767107 610444
1501767107 841102
1501767108 109642
1501767108 243960
1501767108 407410
1501767108 608748
1501767108 753051
1501767109 21749
1501767109 291175
1501767109 415326
1501767109 616918
1501767109 723248
1501767109 943705
1501767110 67889
1501767110 241255
1501767110 414002
1501767110 654233
1501767110 807631
1501767111 38228
1501767111 172478
1501767111 431952
1501767111 633447
1501767111 767802
1501767111 891964
1501767112 113566
1501767112 237758
1501767112 343316
1501767112 506317
1501767112 688742
1501767112 929461
1501767113 72809
1501767113 208022
1501767113 457583
1501767113 543708
1501767113 678149
1501767113 879801
1501767114 120029
1501767114 254365
1501767114 407744
1501767114 542058
1501767114 810624
1501767115 41219
1501767115 242590
1501767115 492050
1501767115 645646
1501767115 867022
1501767116 97412
1501767116 269677
1501767116 433263
1501767116 519381
1501767116 740205
1501767116 931538
1501767117 172296
1501767117 383234
1501767117 603850
1501767117 700403
1501767117 968695
1501767118 103024
1501767118 304464
1501767118 429805
1501767118 679284
1501767118 880830
1501767119 92230
1501767119 245617
1501767119 360806
1501767119 591315
1501767119 734824
1501767119 898083
1501767120 119696
1501767120 214809
1501767120 349500
1501767120 455411
1501767120 589701
1501767120 801012
1501767120 887163
1501767121 126972
1501767121 319295
1501767121 510667
1501767121 760789
1501767121 942848
1501767122 135090
1501767122 269339
1501767122 422660
1501767122 537985
1501767122 625100
1501767122 711453
1501767122 893814
1501767123 18236
1501767123 114193
1501767123 383146
1501767123 488989
1501767123 575170
1501767123 805823
1501767123 892091
1501767124 36539
1501767124 208762
1501767124 400177
1501767124 505457
1501767124 648899
1501767124 803164
1501767124 965715
1501767125 80029
1501767125 253359
1501767125 358647
1501767125 483783
1501767125 589088
1501767125 723392
1501767125 876746
1501767126 69212
1501767126 222553
1501767126 308675
1501767126 482049
1501767126 721624
1501767126 952114
1501767127 125563
1501767127 230744
1501767127 316907
1501767127 556514
1501767127 729856
1501767127 998692
1501767128 191087
1501767128 315206
1501767128 507838
1501767128 622814
1501767128 872446
1501767129 25962
1501767129 150224
1501767129 419623
1501767129 688501
1501767129 898854
1501767130 23953
1501767130 273673
1501767130 504306
1501767130 618513
1501767130 887963
1501767131 22506
1501767131 262081
1501767131 435396
1501767131 703909
1501767131 934460
1501767132 202956
1501767132 385293
1501767132 654030
1501767132 798580
1501767133 67078
1501767133 268487
1501767133 470063
1501767133 671344
1501767133 911976
1501767134 103176
1501767134 247497
1501767134 391800
1501767134 660552
1501767134 803922
1501767134 976571
1501767135 101646
1501767135 284138
1501767135 533556
1501767135 705962
1501767135 888316
1501767136 23826
1501767136 224958
1501767136 349256
1501767136 492565
1501767136 598895
1501767136 685300
1501767136 876782
1501767137 50058
1501767137 270651
1501767137 395742
1501767137 501065
1501767137 740506
1501767137 980271
1501767138 201824
1501767138 460393
1501767138 585488
1501767138 709825
1501767138 863294
1501767139 45859
1501767139 295959
1501767139 506655
1501767139 699247
1501767139 938677
1501767140 54022
1501767140 217153
1501767140 437726
1501767140 649220
1501767140 802552
1501767141 13927
1501767141 196377
1501767141 310743
1501767141 426036
1501767141 513021
1501767141 685345
1501767141 868057
1501767141 983226
1501767142 242846
1501767142 376908
1501767142 463206
1501767142 712817
1501767142 943430
1501767143 211882
1501767143 336311
1501767143 576761
1501767143 845429
1501767144 104894
1501767144 315550
1501767144 575048
1501767144 661285
1501767144 834926
1501767145 93312
1501767145 227546
1501767145 391157
1501767145 592320
1501767145 861906
1501767146 72620
1501767146 264836
1501767146 476279
1501767146 619734
1501767146 744763
1501767146 830942
1501767147 61714
1501767147 186299
1501767147 311205
1501767147 483749
1501767147 733070
1501767147 915533
1501767148 78792
1501767148 232295
1501767148 376694
1501767148 617125
1501767148 703251
1501767148 953040
1501767149 173408
1501767149 403931
1501767149 500040
1501767149 596429
1501767149 691607
1501767149 951179
1501767150 47270
1501767150 267789
1501767150 364019
1501767150 575469
1501767150 680775
1501767150 863102
1501767150 968516
1501767151 74471
1501767151 314165
1501767151 544568
1501767151 640811
1501767151 861438
1501767151 957415
1501767152 121454
1501767152 264329
1501767152 408674
1501767152 668168
1501767152 907827
1501767153 128215
1501767153 301818
1501767153 483962
1501767153 628155
1501767153 742768
1501767153 945020
1501767154 69597
1501767154 222851
1501767154 472362
1501767154 559466
1501767154 760930
1501767154 972425
1501767155 125756
1501767155 250014
1501767155 452436
1501767155 633938
1501767155 749225
1501767155 931466
1501767156 46751
1501767156 296575
1501767156 440652
1501767156 709314
1501767156 795567
1501767156 930709
1501767157 55089
1501767157 170286
1501767157 362907
1501767157 631406
1501767157 813840
1501767158 82396
1501767158 235690
1501767158 341895
1501767158 427996
1501767158 591380
1501767158 696780
1501767158 898030
1501767159 90738
1501767159 273103
1501767159 359151
1501767159 483636
1501767159 617673
1501767159 713072
1501767159 905614
1501767160 20929
1501767160 289576
1501767160 510073
1501767160 625027
1501767160 884802
1501767161 67340
1501767161 335690
1501767161 460846
1501767161 643278
1501767161 873932
1501767162 56523
1501767162 199842
1501767162 468492
1501767162 574676
1501767162 698977
1501767162 920267
1501767163 6369
1501767163 159929
1501767163 409438
1501767163 553594
1501767163 784178
1501767164 33885
1501767164 302863
1501767164 417837
1501767164 590051
1501767164 724431
1501767164 897792
1501767165 70214
1501767165 204401
1501767165 310618
1501767165 493082
1501767165 598283
1501767165 867003
1501767166 97477
1501767166 270816
1501767166 520507
1501767166 663848
1501767166 807448
1501767166 979869
1501767167 181270
1501767167 402700
1501767167 642036
1501767167 795416
1501767167 929592
1501767168 16684
1501767168 111967
1501767168 342511
1501767168 611626
1501767168 765667
1501767168 937948
1501767169 91382
1501767169 331695
1501767169 600517
1501767169 821058
1501767169 994511
1501767170 166965
1501767170 349148
1501767170 474419
1501767170 675888
1501767170 867768
1501767171 59736
1501767171 155965
1501767171 290133
1501767171 501126
1501767171 712177
1501767171 865624
1501767171 961902
1501767172 163452
1501767172 297498
1501767172 547137
1501767172 672338
1501767172 768624
1501767173 8284
1501767173 142823
1501767173 372815
1501767173 526314
1501767173 794773
1501767173 977346
1501767174 169746
1501767174 409316
1501767174 659856
1501767174 870353
1501767175 52775
1501767175 235226
1501767175 340266
1501767175 522939
1501767175 647160
1501767175 839585
1501767176 21970
1501767176 156162
1501767176 367620
1501767176 636437
1501767176 722536
1501767176 944129
1501767177 183494
1501767177 394132
1501767177 624742
1501767177 874160
1501767178 114709
1501767178 383340
1501767178 498539
1501767178 748044
1501767178 853356
1501767179 26874
1501767179 247250
1501767179 487229
1501767179 660053
1501767179 928922
1501767180 25007
1501767180 235556
1501767180 360625
1501767180 466164
1501767180 667580
1501767180 840834
1501767181 109596
1501767181 214771
1501767181 329982
1501767181 579579
1501767181 820021
1501767181 944407
1501767182 40450
1501767182 174770
1501767182 289972
1501767182 452471
1501767182 653968
1501767182 904592
1501767183 38932
1501767183 278689
1501767183 422606
1501767183 586069
1501767183 854883
1501767184 66146
1501767184 219404
1501767184 469233
1501767184 632358
1501767184 756704
1501767185 25325
1501767185 179541
1501767185 362182
1501767185 534515
1501767185 707106
1501767185 803038
1501767185 995381
1501767186 206814
1501767186 321882
1501767186 407368
1501767186 561600
1501767186 646696
1501767186 906709
1501767187 69874
1501767187 242271
1501767187 424719
1501767187 703324
1501767187 799681
1501767188 39267
1501767188 260830
1501767188 471182
1501767188 730707
1501767188 826790
1501767188 961180
1501767189 47481
1501767189 296980
1501767189 498641
1501767189 613581
1501767189 853248
1501767189 978407
1501767190 141834
1501767190 400445
1501767190 563866
1501767190 737106
1501767190 890415
1501767191 5701
1501767191 264462
1501767191 485893
1501767191 610208
1501767191 783684
1501767192 42182
1501767192 234677
1501767192 339938
1501767192 532384
1501767192 676599
1501767192 897198
1501767192 993228
1501767193 184872
1501767193 386178
1501767193 511445
1501767193 607564
1501767193 799056
1501767193 972400
1501767194 126347
1501767194 375433
1501767194 499580
1501767194 682161
1501767194 903615
1501767195 47069
1501767195 201374
1501767195 383545
1501767195 488942
1501767195 690314
1501767195 949853
1501767196 151246
1501767196 362165
1501767196 458224
1501767196 621597
1501767196 774995
1501767197 5277
1501767197 110580
1501767197 254985
1501767197 427438
1501767197 600706
1501767197 840318
1501767197 965514
1501767198 70650
1501767198 320319
1501767198 502798
1501767198 598840
1501767198 781362
1501767199 49994
1501767199 174235
1501767199 280451
1501767199 385643
1501767199 568082
1501767199 674258
1501767199 875653
1501767200 144328
1501767200 326969
1501767200 412956
1501767200 681587
1501767200 864210
1501767201 18270
1501767201 219831
1501767201 315400
1501767201 459361
1501767201 641705
1501767201 776051
1501767201 977553
1501767202 102936
1501767202 285229
1501767202 409526
1501767202 669028
1501767202 908892
1501767203 52427
1501767203 215574
1501767203 475000
1501767203 676427
1501767203 772553
1501767204 22206
1501767204 280878
1501767204 387054
1501767204 482275
1501767204 626779
1501767204 866124
1501767205 125633
1501767205 251066
1501767205 375231
1501767205 586905
1501767205 778305
1501767205 893438
1501767206 162992
1501767206 249451
1501767206 364690
1501767206 623116
1501767206 719124
1501767206 891681
1501767207 55052
1501767207 237705
1501767207 380946
1501767207 535248
1501767207 659438
1501767207 870887
1501767207 995270
1501767208 120467
1501767208 332265
1501767208 494528
1501767208 716018
1501767208 830937
1501767208 984284
1501767209 108815
1501767209 301250
1501767209 425523
1501767209 531588
1501767209 627836
1501767209 858471
1501767210 116991
1501767210 213142
1501767210 366834
1501767210 530112
1501767210 760395
1501767210 942926
1501767211 48175
1501767211 316776
1501767211 557119
1501767211 720474
1501767211 826091
1501767211 979103
1501767212 123543
1501767212 209664
1501767212 305841
1501767212 469207
1501767212 680598
1501767212 920336
1501767213 198920
1501767213 477474
1501767213 717164
1501767213 995807
1501767214 255171
1501767214 494960
