1501766916 804139
1501766916 910115
1501766917 43991
1501766917 254283
1501766917 475625
1501766917 707063
1501766917 908361
1501766918 177303
1501766918 426397
1501766918 550995
1501766918 675368
1501766918 790134
1501766918 895105
1501766918 981895
1501766919 250646
1501766919 364949
1501766919 528361
1501766919 681934
1501766919 835836
1501766920 65857
1501766920 237881
1501766920 371593
1501766920 602669
1501766920 688795
1501766920 918707
1501766921 120700
1501766921 273390
1501766921 436805
1501766921 657558
1501766921 791778
1501766921 965114
1501766922 147550
1501766922 330605
1501766922 454305
1501766922 559590
1501766922 722785
1501766922 895372
1501766923 30555
1501766923 126032
1501766923 231991
1501766923 356282
1501766923 606124
1501766923 692224
1501766923 941753
1501766924 85819
1501766924 277593
1501766924 547343
1501766924 738607
1501766924 910905
1501766925 36082
1501766925 122226
1501766925 381985
1501766925 506302
1501766925 746749
1501766925 891672
1501766926 149679
1501766926 409260
1501766926 677676
1501766926 850239
1501766926 975414
1501766927 80770
1501766927 166944
1501766927 272219
1501766927 483704
1501766927 695098
1501766927 934618
1501766928 59200
1501766928 146032
1501766928 299629
1501766928 404630
1501766928 539079
1501766928 788673
1501766928 980163
1501766929 249238
1501766929 412209
1501766929 498349
1501766929 718761
1501766929 833540
1501766929 919793
1501766930 159883
1501766930 428516
1501766930 649201
1501766930 879682
1501766931 81372
1501766931 196293
1501766931 426794
1501766931 647325
1501766931 896913
1501766932 127465
1501766932 347867
1501766932 433945
1501766932 635634
1501766932 885244
1501766933 86544
1501766933 317158
1501766933 431942
1501766933 537496
1501766933 787332
1501766933 883325
1501766934 84763
1501766934 257263
1501766934 353382
1501766934 534950
1501766934 727425
1501766934 909760
1501766935 101092
1501766935 340922
1501766935 494138
1501766935 686705
1501766935 801267
1501766935 896951
1501766936 50603
1501766936 223768
1501766936 386226
1501766936 491401
1501766936 761129
1501766936 971657
1501766937 125115
1501766937 336490
1501766937 518902
1501766937 720257
1501766937 911770
1501766938 17865
1501766938 191127
1501766938 400942
1501766938 535065
1501766938 688577
1501766938 813059
1501766938 938142
1501766939 101712
1501766939 292967
1501766939 504106
1501766939 667570
1501766939 935583
1501766940 156132
1501766940 290401
1501766940 414683
1501766940 607286
1501766940 703201
1501766940 817897
1501766940 971138
1501766941 162742
1501766941 268073
1501766941 469193
1501766941 641633
1501766941 882178
1501766942 149936
1501766942 361348
1501766942 524665
1501766942 726004
1501766942 812368
1501766942 956635
1501766943 81988
1501766943 228570
1501766943 382983
1501766943 489063
1501766943 748166
1501766943 892409
1501766944 46259
1501766944 189923
1501766944 266923
1501766944 458550
1501766944 689646
1501766944 919547
1501766945 159977
1501766945 313949
1501766945 429102
1501766945 630607
1501766945 716964
1501766945 976634
1501766946 110640
1501766946 331461
1501766946 513138
1501766946 724535
1501766946 877885
1501766947 22889
1501766947 119043
1501766947 387971
1501766947 502846
1501766947 733286
1501766947 972474
1501766948 106557
1501766948 260506
1501766948 356857
1501766948 616604
1501766948 799933
1501766948 894327
1501766949 115391
1501766949 268232
1501766949 421790
1501766949 604157
1501766949 805541
1501766949 929855
1501766950 16828
1501766950 246750
1501766950 488170
1501766950 717560
1501766950 841902
1501766951 52400
1501766951 282742
1501766951 427077
1501766951 628350
1501766951 839151
1501766952 50516
1501766952 203984
1501766952 434437
1501766952 683332
1501766952 827290
1501766953 67186
1501766953 173356
1501766953 316712
1501766953 450840
1501766953 719629
1501766953 949398
1501766954 36043
1501766954 285413
1501766954 486534
1501766954 640740
1501766954 871141
1501766955 101519
1501766955 322421
1501766955 542909
1501766955 764085
1501766955 888340
1501766956 118673
1501766956 378383
1501766956 473537
1501766956 685165
1501766956 895111
1501766957 58383
1501766957 308468
1501766957 549046
1501766957 702367
1501766957 960963
1501766958 229681
1501766958 489225
1501766958 642786
1501766958 882658
1501766959 64352
1501766959 265350
1501766959 352229
1501766959 568732
1501766959 679134
1501766959 794499
1501766960 35034
1501766960 217439
1501766960 408800
1501766960 552935
1501766960 715552
1501766960 907095
1501766961 70216
1501766961 166112
1501766961 252565
1501766961 482767
1501766961 627274
1501766961 886661
1501766962 21054
1501766962 183352
1501766962 423929
1501766962 645014
1501766962 875654
1501766963 135829
1501766963 288808
1501766963 451819
1501766963 702051
1501766963 960019
1501766964 200485
1501766964 335354
1501766964 584767
1501766964 700059
1501766964 901506
1501766965 35521
1501766965 285474
1501766965 457971
1501766965 564011
1501766965 773891
1501766966 14930
1501766966 254499
1501766966 446470
1501766966 610489
1501766966 831131
1501766966 975432
1501766967 99466
1501766967 291356
1501766967 425610
1501766967 540864
1501766967 742373
1501766967 954704
1501766968 223334
1501766968 453439
1501766968 625955
1501766968 770203
1501766969 9886
1501766969 124455
1501766969 394039
1501766969 615455
1501766969 729778
1501766969 941369
1501766970 181421
1501766970 440200
1501766970 612472
1501766970 727083
1501766970 938661
1501766971 111773
1501766971 275176
1501766971 476482
1501766971 630017
1501766971 840600
1501766972 4077
1501766972 206087
1501766972 407492
1501766972 638156
1501766972 744161
1501766972 974267
1501766973 79274
1501766973 214459
1501766973 463902
1501766973 712923
1501766973 838040
1501766974 68659
1501766974 173739
1501766974 269465
1501766974 500000
1501766974 776836
1501766974 863377
1501766974 949907
1501766975 64630
1501766975 295343
1501766975 382405
1501766975 516004
1501766975 631377
1501766975 842793
1501766976 64464
1501766976 169194
1501766976 370166
1501766976 495594
1501766976 582030
1501766976 696731
1501766976 965496
1501766977 52418
1501766977 195892
1501766977 301562
1501766977 522232
1501766977 724318
1501766977 809983
1501766978 30548
1501766978 174758
1501766978 347509
1501766978 519803
1501766978 722129
1501766978 846270
1501766978 999594
1501766979 162866
1501766979 403068
1501766979 567148
1501766979 719773
1501766979 873492
1501766980 46190
1501766980 209043
1501766980 314085
1501766980 564416
1501766980 775811
1501766980 977550
1501766981 159606
1501766981 427388
1501766981 629966
1501766981 754345
1501766981 898417
1501766982 119743
1501766982 368619
1501766982 494034
1501766982 724088
1501766982 867381
1501766983 127079
1501766983 309704
1501766983 462367
1501766983 692736
1501766983 855985
1501766984 124664
1501766984 211564
1501766984 471108
1501766984 624116
1501766984 873847
1501766985 94923
1501766985 209471
1501766985 478370
1501766985 737027
1501766985 852291
1501766986 101453
1501766986 254521
1501766986 524157
1501766986 774194
1501766987 42438
1501766987 129127
1501766987 339902
1501766987 550968
1501766987 810000
1501766987 998716
1501766988 267849
1501766988 507103
1501766988 622331
1501766988 786313
1501766988 890801
1501766989 102542
1501766989 323418
1501766989 399785
1501766989 669291
1501766989 764700
1501766989 928741
1501766990 119624
1501766990 379758
1501766990 562161
1501766990 830145
1501766991 70666
1501766991 186270
1501766991 368741
1501766991 484083
1501766991 676120
1501766991 887432
1501766992 59327
1501766992 193428
1501766992 356631
1501766992 491340
1501766992 626711
1501766992 731442
1501766992 962084
1501766993 77814
1501766993 183098
1501766993 451484
1501766993 605106
1501766993 874686
1501766994 27771
1501766994 238643
1501766994 469943
1501766994 660838
1501766994 757355
1501766994 939911
1501766995 102799
1501766995 361427
1501766995 554588
1501766995 784935
1501766996 34407
1501766996 235916
1501766996 455815
1501766996 725371
1501766996 860136
1501766996 946643
1501766997 185484
1501766997 455630
1501766997 579340
1501766997 723741
1501766997 809867
1501766998 78636
1501766998 223487
1501766998 472852
1501766998 607319
1501766998 788931
1501766999 412
1501766999 259158
1501766999 460994
1501766999 546603
1501766999 691205
1501766999 796650
1501766999 922319
1501767000 46007
1501767000 314603
1501767000 448855
1501767000 670874
1501767000 939775
1501767001 25140
1501767001 131171
1501767001 360964
1501767001 447186
1501767001 543703
1501767001 629560
1501767001 754674
1501767001 840562
1501767002 90355
1501767002 311044
1501767002 416895
1501767002 589670
1501767002 752158
1501767002 867936
1501767003 1134
1501767003 174525
1501767003 317371
1501767003 499743
1501767003 653990
1501767003 788468
1501767003 892876
1501767004 123440
1501767004 353853
1501767004 459894
1501767004 593861
1501767004 757477
1501767004 958337
1501767005 121555
1501767005 372224
1501767005 486401
1501767005 573070
1501767005 726969
1501767005 967299
1501767006 100756
1501767006 303143
1501767006 561761
1501767006 686625
1501767006 898391
1501767007 52509
1501767007 177098
1501767007 349252
1501767007 550714
1501767007 636216
1501767007 751467
1501767007 915592
1501767008 69245
1501767008 155103
1501767008 356583
1501767008 529384
1501767008 798306
1501767009 9016
1501767009 249425
1501767009 364135
1501767009 517375
1501767009 757727
1501767009 911315
1501767010 65450
1501767010 315242
1501767010 449259
1501767010 535268
1501767010 765453
1501767010 852353
1501767010 977221
1501767011 72844
1501767011 304214
1501767011 438312
1501767011 591886
1501767011 716022
1501767011 859780
1501767012 81087
1501767012 186295
1501767012 388736
1501767012 637553
1501767012 814241
1501767013 41312
1501767013 145988
1501767013 261421
1501767013 444004
1501767013 655299
1501767013 808836
1501767013 914002
1501767014 115298
1501767014 384829
1501767014 643182
1501767014 815505
1501767014 911536
1501767015 114023
1501767015 200335
1501767015 372971
1501767015 498090
1501767015 738034
1501767015 863331
1501767015 948714
1501767016 197725
1501767016 351651
1501767016 544133
1501767016 659189
1501767016 860387
1501767017 71546
1501767017 331459
1501767017 560719
1501767017 714818
1501767017 877807
1501767018 127599
1501767018 358255
1501767018 607064
1501767018 760899
1501767019 29446
1501767019 231755
1501767019 404077
1501767019 597004
1501767019 864602
1501767020 18239
1501767020 143531
1501767020 344916
1501767020 614378
1501767020 718815
1501767020 805168
1501767020 950025
1501767021 150815
1501767021 304855
1501767021 535267
1501767021 755185
1501767021 996478
1501767022 130661
1501767022 360463
1501767022 485194
1501767022 658856
1501767022 830427
1501767023 80961
1501767023 301351
1501767023 397546
1501767023 618410
1501767023 780817
1501767024 41140
1501767024 309347
1501767024 510649
1501767024 626565
1501767024 779900
1501767024 885123
1501767025 57553
1501767025 250275
1501767025 336432
1501767025 441935
1501767025 673151
1501767025 826865
1501767025 970072
1501767026 74417
1501767026 295885
1501767026 430313
1501767026 660530
1501767026 815302
1501767027 63913
1501767027 245556
1501767027 495272
1501767027 705794
1501767027 793712
1501767027 946570
1501767028 81216
1501767028 224787
1501767028 425936
1501767028 532498
1501767028 655826
1501767028 819801
1501767028 972544
1501767029 107395
1501767029 376625
1501767029 645140
1501767029 866604
1501767030 86919
1501767030 259863
1501767030 394175
1501767030 633597
1501767030 835753
1501767030 949993
1501767031 181232
1501767031 410897
1501767031 641397
1501767031 727470
1501767031 890990
1501767032 140374
1501767032 389901
1501767032 562373
1501767032 763861
1501767032 850495
1501767033 21795
1501767033 234077
1501767033 396580
1501767033 598055
1501767033 742877
1501767033 925591
1501767034 194198
1501767034 328149
1501767034 481103
1501767034 731627
1501767034 913978
1501767035 172632
1501767035 315957
1501767035 575695
1501767035 691337
1501767035 922041
1501767036 18538
1501767036 219544
1501767036 420351
1501767036 680637
1501767036 948699
1501767037 208165
1501767037 295000
1501767037 534560
1501767037 688247
1501767037 918522
1501767038 62311
1501767038 244671
1501767038 350329
1501767038 455996
1501767038 571939
1501767038 733630
1501767038 849258
1501767038 973862
1501767039 118095
1501767039 367723
1501767039 654313
1501767039 893010
1501767040 37146
1501767040 123460
1501767040 268060
1501767040 420674
1501767040 583944
1501767040 766896
1501767040 920402
1501767041 169523
1501767041 304277
1501767041 505266
1501767041 669121
1501767041 802717
1501767042 43822
1501767042 196823
1501767042 312564
1501767042 417388
1501767042 648147
1501767042 840084
1501767042 927031
1501767043 109349
1501767043 214590
1501767043 473369
1501767043 636608
1501767043 809051
1501767043 943706
1501767044 154875
1501767044 250961
1501767044 355569
1501767044 596117
1501767044 682865
1501767044 913522
1501767045 172596
1501767045 259279
1501767045 353879
1501767045 623576
1501767045 777369
1501767046 8095
1501767046 199245
1501767046 332756
1501767046 477323
1501767046 689413
1501767046 920042
1501767047 120973
1501767047 351382
1501767047 543429
1501767047 783533
1501767047 869601
1501767048 100602
1501767048 264185
1501767048 502992
1501767048 685915
1501767048 915934
1501767049 99085
1501767049 366860
1501767049 578951
1501767049 818821
1501767049 905255
1501767049 991672
1501767050 203701
1501767050 404976
1501767050 528895
1501767050 731103
1501767050 826202
1501767050 932858
1501767051 186109
1501767051 374015
1501767051 528168
1501767051 710485
1501767051 979743
1501767052 228350
1501767052 381645
1501767052 535485
1501767052 679878
1501767052 814206
1501767053 73254
1501767053 312933
1501767053 447866
1501767053 697321
1501767053 898690
1501767054 80483
1501767054 340363
1501767054 474974
1501767054 704882
1501767054 820444
1501767054 973406
1501767055 69974
1501767055 329897
1501767055 473283
1501767055 703656
1501767055 790370
1501767055 924573
1501767056 107404
1501767056 289261
1501767056 385103
1501767056 528732
1501767056 779106
1501767056 999698
1501767057 104652
1501767057 307618
1501767057 556217
1501767057 787261
1501767057 892537
1501767058 151307
1501767058 362509
1501767058 487362
1501767058 755863
1501767058 977033
1501767059 245185
1501767059 398895
1501767059 601508
1501767059 734267
1501767059 869073
1501767060 32414
1501767060 215100
1501767060 339432
1501767060 445118
1501767060 550380
1501767060 713319
1501767060 819563
1501767061 40035
1501767061 126460
1501767061 223171
1501767061 346775
1501767061 568354
1501767061 817890
1501767062 87159
1501767062 172613
1501767062 259691
1501767062 412365
1501767062 518987
1501767062 604070
1501767062 825698
1501767063 45767
1501767063 305858
1501767063 448771
1501767063 574249
1501767063 786085
1501767064 44699
1501767064 169398
1501767064 361306
1501767064 456505
1501767064 581238
1501767064 667731
1501767064 801788
1501767064 975306
1501767065 186296
1501767065 435548
1501767065 521384
1501767065 733515
1501767066 2485
1501767066 261571
1501767066 444159
1501767066 673686
1501767066 943211
1501767067 211101
1501767067 393793
1501767067 595221
1501767067 749043
1501767067 902406
1501767068 27016
1501767068 113242
1501767068 362974
1501767068 632393
1501767068 785555
1501767068 948082
1501767069 102556
1501767069 293877
1501767069 468064
1501767069 562490
1501767069 698024
1501767069 947326
1501767070 82571
1501767070 264175
1501767070 484448
1501767070 667501
1501767070 841026
1501767071 12618
1501767071 243342
1501767071 367544
1501767071 493173
1501767071 588115
1501767071 732279
1501767071 982303
1501767072 250592
1501767072 472632
1501767072 663969
1501767072 770434
1501767072 885638
1501767073 105775
1501767073 259273
1501767073 490074
1501767073 700301
1501767073 825340
1501767073 921130
1501767074 93524
1501767074 256821
1501767074 506543
1501767074 727554
1501767074 977356
1501767075 111691
1501767075 264411
1501767075 514323
1501767075 735252
1501767075 975965
1501767076 224483
1501767076 474865
1501767076 676402
1501767076 946241
1501767077 69779
1501767077 222888
1501767077 472367
1501767077 684292
1501767077 857649
1501767078 20203
1501767078 193133
1501767078 461454
1501767078 634372
1501767078 807385
1501767079 76979
1501767079 317012
1501767079 537589
1501767079 719293
1501767079 968985
1501767080 65300
1501767080 208873
1501767080 380856
1501767080 651278
1501767080 891086
1501767080 986659
1501767081 169121
1501767081 322151
1501767081 466133
1501767081 590609
1501767081 725226
1501767081 907594
1501767082 165846
1501767082 300797
1501767082 453718
1501767082 569668
1501767082 723640
1501767082 905564
1501767083 59371
1501767083 260393
1501767083 528919
1501767083 616031
1501767083 865541
1501767084 67093
1501767084 326496
1501767084 558012
1501767084 787220
1501767085 46461
1501767085 277796
1501767085 411075
1501767085 593983
1501767085 718436
1501767085 814670
1501767085 919284
1501767086 151419
1501767086 418525
1501767086 523834
1501767086 687668
1501767086 956828
1501767087 158063
1501767087 311410
1501767087 397555
1501767087 503438
1501767087 637875
1501767087 830215
1501767088 80006
1501767088 203912
1501767088 347925
1501767088 597441
1501767088 818816
1501767089 10287
1501767089 154437
1501767089 317445
1501767089 451511
1501767089 566544
1501767089 757950
1501767089 989185
1501767090 190278
1501767090 450310
1501767090 555562
1501767090 794644
1501767090 976932
1501767091 207450
1501767091 380843
1501767091 515248
1501767091 764734
1501767092 33413
1501767092 301939
1501767092 533417
1501767092 686204
1501767092 955206
1501767093 147460
1501767093 262623
1501767093 502646
1501767093 761212
1501767093 895499
1501767094 698
1501767094 251415
1501767094 395307
1501767094 491269
1501767094 595928
1501767094 682098
1501767094 923474
1501767095 143947
1501767095 392743
1501767095 479760
1501767095 574516
1501767095 796126
1501767095 910897
1501767096 113380
1501767096 381554
1501767096 573344
1501767096 660159
1501767096 784434
1501767096 889225
1501767097 149510
1501767097 311648
1501767097 513650
1501767097 723986
1501767097 878906
1501767097 994264
1501767098 262320
1501767098 387468
1501767098 531364
1501767098 800475
1501767098 933834
1501767099 30465
1501767099 203153
1501767099 337477
1501767099 462026
1501767099 663971
1501767099 816877
1501767099 922292
1501767100 172567
1501767100 364818
1501767100 527713
1501767100 767596
1501767100 978745
1501767101 65518
1501767101 286310
1501767101 372149
1501767101 573527
1501767101 679915
1501767101 832894
1501767101 938321
1501767102 44601
1501767102 139066
1501767102 389617
1501767102 494912
1501767102 658707
1501767102 831252
1501767103 4899
1501767103 224677
1501767103 474357
1501767103 647164
1501767103 820452
1501767104 40607
1501767104 260956
1501767104 473119
1501767104 713541
1501767104 904677
1501767105 106466
1501767105 298266
1501767105 528852
1501767105 759136
1501767105 951263
1501767106 162172
1501767106 363569
1501767106 613244
1501767106 738108
1501767106 997239
1501767107 266441
1501767107 400759
1501767107 630548
1501767107 861018
1501767108 129700
1501767108 264626
1501767108 427380
1501767108 629547
1501767108 773093
1501767109 42201
1501767109 310744
1501767109 436020
1501767109 636947
1501767109 742857
1501767109 963185
1501767110 88004
1501767110 261049
1501767110 434436
1501767110 673855
1501767110 827210
1501767111 58278
1501767111 191584
1501767111 451504
1501767111 653191
1501767111 786854
1501767111 911904
1501767112 133320
1501767112 256839
1501767112 363737
1501767112 526451
1501767112 709489
1501767112 948549
1501767113 93594
1501767113 227776
1501767113 476839
1501767113 563512
1501767113 697815
1501767113 898924
1501767114 139146
1501767114 273952
1501767114 427297
1501767114 561743
1501767114 830744
1501767115 60918
1501767115 262399
1501767115 512106
1501767115 666364
1501767115 886124
1501767116 116477
1501767116 289303
1501767116 452505
1501767116 539365
1501767116 760077
1501767116 951471
1501767117 192519
1501767117 427585
1501767117 624743
1501767117 720734
1501767117 988765
1501767118 124265
1501767118 325708
1501767118 450242
1501767118 699160
1501767118 900861
1501767119 112187
1501767119 266188
1501767119 381390
1501767119 612083
1501767119 754726
1501767119 918426
1501767120 139438
1501767120 234751
1501767120 369611
1501767120 475021
1501767120 609117
1501767120 820922
1501767120 906252
1501767121 147165
1501767121 338650
1501767121 530889
1501767121 780422
1501767121 963434
1501767122 154133
1501767122 288511
1501767122 443265
1501767122 557989
1501767122 644547
1501767122 730448
1501767122 913488
1501767123 38635
1501767123 133875
1501767123 403606
1501767123 508268
1501767123 595262
1501767123 825313
1501767123 911322
1501767124 55492
1501767124 228188
1501767124 420387
1501767124 525503
1501767124 669657
1501767124 823843
1501767124 986656
1501767125 101800
1501767125 274293
1501767125 380363
1501767125 504811
1501767125 609896
1501767125 744292
1501767125 898588
1501767126 90161
1501767126 243694
1501767126 329785
1501767126 502971
1501767126 742602
1501767126 973248
1501767127 146266
1501767127 251363
1501767127 336923
1501767127 577299
1501767127 749322
1501767128 19321
1501767128 210855
1501767128 335892
1501767128 526657
1501767128 641924
1501767128 892260
1501767129 45919
1501767129 170815
1501767129 439364
1501767129 709159
1501767129 919026
1501767130 44598
1501767130 293634
1501767130 524989
1501767130 639183
1501767130 908151
1501767131 41564
1501767131 282651
1501767131 455228
1501767131 723967
1501767131 954293
1501767132 223249
1501767132 405454
1501767132 674219
1501767132 818339
1501767133 87137
1501767133 288761
1501767133 490710
1501767133 692109
1501767133 932504
1501767134 123831
1501767134 268384
1501767134 411613
1501767134 679667
1501767134 824701
1501767134 997339
1501767135 122434
1501767135 304732
1501767135 554125
1501767135 726806
1501767135 908839
1501767136 42660
1501767136 244887
1501767136 369195
1501767136 513584
1501767136 619389
1501767136 705383
1501767136 897302
1501767137 70045
1501767137 290893
1501767137 414932
1501767137 520402
1501767137 761280
1501767138 977
1501767138 221510
1501767138 480897
1501767138 605392
1501767138 730545
1501767138 883481
1501767139 103161
1501767139 312591
1501767139 524603
1501767139 715389
1501767139 955646
1501767140 71078
1501767140 233601
1501767140 455605
1501767140 666156
1501767140 819065
1501767141 30919
1501767141 213522
1501767141 328446
1501767141 443928
1501767141 529517
1501767141 702603
1501767141 885993
1501767142 921
1501767142 259905
1501767142 393224
1501767142 481023
1501767142 730674
1501767142 961296
1501767143 229151
1501767143 354201
1501767143 594323
1501767143 863507
1501767144 122582
1501767144 333219
1501767144 592232
1501767144 678605
1501767144 851164
1501767145 111027
1501767145 245390
1501767145 408916
1501767145 609755
1501767145 878317
1501767146 89603
1501767146 324736
1501767146 499036
1501767146 642330
1501767146 767754
1501767146 853751
1501767147 84368
1501767147 208739
1501767147 333967
1501767147 506170
1501767147 755996
1501767147 938158
1501767148 101339
1501767148 254947
1501767148 399244
1501767148 639111
1501767148 725258
1501767148 974805
1501767149 196173
1501767149 426746
1501767149 521914
1501767149 617850
1501767149 714252
1501767149 973923
1501767150 69146
1501767150 290442
1501767150 385703
1501767150 597263
1501767150 703417
1501767150 885796
1501767150 991329
1501767151 96323
1501767151 336770
1501767151 567444
1501767151 662664
1501767151 884002
1501767151 979471
1501767152 142865
1501767152 287203
1501767152 431582
1501767152 690066
1501767152 930583
1501767153 151749
1501767153 360866
1501767153 502264
1501767153 646425
1501767153 762191
1501767153 964028
1501767154 88250
1501767154 242999
1501767154 492198
1501767154 578181
1501767154 779106
1501767154 990582
1501767155 144567
1501767155 269929
1501767155 470812
1501767155 653958
1501767155 768843
1501767155 951254
1501767156 93607
1501767156 315694
1501767156 460126
1501767156 727461
1501767156 814687
1501767156 949484
1501767157 73965
1501767157 188612
1501767157 381770
1501767157 649539
1501767157 832443
1501767158 100856
1501767158 254473
1501767158 360109
1501767158 446904
1501767158 609670
1501767158 715534
1501767158 916853
1501767159 108858
1501767159 291447
1501767159 377496
1501767159 502702
1501767159 637526
1501767159 732446
1501767159 925350
1501767160 40109
1501767160 308758
1501767160 530563
1501767160 644826
1501767160 904014
1501767161 87086
1501767161 355329
1501767161 480559
1501767161 662902
1501767161 893606
1501767162 76271
1501767162 218896
1501767162 488381
1501767162 594345
1501767162 718473
1501767162 939940
1501767163 25972
1501767163 179108
1501767163 428566
1501767163 572805
1501767163 802809
1501767164 52154
1501767164 322431
1501767164 437463
1501767164 609164
1501767164 744209
1501767164 917574
1501767165 89257
1501767165 223487
1501767165 330561
1501767165 512130
1501767165 617989
1501767165 886784
1501767166 117126
1501767166 289026
1501767166 539216
1501767166 682820
1501767166 827117
1501767167 268
1501767167 201685
1501767167 423336
1501767167 662037
1501767167 815949
1501767167 949812
1501767168 37186
1501767168 132055
1501767168 363097
1501767168 632504
1501767168 786242
1501767168 958567
1501767169 112100
1501767169 351885
1501767169 621288
1501767169 841534
1501767170 14447
1501767170 187482
1501767170 369367
1501767170 495213
1501767170 696234
1501767170 887970
1501767171 79804
1501767171 176544
1501767171 310848
1501767171 522442
1501767171 732700
1501767171 886483
1501767171 982556
1501767172 184778
1501767172 318352
1501767172 567248
1501767172 692463
1501767172 788743
1501767173 28825
1501767173 163311
1501767173 392963
1501767173 546158
1501767173 815044
1501767173 998040
1501767174 190591
1501767174 429423
1501767174 679788
1501767174 891073
1501767175 73283
1501767175 255158
1501767175 360333
1501767175 542856
1501767175 668046
1501767175 860225
1501767176 42629
1501767176 176207
1501767176 388245
1501767176 656424
1501767176 742947
1501767176 964138
1501767177 204203
1501767177 415107
1501767177 646220
1501767177 895847
1501767178 135371
1501767178 403338
1501767178 518638
1501767178 768700
1501767178 874229
1501767179 46666
1501767179 268022
1501767179 507944
1501767179 680125
1501767179 948966
1501767180 45605
1501767180 255968
1501767180 380847
1501767180 486052
1501767180 687885
1501767180 860811
1501767181 130220
1501767181 234788
1501767181 349933
1501767181 599629
1501767181 840482
1501767181 964527
1501767182 61031
1501767182 195474
1501767182 310617
1501767182 473312
1501767182 674871
1501767182 924789
1501767183 59043
1501767183 299980
1501767183 443482
1501767183 606122
1501767183 875478
1501767184 86201
1501767184 239481
1501767184 489766
1501767184 657739
1501767184 802161
1501767185 46173
1501767185 199242
1501767185 381840
1501767185 555225
1501767185 727214
1501767185 854914
1501767186 17252
1501767186 228569
1501767186 343694
1501767186 430026
1501767186 583352
1501767186 669475
1501767186 929283
1501767187 91780
1501767187 265030
1501767187 447603
1501767187 726101
1501767187 821572
1501767188 62026
1501767188 282408
1501767188 492951
1501767188 752524
1501767188 849012
1501767188 983130
1501767189 69246
1501767189 318949
1501767189 520437
1501767189 635573
1501767189 875133
1501767190 295
1501767190 163609
1501767190 422649
1501767190 585669
1501767190 759062
1501767190 912373
1501767191 27517
1501767191 287151
1501767191 507785
1501767191 631195
1501767191 804827
1501767192 63704
1501767192 254546
1501767192 361224
1501767192 553082
1501767192 696574
1501767192 917957
1501767193 13382
1501767193 206377
1501767193 407131
1501767193 531928
1501767193 627756
1501767193 819203
1501767193 993069
1501767194 146326
1501767194 396214
1501767194 520460
1501767194 704007
1501767194 922714
1501767195 66885
1501767195 220370
1501767195 403442
1501767195 508826
1501767195 710903
1501767195 969486
1501767196 171030
1501767196 382573
1501767196 478714
1501767196 641543
1501767196 795030
1501767197 26314
1501767197 130796
1501767197 275646
1501767197 447524
1501767197 621552
1501767197 860943
1501767197 984935
1501767198 90734
1501767198 341073
1501767198 523583
1501767198 618584
1501767198 800958
1501767199 70757
1501767199 194807
1501767199 300275
1501767199 406192
1501767199 588549
1501767199 693955
1501767199 895330
1501767200 164107
1501767200 345859
1501767200 433025
1501767200 702039
1501767200 884654
1501767201 37947
1501767201 239079
1501767201 335815
1501767201 479925
1501767201 661783
1501767201 796417
1501767201 997706
1501767202 122082
1501767202 305048
1501767202 429052
1501767202 688392
1501767202 927939
1501767203 73067
1501767203 236006
1501767203 494724
1501767203 696577
1501767203 791559
1501767204 41430
1501767204 301549
1501767204 406160
1501767204 502387
1501767204 646557
1501767204 886095
1501767205 177090
1501767205 270865
1501767205 396805
1501767205 607502
1501767205 799831
1501767205 915110
1501767206 183635
1501767206 269854
1501767206 384423
1501767206 644544
1501767206 739403
1501767206 912823
1501767207 75894
1501767207 259105
1501767207 401799
1501767207 556589
1501767207 680389
1501767207 891824
1501767208 16250
1501767208 141032
1501767208 352463
1501767208 515306
1501767208 736483
1501767208 851203
1501767209 4467
1501767209 130054
1501767209 321183
1501767209 446385
1501767209 551664
1501767209 648625
1501767209 879100
1501767210 137075
1501767210 233137
1501767210 387442
1501767210 550603
1501767210 780781
1501767210 963496
1501767211 69455
1501767211 368492
1501767211 581505
1501767211 744646
1501767211 849815
1501767211 995204
1501767212 147553
1501767212 225731
1501767212 330174
1501767212 493374
1501767212 704882
1501767212 944536
1501767213 223056
1501767213 501661
1501767213 741262
1501767214 19882
1501767214 278724
1501767214 519041
