1502206139 65159
1502206139 170345
1502206139 372755
1502206139 583264
1502206139 717847
1502206139 823728
1502206139 909870
1502206140 34338
1502206140 216626
1502206140 293828
1502206140 495211
1502206140 744783
1502206140 975335
1502206141 61542
1502206141 186813
1502206141 379203
1502206141 628917
1502206141 753001
1502206141 973553
1502206142 127829
1502206142 300179
1502206142 520746
1502206142 627162
1502206142 828400
1502206142 914575
1502206143 106937
1502206143 375629
1502206143 480849
1502206143 557978
1502206143 788594
1502206143 893857
1502206144 105273
1502206144 344928
1502206144 584484
1502206144 814948
1502206144 949271
1502206145 198884
1502206145 419392
1502206145 592605
1502206145 832202
1502206145 966547
1502206146 216057
1502206146 475627
1502206146 561816
1502206146 687073
1502206146 859582
1502206146 945977
1502206147 70957
1502206147 282401
1502206147 377798
1502206147 608119
1502206147 809647
1502206148 59210
1502206148 289662
1502206148 491231
1502206148 702652
1502206148 817865
1502206148 914165
1502206149 10321
1502206149 173664
1502206149 307955
1502206149 461336
1502206149 566752
1502206149 758991
1502206149 950599
1502206150 84720
1502206150 239145
1502206150 325161
1502206150 415319
1502206150 516791
1502206150 766236
1502206150 900718
1502206151 121174
1502206151 370786
1502206151 505149
1502206151 687456
1502206151 821746
1502206152 52410
1502206152 186588
1502206152 330811
1502206152 523130
1502206152 647559
1502206152 897021
1502206153 98551
1502206153 329198
1502206153 416177
1502206153 569541
1502206153 722914
1502206153 924396
1502206154 30823
1502206154 125906
1502206154 260225
1502206154 337289
1502206154 548878
1502206154 654038
1502206154 740242
1502206154 894596
1502206155 153359
1502206155 326467
1502206155 566034
1502206155 643213
1502206155 758510
1502206156 8011
1502206156 123311
1502206156 247746
1502206156 362904
1502206156 564235
1502206156 813855
1502206157 54406
1502206157 294039
1502206157 553748
1502206157 812969
1502206158 52700
1502206158 196946
1502206158 273177
1502206158 436484
1502206158 542758
1502206158 677097
1502206158 859451
1502206159 50827
1502206159 166124
1502206159 415645
1502206159 549983
1502206159 799724
1502206159 895894
1502206160 59065
1502206160 231709
1502206160 394896
1502206160 491072
1502206160 749709
1502206160 990169
1502206161 143593
1502206161 248805
1502206161 431260
1502206161 622827
1502206161 786010
1502206162 19881
1502206162 305228
1502206162 410405
1502206162 592913
1502206162 746310
1502206162 976783
1502206163 81962
1502206163 312867
1502206163 504032
1502206163 638875
1502206163 898226
1502206164 147335
1502206164 367937
1502206164 617685
1502206164 730297
1502206164 986793
1502206165 69586
1502206165 155646
1502206165 388770
1502206165 539623
1502206165 654868
1502206165 855325
1502206166 85797
1502206166 297301
1502206166 412591
1502206166 546883
1502206166 700221
1502206166 825420
1502206166 960038
1502206167 123128
1502206167 257480
1502206167 343592
1502206167 438884
1502206167 535083
1502206167 736560
1502206167 861899
1502206168 44243
1502206168 264674
1502206168 370797
1502206168 601371
1502206168 850953
1502206169 52620
1502206169 253914
1502206169 512498
1502206169 723948
1502206169 915392
1502206170 97821
1502206170 289273
1502206170 414529
1502206170 500772
1502206170 673171
1502206170 903761
1502206171 163190
1502206171 316599
1502206171 393735
1502206171 528099
1502206171 796678
1502206171 921814
1502206172 46351
1502206172 276824
1502206172 411085
1502206172 612533
1502206172 721068
1502206172 949218
1502206173 73611
1502206173 150662
1502206173 390423
1502206173 591759
1502206173 831321
1502206173 926581
1502206174 196065
1502206174 339497
1502206174 454765
1502206174 579961
1502206174 752426
1502206174 886941
1502206174 982212
1502206175 126359
1502206175 269630
1502206175 472018
1502206175 654504
1502206175 788823
1502206175 971195
1502206176 105484
1502206176 355020
1502206176 623750
1502206176 873227
1502206177 112822
1502206177 190079
1502206177 334243
1502206177 458594
1502206177 592857
1502206177 842594
1502206177 948698
1502206178 53873
1502206178 217237
1502206178 341550
1502206178 447892
1502206178 553026
1502206178 639253
1502206178 745390
1502206178 879713
1502206178 965960
1502206179 119245
1502206179 263673
1502206179 456100
1502206179 561361
1502206179 647615
1502206179 829807
1502206179 916171
1502206180 70332
1502206180 156543
1502206180 290890
1502206180 473332
1502206180 703808
1502206180 838157
1502206181 96720
1502206181 183829
1502206181 289099
1502206181 375395
1502206181 490579
1502206181 721168
1502206181 922661
1502206182 105043
1502206182 201151
1502206182 431711
1502206182 585064
1502206182 719347
1502206182 968869
1502206183 180349
1502206183 381735
1502206183 526156
1502206183 679459
1502206183 794754
1502206183 899991
1502206184 169536
1502206184 264994
1502206184 390018
1502206184 553431
1502206184 773919
1502206184 889283
1502206185 42493
1502206185 292129
1502206185 531699
1502206185 618703
1502206185 810219
1502206186 11910
1502206186 213260
1502206186 309490
1502206186 424640
1502206186 568144
1502206186 722355
1502206186 981118
1502206187 249752
1502206187 489255
1502206187 748624
1502206187 864017
1502206188 27329
1502206188 257836
1502206188 468324
1502206188 650766
1502206188 727894
1502206188 833138
1502206189 63697
1502206189 169090
1502206189 351383
1502206189 524772
1502206189 649092
1502206189 793290
1502206190 61881
1502206190 244516
1502206190 388678
1502206190 513777
1502206190 676296
1502206190 916028
1502206191 22039
1502206191 261605
1502206191 395935
1502206191 482502
1502206191 684507
1502206191 779873
1502206191 876153
1502206191 991324
1502206192 106601
1502206192 221737
1502206192 452349
1502206192 557557
1502206192 807201
1502206192 999510
1502206193 85822
1502206193 258223
1502206193 507719
1502206193 747589
1502206193 834541
1502206194 93211
1502206194 294545
1502206194 506015
1502206194 583208
1502206194 707500
1502206194 956994
1502206195 178458
1502206195 389924
1502206195 543277
1502206195 744720
1502206195 917305
1502206196 42316
1502206196 272935
1502206196 445263
1502206196 617708
1502206196 868183
1502206197 88766
1502206197 357292
1502206197 625871
1502206197 847269
1502206198 670
1502206198 202277
1502206198 355702
1502206198 557132
1502206198 711254
1502206198 931788
1502206199 114332
1502206199 286689
1502206199 411858
1502206199 536210
1502206199 795710
1502206199 920960
1502206199 997340
1502206200 103442
1502206200 227701
1502206200 496400
1502206200 582509
1502206200 707785
1502206200 919267
1502206201 62626
1502206201 312141
1502206201 399263
1502206201 571715
1502206201 686938
1502206201 773211
1502206202 12960
1502206202 99224
1502206202 301333
1502206202 502877
1502206202 733379
1502206202 886677
1502206203 126324
1502206203 327782
1502206203 414824
1502206203 568347
1502206203 683507
1502206203 807810
1502206203 990232
1502206204 77388
1502206204 172571
1502206204 326033
1502206204 508354
1502206204 642790
1502206204 719908
1502206204 873179
1502206205 103704
1502206205 248040
1502206205 517411
1502206205 650953
1502206205 738517
1502206206 15669
1502206206 179143
1502206206 274486
1502206206 543884
1502206206 793481
1502206206 985129
1502206207 139270
1502206207 225454
1502206207 426953
1502206207 647514
1502206207 733661
1502206207 936026
1502206208 194732
1502206208 280825
1502206208 377114
1502206208 472359
1502206208 568534
1502206208 673836
1502206208 923431
1502206209 29587
1502206209 231080
1502206209 451510
1502206209 634149
1502206209 864608
1502206210 85106
1502206210 228408
1502206210 468991
1502206210 565031
1502206210 766505
1502206210 890826
1502206211 112233
1502206211 380961
1502206211 467256
1502206211 582381
1502206211 812863
1502206212 4278
1502206212 167674
1502206212 331048
1502206212 427171
1502206212 676878
1502206212 897391
1502206212 974389
1502206213 156861
1502206213 406473
1502206213 655957
1502206213 895528
1502206214 77965
1502206214 318533
1502206214 442754
1502206214 664176
1502206214 884763
1502206215 105392
1502206215 231019
1502206215 307680
1502206215 509111
1502206215 595368
1502206215 825799
1502206216 65496
1502206216 190565
1502206216 382136
1502206216 612653
1502206216 785929
1502206216 881260
1502206216 986553
1502206217 120755
1502206217 294209
1502206217 476517
1502206217 619976
1502206217 821515
1502206218 71023
1502206218 244307
1502206218 455759
1502206218 646573
1502206218 876780
1502206218 973040
1502206219 212817
1502206219 298835
1502206219 500277
1502206219 702835
1502206219 894161
1502206220 124623
1502206220 278035
1502206220 355150
1502206220 594745
1502206220 786196
1502206220 959518
1502206221 54890
1502206221 170169
1502206221 362456
1502206221 524968
1502206221 679129
1502206221 813620
1502206221 995863
1502206222 245541
1502206222 350747
1502206222 504105
1502206222 686475
1502206222 840751
1502206222 927087
1502206223 176806
1502206223 311079
1502206223 493399
1502206223 618547
1502206223 781115
1502206223 973274
1502206224 107707
1502206224 222816
1502206224 424393
1502206224 548666
1502206224 712050
1502206224 875386
1502206224 999858
1502206225 201224
1502206225 278306
1502206225 374548
1502206225 537904
1502206225 662307
1502206225 902633
1502206226 94106
1502206226 181367
1502206226 276563
1502206226 401797
1502206226 632314
1502206226 756708
1502206226 958115
1502206227 179515
1502206227 274968
1502206227 457308
1502206227 582462
1502206227 764775
1502206227 966354
1502206228 177721
1502206228 322095
1502206228 484580
1502206228 647937
1502206228 868422
1502206229 12743
1502206229 98901
1502206229 299510
1502206229 481833
1502206229 683357
1502206229 932929
1502206230 77452
1502206230 326762
1502206230 480206
1502206230 672538
1502206230 912950
1502206231 85383
1502206231 345004
1502206231 574628
1502206231 670983
1502206231 872264
1502206232 54696
1502206232 179600
1502206232 371354
1502206232 476973
1502206232 553027
1502206232 755405
1502206232 879564
1502206232 965786
1502206233 225321
1502206233 474842
1502206233 590127
1502206233 839629
1502206233 955058
1502206234 117447
1502206234 271635
1502206234 396004
1502206234 521214
1502206234 769879
1502206234 846956
1502206235 106663
1502206235 365276
1502206235 499468
1502206235 576614
1502206235 691825
1502206235 912484
1502206236 18463
1502206236 190093
1502206236 344332
1502206236 478710
1502206236 737320
1502206236 939788
1502206237 45029
1502206237 198342
1502206237 409888
1502206237 592202
1502206237 851788
1502206238 101220
1502206238 359999
1502206238 590560
1502206238 801920
1502206239 32353
1502206239 262889
1502206239 492475
1502206239 636749
1502206239 790182
1502206240 1563
1502206240 232027
1502206240 318340
1502206240 424537
1502206240 558714
1502206240 722177
1502206240 837448
1502206241 19774
1502206241 230314
1502206241 316701
1502206241 431812
1502206241 586156
1502206241 691483
1502206241 940908
1502206242 161488
1502206242 343759
1502206242 565262
1502206242 670504
1502206242 862023
1502206243 73431
1502206243 255866
1502206243 352104
1502206243 476435
1502206243 582679
1502206243 813083
1502206243 909236
1502206244 119957
1502206244 206062
1502206244 417483
1502206244 648022
1502206244 753264
1502206244 974767
1502206245 60908
1502206245 185147
1502206245 406645
1502206245 550092
1502206245 694301
1502206245 799727
1502206245 905864
1502206246 40080
1502206246 126309
1502206246 356766
1502206246 510123
1502206246 731573
1502206246 961247
1502206247 172628
1502206247 422141
1502206247 623793
1502206247 719981
1502206247 893157
1502206248 132804
1502206248 258180
1502206248 488785
1502206248 728069
1502206248 948515
1502206249 130954
1502206249 380586
1502206249 582136
1502206249 822669
1502206249 908889
1502206250 139256
1502206250 340684
1502206250 494292
1502206250 657736
1502206250 839844
1502206250 936031
1502206251 99416
1502206251 195520
1502206251 397109
1502206251 492343
1502206251 665647
1502206251 751907
1502206251 982412
1502206252 241182
1502206252 462437
1502206252 605759
1502206252 721027
1502206252 922507
1502206253 163007
1502206253 335626
1502206253 536936
1502206253 739297
1502206253 949942
1502206254 46066
1502206254 209497
1502206254 448848
1502206254 526063
1502206254 612319
1502206254 852947
1502206255 63299
1502206255 245809
1502206255 476355
1502206255 572451
1502206255 764884
1502206256 4381
1502206256 263881
1502206256 503499
1502206256 763072
1502206256 993594
1502206257 233255
1502206257 386763
1502206257 607938
1502206257 713204
1502206257 866590
1502206257 991905
1502206258 107227
1502206258 317714
1502206258 432924
1502206258 520032
1502206258 644446
1502206258 855756
1502206259 104476
1502206259 363985
1502206259 469222
1502206259 603601
1502206259 766921
1502206259 911280
1502206260 131768
1502206260 362632
1502206260 496624
1502206260 746060
1502206260 832398
1502206260 967506
1502206261 82702
1502206261 188051
1502206261 418463
1502206261 523802
1502206261 782437
1502206261 964858
1502206262 176338
1502206262 272525
1502206262 358823
1502206262 599257
1502206262 800779
1502206263 40273
1502206263 126502
1502206263 203663
1502206263 318836
1502206263 444204
1502206263 597437
1502206263 808932
1502206263 923274
1502206264 153846
1502206264 403293
1502206264 509570
1502206264 672787
1502206264 816171
1502206265 17822
1502206265 200101
1502206265 277190
1502206265 459696
1502206265 603956
1502206265 728320
1502206265 987768
1502206266 74035
1502206266 208320
1502206266 285468
1502206266 534109
1502206266 793628
1502206266 879938
1502206267 5156
1502206267 139414
1502206267 263782
1502206267 388954
1502206267 628556
1502206267 782894
1502206267 936225
1502206268 185777
1502206268 290988
1502206268 512615
1502206268 694828
1502206268 925370
1502206269 97805
1502206269 290184
1502206269 395515
1502206269 597085
1502206269 798347
1502206269 941954
1502206270 191374
1502206270 345643
1502206270 459986
1502206270 537156
1502206270 777591
1502206270 911887
1502206271 132354
1502206271 276625
1502206271 371974
1502206271 564532
1502206271 756826
1502206271 891019
1502206272 25364
1502206272 130601
1502206272 275033
1502206272 390258
1502206272 648776
1502206272 822154
1502206272 975643
1502206273 206073
1502206273 292237
1502206273 551782
1502206273 656972
1502206273 772270
1502206273 973849
1502206274 147122
1502206274 396662
1502206274 655328
1502206274 866645
1502206275 78185
1502206275 317749
1502206275 558274
1502206275 788715
1502206275 923109
1502206276 38276
1502206276 248902
1502206276 431570
1502206276 661808
1502206276 834200
1502206276 949471
1502206277 103777
1502206277 247284
1502206277 429517
1502206277 505701
1502206277 756194
1502206277 966731
1502206278 111062
1502206278 369713
1502206278 552135
1502206278 801687
1502206278 927090
1502206279 13125
1502206279 128375
1502206279 310839
1502206279 512293
1502206279 665748
1502206279 877194
1502206279 963277
1502206280 174932
1502206280 386232
1502206280 635662
1502206280 846193
1502206281 95854
1502206281 259203
1502206281 346328
1502206281 480594
1502206281 653079
1502206281 845440
1502206282 7834
1502206282 114039
1502206282 267443
1502206282 517021
1502206282 699417
1502206282 776464
1502206283 45298
1502206283 294712
1502206283 419838
1502206283 582322
1502206283 707639
1502206283 919082
1502206284 5437
1502206284 225752
1502206284 427223
1502206284 542551
1502206284 657886
1502206284 926413
1502206285 3527
1502206285 185915
1502206285 368302
1502206285 521787
1502206285 723132
1502206285 858286
1502206285 963650
1502206286 165125
1502206286 318725
1502206286 509994
1502206286 721415
1502206286 941952
1502206287 29056
1502206287 249512
1502206287 373887
1502206287 623450
1502206287 748958
1502206287 902391
1502206288 170762
1502206288 344210
1502206288 602664
1502206288 872277
1502206289 25704
1502206289 178880
1502206289 380912
1502206289 629974
1502206289 736185
1502206289 985835
1502206290 101177
1502206290 216275
1502206290 340871
1502206290 503936
1502206290 763442
1502206290 916767
1502206291 89258
1502206291 310838
1502206291 405951
1502206291 578386
1502206291 827919
1502206291 915030
1502206292 183668
1502206292 385089
1502206292 577533
1502206292 827016
1502206292 980470
1502206293 85944
1502206293 307193
1502206293 508585
1502206293 758167
1502206293 834440
1502206293 911530
1502206294 7763
1502206294 238280
1502206294 468745
1502206294 708342
1502206294 822837
1502206294 947896
1502206295 101325
1502206295 188498
1502206295 389848
1502206295 572413
1502206295 658538
1502206295 821886
1502206295 917198
1502206296 147668
1502206296 349970
1502206296 599588
1502206296 868228
1502206297 69626
1502206297 193971
1502206297 300245
1502206297 530900
1502206297 665149
1502206297 789352
1502206297 923773
1502206298 154094
1502206298 375579
1502206298 567071
1502206298 720393
1502206298 893006
1502206299 85299
1502206299 219550
1502206299 315758
1502206299 488138
1502206299 632473
1502206299 891060
1502206300 83690
1502206300 323082
1502206300 448285
1502206300 563554
1502206300 658982
1502206300 899418
1502206300 976482
1502206301 148850
1502206301 340338
1502206301 513712
1502206301 763403
1502206301 868554
1502206302 137150
1502206302 338689
1502206302 560024
1502206302 799702
1502206303 40157
1502206303 174676
1502206303 347172
1502206303 596507
1502206303 769714
1502206303 913328
1502206304 66760
1502206304 219914
1502206304 373252
1502206304 555647
1502206304 699896
1502206304 796288
1502206304 930495
1502206305 151016
1502206305 381447
1502206305 467704
1502206305 602058
1502206305 832503
1502206306 23945
1502206306 206378
1502206306 293518
1502206306 379773
1502206306 552247
1502206306 792593
1502206306 916981
1502206307 71201
1502206307 309925
1502206307 435077
1502206307 655851
1502206307 741974
1502206307 944294
1502206308 145706
1502206308 347130
1502206308 558676
1502206308 750243
1502206308 856277
1502206309 38664
1502206309 115146
1502206309 240158
1502206309 326331
1502206309 403522
1502206309 624063
1502206309 710259
1502206309 950682
1502206310 152185
1502206310 315582
1502206310 488173
1502206310 737550
1502206310 987128
1502206311 140455
1502206311 274724
1502206311 390017
1502206311 639707
1502206311 783860
1502206311 908178
1502206312 33531
1502206312 186818
1502206312 263896
1502206312 417316
1502206312 618722
1502206312 791149
1502206312 897483
1502206313 50748
1502206313 156092
1502206313 405588
1502206313 568905
1502206313 741416
1502206313 847549
1502206313 952875
1502206314 116085
1502206314 327577
1502206314 529178
1502206314 701565
1502206314 816737
1502206314 922998
1502206315 182258
1502206315 267731
1502206315 402952
1502206315 537456
1502206315 661643
1502206315 843998
1502206316 45541
1502206316 218880
1502206316 410389
1502206316 525617
1502206316 785173
1502206316 876671
1502206317 53974
1502206317 227075
1502206317 456762
1502206317 678394
1502206317 821505
1502206318 42933
1502206318 282610
1502206318 368743
1502206318 618252
1502206318 733616
1502206318 944969
1502206319 117431
1502206319 213613
1502206319 309785
1502206319 569345
1502206319 664682
1502206319 838132
1502206320 20596
1502206320 212325
1502206320 346318
1502206320 538522
1502206320 759077
1502206320 903388
1502206321 56796
1502206321 181998
1502206321 354347
1502206321 575763
1502206321 700142
1502206321 872642
1502206322 45913
1502206322 305426
1502206322 448857
1502206322 612336
1502206322 765626
1502206322 871731
1502206323 130281
1502206323 255887
1502206323 447095
1502206323 649484
1502206323 870010
1502206324 90536
1502206324 205914
1502206324 302037
1502206324 541701
1502206324 753071
1502206324 897364
1502206325 79714
1502206325 300164
1502206325 453558
1502206325 607845
1502206325 837440
1502206326 87842
1502206326 202689
1502206326 423757
1502206326 587041
1502206326 797619
1502206326 884658
1502206327 19078
1502206327 143289
1502206327 276819
1502206327 488144
1502206327 680589
1502206327 824029
1502206328 16666
1502206328 226918
1502206328 362572
1502206328 620844
1502206328 842316
1502206329 52713
1502206329 293228
1502206329 417689
1502206329 658015
1502206329 754910
1502206329 897714
1502206330 31916
1502206330 291583
1502206330 550993
1502206330 723878
1502206330 935005
1502206331 126543
1502206331 366942
1502206331 635513
1502206331 779770
1502206331 865857
1502206331 962153
1502206332 211761
1502206332 326955
1502206332 518615
1502206332 614699
1502206332 797030
1502206333 65662
1502206333 171829
1502206333 267355
1502206333 421465
1502206333 622835
1502206333 776313
1502206334 15899
1502206334 189135
1502206334 342673
1502206334 457684
1502206334 543927
1502206334 650151
1502206334 755493
1502206335 14125
1502206335 196512
1502206335 310834
1502206335 532287
1502206335 742828
1502206335 954216
1502206336 184826
1502206336 405319
1502206336 549589
1502206336 693872
1502206336 962563
1502206337 134906
1502206337 336344
1502206337 423471
1502206337 585909
1502206337 682282
1502206337 903603
1502206338 95277
1502206338 315690
1502206338 460215
1502206338 690647
1502206338 891865
1502206339 132451
1502206339 323960
1502206339 419990
1502206339 516334
1502206339 659576
1502206339 775067
1502206340 15324
1502206340 149333
1502206340 293068
1502206340 413776
1502206340 484748
1502206340 754047
1502206340 859414
1502206340 993692
1502206341 224158
1502206341 320307
1502206341 511886
1502206341 637112
1502206341 848580
1502206341 991850
1502206342 260449
1502206342 510048
1502206342 635344
1502206342 807899
1502206342 942007
1502206343 67273
1502206343 249737
1502206343 412028
1502206343 633665
1502206343 816018
1502206343 940371
1502206344 36491
1502206344 199843
1502206344 468435
1502206344 717952
1502206344 804425
1502206345 34832
1502206345 217110
1502206345 457726
1502206345 716161
1502206345 936811
1502206346 81073
1502206346 244418
1502206346 484023
1502206346 647329
1502206346 820720
1502206346 936053
1502206347 41200
1502206347 166474
1502206347 368007
1502206347 521222
1502206347 760953
1502206348 20487
1502206348 116735
1502206348 347070
1502206348 510495
1502206348 740029
1502206348 836276
1502206349 94876
1502206349 297230
1502206349 488813
1502206349 613972
1502206349 786431
1502206349 949736
1502206350 189283
1502206350 391693
1502206350 650239
1502206350 870942
1502206351 140385
1502206351 350945
1502206351 591421
1502206351 792920
1502206351 975228
1502206352 138666
1502206352 215797
1502206352 407291
1502206352 532500
1502206352 647735
1502206352 877464
1502206352 984154
1502206353 68786
1502206353 242224
1502206353 357482
1502206353 481684
1502206353 741223
1502206353 836597
1502206353 951861
1502206354 144259
1502206354 297553
1502206354 450999
1502206354 537223
1502206354 652376
1502206354 863846
1502206355 94386
1502206355 315008
1502206355 392060
1502206355 612546
1502206355 698801
1502206355 967307
1502206356 159799
1502206356 380372
1502206356 476578
1502206356 639930
1502206356 899322
1502206357 61747
1502206357 177178
1502206357 283343
1502206357 407580
1502206357 561839
1502206357 801619
1502206358 69970
1502206358 310595
1502206358 482959
1502206358 598217
1502206358 780649
1502206358 876885
1502206358 973150
1502206359 212576
1502206359 366008
1502206359 577413
1502206359 807923
1502206359 999452
1502206360 95565
1502206360 181836
1502206360 412265
1502206360 527530
1502206360 729045
1502206360 902501
1502206361 16890
1502206361 132071
1502206361 324348
1502206361 477837
1502206361 737255
1502206361 967727
1502206362 198231
1502206362 332592
1502206362 447904
1502206362 534093
1502206362 745676
1502206362 975124
1502206363 148425
1502206363 349979
1502206363 599497
1502206363 685769
1502206363 859091
1502206363 983297
1502206364 127721
1502206364 291097
1502206364 406396
1502206364 655865
1502206364 914358
1502206365 155012
1502206365 356389
1502206365 538841
1502206365 750223
1502206365 989886
1502206366 115080
1502206366 230456
1502206366 402743
1502206366 595194
1502206366 815589
1502206367 46116
1502206367 161386
1502206367 429931
1502206367 660518
1502206367 746655
1502206367 939461
1502206368 92485
1502206368 188636
1502206368 283945
1502206368 476342
1502206368 706963
1502206368 975533
1502206369 244072
1502206369 388439
1502206369 532667
1502206369 705087
1502206369 801319
1502206369 897588
1502206370 2890
1502206370 252395
1502206370 377575
1502206370 550013
1502206370 713355
1502206370 828656
1502206371 20269
1502206371 202545
1502206371 298856
1502206371 462089
1502206371 539245
1502206371 701694
1502206371 826873
1502206371 971063
1502206372 238952
1502206372 460413
1502206372 593650
1502206372 757352
1502206372 853261
1502206372 987683
1502206373 179142
1502206373 352315
1502206373 486640
1502206373 688153
1502206373 908713
1502206374 23906
1502206374 235302
1502206374 341562
1502206374 465884
1502206374 726512
1502206374 840687
1502206375 90168
1502206375 358831
1502206375 570571
1502206375 809855
1502206375 925195
1502206376 126630
1502206376 386084
1502206376 597621
1502206376 799146
1502206376 875410
1502206377 67810
1502206377 269289
1502206377 355334
1502206377 460756
1502206377 595001
1502206377 806371
1502206377 921591
1502206378 104063
1502206378 228382
1502206378 324656
1502206378 449061
1502206378 698379
1502206378 880913
1502206378 967069
1502206379 54154
1502206379 255635
1502206379 360939
1502206379 591448
1502206379 744859
1502206379 927336
1502206380 14318
1502206380 234832
1502206380 407271
1502206380 628774
1502206380 734076
1502206380 820260
1502206380 983589
1502206381 156123
1502206381 310260
1502206381 579017
1502206381 684318
1502206381 790500
1502206382 20977
1502206382 97173
1502206382 203469
1502206382 394650
1502206382 596298
1502206382 740980
1502206382 893821
1502206383 143408
1502206383 325733
1502206383 518260
1502206383 690635
1502206383 776811
1502206384 27278
1502206384 276971
1502206384 497575
1502206384 583762
1502206384 709010
1502206384 910431
1502206385 15577
1502206385 169074
1502206385 303331
1502206385 438598
1502206385 668027
1502206385 823675
1502206386 52794
1502206386 263542
1502206386 436736
1502206386 705419
1502206386 782429
1502206386 916858
1502206387 41169
1502206387 290729
1502206387 502112
1502206387 588382
1502206387 713538
1502206387 953195
1502206388 48334
1502206388 192306
1502206388 298133
1502206388 393352
1502206388 614829
1502206388 690961
1502206388 949588
1502206389 171019
1502206389 372452
1502206389 467714
1502206389 563995
1502206389 784618
1502206390 24295
1502206390 130201
1502206390 369998
1502206390 591371
1502206390 840905
1502206390 984274
1502206391 90385
1502206391 166859
1502206391 388218
1502206391 493501
1502206391 704907
1502206391 839221
1502206392 30593
1502206392 126890
1502206392 290266
1502206392 395360
1502206392 606812
1502206392 773689
1502206392 941859
1502206393 105013
1502206393 306581
1502206393 566199
1502206393 672397
1502206393 847004
1502206393 930962
1502206394 36560
1502206394 170489
1502206394 372274
1502206394 526270
1502206394 650431
1502206394 824165
1502206394 977225
1502206395 197871
1502206395 428376
1502206395 581610
1502206395 851131
1502206396 61595
1502206396 186834
1502206396 436674
1502206396 685929
1502206396 877548
1502206396 992782
1502206397 175183
1502206397 443850
1502206397 703325
1502206397 846882
1502206398 106180
1502206398 307772
1502206398 500407
1502206398 596363
1502206398 807899
1502206399 66387
1502206399 248903
1502206399 421193
1502206399 555518
1502206399 634524
1502206399 853150
1502206400 63711
1502206400 188952
1502206400 438664
1502206400 563829
1502206400 688193
1502206400 937607
1502206401 168131
1502206401 312615
1502206401 571032
1502206401 667330
1502206401 916982
1502206402 61230
1502206402 233595
1502206402 387874
1502206402 646401
1502206402 790696
1502206402 896141
1502206403 30400
1502206403 251921
1502206403 434140
1502206403 702835
1502206403 837097
1502206404 48559
1502206404 153898
1502206404 231123
1502206404 355215
1502206404 441543
1502206404 528997
1502206404 730060
1502206404 902621
1502206405 76032
1502206405 171254
1502206405 324501
1502206405 468908
1502206405 680184
1502206405 919828
1502206406 169337
1502206406 389840
1502206406 659464
1502206406 745629
1502206406 869997
1502206407 44895
1502206407 244787
1502206407 494386
1502206407 648700
1502206407 725068
1502206407 937482
1502206408 156776
1502206408 415442
1502206408 502897
1502206408 578818
1502206408 656084
1502206408 809294
1502206408 943600
1502206409 30767
1502206409 223270
1502206409 432991
1502206409 529086
1502206409 692337
1502206409 797656
1502206409 960967
1502206410 114344
1502206410 315767
1502206410 546252
1502206410 633304
1502206410 709575
1502206410 950126
1502206411 74425
1502206411 313975
1502206411 506478
1502206411 717862
1502206411 967422
1502206412 101770
1502206412 322291
1502206412 552835
1502206412 716120
1502206412 850424
1502206413 90008
1502206413 214283
1502206413 310487
1502206413 511970
1502206413 685423
1502206413 839021
1502206414 40248
1502206414 193480
1502206414 367157
1502206414 482069
1502206414 635720
1502206414 721685
1502206414 971277
1502206415 76543
1502206415 278897
1502206415 451260
1502206415 719899
1502206415 950499
1502206416 123712
1502206416 373338
1502206416 507642
1502206416 680026
1502206416 900918
1502206417 102882
1502206417 294391
1502206417 429361
1502206417 649549
1502206417 850759
1502206418 53126
1502206418 283568
1502206418 445970
1502206418 533169
1502206418 734603
1502206419 3279
1502206419 166640
1502206419 281876
1502206419 502380
1502206419 732831
1502206419 886209
1502206419 991545
1502206420 250047
1502206420 490649
1502206420 692051
1502206420 893745
1502206421 47023
1502206421 316444
1502206421 450833
1502206421 709428
1502206421 920812
1502206422 170490
1502206422 381932
1502206422 516259
1502206422 765768
1502206422 871233
1502206423 111588
1502206423 284075
1502206423 476634
1502206423 620760
1502206423 812196
1502206424 33436
1502206424 302213
1502206424 426765
1502206424 522724
1502206424 676892
1502206424 858674
1502206424 983678
1502206425 89032
1502206425 309468
1502206425 386769
1502206425 588216
1502206425 722715
1502206425 914832
1502206426 145566
1502206426 298688
1502206426 538357
1502206426 644507
1502206426 797873
1502206426 971211
1502206427 229843
1502206427 412805
1502206427 594896
1502206427 777695
1502206428 36538
1502206428 133787
1502206428 315711
1502206428 400714
1502206428 506680
1502206428 641052
1502206428 813759
1502206429 45459
1502206429 236317
1502206429 485970
1502206429 639236
1502206429 801688
1502206429 975152
1502206430 71226
1502206430 292689
1502206430 453723
1502206430 693753
1502206430 866191
1502206431 67691
1502206431 298180
1502206431 528666
1502206431 624838
1502206431 837919
1502206432 75911
1502206432 325371
1502206432 575025
1502206432 795469
1502206432 891681
1502206432 968891
1502206433 151252
1502206433 227505
1502206433 477121
1502206433 681800
1502206433 909061
1502206434 53299
1502206434 130508
1502206434 235786
1502206434 456376
1502206434 657836
1502206434 744837
