1502206139 10830
1502206139 113088
1502206139 315005
1502206139 527842
1502206139 660355
1502206139 764819
1502206139 854429
1502206139 981081
1502206140 165461
1502206140 239912
1502206140 443028
1502206140 692439
1502206140 923966
1502206141 10594
1502206141 132718
1502206141 320037
1502206141 575564
1502206141 699979
1502206141 914301
1502206142 68809
1502206142 246130
1502206142 467483
1502206142 573963
1502206142 775322
1502206142 856834
1502206143 45939
1502206143 315395
1502206143 428173
1502206143 504089
1502206143 730564
1502206143 840900
1502206144 48992
1502206144 289514
1502206144 530020
1502206144 757596
1502206144 892208
1502206145 140523
1502206145 365938
1502206145 532660
1502206145 777912
1502206145 910046
1502206146 163681
1502206146 419328
1502206146 510826
1502206146 627037
1502206146 805364
1502206146 888737
1502206147 17986
1502206147 223888
1502206147 326868
1502206147 555162
1502206147 754630
1502206147 999146
1502206148 230559
1502206148 431156
1502206148 644571
1502206148 760086
1502206148 862618
1502206148 952770
1502206149 115352
1502206149 248954
1502206149 406779
1502206149 512687
1502206149 707367
1502206149 893650
1502206150 32735
1502206150 184257
1502206150 265580
1502206150 357919
1502206150 462531
1502206150 706122
1502206150 841888
1502206151 67040
1502206151 316547
1502206151 452320
1502206151 634522
1502206151 762838
1502206151 993109
1502206152 133697
1502206152 273850
1502206152 466382
1502206152 592630
1502206152 836903
1502206153 45340
1502206153 276043
1502206153 362603
1502206153 509665
1502206153 662965
1502206153 864376
1502206153 976007
1502206154 70163
1502206154 201360
1502206154 283917
1502206154 496683
1502206154 594187
1502206154 681610
1502206154 833750
1502206155 101969
1502206155 270717
1502206155 510026
1502206155 587479
1502206155 705736
1502206155 947780
1502206156 70722
1502206156 191847
1502206156 311536
1502206156 504279
1502206156 753696
1502206156 997203
1502206157 236839
1502206157 502224
1502206157 753963
1502206157 995538
1502206158 145024
1502206158 216505
1502206158 377590
1502206158 487095
1502206158 616374
1502206158 804540
1502206158 998979
1502206159 108694
1502206159 360664
1502206159 490065
1502206159 744614
1502206159 838127
1502206160 6236
1502206160 176334
1502206160 342215
1502206160 433397
1502206160 692448
1502206160 932087
1502206161 88664
1502206161 188968
1502206161 371338
1502206161 565804
1502206161 729189
1502206161 963431
1502206162 94760
1502206162 252223
1502206162 350441
1502206162 538905
1502206162 691418
1502206162 916728
1502206163 27129
1502206163 258496
1502206163 445196
1502206163 586259
1502206163 845664
1502206164 87231
1502206164 312844
1502206164 557412
1502206164 663580
1502206164 927348
1502206165 14891
1502206165 101877
1502206165 332103
1502206165 486978
1502206165 596787
1502206165 801300
1502206166 32658
1502206166 239216
1502206166 360687
1502206166 494045
1502206166 640499
1502206166 769587
1502206166 900842
1502206167 66005
1502206167 199400
1502206167 286006
1502206167 384904
1502206167 480191
1502206167 684310
1502206167 807715
1502206167 992944
1502206168 211372
1502206168 318774
1502206168 543216
1502206168 792669
1502206168 999332
1502206169 200771
1502206169 456989
1502206169 667702
1502206169 861233
1502206170 40614
1502206170 235086
1502206170 354510
1502206170 448876
1502206170 619943
1502206170 847213
1502206171 106917
1502206171 258571
1502206171 340752
1502206171 476111
1502206171 737299
1502206171 862035
1502206171 992306
1502206172 219483
1502206172 353940
1502206172 555098
1502206172 659868
1502206172 892425
1502206173 13604
1502206173 96696
1502206173 335252
1502206173 533545
1502206173 777032
1502206173 872561
1502206174 136537
1502206174 285388
1502206174 398774
1502206174 526305
1502206174 692413
1502206174 835661
1502206174 928037
1502206175 66126
1502206175 215598
1502206175 418838
1502206175 602599
1502206175 736796
1502206175 919150
1502206176 47659
1502206176 302457
1502206176 563540
1502206176 814957
1502206177 58666
1502206177 136104
1502206177 273379
1502206177 404540
1502206177 541914
1502206177 790224
1502206177 889759
1502206177 995161
1502206178 161244
1502206178 282524
1502206178 394905
1502206178 494395
1502206178 588295
1502206178 686558
1502206178 821726
1502206178 908299
1502206179 60360
1502206179 206441
1502206179 399933
1502206179 502468
1502206179 590212
1502206179 772295
1502206179 864211
1502206180 17505
1502206180 99400
1502206180 232966
1502206180 421177
1502206180 646413
1502206180 786361
1502206181 40386
1502206181 126372
1502206181 236301
1502206181 323761
1502206181 433973
1502206181 663119
1502206181 869633
1502206182 46887
1502206182 145496
1502206182 379618
1502206182 526053
1502206182 667406
1502206182 915658
1502206183 124245
1502206183 322880
1502206183 470097
1502206183 626484
1502206183 737892
1502206183 841932
1502206184 109434
1502206184 209736
1502206184 330006
1502206184 496595
1502206184 719935
1502206184 832258
1502206184 983611
1502206185 239733
1502206185 477326
1502206185 561821
1502206185 755158
1502206185 953596
1502206186 161079
1502206186 254705
1502206186 368680
1502206186 507965
1502206186 663301
1502206186 924702
1502206187 191071
1502206187 434958
1502206187 692532
1502206187 807998
1502206187 971280
1502206188 199902
1502206188 412049
1502206188 599519
1502206188 673994
1502206188 775976
1502206189 6452
1502206189 110910
1502206189 300231
1502206189 465460
1502206189 589045
1502206189 733059
1502206190 2583
1502206190 187423
1502206190 335100
1502206190 453043
1502206190 620183
1502206190 861700
1502206190 963268
1502206191 206485
1502206191 343980
1502206191 431368
1502206191 625554
1502206191 724854
1502206191 816724
1502206191 935077
1502206192 49644
1502206192 165066
1502206192 394094
1502206192 498609
1502206192 748993
1502206192 944765
1502206193 27879
1502206193 198181
1502206193 449530
1502206193 693168
1502206193 777384
1502206194 37876
1502206194 236422
1502206194 450452
1502206194 529163
1502206194 647520
1502206194 904625
1502206195 124430
1502206195 332667
1502206195 485125
1502206195 691811
1502206195 862952
1502206195 982562
1502206196 214767
1502206196 385251
1502206196 558483
1502206196 808926
1502206197 28482
1502206197 297086
1502206197 566644
1502206197 793311
1502206197 941734
1502206198 143413
1502206198 302620
1502206198 498919
1502206198 658963
1502206198 877738
1502206199 56191
1502206199 233003
1502206199 358110
1502206199 482353
1502206199 739527
1502206199 861075
1502206199 943451
1502206200 50552
1502206200 173747
1502206200 436981
1502206200 526550
1502206200 654635
1502206200 862193
1502206201 7538
1502206201 259861
1502206201 347578
1502206201 517667
1502206201 630079
1502206201 715227
1502206201 958472
1502206202 42900
1502206202 248295
1502206202 443639
1502206202 681093
1502206202 833717
1502206203 71160
1502206203 269536
1502206203 363008
1502206203 509412
1502206203 626660
1502206203 753879
1502206203 939419
1502206204 19487
1502206204 117945
1502206204 267953
1502206204 451265
1502206204 585643
1502206204 666098
1502206204 821034
1502206205 46404
1502206205 187070
1502206205 456293
1502206205 593932
1502206205 680280
1502206205 955573
1502206206 123271
1502206206 214481
1502206206 483830
1502206206 734982
1502206206 930004
1502206207 80435
1502206207 173544
1502206207 373763
1502206207 594236
1502206207 676826
1502206207 877040
1502206208 138346
1502206208 223856
1502206208 322311
1502206208 412368
1502206208 513772
1502206208 621835
1502206208 871084
1502206208 976745
1502206209 177971
1502206209 392238
1502206209 576793
1502206209 807324
1502206210 26033
1502206210 174314
1502206210 413549
1502206210 509172
1502206210 707459
1502206210 837148
1502206211 52097
1502206211 320684
1502206211 409195
1502206211 526439
1502206211 755562
1502206211 949483
1502206212 111637
1502206212 274899
1502206212 371362
1502206212 623582
1502206212 837866
1502206212 920521
1502206213 98732
1502206213 348039
1502206213 602835
1502206213 840362
1502206214 20742
1502206214 263154
1502206214 388921
1502206214 610122
1502206214 830664
1502206215 45137
1502206215 171575
1502206215 253598
1502206215 450997
1502206215 537618
1502206215 773826
1502206216 10225
1502206216 130714
1502206216 327172
1502206216 561347
1502206216 726004
1502206216 826695
1502206216 928504
1502206217 63821
1502206217 240169
1502206217 424563
1502206217 565667
1502206217 763321
1502206218 12775
1502206218 184342
1502206218 399444
1502206218 592346
1502206218 819789
1502206218 918139
1502206219 158293
1502206219 241784
1502206219 448137
1502206219 643548
1502206219 839057
1502206220 67468
1502206220 220855
1502206220 301279
1502206220 539545
1502206220 732215
1502206220 899458
1502206221 113
1502206221 114182
1502206221 301673
1502206221 469046
1502206221 626156
1502206221 755605
1502206221 937950
1502206222 192080
1502206222 298610
1502206222 451951
1502206222 629337
1502206222 787843
1502206222 869253
1502206223 117335
1502206223 258949
1502206223 435276
1502206223 557700
1502206223 724861
1502206223 918535
1502206224 55612
1502206224 166100
1502206224 365328
1502206224 497010
1502206224 657562
1502206224 814846
1502206224 948081
1502206225 144474
1502206225 220895
1502206225 321087
1502206225 483321
1502206225 610630
1502206225 849126
1502206226 41550
1502206226 125018
1502206226 224921
1502206226 349590
1502206226 571538
1502206226 705132
1502206226 907403
1502206227 126901
1502206227 222288
1502206227 401645
1502206227 524129
1502206227 709359
1502206227 909660
1502206228 123197
1502206228 262616
1502206228 431207
1502206228 593494
1502206228 816701
1502206228 954216
1502206229 44097
1502206229 245069
1502206229 421994
1502206229 628409
1502206229 878128
1502206230 19468
1502206230 271786
1502206230 425263
1502206230 620776
1502206230 860158
1502206231 28638
1502206231 291070
1502206231 515348
1502206231 619280
1502206231 817433
1502206231 994770
1502206232 123315
1502206232 313594
1502206232 421983
1502206232 497088
1502206232 700349
1502206232 823810
1502206232 912116
1502206233 173188
1502206233 420048
1502206233 531346
1502206233 778921
1502206233 896265
1502206234 60321
1502206234 210908
1502206234 340403
1502206234 465426
1502206234 715791
1502206234 791321
1502206235 54427
1502206235 314075
1502206235 446665
1502206235 520827
1502206235 634166
1502206235 857300
1502206235 958706
1502206236 136041
1502206236 290576
1502206236 425834
1502206236 686082
1502206236 885715
1502206236 985213
1502206237 139285
1502206237 358651
1502206237 534890
1502206237 794522
1502206238 47276
1502206238 302781
1502206238 532275
1502206238 744891
1502206238 980605
1502206239 209752
1502206239 434287
1502206239 580850
1502206239 731274
1502206239 944473
1502206240 173980
1502206240 267275
1502206240 364785
1502206240 506043
1502206240 664448
1502206240 785786
1502206240 966956
1502206241 173340
1502206241 258721
1502206241 381008
1502206241 532294
1502206241 631528
1502206241 887758
1502206242 107208
1502206242 291960
1502206242 504403
1502206242 610842
1502206242 806965
1502206243 16469
1502206243 202956
1502206243 295302
1502206243 416411
1502206243 529548
1502206243 760415
1502206243 852642
1502206244 63554
1502206244 147345
1502206244 366517
1502206244 588983
1502206244 693461
1502206244 913927
1502206245 8132
1502206245 130470
1502206245 352044
1502206245 494258
1502206245 638457
1502206245 739899
1502206245 846844
1502206245 987406
1502206246 73629
1502206246 297868
1502206246 450443
1502206246 675683
1502206246 908144
1502206247 114839
1502206247 368171
1502206247 569763
1502206247 663207
1502206247 837488
1502206248 75858
1502206248 202265
1502206248 434772
1502206248 677145
1502206248 888430
1502206249 72286
1502206249 326513
1502206249 528154
1502206249 771554
1502206249 851028
1502206250 80228
1502206250 280802
1502206250 440169
1502206250 605590
1502206250 786949
1502206250 879389
1502206251 40539
1502206251 138085
1502206251 342185
1502206251 435724
1502206251 609817
1502206251 692231
1502206251 928521
1502206252 189038
1502206252 406520
1502206252 554967
1502206252 669332
1502206252 868497
1502206253 106067
1502206253 279767
1502206253 477819
1502206253 684422
1502206253 898753
1502206253 989516
1502206254 157591
1502206254 393090
1502206254 470413
1502206254 558756
1502206254 795026
1502206255 5434
1502206255 192835
1502206255 417465
1502206255 516492
1502206255 713074
1502206255 947403
1502206256 211090
1502206256 452627
1502206256 710437
1502206256 933788
1502206257 176268
1502206257 331827
1502206257 551981
1502206257 658757
1502206257 806692
1502206257 936116
1502206258 54577
1502206258 265798
1502206258 381162
1502206258 466367
1502206258 588621
1502206258 797850
1502206259 50381
1502206259 305869
1502206259 409383
1502206259 544741
1502206259 709359
1502206259 854598
1502206260 75919
1502206260 309190
1502206260 443792
1502206260 686171
1502206260 773653
1502206260 908078
1502206261 30087
1502206261 133577
1502206261 359456
1502206261 469191
1502206261 731416
1502206261 911936
1502206262 124465
1502206262 215900
1502206262 306302
1502206262 542373
1502206262 740347
1502206262 983367
1502206263 67740
1502206263 147918
1502206263 260253
1502206263 387593
1502206263 542886
1502206263 756240
1502206263 871582
1502206264 100876
1502206264 349409
1502206264 454781
1502206264 620174
1502206264 759445
1502206264 957776
1502206265 141278
1502206265 222027
1502206265 399930
1502206265 546247
1502206265 672702
1502206265 929807
1502206266 20430
1502206266 148697
1502206266 229852
1502206266 480120
1502206266 735672
1502206266 827058
1502206266 949493
1502206267 86671
1502206267 203859
1502206267 333487
1502206267 572930
1502206267 722118
1502206267 882305
1502206268 125741
1502206268 237298
1502206268 456525
1502206268 635921
1502206268 865796
1502206269 41987
1502206269 233310
1502206269 340736
1502206269 542154
1502206269 743526
1502206269 885806
1502206270 137344
1502206270 291028
1502206270 402429
1502206270 481394
1502206270 720657
1502206270 852319
1502206271 76464
1502206271 220125
1502206271 315332
1502206271 507464
1502206271 699944
1502206271 831409
1502206271 966631
1502206272 76976
1502206272 218334
1502206272 338566
1502206272 597689
1502206272 766434
1502206272 921674
1502206273 147152
1502206273 233522
1502206273 499761
1502206273 597576
1502206273 720811
1502206273 913935
1502206274 91262
1502206274 342778
1502206274 598195
1502206274 814836
1502206275 20342
1502206275 261920
1502206275 501331
1502206275 735723
1502206275 870333
1502206275 986609
1502206276 191868
1502206276 378510
1502206276 602929
1502206276 780256
1502206276 893389
1502206277 44093
1502206277 191438
1502206277 377734
1502206277 451848
1502206277 696267
1502206277 915840
1502206278 56167
1502206278 313554
1502206278 500283
1502206278 748565
1502206278 872935
1502206278 956120
1502206279 71605
1502206279 259088
1502206279 453367
1502206279 606787
1502206279 820180
1502206279 905533
1502206280 117753
1502206280 329235
1502206280 576703
1502206280 790502
1502206281 38084
1502206281 203226
1502206281 287709
1502206281 422847
1502206281 593323
1502206281 789548
1502206281 952015
1502206282 55882
1502206282 214681
1502206282 463886
1502206282 641644
1502206282 722029
1502206282 985811
1502206283 235908
1502206283 365303
1502206283 526489
1502206283 653740
1502206283 862174
1502206283 953555
1502206284 165861
1502206284 368199
1502206284 485754
1502206284 601075
1502206284 866296
1502206284 949710
1502206285 133900
1502206285 316441
1502206285 462777
1502206285 665310
1502206285 806603
1502206285 904923
1502206286 112186
1502206286 265593
1502206286 455867
1502206286 665519
1502206286 881961
1502206286 971608
1502206287 189625
1502206287 320035
1502206287 571252
1502206287 688848
1502206287 849172
1502206288 110563
1502206288 284141
1502206288 546492
1502206288 811974
1502206288 966603
1502206289 126206
1502206289 327305
1502206289 571037
1502206289 683349
1502206289 926862
1502206290 44153
1502206290 159550
1502206290 286966
1502206290 447073
1502206290 706469
1502206290 857921
1502206291 29392
1502206291 249913
1502206291 351470
1502206291 525430
1502206291 770592
1502206291 863556
1502206292 123547
1502206292 332306
1502206292 521905
1502206292 773998
1502206292 927660
1502206293 27928
1502206293 247154
1502206293 455705
1502206293 705117
1502206293 780612
1502206293 857729
1502206293 952357
1502206294 186350
1502206294 410659
1502206294 653494
1502206294 767082
1502206294 888947
1502206295 48478
1502206295 136610
1502206295 330903
1502206295 514343
1502206295 600789
1502206295 765255
1502206295 862283
1502206296 90592
1502206296 291233
1502206296 540517
1502206296 808121
1502206297 16719
1502206297 134110
1502206297 248515
1502206297 472729
1502206297 607114
1502206297 729493
1502206297 872561
1502206298 103096
1502206298 321497
1502206298 512184
1502206298 668229
1502206298 833788
1502206299 25754
1502206299 167967
1502206299 260901
1502206299 434188
1502206299 576562
1502206299 839836
1502206300 27463
1502206300 267094
1502206300 393631
1502206300 505812
1502206300 603094
1502206300 843299
1502206300 922406
1502206301 94059
1502206301 280104
1502206301 452934
1502206301 703967
1502206301 809687
1502206302 77017
1502206302 279782
1502206302 505998
1502206302 739332
1502206302 984144
1502206303 116800
1502206303 287353
1502206303 537338
1502206303 714865
1502206303 858383
1502206304 13654
1502206304 168281
1502206304 321409
1502206304 504885
1502206304 645471
1502206304 740349
1502206304 878637
1502206305 91034
1502206305 324344
1502206305 416898
1502206305 551013
1502206305 775343
1502206305 969941
1502206306 149432
1502206306 235724
1502206306 322022
1502206306 492277
1502206306 736736
1502206306 857024
1502206307 11654
1502206307 255861
1502206307 375595
1502206307 601605
1502206307 686017
1502206307 891231
1502206308 86754
1502206308 294207
1502206308 501640
1502206308 695116
1502206308 803615
1502206308 980741
1502206309 61088
1502206309 186348
1502206309 268657
1502206309 348850
1502206309 570073
1502206309 652504
1502206309 890551
1502206310 99290
1502206310 262465
1502206310 428039
1502206310 678523
1502206310 934044
1502206311 82356
1502206311 217953
1502206311 334391
1502206311 587459
1502206311 729127
1502206311 848422
1502206311 978595
1502206312 128119
1502206312 210011
1502206312 358984
1502206312 559910
1502206312 737257
1502206312 836535
1502206312 991977
1502206313 97232
1502206313 352554
1502206313 512332
1502206313 687348
1502206313 788802
1502206313 899983
1502206314 59404
1502206314 271535
1502206314 476023
1502206314 641531
1502206314 760895
1502206314 863336
1502206315 125439
1502206315 209992
1502206315 351247
1502206315 485701
1502206315 601806
1502206315 786314
1502206315 986477
1502206316 164891
1502206316 355358
1502206316 469778
1502206316 728114
1502206316 819752
1502206316 997161
1502206317 169511
1502206317 402821
1502206317 626577
1502206317 763839
1502206317 985392
1502206318 230704
1502206318 314403
1502206318 562455
1502206318 680151
1502206318 891338
1502206319 60743
1502206319 161408
1502206319 256486
1502206319 514826
1502206319 612297
1502206319 785794
1502206319 964908
1502206320 160376
1502206320 290954
1502206320 479302
1502206320 701503
1502206320 849897
1502206321 235
1502206321 123631
1502206321 302901
1502206321 517354
1502206321 647864
1502206321 821159
1502206321 993426
1502206322 244856
1502206322 389643
1502206322 551904
1502206322 714524
1502206322 814504
1502206323 76716
1502206323 197363
1502206323 394510
1502206323 597944
1502206323 811422
1502206324 38982
1502206324 145422
1502206324 242607
1502206324 482990
1502206324 693165
1502206324 845024
1502206325 26734
1502206325 247585
1502206325 397052
1502206325 550660
1502206325 785101
1502206326 36349
1502206326 145261
1502206326 365094
1502206326 528986
1502206326 746275
1502206326 828513
1502206326 960030
1502206327 88504
1502206327 222309
1502206327 434460
1502206327 622356
1502206327 771554
1502206327 957900
1502206328 167271
1502206328 306846
1502206328 561076
1502206328 784567
1502206328 999149
1502206329 240565
1502206329 360301
1502206329 599312
1502206329 701052
1502206329 840750
1502206329 971774
1502206330 231651
1502206330 496582
1502206330 671918
1502206330 875424
1502206331 70755
1502206331 312381
1502206331 577587
1502206331 719711
1502206331 809002
1502206331 902387
1502206332 159544
1502206332 271086
1502206332 464284
1502206332 554623
1502206332 740747
1502206333 7110
1502206333 113850
1502206333 207075
1502206333 369436
1502206333 564522
1502206333 724873
1502206333 956238
1502206334 135833
1502206334 291138
1502206334 402563
1502206334 487821
1502206334 598201
1502206334 697436
1502206334 959480
1502206335 140153
1502206335 256429
1502206335 473858
1502206335 683223
1502206335 894921
1502206336 129191
1502206336 353656
1502206336 496238
1502206336 640716
1502206336 904906
1502206337 83502
1502206337 280149
1502206337 366275
1502206337 532616
1502206337 629718
1502206337 851220
1502206338 36749
1502206338 262334
1502206338 401438
1502206338 634843
1502206338 835205
1502206339 73184
1502206339 271541
1502206339 361043
1502206339 457103
1502206339 607345
1502206339 715463
1502206339 962609
1502206340 94354
1502206340 234642
1502206340 354306
1502206340 433556
1502206340 696426
1502206340 802963
1502206340 939138
1502206341 163435
1502206341 267903
1502206341 459459
1502206341 579682
1502206341 794040
1502206341 939424
1502206342 202596
1502206342 454249
1502206342 577883
1502206342 751218
1502206342 887498
1502206343 15783
1502206343 195013
1502206343 359589
1502206343 581970
1502206343 760478
1502206343 888996
1502206343 984130
1502206344 146292
1502206344 411565
1502206344 662228
1502206344 749846
1502206344 980229
1502206345 156508
1502206345 399212
1502206345 663232
1502206345 886037
1502206346 22631
1502206346 184857
1502206346 426362
1502206346 593836
1502206346 763094
1502206346 875580
1502206346 985029
1502206347 109421
1502206347 311476
1502206347 464892
1502206347 703184
1502206347 960720
1502206348 58206
1502206348 286596
1502206348 450139
1502206348 685539
1502206348 778113
1502206349 42095
1502206349 240848
1502206349 436279
1502206349 559522
1502206349 729166
1502206349 895466
1502206350 136918
1502206350 335172
1502206350 596634
1502206350 820149
1502206351 83001
1502206351 297668
1502206351 532852
1502206351 736410
1502206351 919778
1502206352 78183
1502206352 163681
1502206352 348672
1502206352 474218
1502206352 593354
1502206352 822839
1502206352 927103
1502206353 14394
1502206353 184560
1502206353 298009
1502206353 424391
1502206353 681491
1502206353 785017
1502206353 896445
1502206354 91731
1502206354 241251
1502206354 395352
1502206354 482781
1502206354 599075
1502206354 804248
1502206355 39975
1502206355 258176
1502206355 340661
1502206355 555850
1502206355 644404
1502206355 910586
1502206356 101374
1502206356 323873
1502206356 424495
1502206356 580401
1502206356 839788
1502206357 8478
1502206357 117901
1502206357 227019
1502206357 350214
1502206357 505440
1502206357 748591
1502206358 13246
1502206358 252026
1502206358 425631
1502206358 544839
1502206358 726275
1502206358 824702
1502206358 914666
1502206359 154279
1502206359 310462
1502206359 523784
1502206359 747283
1502206359 947673
1502206360 43233
1502206360 127396
1502206360 357714
1502206360 468222
1502206360 673508
1502206360 844874
1502206360 958288
1502206361 72557
1502206361 265938
1502206361 422060
1502206361 677518
1502206361 913169
1502206362 137541
1502206362 272085
1502206362 388413
1502206362 479715
1502206362 685903
1502206362 915357
1502206363 91028
1502206363 294237
1502206363 543762
1502206363 631281
1502206363 807537
1502206363 931923
1502206364 69312
1502206364 237534
1502206364 352042
1502206364 599342
1502206364 860732
1502206365 102209
1502206365 299917
1502206365 484126
1502206365 696556
1502206365 931423
1502206366 57620
1502206366 176164
1502206366 351276
1502206366 536530
1502206366 758240
1502206366 991449
1502206367 101387
1502206367 372620
1502206367 599854
1502206367 686354
1502206367 881215
1502206368 36172
1502206368 130390
1502206368 225677
1502206368 417922
1502206368 652412
1502206368 918725
1502206369 187350
1502206369 336281
1502206369 480356
1502206369 647594
1502206369 748976
1502206369 845123
1502206369 946620
1502206370 198564
1502206370 325343
1502206370 491579
1502206370 659618
1502206370 768381
1502206370 961645
1502206371 147233
1502206371 245616
1502206371 407649
1502206371 486314
1502206371 650547
1502206371 774546
1502206371 917715
1502206372 184554
1502206372 408080
1502206372 539170
1502206372 697561
1502206372 800916
1502206372 926967
1502206373 120558
1502206373 300276
1502206373 431352
1502206373 631577
1502206373 857042
1502206373 963784
1502206374 180924
1502206374 285172
1502206374 413830
1502206374 664735
1502206374 782762
1502206375 30322
1502206375 298747
1502206375 518534
1502206375 753874
1502206375 873523
1502206376 72800
1502206376 334201
1502206376 539745
1502206376 739263
1502206376 820603
1502206377 11149
1502206377 209566
1502206377 296709
1502206377 401912
1502206377 537244
1502206377 749473
1502206377 863921
1502206378 45355
1502206378 173648
1502206378 268864
1502206378 390063
1502206378 639681
1502206378 822971
1502206378 909432
1502206379 1633
1502206379 203724
1502206379 308149
1502206379 533402
1502206379 691982
1502206379 875402
1502206379 961714
1502206380 180851
1502206380 353317
1502206380 573805
1502206380 681316
1502206380 762599
1502206380 923222
1502206381 104461
1502206381 256685
1502206381 519015
1502206381 631743
1502206381 730780
1502206381 966466
1502206382 42557
1502206382 149661
1502206382 339017
1502206382 543315
1502206382 684700
1502206382 842083
1502206383 91503
1502206383 273910
1502206383 462415
1502206383 630862
1502206383 725340
1502206383 973397
1502206384 217084
1502206384 438610
1502206384 526353
1502206384 649201
1502206384 851483
1502206384 956820
1502206385 110293
1502206385 245703
1502206385 385761
1502206385 611206
1502206385 762752
1502206385 995603
1502206386 207576
1502206386 383685
1502206386 645544
1502206386 727957
1502206386 859639
1502206386 981433
1502206387 237885
1502206387 445242
1502206387 536715
1502206387 652898
1502206387 898071
1502206387 993760
1502206388 137055
1502206388 245407
1502206388 339707
1502206388 560726
1502206388 637204
1502206388 895284
1502206389 117092
1502206389 313640
1502206389 413088
1502206389 505776
1502206389 730585
1502206389 964398
1502206390 71531
1502206390 314437
1502206390 531339
1502206390 783257
1502206390 924360
1502206391 37681
1502206391 112893
1502206391 328085
1502206391 435643
1502206391 648472
1502206391 781519
1502206391 972316
1502206392 72056
1502206392 234161
1502206392 342777
1502206392 550891
1502206392 714555
1502206392 884366
1502206393 43892
1502206393 254369
1502206393 510829
1502206393 614561
1502206393 784938
1502206393 873347
1502206393 978457
1502206394 117684
1502206394 320124
1502206394 467426
1502206394 591592
1502206394 764051
1502206394 925381
1502206395 138170
1502206395 371451
1502206395 522932
1502206395 791076
1502206396 4367
1502206396 128535
1502206396 377607
1502206396 627140
1502206396 822843
1502206396 937083
1502206397 118402
1502206397 384610
1502206397 647704
1502206397 786360
1502206398 50090
1502206398 249052
1502206398 445174
1502206398 534793
1502206398 751723
1502206399 10380
1502206399 191159
1502206399 362189
1502206399 498641
1502206399 580656
1502206399 793377
1502206400 7817
1502206400 135209
1502206400 385538
1502206400 503044
1502206400 630383
1502206400 884710
1502206401 116301
1502206401 252378
1502206401 519217
1502206401 606970
1502206401 863849
1502206402 5473
1502206402 180047
1502206402 328235
1502206402 590393
1502206402 735096
1502206402 843359
1502206402 978887
1502206403 198720
1502206403 376382
1502206403 642784
1502206403 785404
1502206403 991717
1502206404 95901
1502206404 176373
1502206404 301578
1502206404 389901
1502206404 470133
1502206404 677413
1502206404 848694
1502206405 15088
1502206405 116565
1502206405 265793
1502206405 413970
1502206405 623417
1502206405 863985
1502206406 110498
1502206406 336059
1502206406 599236
1502206406 688226
1502206406 810343
1502206406 988704
1502206407 186153
1502206407 435705
1502206407 596230
1502206407 670383
1502206407 879422
1502206408 102941
1502206408 359395
1502206408 444014
1502206408 525139
1502206408 601379
1502206408 750632
1502206408 886048
1502206408 972276
1502206409 167329
1502206409 378318
1502206409 475267
1502206409 635515
1502206409 739012
1502206409 904307
1502206410 55672
1502206410 256865
1502206410 489321
1502206410 581788
1502206410 655847
1502206410 894289
1502206411 14773
1502206411 259637
1502206411 450548
1502206411 660966
1502206411 914364
1502206412 44096
1502206412 268365
1502206412 500951
1502206412 659371
1502206412 798657
1502206413 35041
1502206413 155658
1502206413 249913
1502206413 459113
1502206413 625504
1502206413 780035
1502206413 987291
1502206414 140788
1502206414 306904
1502206414 430394
1502206414 582771
1502206414 670059
1502206414 912278
1502206415 24245
1502206415 226089
1502206415 392083
1502206415 659982
1502206415 898581
1502206416 63192
1502206416 320502
1502206416 456070
1502206416 626349
1502206416 840725
1502206417 51003
1502206417 239649
1502206417 377110
1502206417 595521
1502206417 793275
1502206418 280
1502206418 225770
1502206418 390194
1502206418 476338
1502206418 681932
1502206418 944136
1502206419 110630
1502206419 225331
1502206419 442461
1502206419 675053
1502206419 833441
1502206419 938828
1502206420 195901
1502206420 429750
1502206420 633179
1502206420 840753
1502206420 988293
1502206421 256717
1502206421 393292
1502206421 653484
1502206421 864101
1502206422 117539
1502206422 325502
1502206422 457516
1502206422 706013
1502206422 817538
1502206423 54177
1502206423 231166
1502206423 416309
1502206423 562133
1502206423 758562
1502206423 979738
1502206424 248885
1502206424 368222
1502206424 468754
1502206424 619097
1502206424 801931
1502206424 931725
1502206425 34547
1502206425 256754
1502206425 333099
1502206425 530629
1502206425 670828
1502206425 854229
1502206426 87528
1502206426 246013
1502206426 478773
1502206426 585902
1502206426 745666
1502206426 916699
1502206427 173734
1502206427 354499
1502206427 536962
1502206427 719301
1502206427 985009
1502206428 78805
1502206428 251397
1502206428 346084
1502206428 447985
1502206428 583262
1502206428 753725
1502206428 987041
1502206429 176135
1502206429 432918
1502206429 587278
1502206429 747060
1502206429 921519
1502206430 10107
1502206430 231919
1502206430 398878
1502206430 634126
1502206430 813892
1502206431 13893
1502206431 241696
1502206431 472328
1502206431 570872
1502206431 780416
1502206432 20907
1502206432 267736
1502206432 522940
1502206432 737241
1502206432 837227
1502206432 914442
1502206433 94229
1502206433 173763
1502206433 425038
1502206433 620812
1502206433 852099
1502206433 992618
1502206434 76134
1502206434 183775
1502206434 396438
1502206434 605729
1502206434 687279
1502206434 828170
