1502193871 446294
1502193871 580557
1502193871 772047
1502193871 907166
1502193872 12467
1502193872 195070
1502193872 377460
1502193872 550019
1502193872 761268
1502193872 971762
1502193873 164173
1502193873 308465
1502193873 384692
1502193873 519116
1502193873 711423
1502193873 864748
1502193874 9061
1502193874 86182
1502193874 344789
1502193874 440991
1502193874 671461
1502193874 776747
1502193874 853882
1502193875 74496
1502193875 151615
1502193875 324118
1502193875 401097
1502193875 525494
1502193875 929353
1502193876 168985
1502193876 389521
1502193876 476508
1502193876 591771
1502193876 774311
1502193876 879527
1502193877 51958
1502193877 234302
1502193877 474788
1502193877 896784
1502193878 31062
1502193878 252479
1502193878 328803
1502193878 741667
1502193878 904812
1502193879 29274
1502193879 211838
1502193879 297871
1502193879 480336
1502193879 586486
1502193879 758952
1502193879 912338
1502193880 75765
1502193880 200892
1502193880 306165
1502193880 450439
1502193880 555688
1502193880 661006
1502193880 891518
1502193880 968712
1502193881 467758
1502193881 688335
1502193881 861678
1502193882 312596
1502193882 533123
1502193883 51378
1502193883 262801
1502193883 426114
1502193883 627656
1502193883 877204
1502193884 88683
1502193884 348192
1502193884 606782
1502193884 732169
1502193884 837281
1502193885 29691
1502193885 105988
1502193885 355758
1502193885 509778
1502193885 663144
1502193885 883778
1502193886 57069
1502193886 306507
1502193886 479109
1502193886 680528
1502193886 901099
1502193887 381147
1502193887 487204
1502193887 573515
1502193887 986672
1502193888 168946
1502193888 332130
