1499341895 951259
1499341896 130078
1499341896 302415
1499341896 467526
1499341896 626583
1499341896 793634
1499341896 987401
1499341897 142914
1499341897 313339
1499341897 462832
1499341897 632035
1499341897 793626
1499341897 958123
1499341898 108235
1499341898 281601
1499341898 433040
1499341898 608854
1499341898 792850
1499341898 944069
1499341899 125445
1499341899 275743
1499341899 431159
1499341899 608407
1499341899 796785
1499341899 950156
1499341900 94848
1499341900 245996
1499341900 432604
1499341900 618978
1499341900 789385
1499341900 938795
1499341901 120941
1499341901 265624
1499341901 451626
1499341901 619087
1499341901 765694
1499341901 914750
1499341902 66170
1499341902 256707
1499341902 436051
1499341902 587704
1499341902 733707
1499341902 898146
1499341903 53647
1499341903 239843
1499341903 386202
1499341903 566415
1499341903 711755
1499341903 897367
1499341904 64969
1499341904 211163
1499341904 381859
1499341904 535759
1499341904 692118
1499341904 860762
1499341905 18245
1499341905 166254
1499341905 336536
1499341905 512457
1499341905 676690
1499341905 846185
1499341906 3383
1499341906 172777
1499341906 352424
1499341906 515567
1499341906 657841
1499341906 804263
1499341906 983577
1499341907 166818
1499341907 317162
1499341907 467362
1499341907 638766
1499341907 789132
1499341907 966031
1499341908 122906
1499341908 315337
1499341908 493239
1499341908 670173
1499341908 845654
1499341908 995403
1499341909 167231
1499341909 346787
1499341909 512212
1499341909 673557
1499341909 822883
1499341909 980050
1499341910 119573
1499341910 278734
1499341910 457049
1499341910 599684
1499341910 746183
1499341910 905317
1499341911 67850
1499341911 269147
1499341911 458039
1499341911 632507
1499341911 817879
1499341911 987201
1499341912 133878
1499341912 297121
1499341912 464559
1499341912 644271
1499341912 796231
1499341912 958191
1499341913 148729
1499341913 324161
1499341913 496576
1499341913 662721
1499341913 825229
1499341914 13951
1499341914 187281
1499341914 342793
1499341914 521859
1499341914 665267
1499341914 803466
1499341914 989694
1499341915 163281
1499341915 324692
1499341915 501998
1499341915 651342
1499341915 801953
1499341915 974249
1499341916 131594
1499341916 298419
1499341916 444441
1499341916 590678
1499341916 767804
1499341916 946457
1499341917 89893
1499341917 250108
1499341917 425382
1499341917 588838
1499341917 753510
1499341917 899796
1499341918 75381
1499341918 229052
1499341918 381758
1499341918 536317
1499341918 724383
1499341918 865761
1499341919 7969
1499341919 180302
1499341919 344068
1499341919 498202
1499341919 660789
1499341919 805101
1499341919 975943
1499341920 147725
1499341920 295056
1499341920 473556
1499341920 658080
1499341920 843651
1499341921 19028
1499341921 202258
1499341921 404670
1499341921 573073
1499341921 735503
1499341921 919877
1499341922 65300
1499341922 208494
1499341922 364606
1499341922 537055
1499341922 728767
1499341922 878202
1499341923 54346
1499341923 230801
1499341923 390291
1499341923 560346
1499341923 717718
1499341923 887327
1499341924 59962
1499341924 204128
1499341924 365397
1499341924 547733
1499341924 737237
1499341924 927011
1499341925 94994
1499341925 272236
1499341925 466021
1499341925 624629
1499341925 794777
1499341925 977082
1499341926 162649
1499341926 327047
1499341926 473126
1499341926 658671
1499341926 835896
1499341927 18269
1499341927 181295
1499341927 338989
1499341927 508688
1499341927 655931
1499341927 815513
1499341927 970717
1499341928 126964
1499341928 269566
1499341928 416194
1499341928 562756
1499341928 741650
1499341928 884890
1499341929 69134
1499341929 252909
1499341929 421309
1499341929 598625
1499341929 767395
1499341929 956217
1499341930 107671
1499341930 286824
1499341930 443152
1499341930 589480
1499341930 745201
1499341930 895470
1499341931 36942
1499341931 177878
1499341931 364303
1499341931 521685
1499341931 697236
1499341931 875344
1499341932 18163
1499341932 164166
1499341932 357651
1499341932 529482
1499341932 676360
1499341932 855909
1499341933 20177
1499341933 196067
1499341933 376986
1499341933 551629
1499341933 714130
1499341933 899378
1499341934 49592
1499341934 227855
1499341934 379320
1499341934 566608
1499341934 745208
1499341934 928538
1499341935 127935
1499341935 293166
1499341935 457810
1499341935 612131
1499341935 792085
1499341935 941805
1499341936 111386
1499341936 292796
1499341936 490134
1499341936 662839
1499341936 848002
1499341937 2418
1499341937 157392
1499341937 342076
1499341937 485312
1499341937 641491
1499341937 786805
1499341937 952090
1499341938 110587
1499341938 271167
1499341938 436821
1499341938 583566
1499341938 746468
1499341938 898588
1499341939 85069
1499341939 273981
1499341939 461217
1499341939 623951
1499341939 815472
1499341939 994248
1499341940 175704
1499341940 357660
1499341940 519347
1499341940 689478
1499341940 839865
1499341940 980284
1499341941 143775
1499341941 327164
1499341941 469038
1499341941 646854
1499341941 828152
1499341941 972457
1499341942 140825
1499341942 315401
1499341942 500976
1499341942 670999
1499341942 814629
1499341942 993869
1499341943 157546
1499341943 306551
1499341943 493046
1499341943 681689
1499341943 836314
1499341943 986481
1499341944 153487
1499341944 337110
1499341944 512971
1499341944 681825
1499341944 833297
1499341944 978543
1499341945 161394
1499341945 331163
1499341945 512550
1499341945 693294
1499341945 870500
1499341946 46668
1499341946 223074
1499341946 373306
1499341946 535039
1499341946 721401
1499341946 869052
1499341947 44813
1499341947 197359
1499341947 376547
1499341947 545959
1499341947 736462
1499341947 928229
1499341948 87741
1499341948 256592
1499341948 410087
1499341948 597524
1499341948 769510
1499341948 941251
1499341949 120539
1499341949 296036
1499341949 484705
1499341949 674206
1499341949 832356
1499341949 974764
1499341950 127241
1499341950 283249
1499341950 427558
1499341950 581757
1499341950 760142
1499341950 927952
1499341951 111057
1499341951 275341
1499341951 437836
1499341951 629931
1499341951 785581
1499341951 968462
1499341952 133608
1499341952 312006
1499341952 472445
1499341952 662537
1499341952 824084
1499341952 985738
1499341953 166032
1499341953 323239
1499341953 468520
1499341953 642201
1499341953 812643
1499341953 963943
1499341954 158192
1499341954 321826
1499341954 488016
1499341954 673348
1499341954 864708
1499341955 35749
1499341955 195433
1499341955 346927
1499341955 536160
1499341955 691119
1499341955 834919
1499341956 3496
1499341956 152671
1499341956 342081
1499341956 519534
1499341956 694845
1499341956 850364
1499341957 6893
1499341957 158163
1499341957 350788
1499341957 525853
1499341957 712174
1499341957 873484
1499341958 32472
1499341958 184720
1499341958 340578
1499341958 501540
1499341958 690785
1499341958 870343
1499341959 66578
1499341959 220531
1499341959 388575
1499341959 557588
1499341959 750857
1499341959 907999
1499341960 64198
1499341960 241786
1499341960 433571
1499341960 626153
1499341960 790039
1499341960 954795
1499341961 122664
1499341961 320365
1499341961 504764
1499341961 698327
1499341961 866839
1499341962 52878
1499341962 220420
1499341962 391086
1499341962 566569
1499341962 753831
1499341962 925980
1499341963 113402
1499341963 259193
1499341963 428103
1499341963 619422
1499341963 787012
1499341963 949475
1499341964 110203
1499341964 270021
1499341964 451295
1499341964 609943
1499341964 760796
1499341964 938766
1499341965 96924
1499341965 269670
1499341965 417245
1499341965 600229
1499341965 784462
1499341965 963516
1499341966 141516
1499341966 291983
1499341966 450446
1499341966 637890
1499341966 813600
1499341967 556
1499341967 191503
1499341967 388408
1499341967 566018
1499341967 718278
1499341967 910777
1499341968 93294
1499341968 278815
1499341968 458193
1499341968 615569
1499341968 766454
1499341968 946044
1499341969 120841
1499341969 308855
1499341969 467621
1499341969 635855
1499341969 812069
1499341969 973301
1499341970 140255
1499341970 320532
1499341970 499942
1499341970 680260
1499341970 855765
1499341971 44066
1499341971 190350
1499341971 379517
1499341971 533177
1499341971 682885
1499341971 853844
1499341972 4689
1499341972 157682
1499341972 333837
1499341972 530410
1499341972 682307
1499341972 864017
1499341973 38105
1499341973 208313
1499341973 382453
1499341973 553580
1499341973 723883
1499341973 887122
1499341974 55739
1499341974 244504
1499341974 392446
1499341974 547049
1499341974 711652
1499341974 877898
1499341975 47817
1499341975 202181
1499341975 357817
1499341975 536061
1499341975 727433
1499341975 924065
1499341976 115482
1499341976 290782
1499341976 473128
1499341976 662775
1499341976 834092
1499341977 24795
1499341977 201935
1499341977 370205
1499341977 545772
1499341977 713142
1499341977 873680
1499341978 39976
1499341978 208056
1499341978 360433
1499341978 517132
1499341978 690511
1499341978 847749
1499341979 4572
1499341979 176750
1499341979 374851
1499341979 523371
1499341979 690005
1499341979 844600
1499341980 24587
1499341980 197936
1499341980 359607
1499341980 535827
1499341980 693430
1499341980 883750
1499341981 66021
1499341981 217256
1499341981 405734
1499341981 573021
1499341981 750478
1499341981 924846
1499341982 80430
1499341982 235120
1499341982 401601
1499341982 555817
1499341982 751431
1499341982 936813
1499341983 119931
1499341983 270418
1499341983 432510
1499341983 588899
1499341983 784652
1499341983 971810
1499341984 131438
1499341984 276785
1499341984 435307
1499341984 617329
1499341984 784142
1499341984 963841
1499341985 146811
1499341985 333372
1499341985 512124
1499341985 688943
1499341985 883188
1499341986 80751
1499341986 242404
1499341986 400693
1499341986 568801
1499341986 715283
1499341986 894603
1499341987 78021
1499341987 263271
1499341987 450954
1499341987 614128
1499341987 785373
1499341987 975825
1499341988 161744
1499341988 341743
1499341988 512324
1499341988 695666
1499341988 880075
1499341989 34263
1499341989 185944
1499341989 347386
1499341989 520109
1499341989 684351
1499341989 864518
1499341990 56734
1499341990 251277
1499341990 398673
1499341990 590405
1499341990 771451
1499341990 962912
1499341991 128385
1499341991 299979
1499341991 486966
1499341991 649556
1499341991 843027
1499341992 35395
1499341992 209367
1499341992 378562
1499341992 552065
1499341992 712083
1499341992 911639
1499341993 65787
1499341993 220484
1499341993 381590
1499341993 532963
1499341993 686124
1499341993 860830
1499341994 44243
1499341994 219525
1499341994 376202
1499341994 547016
1499341994 701145
1499341994 867281
1499341995 32443
1499341995 217761
1499341995 403532
1499341995 594964
1499341995 770131
1499341995 915961
1499341996 77967
1499341996 265160
1499341996 437999
1499341996 586132
1499341996 752024
1499341996 936118
1499341997 86189
1499341997 273623
1499341997 467940
1499341997 644386
1499341997 816722
1499341997 994940
1499341998 169453
1499341998 333687
1499341998 533157
1499341998 725873
1499341998 880200
1499341999 68629
1499341999 249246
1499341999 427170
1499341999 582819
1499341999 778986
1499341999 956845
1499342000 110937
1499342000 295268
1499342000 450078
1499342000 615444
1499342000 773436
1499342000 971990
1499342001 154766
1499342001 310039
1499342001 501140
1499342001 681130
1499342001 834980
1499342002 27445
1499342002 213602
1499342002 379187
1499342002 537623
1499342002 717373
1499342002 884162
1499342003 54851
1499342003 220954
1499342003 403428
1499342003 559116
1499342003 754301
1499342003 938885
1499342004 109836
1499342004 309934
1499342004 479034
1499342004 654364
1499342004 845881
1499342005 33125
1499342005 197382
1499342005 375827
1499342005 547633
1499342005 722714
1499342005 888525
1499342006 59733
1499342006 223892
1499342006 376567
1499342006 533593
1499342006 714054
1499342006 910081
1499342007 71856
1499342007 242245
1499342007 431842
1499342007 620903
1499342007 780378
1499342007 976920
1499342008 145292
1499342008 295564
1499342008 462898
1499342008 645263
1499342008 803995
1499342008 989516
1499342009 153585
1499342009 304024
1499342009 481241
1499342009 666636
1499342009 814930
1499342009 976325
1499342010 155622
1499342010 336387
1499342010 497648
1499342010 674193
1499342010 843389
1499342011 31782
1499342011 211373
1499342011 382082
1499342011 559465
1499342011 736602
1499342011 892807
1499342012 50497
1499342012 225994
1499342012 373859
1499342012 528077
1499342012 722664
1499342012 898156
1499342013 69584
1499342013 256776
1499342013 442570
1499342013 618776
1499342013 804367
1499342013 987922
1499342014 142345
1499342014 330480
1499342014 505846
1499342014 701498
1499342014 864284
1499342015 22611
1499342015 202795
1499342015 387797
1499342015 582071
1499342015 732501
1499342015 892907
1499342016 77820
1499342016 242981
1499342016 408089
1499342016 606531
1499342016 765009
1499342016 939097
1499342017 112754
1499342017 288434
1499342017 488552
1499342017 673039
1499342017 846538
1499342018 21954
1499342018 180521
1499342018 331441
1499342018 501690
1499342018 694117
1499342018 861827
1499342019 26039
1499342019 227067
1499342019 408068
1499342019 588661
1499342019 762655
1499342019 931778
1499342020 122794
1499342020 315477
1499342020 472643
1499342020 653596
1499342020 805988
1499342020 960016
1499342021 132110
1499342021 310306
1499342021 502773
1499342021 686907
1499342021 841401
1499342022 21801
1499342022 206256
1499342022 384541
1499342022 550828
1499342022 729423
1499342022 885003
1499342023 52102
1499342023 226797
1499342023 375357
1499342023 563222
1499342023 731924
1499342023 897288
1499342024 91319
1499342024 261976
1499342024 444487
1499342024 634885
1499342024 804583
1499342024 975580
1499342025 127081
1499342025 315813
1499342025 483796
1499342025 672781
1499342025 855426
1499342026 10602
1499342026 185772
1499342026 376785
1499342026 551023
1499342026 703506
1499342026 896771
1499342027 41148
1499342027 239566
1499342027 419015
1499342027 609562
1499342027 801889
1499342027 990114
1499342028 161122
1499342028 346201
1499342028 527516
1499342028 720145
1499342028 912332
1499342029 72125
1499342029 245257
1499342029 406743
1499342029 566913
1499342029 761706
1499342029 950568
1499342030 137521
1499342030 312913
1499342030 499215
1499342030 655387
1499342030 824742
1499342030 985913
1499342031 155691
1499342031 321023
1499342031 468527
1499342031 632817
1499342031 822058
1499342031 978603
1499342032 176324
1499342032 340622
1499342032 504746
1499342032 689061
1499342032 846270
1499342033 8528
1499342033 155122
1499342033 316592
1499342033 505757
1499342033 676133
1499342033 836608
1499342033 995900
1499342034 162439
1499342034 332780
1499342034 503318
1499342034 698994
1499342034 855060
1499342035 46614
1499342035 220009
1499342035 382037
1499342035 556594
1499342035 721092
1499342035 894153
1499342036 63462
1499342036 220795
1499342036 398287
1499342036 567143
1499342036 747169
1499342036 913005
1499342037 74027
1499342037 248326
1499342037 439931
1499342037 636488
1499342037 792144
1499342037 961062
1499342038 130636
1499342038 282120
1499342038 469635
1499342038 632138
1499342038 791478
1499342038 959989
1499342039 112164
1499342039 268094
1499342039 453275
1499342039 653487
1499342039 846258
1499342040 5338
1499342040 200275
1499342040 387935
1499342040 582199
1499342040 734380
1499342040 917655
1499342041 95300
1499342041 256260
1499342041 448569
1499342041 609683
1499342041 772970
1499342041 948783
1499342042 103748
1499342042 280114
1499342042 463507
1499342042 646102
1499342042 810208
1499342043 443
1499342043 172002
1499342043 337035
1499342043 500007
1499342043 661326
1499342043 829565
1499342044 5382
1499342044 163840
1499342044 341016
1499342044 514024
1499342044 704325
1499342044 871050
1499342045 46329
1499342045 213517
1499342045 401193
1499342045 552173
1499342045 729201
1499342045 880437
1499342046 36024
1499342046 211671
1499342046 400382
1499342046 576594
1499342046 756444
1499342046 950746
1499342047 141154
1499342047 317079
1499342047 474066
1499342047 624025
1499342047 818655
1499342047 988715
1499342048 166208
1499342048 318913
1499342048 501326
1499342048 654200
1499342048 818242
1499342049 12138
1499342049 183544
1499342049 373073
1499342049 559921
1499342049 730929
1499342049 913233
1499342050 90246
1499342050 256251
1499342050 441581
1499342050 612667
1499342050 765416
1499342050 949010
1499342051 141379
1499342051 298537
1499342051 495837
1499342051 663290
1499342051 829917
1499342052 664
1499342052 187759
1499342052 346640
1499342052 536908
1499342052 714869
1499342052 881127
1499342053 51851
1499342053 226804
1499342053 382121
1499342053 536866
1499342053 718931
1499342053 896861
1499342054 67761
1499342054 230384
1499342054 406245
1499342054 556931
1499342054 750405
1499342054 926928
1499342055 101185
1499342055 280458
1499342055 456513
1499342055 632633
1499342055 782313
1499342055 958684
1499342056 144723
1499342056 340719
1499342056 521554
1499342056 692249
1499342056 852768
1499342057 29986
1499342057 193352
1499342057 365178
1499342057 534559
1499342057 681899
1499342057 834214
1499342058 10078
1499342058 186038
1499342058 362322
1499342058 545136
1499342058 697245
1499342058 873439
1499342059 53405
1499342059 223393
1499342059 392701
1499342059 581373
1499342059 743650
1499342059 888999
1499342060 33249
1499342060 198233
1499342060 373434
1499342060 545321
1499342060 715934
1499342060 902392
1499342061 98492
1499342061 282135
1499342061 480679
1499342061 656595
1499342061 832564
1499342062 29312
1499342062 194537
1499342062 349021
1499342062 544985
1499342062 721497
1499342062 880000
1499342063 35974
1499342063 207248
1499342063 377990
1499342063 530967
1499342063 686795
1499342063 844905
1499342064 20528
1499342064 201396
1499342064 373010
1499342064 542190
1499342064 712850
1499342064 906175
1499342065 82048
1499342065 271346
1499342065 463405
1499342065 611752
1499342065 773359
1499342065 930660
1499342066 106291
1499342066 287064
1499342066 467708
1499342066 713905
1499342066 894116
1499342067 67384
1499342067 214497
1499342067 367686
1499342067 538690
1499342067 724283
1499342067 930220
1499342068 94746
1499342068 270911
1499342068 449269
1499342068 620244
1499342068 799635
1499342068 970381
1499342069 156431
1499342069 362214
1499342069 549749
1499342069 725414
1499342069 905944
1499342070 112202
1499342070 357713
1499342070 547565
1499342070 723362
1499342070 894780
1499342071 71295
1499342071 242231
1499342071 428103
1499342071 633565
1499342071 830902
1499342072 18753
1499342072 189767
1499342072 343840
1499342072 515077
1499342072 695520
1499342072 866452
1499342073 97485
1499342073 289348
1499342073 465839
1499342073 620181
1499342073 790963
1499342073 962039
1499342074 126030
1499342074 301795
1499342074 486966
1499342074 658056
1499342074 829120
1499342075 20250
1499342075 261338
1499342075 512085
1499342075 863151
1499342076 39444
1499342076 225279
1499342076 403407
1499342076 579921
1499342076 750945
1499342076 922083
1499342077 133515
1499342077 389382
1499342077 585355
1499342077 760930
1499342077 941372
1499342078 122638
1499342078 323605
1499342078 609600
1499342078 955651
1499342079 121641
1499342079 299747
1499342079 450254
1499342079 621034
1499342079 771838
1499342079 947767
1499342080 117676
1499342080 293701
1499342080 474631
1499342080 660852
1499342080 856785
1499342081 148067
1499342081 337468
1499342081 513611
1499342081 684819
1499342081 890778
1499342082 66679
1499342082 372452
1499342082 703710
1499342082 879553
1499342083 50777
1499342083 226759
1499342083 457257
1499342083 662961
1499342084 44269
1499342084 220267
1499342084 390959
1499342084 597541
1499342084 783886
1499342084 948533
1499342085 124351
1499342085 295275
1499342085 481646
1499342085 652329
1499342085 838279
1499342085 998126
1499342086 169396
1499342086 342123
1499342086 517658
1499342086 698730
1499342086 869855
1499342087 51032
1499342087 236858
1499342087 442430
1499342087 748164
1499342088 179027
1499342088 343592
1499342088 519508
1499342088 705148
1499342088 886404
1499342089 122665
1499342089 368584
1499342089 664408
1499342089 835539
1499342090 6385
1499342090 197124
1499342090 352185
1499342090 511451
1499342090 688117
1499342090 864204
1499342091 30446
1499342091 218870
1499342091 371153
1499342091 530463
1499342091 694238
1499342091 870058
1499342092 49776
1499342092 220701
1499342092 369890
1499342092 540989
1499342092 716670
1499342092 922738
1499342093 113565
1499342093 349099
1499342093 590174
