1502377550 1342
1502377550 455189
1502377550 511989
1502377550 570387
1502377550 713908
1502377551 5875
1502377551 213834
1502377551 280672
1502377551 339859
1502377551 407075
1502377551 463254
1502377551 520443
1502377551 578083
1502377552 296500
1502377552 364884
1502377552 785385
1502377552 852785
1502377554 214063
1502377554 281085
1502377554 427778
1502377554 500832
1502377554 560061
1502377555 491138
1502377555 558269
1502377555 702681
1502377556 200384
1502377556 268003
1502377556 334715
1502377556 405051
1502377557 900703
1502377558 609336
1502377558 677892
1502377558 744152
1502377559 242826
1502377559 886012
1502377559 953601
1502377560 20879
1502377560 87443
1502377560 738443
1502377560 881082
1502377561 237857
1502377561 447704
1502377565 382826
1502377565 745174
1502377565 822647
1502377565 885745
1502377565 950007
1502377566 17372
1502377566 85097
1502377566 151000
1502377566 208187
1502377566 274609
1502377566 331842
1502377566 389828
1502377566 457000
1502377566 514274
1502377566 575083
1502377566 667539
1502377566 724678
1502377566 782876
1502377566 852845
1502377566 907284
1502377566 964486
1502377567 21670
1502377567 88590
1502377567 146790
