1502286389 91935
1502286389 111207
1502286389 331466
1502286389 341655
1502286389 475665
1502286389 495147
1502286389 619166
1502286389 638301
1502286389 734380
1502286389 744651
1502286389 897749
1502286389 993719
1502286390 3095
1502286390 128034
1502286390 138439
1502286390 320819
1502286390 511947
1502286390 531304
1502286390 665449
1502286390 675521
1502286390 732392
1502286390 809554
1502286390 866744
1502286390 886274
1502286390 953169
1502286390 963135
1502286391 30073
1502286391 183743
1502286391 202703
1502286391 269775
1502286391 346809
1502286391 356115
1502286391 577647
1502286391 759827
1502286391 769120
1502286392 114571
1502286392 124836
1502286392 200708
1502286392 335129
1502286392 441592
1502286392 451043
1502286392 575649
1502286392 585028
1502286392 681095
1502286392 825262
1502286392 844483
1502286392 911392
1502286392 930729
1502286393 170300
1502286393 352511
1502286393 371755
1502286393 534741
1502286393 612008
1502286393 631146
1502286393 717195
1502286393 736439
1502286393 803358
1502286393 958099
1502286394 62985
1502286394 82226
1502286394 226321
1502286394 283461
1502286394 303017
1502286394 389669
1502286394 523935
1502286394 533300
1502286394 665538
1502286394 782740
1502286394 994108
1502286395 13604
1502286395 147457
1502286395 166798
1502286395 243565
1502286395 550413
1502286395 570670
1502286395 694770
1502286395 886193
1502286395 906361
1502286395 982324
1502286396 78548
1502286396 88834
1502286396 241852
1502286396 309007
1502286396 318259
1502286396 529793
1502286396 596706
1502286396 616295
1502286396 701965
1502286396 789047
1502286396 798395
1502286396 865327
1502286396 875577
1502286396 942482
1502286397 66852
1502286397 77033
1502286397 211354
1502286397 412737
1502286397 758491
1502286397 768598
1502286397 835462
1502286397 844745
1502286397 902539
1502286397 959774
1502286397 969982
1502286398 180542
1502286398 381709
1502286398 401047
1502286398 641364
1502286398 660569
1502286398 775573
1502286398 890821
1502286398 900084
1502286398 986097
1502286399 111469
1502286399 120649
1502286399 390036
1502286399 399337
1502286399 533598
1502286399 696686
1502286399 715995
1502286399 956303
1502286399 965529
1502286400 71837
1502286400 311089
1502286400 321352
1502286400 551642
1502286400 570803
1502286400 772293
1502286401 11822
1502286401 30988
1502286401 155280
1502286401 376455
1502286401 385732
1502286401 481730
1502286401 501032
1502286401 616025
1502286401 635532
1502286401 741311
1502286401 750585
1502286401 827480
1502286401 837756
1502286402 48205
1502286402 58219
1502286402 144393
1502286402 154431
1502286402 403785
1502286402 423203
1502286402 576254
1502286402 586366
1502286402 796692
1502286402 816007
1502286402 921104
1502286402 941242
1502286403 151507
1502286403 161708
1502286403 257723
1502286403 266981
1502286403 382047
1502286403 392285
1502286403 468248
1502286403 554792
1502286403 612754
1502286403 939250
1502286403 948497
1502286404 168823
1502286404 189198
1502286404 284078
1502286404 294263
1502286404 457614
1502286404 563308
1502286404 648911
1502286404 669098
1502286404 736015
1502286404 851315
1502286404 860602
1502286405 110151
1502286405 120167
1502286405 215477
1502286405 426714
1502286405 445976
1502286405 531871
1502286405 551165
1502286405 666213
1502286405 676405
1502286405 925828
1502286405 935115
1502286406 2908
1502286406 12200
1502286406 165402
1502286406 175813
1502286406 251537
1502286406 261738
1502286406 395793
1502286406 492043
1502286406 511307
1502286406 597287
1502286406 607479
1502286406 760693
1502286406 779959
1502286406 865912
1502286406 894860
1502286407 134519
1502286407 144715
1502286407 326837
1502286407 528421
1502286407 537788
1502286407 787182
1502286407 807305
1502286408 36745
1502286408 56449
1502286408 238880
1502286408 373264
1502286408 468531
1502286408 487603
1502286408 727192
1502286408 746487
1502286408 804301
1502286408 871484
1502286408 889895
1502286408 985842
1502286409 53233
1502286409 149153
1502286409 168429
1502286409 245431
1502286409 408728
1502286409 437217
1502286409 811693
1502286409 830948
1502286410 70412
1502286410 90549
1502286410 166469
1502286410 349150
1502286410 483256
1502286410 588582
1502286410 607812
1502286410 809058
1502286410 829237
1502286410 905227
1502286410 924455
1502286411 1587
1502286411 184091
1502286411 385249
1502286411 433380
1502286411 664120
1502286411 779112
1502286411 798443
1502286411 961519
1502286412 18712
1502286412 38031
1502286412 181171
1502286412 248352
1502286412 268497
1502286412 325451
1502286412 652258
1502286412 671479
1502286412 882681
1502286412 902066
1502286412 988006
1502286413 7228
1502286413 103445
1502286413 342749
1502286413 362891
1502286413 564178
1502286413 583433
1502286413 630419
1502286413 824242
1502286413 957226
1502286413 976441
1502286414 62707
1502286414 206628
1502286414 225945
1502286414 359134
1502286414 388397
1502286414 685940
1502286414 705269
1502286414 992903
1502286415 13445
1502286415 280586
1502286415 472750
1502286415 492150
1502286415 674382
1502286415 693591
1502286415 818627
1502286415 839938
1502286415 894777
1502286415 914316
1502286416 48025
1502286416 67948
1502286416 163285
1502286416 183209
1502286416 412892
1502286416 432534
1502286416 576498
1502286416 595767
1502286417 133206
1502286417 152127
1502286417 199702
1502286417 487349
1502286417 507696
1502286417 727825
1502286417 747518
1502286417 804056
1502286417 910278
1502286418 16742
1502286418 208871
1502286418 284284
1502286418 313109
1502286418 476506
1502286418 496920
1502286418 533698
1502286418 619873
1502286418 678420
1502286418 831573
1502286418 965887
1502286418 985196
1502286419 81182
1502286419 100288
1502286419 187084
1502286419 263589
1502286419 378528
1502286419 398100
1502286419 512938
1502286419 532424
1502286419 743516
1502286419 753230
1502286419 829562
1502286419 916525
1502286420 60057
1502286420 79559
1502286420 175469
1502286420 195529
1502286420 290949
1502286420 482080
1502286420 549587
1502286420 645666
1502286420 665388
1502286420 703444
1502286420 779688
1502286420 799486
1502286420 866029
1502286420 886415
1502286420 943026
1502286421 163689
1502286421 183148
1502286421 259869
1502286421 279568
1502286421 375628
1502286421 557535
1502286421 576886
1502286421 662730
1502286421 683169
1502286421 874707
1502286422 56636
1502286422 75947
1502286422 277318
1502286422 298448
1502286422 402438
1502286422 537216
1502286422 603772
1502286422 623153
1502286422 699048
1502286422 718600
1502286422 814751
1502286423 15823
1502286423 35500
1502286423 131121
1502286423 227268
1502286423 246712
1502286423 380656
1502286423 457987
1502286423 514985
1502286423 669252
1502286423 678654
1502286423 745421
1502286424 5133
1502286424 24360
1502286424 148440
1502286424 215619
1502286424 225992
1502286424 263604
1502286424 436987
1502286424 446662
1502286424 523189
1502286424 668612
1502286424 686995
1502286424 781797
1502286424 839877
1502286424 859238
1502286425 3550
1502286425 127499
1502286425 146970
1502286425 242875
1502286425 310019
1502286425 319468
1502286425 396201
1502286425 421884
1502286425 453417
1502286425 626666
1502286426 48745
1502286426 58566
1502286426 202069
1502286426 441715
1502286426 469426
1502286426 556969
1502286426 568066
1502286426 787328
1502286426 807125
1502286426 902565
1502286426 922231
1502286427 8835
1502286427 210272
1502286427 230574
1502286427 392700
1502286427 402175
1502286427 584222
1502286427 603651
1502286427 814656
1502286427 835053
1502286427 910862
1502286427 930218
1502286428 169467
1502286428 189452
1502286428 293774
1502286428 317556
1502286428 447199
1502286428 466755
1502286428 543435
1502286428 563046
1502286428 668972
1502286428 774630
1502286428 784105
1502286428 850995
1502286428 860377
1502286429 51592
1502286429 71941
1502286429 234020
1502286429 254741
1502286429 407305
1502286429 426894
1502286429 579784
1502286429 599303
1502286429 791880
1502286429 805505
1502286429 944552
1502286429 954996
1502286430 21684
1502286430 41123
1502286430 156208
1502286430 166243
1502286430 348358
1502286430 367811
1502286430 491807
1502286430 578874
1502286430 731379
1502286430 751618
1502286430 837546
1502286430 942830
1502286431 644
1502286431 144303
1502286431 163607
1502286431 221349
1502286431 547306
1502286431 557688
1502286431 720520
1502286431 787660
1502286431 807405
1502286431 854831
1502286431 922278
1502286432 46809
1502286432 247813
1502286432 267990
1502286432 363067
1502286432 517695
1502286432 641674
1502286432 699669
1502286432 709044
1502286432 823993
1502286432 843364
1502286432 891256
1502286432 948678
1502286433 149990
1502286433 284148
1502286433 294393
1502286433 361267
1502286433 371468
1502286433 428416
1502286433 611139
1502286433 697132
1502286433 716460
1502286433 898924
1502286434 101137
1502286434 235252
1502286434 244588
1502286434 340434
1502286434 350688
1502286434 436657
1502286434 446104
1502286434 581048
1502286434 590365
1502286434 667448
1502286434 820558
1502286434 830787
1502286434 935820
1502286434 947369
1502286435 80042
1502286435 99526
1502286435 223733
1502286435 290689
1502286435 300859
1502286435 439853
1502286435 454263
1502286435 598224
1502286435 607557
1502286435 693527
1502286435 712860
1502286435 867948
1502286435 886190
1502286436 97452
1502286436 106918
1502286436 212647
1502286436 222110
1502286436 337082
1502286436 347478
1502286436 725203
1502286436 731162
1502286436 855107
1502286436 941379
1502286436 951585
1502286437 105139
1502286437 498731
1502286437 509001
1502286437 662150
1502286437 719319
1502286437 910556
1502286437 930840
1502286438 25978
1502286438 151509
1502286438 333748
1502286438 467821
1502286438 487397
1502286438 631095
1502286438 650586
1502286438 736411
1502286438 870764
1502286438 890240
1502286439 82198
1502286439 101528
1502286439 206524
1502286439 225941
1502286439 398270
1502286439 465246
1502286439 485401
1502286439 667536
1502286439 676836
1502286439 790940
1502286439 819898
1502286440 40429
1502286440 69421
1502286440 146677
1502286440 166026
1502286440 377413
1502286440 386458
1502286440 463412
1502286440 482695
1502286440 674925
1502286440 684136
1502286440 780204
1502286440 914414
1502286440 933357
1502286441 61050
1502286441 222188
1502286441 231494
1502286441 519742
1502286441 547740
1502286441 740382
1502286441 759602
1502286441 826448
1502286441 989865
1502286442 8877
1502286442 94963
1502286442 277574
1502286442 296533
1502286442 498058
1502286442 526908
1502286442 642630
1502286442 843913
1502286442 872746
1502286443 112472
1502286443 141315
1502286443 266745
1502286443 372049
1502286443 391196
1502286443 621558
1502286443 631695
1502286443 698755
1502286443 718091
1502286443 929247
1502286443 938477
1502286444 168794
1502286444 188197
1502286444 485595
1502286444 495769
1502286444 571716
1502286444 581948
1502286444 831132
1502286444 859230
1502286445 80758
1502286445 92344
1502286445 205166
1502286445 224060
1502286445 339466
1502286445 427472
1502286445 579947
1502286445 607929
1502286445 829684
1502286446 203615
1502286446 433005
1502286446 443140
1502286446 596362
1502286446 615771
1502286446 692406
1502286446 711395
1502286446 903965
1502286446 923235
1502286447 153533
1502286447 162893
1502286447 306792
1502286447 325830
1502286447 441194
1502286447 537437
1502286447 546686
1502286447 671896
1502286447 776929
1502286447 787133
1502286447 931200
1502286448 7419
1502286448 17682
1502286448 103672
1502286448 247094
1502286448 275921
1502286448 381224
1502286448 582869
1502286448 593166
1502286448 688910
1502286448 794262
1502286448 823309
1502286448 919414
1502286449 34745
1502286449 53791
1502286449 159040
1502286449 331432
1502286449 351395
1502286449 504873
1502286449 716213
1502286449 735196
1502286449 802433
1502286449 898955
1502286450 33019
1502286450 51924
1502286450 109246
1502286450 243990
1502286450 262900
1502286450 348886
1502286450 473992
1502286450 684545
1502286450 703891
1502286450 828982
1502286450 848092
1502286451 11227
1502286451 39804
1502286451 135798
1502286451 346047
1502286451 366353
1502286451 595835
1502286451 617178
1502286451 691815
1502286451 855217
1502286451 874524
1502286451 932395
1502286452 75684
1502286452 95889
1502286452 171884
1502286452 268362
1502286452 382547
1502286452 402740
1502286452 642315
1502286452 719107
1502286452 738403
1502286452 862508
1502286452 884709
1502286453 45191
1502286453 186732
1502286453 208588
1502286453 631223
1502286453 918898
1502286453 938176
1502286454 53628
1502286454 139548
1502286454 158760
1502286454 408910
1502286454 428254
1502286454 667793
1502286454 686922
1502286454 840378
1502286454 964366
1502286454 984666
1502286455 137696
1502286455 156964
1502286455 281026
1502286455 301244
1502286455 367221
1502286455 396597
1502286455 453519
1502286455 473734
1502286455 549640
1502286455 703157
1502286455 723250
1502286455 915805
1502286456 125951
1502286456 145294
1502286456 289297
1502286456 394580
1502286456 413923
1502286456 471643
1502286456 557908
1502286456 635134
1502286456 654536
1502286456 759404
1502286456 826876
1502286456 893713
1502286457 220322
1502286457 421901
1502286457 445141
1502286457 547041
1502286457 661445
1502286457 681747
1502286457 776627
1502286457 853828
1502286458 26309
1502286458 46404
1502286458 189775
1502286458 266675
1502286458 286015
1502286458 468455
1502286458 478344
1502286458 631834
1502286458 862042
1502286458 881437
1502286458 948280
1502286458 967565
1502286459 447536
1502286459 476742
1502286459 629785
1502286459 649197
1502286459 860236
1502286459 879619
1502286460 109879
1502286460 139222
1502286460 302365
1502286460 321530
1502286460 560849
1502286460 580281
1502286460 772433
1502286460 934787
1502286460 964062
1502286461 203895
1502286461 328658
1502286461 348013
1502286461 712480
1502286461 732093
1502286461 808655
1502286461 827982
1502286462 19526
1502286462 163711
1502286462 182811
1502286462 384058
1502286462 404220
1502286462 624552
1502286462 643980
1502286462 854984
1502286462 874476
1502286463 37675
1502286463 56697
1502286463 229182
1502286463 249220
1502286463 354274
1502286463 450395
1502286463 469689
1502286463 517505
1502286463 622887
1502286463 642299
1502286463 747995
1502286463 833329
1502286463 852872
1502286463 996690
1502286464 64267
1502286464 179284
1502286464 198410
1502286464 390586
1502286464 410175
1502286464 697254
1502286464 716634
1502286464 822487
1502286464 844208
1502286464 986176
1502286465 101105
1502286465 120447
1502286465 311786
1502286465 331243
1502286465 398885
1502286465 418303
1502286465 590349
1502286465 609769
1502286465 782795
1502286465 802117
1502286465 926055
1502286465 945361
1502286466 3242
1502286466 26637
1502286466 127494
1502286466 387262
1502286466 406457
1502286466 473488
1502286466 579476
1502286466 599892
1502286466 665823
1502286466 686031
1502286466 761896
1502286466 781299
1502286466 963673
1502286467 145787
1502286467 165208
1502286467 250982
1502286467 270333
1502286467 376222
1502286467 395558
1502286467 500647
1502286467 567661
1502286467 587050
1502286467 683024
1502286467 702392
1502286468 28792
1502286468 48190
1502286468 259537
1502286468 354460
1502286468 374833
1502286468 614016
1502286468 633422
1502286468 759015
1502286468 873634
1502286468 893173
1502286469 46044
1502286469 65522
1502286469 180414
1502286469 199774
1502286469 305775
1502286469 324970
1502286469 449282
1502286469 622274
1502286469 641776
1502286469 833870
1502286469 853244
1502286469 929106
1502286469 949390
1502286470 188598
1502286470 209844
1502286470 370997
1502286470 390506
1502286470 467322
1502286470 486476
1502286470 677771
1502286470 698285
1502286470 918265
1502286470 937638
1502286471 71640
1502286471 90964
1502286471 331191
1502286471 350632
1502286471 580725
1502286471 600001
1502286471 849350
1502286471 868897
1502286472 21773
1502286472 88842
1502286472 109206
1502286472 185296
1502286472 271298
1502286472 291599
1502286472 415562
1502286472 530888
1502286472 561311
1502286472 712346
1502286472 731740
1502286472 875774
1502286472 895049
1502286472 971884
1502286473 58251
1502286473 77589
1502286473 144333
1502286473 250446
1502286473 270185
1502286473 441850
1502286473 509095
1502286473 529380
1502286473 614673
1502286473 815895
1502286473 836249
1502286473 912064
1502286474 46854
1502286474 219620
1502286474 276946
1502286474 296245
1502286474 374353
1502286474 431056
1502286474 450417
1502286474 574610
1502286474 632650
1502286474 652112
1502286474 747815
1502286474 833609
1502286474 852884
1502286475 64100
1502286475 208199
1502286475 227282
1502286475 466868
1502286475 487085
1502286475 573080
1502286475 592214
1502286475 668028
1502286475 687559
1502286475 928107
1502286476 138253
1502286476 157565
1502286476 406716
1502286476 433332
1502286476 522051
1502286476 549107
1502286476 647464
1502286476 666689
1502286476 907338
1502286477 184564
1502286477 203946
1502286477 338288
1502286477 406130
1502286477 425282
1502286477 520293
1502286477 587644
1502286477 765010
1502286477 865953
1502286477 885321
1502286478 19391
1502286478 134586
1502286478 153953
1502286478 278895
1502286478 403199
1502286478 422557
1502286478 518511
1502286478 652841
1502286478 902819
1502286478 922046
1502286478 988588
1502286479 105340
1502286479 258224
1502286479 315769
1502286479 497886
1502286479 508165
1502286479 613104
1502286479 632282
1502286479 786294
1502286479 843458
1502286479 862887
1502286479 977799
1502286479 997302
1502286480 179273
1502286480 190526
1502286480 265438
1502286480 285731
1502286480 630339
1502286480 650559
1502286480 889777
1502286480 909256
1502286481 4095
1502286481 25419
1502286481 205603
1502286481 273637
1502286481 292956
1502286481 368919
1502286481 381104
1502286481 438643
1502286481 609973
1502286481 859242
1502286482 50446
1502286482 118017
1502286482 271261
1502286482 357293
1502286482 377573
1502286482 511802
1502286482 578710
1502286482 598111
1502286482 684251
1502286482 789250
1502286482 808704
1502286483 57890
1502286483 77307
1502286483 240266
1502286483 298344
1502286483 317618
1502286483 644052
1502286483 663523
1502286483 797826
1502286484 18044
1502286484 37283
1502286484 104159
1502286484 123582
1502286484 266955
1502286484 381890
1502286484 402258
1502286484 506202
1502286484 583312
1502286484 602904
1502286484 717965
1502286484 775276
1502286484 996221
1502286485 15557
1502286485 91568
1502286485 111806
1502286485 187670
1502286485 198204
1502286485 293870
1502286485 447243
1502286485 456575
1502286485 581753
1502286485 744929
1502286485 764378
1502286485 831126
1502286485 984843
1502286486 167032
1502286486 416518
1502286486 436016
1502286486 762356
1502286486 781672
1502286487 41047
1502286487 117236
1502286487 137353
1502286487 309506
1502286487 328865
1502286487 530036
1502286487 540313
1502286487 712438
1502286487 722645
1502286487 971879
1502286487 982173
1502286488 58170
1502286488 77613
1502286488 154291
1502286488 173738
1502286488 403973
1502286488 423416
1502286488 643478
1502286488 663861
1502286488 739822
1502286488 765897
1502286488 970176
1502286488 993364
1502286489 66341
1502286489 219686
1502286489 239082
1502286489 305925
1502286489 402186
1502286489 412377
1502286489 488343
1502286489 622940
1502286489 719127
1502286489 729182
1502286489 834170
1502286489 853440
1502286489 920422
1502286490 45622
1502286490 65055
1502286490 122681
1502286490 189871
1502286490 199269
1502286490 276143
1502286490 285528
1502286490 439764
1502286490 592762
1502286490 612143
1502286490 842697
1502286491 33875
1502286491 54340
1502286491 216229
1502286491 235599
1502286491 312472
1502286491 331906
1502286491 571071
1502286491 581360
1502286491 686402
1502286492 22962
1502286492 205487
1502286492 224982
1502286492 416549
1502286492 474286
1502286492 598449
1502286492 608773
1502286492 790723
1502286492 810160
1502286493 59348
1502286493 69578
1502286493 165059
1502286493 367380
1502286493 510417
1502286493 529696
1502286493 721958
1502286493 732226
1502286493 866180
1502286493 885838
1502286493 990434
1502286494 1045
1502286494 191967
1502286494 211279
1502286494 451582
1502286494 460968
1502286494 527683
1502286494 547237
1502286494 623916
1502286494 729551
1502286494 787506
1502286494 930648
1502286494 989027
1502286495 94074
1502286495 180173
1502286495 199549
1502286495 333964
1502286495 497191
1502286495 603117
1502286495 622525
1502286495 842858
1502286495 862098
1502286495 918995
1502286495 986309
1502286496 206561
1502286496 225852
1502286496 369918
1502286496 380577
1502286496 542349
1502286496 562689
1502286496 782829
1502286496 793148
1502286497 3299
1502286497 22771
1502286497 214757
1502286497 225035
1502286497 349061
1502286497 416186
1502286497 426403
1502286497 704037
1502286497 724297
1502286497 906660
1502286498 165240
1502286498 271171
1502286498 290430
1502286498 405430
1502286498 481672
1502286498 491824
1502286498 548761
1502286498 607632
1502286498 731303
1502286498 741513
1502286498 856477
1502286498 866996
1502286498 933558
1502286499 28817
1502286499 95937
1502286499 105276
1502286499 230625
1502286499 287712
1502286499 412693
1502286499 423224
1502286499 508890
1502286499 604196
1502286499 614512
1502286499 738486
1502286499 748883
1502286499 979244
1502286500 75223
1502286500 84656
1502286500 199695
1502286500 213218
1502286500 352876
1502286500 363157
1502286500 459031
1502286500 621478
1502286500 631790
1502286500 775749
1502286500 795125
1502286500 881031
1502286500 900444
1502286501 91677
1502286501 111870
1502286501 274122
1502286501 284422
1502286501 773994
1502286501 783306
1502286502 13530
1502286502 23756
1502286502 158036
1502286502 167349
1502286502 330359
1502286502 349643
1502286502 416567
1502286502 426830
1502286502 638135
1502286502 657208
1502286502 733207
1502286502 753530
1502286502 982977
1502286502 993142
1502286503 137042
1502286503 156419
1502286503 376682
1502286503 396127
1502286503 520072
1502286503 645681
1502286503 827900
1502286503 838016
1502286503 933057
1502286504 67247
1502286504 87586
1502286504 202567
1502286504 298076
1502286504 480393
1502286504 500542
1502286504 586765
1502286504 777903
1502286504 797451
1502286504 855175
1502286505 18678
1502286505 104602
1502286505 114798
1502286505 220091
1502286505 421276
1502286505 680797
1502286505 690311
1502286505 776180
1502286505 795467
1502286505 909631
1502286506 15749
1502286506 25183
1502286506 121395
1502286506 246156
1502286506 255499
1502286506 351530
1502286506 505137
1502286506 601122
1502286506 611436
1502286506 773499
1502286506 831886
1502286506 908643
1502286506 918249
1502286507 367886
1502286507 388144
1502286507 589362
1502286507 608573
1502286507 857883
1502286507 991339
1502286508 1542
1502286508 145637
1502286508 164609
1502286508 510559
1502286508 529453
1502286508 605659
1502286508 625939
1502286508 740015
1502286508 750181
1502286508 855241
1502286508 865577
1502286509 75855
1502286509 96053
1502286509 249098
1502286509 258755
1502286509 383414
1502286509 402390
1502286509 459628
1502286509 479911
1502286509 720655
1502286509 920600
1502286509 939932
1502286510 54006
1502286510 73633
1502286510 208374
1502286510 227668
1502286510 332031
1502286510 399789
1502286510 419128
1502286510 620617
1502286510 763761
1502286510 793179
1502286510 994222
1502286511 13684
1502286511 128627
1502286511 148737
1502286511 350025
1502286511 369433
1502286511 474240
1502286511 493859
1502286511 599603
1502286511 619037
1502286511 849101
1502286511 868580
1502286512 12735
1502286512 107806
1502286512 137063
1502286512 222928
1502286512 242370
1502286512 329134
1502286512 348443
1502286512 434442
1502286512 453861
1502286512 568742
1502286512 588258
1502286512 962891
1502286513 30262
1502286513 154091
1502286513 174321
1502286513 375831
1502286513 443007
1502286513 663353
1502286513 682706
1502286513 874740
1502286513 893930
1502286514 105294
1502286514 124728
1502286514 210493
1502286514 382823
1502286514 403048
1502286514 518341
1502286514 585285
1502286514 604498
1502286514 670482
1502286514 844130
1502286514 940067
1502286514 959270
1502286515 112512
1502286515 179695
1502286515 209109
1502286515 276621
1502286515 342922
1502286515 371358
1502286515 458211
1502286515 524485
1502286515 774342
1502286515 889365
1502286515 908582
1502286516 81671
1502286516 168135
1502286516 465551
1502286516 484801
1502286516 695106
1502286516 714660
1502286516 790453
1502286516 810720
1502286517 49946
1502286517 69283
1502286517 242365
1502286517 261792
1502286517 347660
1502286517 366951
1502286517 510948
1502286517 606324
1502286517 760584
1502286517 779877
1502286517 827696
1502286518 28283
1502286518 54194
1502286518 86300
1502286518 191702
1502286518 258846
1502286518 278203
1502286518 412420
1502286518 556584
1502286518 575892
1502286518 652866
1502286518 710303
1502286518 883130
1502286518 902771
1502286518 969374
1502286519 85026
1502286519 199959
1502286519 219297
1502286519 314375
1502286519 334630
1502286519 410721
1502286519 591924
1502286519 611327
1502286519 717149
1502286519 736546
1502286519 812452
1502286519 822746
1502286520 4857
1502286520 24089
1502286520 254321
1502286520 273739
1502286520 340510
1502286520 426853
1502286520 657520
1502286520 676618
1502286520 762558
1502286521 194867
1502286521 416077
1502286521 435336
1502286521 511221
1502286521 521482
1502286521 684983
1502286521 770753
1502286521 790125
1502286522 30353
1502286522 49609
1502286522 145632
1502286522 165167
1502286522 231872
1502286522 251453
1502286522 347050
1502286522 366304
1502286522 529514
1502286522 653807
1502286522 673119
1502286522 788108
1502286522 808414
1502286522 884291
1502286522 999534
1502286523 211010
1502286523 268168
1502286523 363478
1502286523 450601
1502286523 459873
1502286523 565861
1502286523 661109
1502286523 680542
1502286523 767518
1502286523 968820
1502286523 988142
1502286524 102479
1502286524 313920
1502286524 563250
1502286524 582466
1502286524 716601
1502286524 735874
1502286524 889784
1502286524 909263
1502286525 53353
1502286525 120629
1502286525 293132
1502286525 379206
1502286525 398590
1502286525 581138
1502286525 647630
1502286525 667793
1502286525 714847
1502286525 791938
1502286525 850190
1502286526 12675
1502286526 223793
1502286526 243277
1502286526 387216
1502286526 444407
1502286526 463705
1502286526 549960
1502286526 626802
1502286526 636212
1502286526 742180
1502286526 761509
1502286526 866377
1502286526 885625
1502286526 971646
1502286526 991104
1502286527 58874
1502286527 135035
1502286527 154429
1502286527 212213
1502286527 355572
1502286527 375741
1502286527 481016
1502286527 605129
1502286527 615253
1502286527 720638
1502286527 816548
1502286527 826789
1502286527 902805
1502286527 988955
1502286528 8349
1502286528 142352
1502286528 209778
1502286528 526545
1502286528 785744
1502286528 795927
1502286528 852839
1502286529 54535
1502286529 64632
1502286529 112433
1502286529 169907
1502286529 381116
1502286529 391293
1502286529 448359
1502286529 534542
1502286529 553835
1502286529 611569
1502286529 726804
1502286529 985418
1502286529 995709
1502286530 456518
1502286530 475759
1502286530 735134
1502286530 744417
1502286530 964616
1502286531 166072
1502286531 185529
1502286531 281439
1502286531 300635
1502286531 482822
1502286531 502150
1502286531 742457
1502286531 751832
1502286531 856786
1502286531 877077
1502286532 97373
1502286532 116486
1502286532 298623
1502286532 309053
1502286532 394813
1502286532 538567
1502286532 624494
1502286532 643752
1502286532 720739
1502286532 740004
1502286532 874309
1502286532 951178
1502286532 970624
1502286533 95537
1502286533 104862
1502286533 171988
1502286533 344992
1502286533 805229
1502286533 815402
1502286534 7512
1502286534 237117
1502286534 247317
1502286534 506762
1502286534 526007
1502286534 736257
1502286534 756478
1502286534 851572
1502286534 967097
1502286535 197499
1502286535 322486
1502286535 533057
1502286535 552307
1502286535 658236
1502286535 802532
1502286535 821871
1502286535 878772
1502286535 937132
1502286536 128611
1502286536 252662
1502286536 262948
1502286536 531788
1502286536 608425
1502286536 627913
1502286536 780816
1502286536 800154
1502286537 49485
1502286537 59617
1502286537 184732
1502286537 193951
1502286537 338016
1502286537 347669
1502286537 443339
1502286537 462565
1502286537 568502
1502286537 587929
1502286537 692838
1502286537 712145
1502286537 885369
1502286537 904663
1502286538 440
1502286538 20182
1502286538 287346
1502286538 306692
1502286538 373465
1502286538 392794
1502286538 623038
1502286538 642380
1502286538 738311
1502286538 748473
1502286538 882515
1502286538 901907
1502286539 132440
1502286539 381124
1502286539 640333
1502286539 649567
1502286539 802764
1502286539 908961
1502286539 918212
1502286540 72381
1502286540 177599
1502286540 187825
1502286540 244696
1502286540 312200
1502286540 484556
1502286540 551407
1502286540 570761
1502286540 685816
1502286540 830137
1502286540 839319
1502286540 906225
1502286541 21562
1502286541 89146
1502286541 165720
1502286541 338461
1502286541 732241
1502286541 742442
1502286541 924812
1502286542 719
1502286542 10969
1502286542 183178
1502286542 193369
1502286542 375630
1502286542 384905
1502286542 596197
1502286542 807556
1502286542 826950
1502286543 239592
1502286543 258860
1502286543 382887
1502286543 403062
1502286543 594294
1502286543 604410
1502286543 767583
1502286543 786886
1502286543 930092
1502286543 940278
1502286544 74414
1502286544 84596
1502286544 179684
1502286544 199914
1502286544 362149
1502286544 382318
1502286544 592665
1502286544 612820
1502286544 794008
1502286544 813298
1502286544 909184
1502286544 918651
1502286545 100727
1502286545 120026
1502286545 302340
1502286545 360271
1502286545 379602
1502286545 474716
1502286545 906851
1502286546 127208
1502286546 137387
1502286546 280531
1502286546 406021
1502286546 530071
1502286546 540247
1502286546 693504
1502286546 751546
1502286546 760792
1502286546 856716
1502286546 962000
1502286546 972254
1502286547 77331
1502286547 221922
1502286547 385177
1502286547 538430
1502286547 557658
1502286547 758788
1502286547 768989
1502286547 825933
1502286547 941485
1502286548 210109
1502286548 344107
1502286548 354302
1502286548 469355
1502286548 478689
1502286548 632831
1502286548 708924
1502286548 719182
1502286548 815098
1502286548 949438
1502286548 968756
1502286549 45709
1502286549 208083
1502286549 218332
1502286549 295216
1502286549 410465
1502286549 429755
1502286549 573243
1502286549 803697
1502286549 909720
1502286550 72284
1502286550 408741
1502286550 418037
1502286550 581345
1502286550 792907
1502286550 840865
1502286550 964985
1502286550 975197
1502286551 70294
1502286551 80469
1502286551 262693
1502286551 273028
1502286551 348962
1502286551 359115
1502286551 483128
1502286551 493419
1502286551 589329
1502286551 608609
1502286551 704596
1502286551 828876
1502286551 839154
1502286551 954118
1502286552 88711
1502286552 261214
1502286552 473645
1502286552 482516
1502286552 683800
1502286552 801126
1502286552 808941
1502286552 904237
1502286552 923551
1502286552 990470
1502286553 9867
1502286553 114817
1502286553 125028
1502286553 249219
1502286553 307322
1502286553 316562
1502286553 489861
1502286553 643391
1502286553 748295
1502286553 758535
1502286553 854537
1502286554 142261
1502286554 152485
1502286554 295805
1502286554 419846
1502286554 439214
1502286554 593180
1502286554 602461
1502286554 717486
1502286554 765533
1502286554 909876
1502286554 919390
1502286554 977010
1502286555 206620
1502286555 226998
1502286555 399128
1502286555 409324
1502286555 610455
1502286555 629951
1502286555 725730
1502286555 735017
1502286555 860317
1502286556 109575
1502286556 119023
1502286556 195827
1502286556 215080
1502286556 349186
1502286556 416328
1502286556 435627
1502286556 521547
1502286556 685003
1502286556 704018
1502286556 790419
1502286556 925491
1502286557 164998
1502286557 184034
1502286557 308445
1502286557 433704
1502286557 452604
1502286557 509884
1502286557 664424
1502286557 721314
1502286557 970949
1502286558 86320
1502286558 105170
1502286558 220910
1502286558 278503
1502286558 441027
1502286558 461011
1502286558 623468
1502286558 652364
1502286558 738929
1502286558 796651
1502286558 941042
1502286558 959417
1502286559 26365
1502286559 45635
1502286559 217823
1502286559 237145
1502286559 448339
1502286559 467530
1502286559 658829
1502286559 678954
1502286559 908598
1502286560 157969
1502286560 178122
1502286560 340392
1502286560 360562
1502286560 513763
1502286560 532946
1502286560 599941
1502286560 619234
1502286560 686118
1502286560 705425
1502286560 829536
1502286560 849768
1502286561 70054
1502286561 89294
1502286561 175259
1502286561 194607
1502286561 271436
1502286561 300735
1502286561 472964
1502286561 531043
1502286561 550272
1502286561 808722
1502286561 828007
1502286561 923910
1502286561 943399
1502286562 1200
1502286562 96314
1502286562 116573
1502286562 211642
1502286562 278833
1502286562 298960
1502286562 413596
1502286562 615525
1502286562 682817
1502286562 855036
1502286562 874445
1502286562 999589
1502286563 56760
1502286563 142698
1502286563 162006
1502286563 247935
1502286563 277232
1502286563 364852
1502286563 698160
1502286563 717434
1502286563 842400
1502286564 101019
1502286564 273449
1502286564 293665
1502286564 436840
1502286564 563711
1502286564 619310
1502286564 638574
1502286564 792806
1502286564 878846
1502286564 898097
1502286564 984082
1502286565 445078
1502286565 464294
1502286565 598625
1502286565 617905
1502286565 694630
1502286565 713984
1502286565 780907
1502286565 800168
1502286566 30392
1502286566 49698
1502286566 126662
1502286566 145963
1502286566 251883
1502286566 271153
1502286566 520455
1502286566 539688
1502286566 635815
1502286566 654954
1502286566 721850
1502286566 741117
1502286566 914253
1502286566 971676
1502286567 76740
1502286567 346306
1502286567 441589
1502286567 461820
1502286567 614867
1502286567 682238
1502286567 749224
1502286567 768525
1502286567 998195
1502286568 171230
1502286568 190554
1502286568 314583
1502286568 372736
1502286568 392099
1502286568 516965
1502286568 574153
1502286568 593476
1502286568 756551
1502286569 112156
1502286569 131475
1502286569 207726
1502286569 226850
1502286569 351943
1502286569 476129
1502286569 496362
1502286569 639727
1502286569 774085
1502286569 908119
1502286569 928422
1502286570 186914
1502286570 301057
1502286570 321311
1502286570 436256
1502286570 455631
1502286570 541569
1502286570 608885
1502286570 694901
1502286570 714180
1502286570 839206
1502286570 858513
1502286570 944448
1502286570 963740
1502286571 213219
1502286571 232366
1502286571 434538
1502286571 443796
1502286571 626013
1502286571 645362
1502286571 846550
1502286571 866663
1502286571 971799
1502286571 991069
1502286572 231393
1502286572 251018
1502286572 471106
1502286572 490214
1502286572 710585
1502286572 729826
1502286572 806700
1502286572 816015
1502286573 46330
1502286573 65585
1502286573 180564
1502286573 200736
1502286573 286746
1502286573 306063
1502286573 411173
1502286573 430449
1502286573 584447
1502286573 603682
1502286573 708761
1502286574 92975
1502286574 237277
1502286574 294502
1502286574 534542
1502286574 649881
1502286574 669277
1502286574 841327
1502286574 861518
1502286574 976514
1502286574 995840
1502286575 216124
1502286575 235441
1502286575 360464
1502286575 379693
1502286575 600181
1502286575 744256
1502286575 763706
1502286575 840554
1502286575 859733
1502286576 90081
1502286576 109541
1502286576 281809
1502286576 300823
1502286576 424855
1502286576 445109
1502286576 617394
1502286576 636702
1502286576 732510
1502286576 751844
1502286576 838055
1502286576 943966
1502286576 963228
1502286577 97344
1502286577 404416
1502286577 481173
1502286577 500484
1502286577 625487
1502286577 644707
1502286577 759806
1502286577 779098
1502286577 913140
1502286577 980396
1502286577 999594
1502286578 124601
1502286578 191778
1502286578 211111
1502286578 287061
1502286578 488547
1502286578 507939
1502286578 680303
1502286578 910493
1502286578 929861
1502286579 35785
1502286579 55006
1502286579 179138
1502286579 198431
1502286579 313678
1502286579 467748
1502286579 487086
1502286579 572997
1502286579 592295
1502286579 793620
1502286579 812815
1502286579 898960
1502286579 918200
1502286580 138331
1502286580 157731
1502286580 292629
1502286580 311831
1502286580 465147
1502286580 484390
1502286580 733877
1502286580 839836
1502286580 859067
1502286581 50456
1502286581 69723
1502286581 203802
1502286581 223946
1502286581 386178
1502286581 406410
1502286581 492317
1502286581 511641
1502286581 712823
1502286581 732147
1502286581 895335
1502286581 914639
1502286582 68583
1502286582 87913
1502286582 144889
1502286582 211968
1502286582 222145
1502286582 365578
1502286582 509619
1502286582 528978
1502286582 653248
1502286582 778252
1502286582 797570
1502286582 854482
1502286583 85194
1502286583 104352
1502286583 277418
1502286583 420799
1502286583 440112
1502286583 699605
1502286583 794662
1502286583 804938
1502286583 881731
1502286583 901071
1502286584 6020
1502286584 25349
1502286584 83203
1502286584 227001
1502286584 322865
1502286584 332977
1502286584 419204
1502286584 610573
1502286584 620727
1502286584 889410
1502286585 14539
1502286585 33670
1502286585 234971
1502286585 254189
1502286585 360299
1502286585 522685
1502286585 542697
1502286585 647745
1502286585 666996
1502286585 811104
1502286585 820561
1502286586 21656
1502286586 40944
1502286586 136860
1502286586 156152
1502286586 223048
1502286586 242464
1502286586 348446
1502286586 367639
1502286586 492630
1502286586 511871
1502286586 626963
1502286586 646308
1502286586 847506
1502286586 875589
1502286587 29893
1502286587 39192
1502286587 116222
1502286587 135359
1502286587 346599
1502286587 365948
1502286587 510065
1502286587 663352
1502286587 682745
1502286587 749510
1502286587 874859
1502286588 37190
1502286588 57396
1502286588 152455
1502286588 286976
1502286588 363882
1502286588 383141
1502286588 565460
1502286588 805989
1502286588 825227
1502286588 959237
1502286588 978618
1502286589 74537
1502286589 150711
1502286589 170893
1502286589 333323
1502286589 438592
1502286589 515534
1502286589 755125
1502286589 774493
1502286589 995578
1502286590 5076
1502286590 197052
1502286590 206358
1502286590 398664
1502286590 417850
1502286590 532837
1502286590 599950
1502286590 619283
1502286590 773559
1502286590 994050
1502286591 166513
1502286591 368738
1502286591 387949
1502286591 541250
1502286591 560433
1502286591 761670
1502286591 924904
1502286591 944189
1502286592 97558
1502286592 279744
1502286592 299951
1502286592 740869
1502286592 760125
1502286592 836041
1502286592 855317
1502286592 951384
1502286593 27555
1502286593 46874
1502286593 402680
1502286593 565735
1502286593 585019
1502286593 853627
1502286594 92930
1502286594 113238
1502286594 218173
1502286594 237458
1502286594 323475
1502286594 410795
1502286594 468048
1502286594 640460
1502286594 842816
1502286595 5102
1502286595 25216
1502286595 101174
1502286595 274508
1502286595 293822
1502286595 543161
1502286595 562511
1502286595 658460
1502286595 677722
1502286595 907970
1502286595 927262
1502286596 4174
1502286596 23396
1502286596 176836
1502286596 320877
1502286596 340238
1502286596 407032
1502286596 426342
1502286596 617705
1502286596 627760
1502286596 723748
1502286597 50512
1502286597 164770
1502286597 174949
1502286597 357282
1502286597 376567
1502286597 731108
1502286597 751339
1502286597 933504
1502286597 952761
1502286598 86884
1502286598 106206
1502286598 211262
1502286598 269248
1502286598 288533
1502286598 374791
1502286598 605093
1502286598 624276
1502286598 710241
1502286598 767393
1502286598 787632
1502286598 853692
1502286598 950156
1502286599 35233
1502286599 55510
1502286599 179619
1502286599 189792
1502286599 285740
1502286599 371894
1502286599 429000
1502286599 582433
1502286599 602802
1502286599 716723
1502286599 803864
1502286599 947310
1502286599 967518
1502286600 53424
1502286600 62675
1502286600 148690
1502286600 168848
1502286600 273931
1502286600 494631
1502286600 637917
1502286600 658036
1502286600 830220
1502286600 849546
1502286601 21715
1502286601 41029
1502286601 176044
1502286601 185341
1502286601 281244
1502286601 300535
1502286601 491773
1502286601 501979
1502286601 674211
1502286601 846604
1502286601 866791
1502286602 39002
1502286602 49168
1502286602 192431
1502286602 211731
1502286602 336879
1502286602 470991
1502286602 480235
1502286602 643600
1502286602 941133
1502286602 951332
1502286603 37331
1502286603 190832
1502286603 334961
1502286603 344220
1502286603 450142
1502286603 651686
1502286603 660962
1502286603 814952
1502286603 901198
1502286604 73595
1502286604 83785
1502286604 247012
1502286604 342218
1502286604 352465
1502286604 496626
1502286604 562801
1502286604 582071
1502286604 659150
1502286604 850868
1502286605 32823
1502286605 53074
1502286605 148424
1502286605 339688
1502286605 349899
1502286605 483820
1502286605 579092
1502286605 761619
1502286605 944125
1502286605 964235
1502286606 31068
1502286606 107284
1502286606 203629
1502286606 222685
1502286606 375899
1502286606 472233
1502286606 491159
1502286606 578310
1502286606 635525
1502286606 664424
1502286606 847222
1502286606 971317
1502286606 990340
1502286607 346160
1502286607 365054
1502286607 509447
1502286607 537542
1502286607 672158
1502286607 835255
1502286607 854216
1502286607 969558
1502286607 989456
1502286608 142822
1502286608 152133
1502286608 382445
1502286608 401926
1502286608 516804
1502286608 545720
1502286608 645128
1502286608 661297
1502286608 747212
1502286608 814320
1502286609 34998
1502286609 63812
1502286609 265490
1502286609 284718
1502286609 360812
1502286609 389191
1502286609 475929
1502286609 495374
1502286609 667434
1502286609 686996
1502286609 907853
1502286609 926496
1502286610 99582
1502286610 118942
1502286610 339182
1502286610 359236
1502286610 454194
1502286610 473740
1502286610 655714
1502286610 676014
1502286610 771033
1502286610 896222
1502286610 915578
1502286611 29894
1502286611 97780
1502286611 117064
1502286611 183883
1502286611 289144
1502286611 308719
1502286611 375399
1502286611 442794
1502286611 616185
1502286611 750309
1502286611 769703
1502286611 922604
1502286611 941873
1502286612 8822
1502286612 38184
1502286612 95964
1502286612 211261
1502286612 230642
1502286612 297303
1502286612 441243
1502286612 614192
1502286612 633545
1502286612 988126
1502286613 7512
1502286613 113242
1502286613 189503
1502286613 208720
1502286613 323917
1502286613 448996
1502286613 477499
1502286613 544280
1502286613 659620
1502286613 918563
1502286614 14388
1502286614 43698
1502286614 91498
1502286614 215898
1502286614 236239
1502286614 312012
1502286614 370046
1502286614 389402
1502286614 590055
1502286614 734401
1502286614 820294
1502286614 839498
1502286614 906421
1502286614 926727
1502286615 146317
1502286615 290264
1502286615 309762
1502286615 558895
1502286615 581238
1502286615 828447
1502286615 847750
1502286616 29265
1502286616 53088
1502286616 125233
1502286616 144539
1502286616 211606
1502286616 230858
1502286616 278533
1502286616 403836
1502286616 423311
1502286616 480907
1502286616 643410
1502286616 672689
1502286616 749551
1502286616 778031
1502286616 844851
1502286617 18744
1502286617 123474
1502286617 149134
1502286617 411313
1502286617 431570
1502286617 517265
1502286617 536663
1502286617 584441
1502286617 756885
1502286617 939271
1502286617 968553
1502286618 323178
1502286618 342789
1502286618 447631
1502286618 466938
1502286618 562793
1502286618 582249
1502286618 659056
1502286618 726479
1502286618 841787
1502286618 956641
1502286618 977035
1502286619 13821
1502286619 139234
1502286619 158613
1502286619 263754
1502286619 485070
1502286619 552002
1502286619 571687
1502286619 609161
1502286619 762887
1502286619 877807
1502286619 897992
1502286619 936052
1502286619 993249
1502286620 185358
1502286620 204881
1502286620 376856
1502286620 444108
1502286620 464410
1502286620 550642
1502286620 664621
1502286620 732209
1502286620 886056
1502286620 905317
1502286621 308012
1502286621 327207
1502286621 576584
1502286621 596585
1502286621 730840
1502286621 750344
1502286621 922316
1502286621 941904
1502286622 66707
1502286622 86035
1502286622 142898
1502286622 392472
1502286622 412984
1502286622 488577
1502286622 508531
1502286622 555784
1502286622 728720
1502286622 823450
1502286622 842778
1502286623 246857
1502286623 418802
1502286623 438312
1502286623 591265
1502286623 611639
1502286623 716489
1502286623 783581
1502286623 802830
1502286624 14169
1502286624 33437
1502286624 129367
1502286624 148684
1502286624 320892
1502286624 341320
1502286624 446015
1502286624 465607
1502286624 637562
1502286624 657801
1502286624 733813
1502286624 753367
1502286624 887986
1502286624 907363
1502286625 22312
1502286625 137620
1502286625 386365
1502286625 405527
1502286625 473438
1502286625 616713
1502286625 636113
1502286625 732300
1502286625 780774
1502286625 847261
1502286625 866592
1502286625 972456
1502286625 991833
1502286626 116092
1502286626 346634
1502286626 576883
1502286626 587121
1502286626 769242
1502286626 788634
1502286626 903567
1502286626 923104
1502286627 85581
1502286627 190299
1502286627 200591
1502286627 401887
1502286627 421147
1502286627 670445
1502286627 689705
1502286627 939104
1502286627 958603
1502286628 83291
1502286628 102663
1502286628 207643
1502286628 228071
1502286628 381035
1502286628 477151
1502286628 486701
1502286628 544284
1502286628 764882
1502286628 784272
1502286629 138673
1502286629 158047
1502286629 302085
1502286629 388400
1502286629 408548
1502286629 494523
1502286629 570922
1502286629 591276
1502286629 714433
1502286629 801259
1502286629 820654
1502286629 935484
1502286629 954884
1502286630 11680
1502286630 88892
1502286630 146046
1502286630 166438
1502286630 338473
1502286630 395592
1502286630 416079
1502286630 510912
1502286630 598080
1502286630 607844
1502286630 789840
1502286630 963042
1502286631 135312
1502286631 145488
1502286631 279511
1502286631 288911
1502286631 355699
1502286631 510446
1502286631 615310
1502286631 634646
1502286631 720832
1502286631 730852
1502286631 883880
1502286631 961037
1502286631 980326
1502286632 95343
1502286632 210880
1502286632 306796
1502286632 326144
1502286632 441101
1502286632 594485
1502286632 604732
1502286632 680788
1502286632 747811
1502286632 767155
1502286633 74863
1502286633 314097
1502286633 334466
1502286633 429369
1502286633 544903
1502286633 804437
1502286634 15662
1502286634 34949
1502286634 140080
1502286634 274289
1502286634 293534
1502286634 591002
1502286634 600344
1502286634 706289
1502286634 830542
1502286634 840756
1502286634 964868
1502286635 90151
1502286635 99367
1502286635 204429
1502286635 348782
1502286635 358939
1502286635 512123
1502286635 589239
1502286635 608562
1502286635 684537
1502286635 771786
1502286635 791041
1502286635 924126
1502286635 982412
1502286636 424371
1502286636 625603
1502286636 634891
1502286636 846084
1502286636 865586
1502286637 114758
1502286637 124918
1502286637 221162
1502286637 316170
1502286637 326476
1502286637 479532
1502286637 489768
1502286637 710027
1502286637 720292
1502286637 863396
1502286638 132066
1502286638 285410
1502286638 295619
1502286638 515917
1502286638 526110
1502286638 583037
1502286638 717763
1502286638 793623
1502286638 803813
1502286639 82169
1502286639 101463
1502286639 168378
1502286639 187692
1502286639 408014
1502286639 418470
1502286639 485170
1502286639 648462
1502286639 658706
1502286639 734657
1502286639 802143
1502286639 898298
1502286639 994250
1502286640 3535
1502286640 147683
1502286640 166922
1502286640 233874
1502286640 359044
1502286640 368338
1502286640 531696
1502286640 724123
1502286640 944351
1502286640 963735
1502286641 107735
1502286641 174909
1502286641 194124
1502286641 309251
1502286641 472578
1502286641 481848
1502286641 529696
1502286641 693410
1502286641 789306
1502286641 808582
1502286641 875502
1502286641 894803
1502286641 981964
1502286642 135007
1502286642 154444
1502286642 336052
1502286642 557000
1502286642 585225
1502286642 710387
1502286642 719735
1502286642 978949
1502286642 989273
1502286643 103306
1502286643 122622
1502286643 218846
1502286643 468221
1502286643 487135
1502286643 640692
1502286643 660517
1502286643 784857
1502286643 880986
1502286643 958225
1502286643 967473
1502286644 246043
1502286644 264841
1502286644 399258
1502286644 409516
1502286644 667800
1502286644 851755
1502286644 965552
1502286644 994763
1502286645 141211
1502286645 148267
1502286645 368459
1502286645 378687
1502286645 531941
1502286645 638005
1502286645 656306
1502286645 761382
1502286645 886653
1502286645 905967
1502286645 991981
1502286646 164666
1502286646 346759
1502286646 596319
1502286646 615711
1502286646 759126
1502286646 826786
1502286646 846104
1502286647 76350
1502286647 95711
1502286647 191880
1502286647 374013
1502286647 393389
1502286647 605485
1502286647 623879
1502286647 825292
1502286647 930334
1502286647 959573
1502286648 16478
1502286648 45849
1502286648 161076
1502286648 285171
1502286648 400364
1502286648 420637
1502286648 525926
1502286648 688326
1502286648 889592
1502286648 918923
1502286649 187208
1502286649 207365
1502286649 427716
1502286649 447001
1502286649 503906
1502286649 533185
1502286649 657284
1502286649 677547
1502286649 946167
1502286650 118348
1502286650 138548
1502286650 176425
1502286650 243572
1502286650 262804
1502286650 416259
1502286650 665559
1502286650 684762
1502286650 876287
1502286651 39507
1502286651 58780
1502286651 240846
1502286651 260191
1502286651 471612
1502286651 586618
1502286651 605950
1502286651 788118
1502286651 807428
1502286651 893506
1502286651 913601
1502286651 970504
1502286652 84914
1502286652 209255
1502286652 228617
1502286652 295508
1502286652 315639
1502286652 372493
1502286652 565199
1502286652 766382
1502286652 785799
1502286652 881670
1502286652 900963
1502286653 25027
1502286653 54400
1502286653 188438
1502286653 207733
1502286653 322676
1502286653 342081
1502286653 409077
1502286653 428367
1502286653 572284
1502286653 591609
1502286653 763723
1502286653 783964
1502286653 869960
1502286653 889297
1502286654 23263
1502286654 42688
1502286654 157676
1502286654 176989
1502286654 253816
1502286654 273239
1502286654 474380
1502286654 497326
1502286654 704811
1502286654 724334
1502286654 964400
1502286654 983687
1502286655 117694
1502286655 184853
1502286655 204813
1502286655 290273
1502286655 309516
1502286655 424801
1502286655 568802
1502286655 588119
1502286655 713335
1502286655 866405
1502286655 885778
1502286656 106025
1502286656 125438
1502286656 173145
1502286656 346494
1502286656 480826
1502286656 500157
1502286656 615217
1502286656 634441
1502286656 777904
1502286656 950935
1502286656 970208
1502286657 133279
1502286657 219529
1502286657 325024
1502286657 498104
1502286657 517505
1502286657 651467
1502286657 670857
1502286657 748321
1502286657 769305
1502286657 853481
1502286657 949150
1502286657 968577
1502286658 150567
1502286658 169967
1502286658 332953
1502286658 352371
1502286658 428334
1502286658 447782
1502286658 677987
1502286658 698432
1502286658 888394
1502286658 908951
1502286659 13784
1502286659 33045
1502286659 263263
1502286659 289360
1502286659 512778
1502286659 532156
1502286659 608986
1502286659 629267
1502286659 705237
1502286659 724635
1502286659 906674
1502286659 926047
1502286660 98064
1502286660 117532
1502286660 204296
1502286660 223851
1502286660 434990
1502286660 454087
1502286660 617206
1502286660 641440
1502286660 731519
1502286660 751926
1502286660 885855
1502286661 1583
1502286661 471436
1502286661 491611
1502286661 597340
1502286661 989404
1502286662 8767
1502286662 75612
1502286662 95935
1502286662 190801
1502286662 211026
1502286662 460352
1502286662 479735
1502286662 718953
1502286662 738623
1502286662 844390
1502286662 864958
1502286663 93805
1502286663 113354
1502286663 237184
1502286663 257413
1502286663 410450
1502286663 477640
1502286663 909637
1502286663 929029
1502286664 5813
1502286664 188616
1502286664 400029
1502286664 466780
1502286664 486140
1502286664 668260
1502286664 677644
1502286664 821873
1502286664 965986
1502286664 985332
1502286665 138337
1502286665 157705
1502286665 253588
1502286665 273027
1502286665 436053
1502286665 455328
1502286665 580277
1502286665 599670
1502286665 666496
1502286665 752704
1502286665 772110
1502286665 906326
1502286666 194661
1502286666 214075
1502286666 299996
1502286666 319368
1502286666 597645
1502286666 616988
1502286666 856282
1502286667 96845
1502286667 116153
1502286667 432465
1502286667 451849
1502286667 662120
1502286667 682389
1502286667 844843
1502286667 864697
1502286668 56073
1502286668 75297
1502286668 314613
1502286668 334895
1502286668 468913
1502286668 488367
1502286668 622257
1502286668 641692
1502286668 852924
1502286668 872250
1502286669 6150
1502286669 63287
1502286669 82575
1502286669 149466
1502286669 169978
1502286669 264781
1502286669 437391
1502286669 552385
1502286669 571712
1502286669 658582
1502286669 782901
1502286669 802215
1502286669 917268
1502286670 42471
1502286670 61753
1502286670 118711
1502286670 263211
1502286670 407294
1502286670 656851
1502286670 676103
1502286670 906377
1502286670 925759
1502286671 31023
1502286671 116968
1502286671 137190
1502286671 242392
1502286671 472966
1502286671 492961
1502286671 722252
1502286671 741997
1502286671 837455
1502286671 856971
1502286672 48981
1502286672 68575
1502286672 183402
1502286672 240755
1502286672 384737
1502286672 404160
1502286672 509049
1502286672 528397
1502286672 683066
1502286672 787685
1502286672 807206
1502286673 8588
1502286673 27839
1502286673 267779
1502286673 287183
1502286673 373022
1502286673 392300
1502286673 574420
1502286673 594718
1502286673 844031
1502286673 863305
1502286674 16607
1502286674 36016
1502286674 188834
1502286674 209108
1502286674 381572
1502286674 582694
1502286674 649864
1502286674 899741
1502286675 72739
1502286675 92209
1502286675 245484
1502286675 475660
1502286675 495002
1502286675 648556
1502286675 782455
1502286675 802689
1502286676 31972
1502286676 52134
1502286676 119099
1502286676 138388
1502286676 310525
1502286676 329855
1502286676 415801
1502286676 473256
1502286676 579268
1502286676 598491
1502286676 694655
1502286676 713803
1502286676 943955
1502286676 963306
1502286677 164520
1502286677 183827
1502286677 289765
1502286677 308984
1502286677 481258
1502286677 500543
1502286677 634627
1502286677 655177
1502286677 885158
1502286677 904766
1502286678 134740
1502286678 155274
1502286678 307083
1502286678 326362
1502286678 556614
1502286678 575928
1502286678 729065
1502286678 749272
1502286678 940524
1502286678 959726
1502286679 161059
1502286679 181234
1502286679 257239
1502286679 276475
1502286679 381605
1502286679 400833
1502286679 507069
1502286679 583008
1502286679 602443
1502286679 737564
1502286679 823542
1502286679 842790
1502286679 909767
1502286679 928991
1502286680 274563
1502286680 293777
1502286680 475058
1502286680 495715
1502286680 733679
1502286680 753876
1502286680 926089
1502286680 945350
1502286681 89431
1502286681 194710
1502286681 214023
1502286681 339010
1502286681 454225
1502286681 473558
1502286681 559761
1502286681 704006
1502286681 819048
1502286681 838410
1502286682 39647
1502286682 58860
1502286682 202190
1502286682 327491
1502286682 519657
1502286682 576767
1502286682 596145
1502286682 788521
1502286682 854507
1502286682 874746
1502286682 979802
1502286683 114037
1502286683 124466
1502286683 267856
1502286683 401792
1502286683 507875
1502286683 527205
1502286683 642215
1502286683 728379
1502286683 747774
1502286683 814665
1502286683 891837
1502286683 911070
1502286683 997164
1502286684 16373
1502286684 74203
1502286684 409979
1502286684 429357
1502286684 516151
1502286684 582439
1502286684 745719
1502286684 765068
1502286684 966274
1502286685 34426
1502286685 139614
1502286685 263931
1502286685 284108
1502286685 437235
1502286685 687106
1502286685 859283
1502286685 878521
1502286686 118808
1502286686 128108
1502286686 338356
1502286686 357825
1502286687 548865
1502286687 673450
1502286687 759549
