1502286388 899275
1502286388 910041
1502286389 91196
1502286389 110978
1502286389 330651
1502286389 342734
1502286389 474830
1502286389 494686
1502286389 628278
1502286389 638894
1502286389 734549
1502286389 744135
1502286389 897967
1502286389 992984
1502286390 3605
1502286390 127271
1502286390 138739
1502286390 320228
1502286390 512140
1502286390 531878
1502286390 665673
1502286390 675071
1502286390 751832
1502286390 829145
1502286390 866947
1502286390 886849
1502286390 953206
1502286390 963733
1502286391 49624
1502286391 183617
1502286391 203990
1502286391 289119
1502286391 347095
1502286391 356580
1502286391 578073
1502286391 759952
1502286391 769526
1502286392 114842
1502286392 126014
1502286392 221075
1502286392 335230
1502286392 431380
1502286392 451610
1502286392 575788
1502286392 586561
1502286392 681706
1502286392 825369
1502286392 845038
1502286392 911525
1502286392 931184
1502286393 171582
1502286393 353489
1502286393 373138
1502286393 555099
1502286393 612099
1502286393 632666
1502286393 717328
1502286393 737102
1502286393 823725
1502286393 958463
1502286394 63129
1502286394 82857
1502286394 246004
1502286394 283696
1502286394 304186
1502286394 409169
1502286394 524156
1502286394 533770
1502286394 665771
1502286394 782781
1502286394 994319
1502286395 13984
1502286395 147605
1502286395 167311
1502286395 263116
1502286395 550528
1502286395 570901
1502286395 694977
1502286395 886346
1502286395 905901
1502286396 1760
1502286396 78787
1502286396 88248
1502286396 261385
1502286396 309220
1502286396 318791
1502286396 530320
1502286396 596928
1502286396 616973
1502286396 722428
1502286396 789319
1502286396 798939
1502286396 865541
1502286396 876816
1502286396 961969
1502286397 66966
1502286397 77479
1502286397 211917
1502286397 413280
1502286397 758598
1502286397 768995
1502286397 835726
1502286397 845384
1502286397 922520
1502286397 959875
1502286397 970399
1502286398 181039
1502286398 382788
1502286398 402439
1502286398 641526
1502286398 669429
1502286398 795079
1502286398 891082
1502286398 901524
1502286399 6723
1502286399 112433
1502286399 122063
1502286399 390218
1502286399 400882
1502286399 535045
1502286399 697827
1502286399 717424
1502286399 956442
1502286399 966920
1502286400 73122
1502286400 312180
1502286400 321836
1502286400 551843
1502286400 571346
1502286400 773736
1502286401 12849
1502286401 32441
1502286401 157620
1502286401 377527
1502286401 388107
1502286401 482816
1502286401 502539
1502286401 617127
1502286401 637808
1502286401 732356
1502286401 753010
1502286401 828732
1502286401 839235
1502286402 49109
1502286402 59633
1502286402 145421
1502286402 156019
1502286402 404911
1502286402 424579
1502286402 568193
1502286402 587957
1502286402 798652
1502286402 818298
1502286402 923122
1502286402 942671
1502286403 153759
1502286403 164038
1502286403 258803
1502286403 269430
1502286403 384078
1502286403 393632
1502286403 489761
1502286403 614194
1502286403 930277
1502286403 949978
1502286404 169959
1502286404 189624
1502286404 285169
1502286404 294842
1502286404 476907
1502286404 563722
1502286404 649098
1502286404 669656
1502286404 755485
1502286404 851498
1502286404 861168
1502286405 110215
1502286405 120650
1502286405 216846
1502286405 426838
1502286405 446552
1502286405 532960
1502286405 552580
1502286405 667296
1502286405 677712
1502286405 926023
1502286405 936466
1502286406 3135
1502286406 13576
1502286406 166419
1502286406 176104
1502286406 252626
1502286406 263144
1502286406 387494
1502286406 493120
1502286406 512692
1502286406 598390
1502286406 608030
1502286406 761799
1502286406 781330
1502286406 866963
1502286406 886590
1502286407 135631
1502286407 146148
1502286407 318582
1502286407 529538
1502286407 540183
1502286407 789114
1502286407 808738
1502286408 38604
1502286408 48273
1502286408 230666
1502286408 393654
1502286408 470534
1502286408 480197
1502286408 720146
1502286408 739779
1502286408 825436
1502286408 873510
1502286408 884022
1502286409 46507
1502286409 152103
1502286409 161793
1502286409 267278
1502286409 410734
1502286409 431281
1502286409 814536
1502286409 824178
1502286410 73238
1502286410 83832
1502286410 179498
1502286410 343288
1502286410 592337
1502286410 602725
1502286410 802817
1502286410 822481
1502286410 908983
1502286410 918624
1502286411 14734
1502286411 178195
1502286411 379084
1502286411 446504
1502286411 657389
1502286411 782000
1502286411 791674
1502286411 973706
1502286412 21624
1502286412 32139
1502286412 195167
1502286412 242997
1502286412 262642
1502286412 338584
1502286412 655051
1502286412 665595
1502286412 876561
1502286412 896211
1502286412 991743
1502286413 1422
1502286413 97951
1502286413 346587
1502286413 357065
1502286413 567085
1502286413 577608
1502286413 644427
1502286413 817381
1502286413 961022
1502286413 971590
1502286414 57851
1502286414 210489
1502286414 221017
1502286414 363959
1502286414 384595
1502286414 690586
1502286414 701191
1502286414 998392
1502286415 7922
1502286415 276509
1502286415 468265
1502286415 487939
1502286415 679776
1502286415 689424
1502286415 814059
1502286415 833733
1502286415 900267
1502286415 911006
1502286416 44681
1502286416 64195
1502286416 158903
1502286416 178654
1502286416 408433
1502286416 428096
1502286416 571790
1502286416 591466
1502286417 128987
1502286417 148618
1502286417 215450
1502286417 483823
1502286417 503483
1502286417 724354
1502286417 743980
1502286417 819832
1502286417 906835
1502286418 12586
1502286418 205030
1502286418 280614
1502286418 311117
1502286418 482150
1502286418 492612
1502286418 549517
1502286418 675133
1502286418 962189
1502286418 981811
1502286419 86738
1502286419 97027
1502286419 260443
1502286419 384172
1502286419 394694
1502286419 509437
1502286419 529011
1502286419 739897
1502286419 749571
1502286419 845430
1502286419 912304
1502286420 65681
1502286420 76240
1502286420 180935
1502286420 191491
1502286420 287704
1502286420 497878
1502286420 546346
1502286420 641954
1502286420 719342
1502286420 786219
1502286420 795875
1502286420 872475
1502286420 883032
1502286420 958889
1502286421 170465
1502286421 180630
1502286421 256331
1502286421 276032
1502286421 372264
1502286421 554002
1502286421 573694
1502286421 659281
1502286421 678920
1502286421 872130
1502286422 53133
1502286422 72831
1502286422 273665
1502286422 293332
1502286422 418163
1502286422 534622
1502286422 600360
1502286422 620785
1502286422 705630
1502286422 716277
1502286422 812411
1502286423 22434
1502286423 32905
1502286423 147788
1502286423 224027
1502286423 244501
1502286423 397668
1502286423 454343
1502286423 531667
1502286423 665789
1502286423 676328
1502286423 762168
1502286424 10826
1502286424 21163
1502286424 164170
1502286424 212207
1502286424 222781
1502286424 279479
1502286424 433660
1502286424 443184
1502286424 539194
1502286424 663198
1502286424 684445
1502286424 797662
1502286424 836474
1502286424 856243
1502286425 1154
1502286425 134148
1502286425 143764
1502286425 258691
1502286425 306747
1502286425 317234
1502286425 392730
1502286425 417431
1502286425 470163
1502286425 633231
1502286426 46240
1502286426 55800
1502286426 439086
1502286426 461460
1502286426 554384
1502286426 565116
1502286426 794886
1502286426 805442
1502286426 910172
1502286426 919722
1502286427 5427
1502286427 207711
1502286427 227531
1502286427 390185
1502286427 399919
1502286427 585366
1502286427 601295
1502286427 812149
1502286427 831787
1502286427 908301
1502286427 928417
1502286428 176930
1502286428 188993
1502286428 292267
1502286428 317505
1502286428 445824
1502286428 465834
1502286428 542086
1502286428 561485
1502286428 667506
1502286428 771443
1502286428 782335
1502286428 848553
1502286428 859196
1502286429 60061
1502286429 69642
1502286429 242348
1502286429 252120
1502286429 405713
1502286429 425482
1502286429 578204
1502286429 597821
1502286429 789576
1502286429 799393
1502286429 943061
1502286429 953672
1502286430 29207
1502286430 39881
1502286430 154486
1502286430 164245
1502286430 345872
1502286430 366823
1502286430 509662
1502286430 739878
1502286430 750553
1502286430 855305
1502286431 239
1502286431 152779
1502286431 163326
1502286431 239135
1502286431 546658
1502286431 556442
1502286431 738201
1502286431 786056
1502286431 806630
1502286431 920989
1502286432 46353
1502286432 247121
1502286432 266726
1502286432 381771
1502286432 516323
1502286432 659571
1502286432 698090
1502286432 707723
1502286432 832462
1502286432 842173
1502286432 948252
1502286433 149188
1502286433 283426
1502286433 294047
1502286433 360632
1502286433 370222
1502286433 447112
1502286433 619183
1502286433 705496
1502286433 716043
1502286433 898518
1502286434 99850
1502286434 233774
1502286434 244298
1502286434 338944
1502286434 349429
1502286434 435114
1502286434 445787
1502286434 579428
1502286434 589068
1502286434 665994
1502286434 818970
1502286434 829562
1502286434 934212
1502286434 944728
1502286435 78479
1502286435 98269
1502286435 223405
1502286435 290012
1502286435 299598
1502286435 433312
1502286435 453873
1502286435 596679
1502286435 607201
1502286435 702851
1502286435 712448
1502286435 865306
1502286435 885791
1502286436 95854
1502286436 107120
1502286436 211105
1502286436 221620
1502286436 336360
1502286436 346028
1502286436 720158
1502286436 729902
1502286436 873808
1502286436 940650
1502286436 951153
1502286437 105471
1502286437 498025
1502286437 507523
1502286437 718957
1502286437 919933
1502286437 930516
1502286438 45318
1502286438 151201
1502286438 333367
1502286438 467189
1502286438 486803
1502286438 639665
1502286438 651028
1502286438 735689
1502286438 870268
1502286438 889732
1502286439 81460
1502286439 101135
1502286439 205864
1502286439 226557
1502286439 398685
1502286439 465399
1502286439 485757
1502286439 666856
1502286439 677554
1502286439 792055
1502286439 811716
1502286440 41637
1502286440 61229
1502286440 146919
1502286440 166533
1502286440 377555
1502286440 387893
1502286440 463567
1502286440 483288
1502286440 675152
1502286440 685563
1502286440 800509
1502286440 914635
1502286440 925220
1502286441 59564
1502286441 222363
1502286441 232909
1502286441 519036
1502286441 548044
1502286441 740676
1502286441 760209
1502286441 845993
1502286441 990109
1502286442 9121
1502286442 95238
1502286442 277828
1502286442 288346
1502286442 498321
1502286442 518929
1502286442 844217
1502286442 873020
1502286443 112726
1502286443 133224
1502286443 266983
1502286443 372213
1502286443 391873
1502286443 621846
1502286443 632226
1502286443 698986
1502286443 718529
1502286443 929458
1502286443 939015
1502286444 169078
1502286444 188778
1502286444 485969
1502286444 496409
1502286444 572043
1502286444 581598
1502286444 830509
1502286444 860823
1502286445 80107
1502286445 90688
1502286445 205405
1502286445 224274
1502286445 358848
1502286445 427466
1502286445 579270
1502286445 608170
1502286445 825663
1502286446 198981
1502286446 429676
1502286446 449457
1502286446 601992
1502286446 621803
1502286446 688098
1502286446 707811
1502286446 908652
1502286446 928336
1502286447 149428
1502286447 169160
1502286447 311654
1502286447 322311
1502286447 456152
1502286447 533191
1502286447 552645
1502286447 677070
1502286447 772655
1502286447 792270
1502286447 946166
1502286448 3094
1502286448 22821
1502286448 118727
1502286448 252782
1502286448 272404
1502286448 378582
1502286448 579424
1502286448 598984
1502286448 703882
1502286448 799979
1502286448 820303
1502286448 934464
1502286449 30421
1502286449 50958
1502286449 174049
1502286449 327187
1502286449 347683
1502286449 520053
1502286449 711919
1502286449 731560
1502286449 817452
1502286449 893443
1502286450 27741
1502286450 47482
1502286450 124232
1502286450 239319
1502286450 258847
1502286450 363800
1502286450 469562
1502286450 679341
1502286450 699927
1502286450 823581
1502286450 844934
1502286451 15991
1502286451 35944
1502286451 131761
1502286451 341762
1502286451 361503
1502286451 601605
1502286451 613167
1502286451 707893
1502286451 860242
1502286451 870593
1502286451 946453
1502286452 80521
1502286452 90990
1502286452 186859
1502286452 264351
1502286452 379089
1502286452 398848
1502286452 638541
1502286452 714770
1502286452 734448
1502286452 858325
1502286452 878892
1502286453 41512
1502286453 184991
1502286453 204661
1502286453 646300
1502286453 914596
1502286453 934361
1502286454 49634
1502286454 135173
1502286454 154793
1502286454 403737
1502286454 423632
1502286454 663411
1502286454 683112
1502286454 836423
1502286454 970142
1502286454 981323
1502286455 143545
1502286455 153002
1502286455 286707
1502286455 297371
1502286455 372962
1502286455 393639
1502286455 460081
1502286455 469693
1502286455 565696
1502286455 699728
1502286455 719278
1502286455 911711
1502286456 122610
1502286456 143049
1502286456 305207
1502286456 391184
1502286456 411269
1502286456 487651
1502286456 573881
1502286456 630732
1502286456 650487
1502286456 775321
1502286456 823973
1502286456 909886
1502286457 418514
1502286457 438863
1502286457 562242
1502286457 658094
1502286457 677894
1502286457 792560
1502286457 850505
1502286458 32919
1502286458 42485
1502286458 186873
1502286458 272413
1502286458 283100
1502286458 454857
1502286458 474520
1502286458 627964
1502286458 857754
1502286458 877453
1502286458 944839
1502286458 964597
1502286459 453254
1502286459 472757
1502286459 635561
1502286459 646017
1502286459 856035
1502286459 876593
1502286460 115505
1502286460 135250
1502286460 297958
1502286460 317840
1502286460 557477
1502286460 577171
1502286460 788255
1502286460 940518
1502286460 960274
1502286461 200685
1502286461 334355
1502286461 344884
1502286461 709215
1502286461 728949
1502286461 814297
1502286461 825275
1502286462 16430
1502286462 160195
1502286462 179761
1502286462 390668
1502286462 400303
1502286462 621141
1502286462 641468
1502286462 850725
1502286462 873710
1502286463 43125
1502286463 54024
1502286463 225541
1502286463 245213
1502286463 370132
1502286463 446059
1502286463 465792
1502286463 532514
1502286463 618501
1502286463 638291
1502286463 762953
1502286463 839971
1502286463 849738
1502286464 61324
1502286464 175762
1502286464 195306
1502286464 387126
1502286464 406892
1502286464 703876
1502286464 713630
1502286464 819168
1502286464 838774
1502286464 982309
1502286465 96902
1502286465 117356
1502286465 318243
1502286465 327973
1502286465 394509
1502286465 414167
1502286465 596043
1502286465 607286
1502286465 788367
1502286465 799094
1502286465 932640
1502286465 942409
1502286466 8862
1502286466 20177
1502286466 143557
1502286466 392826
1502286466 403411
1502286466 469908
1502286466 575159
1502286466 595812
1502286466 662260
1502286466 682081
1502286466 757560
1502286466 778216
1502286466 960552
1502286467 142393
1502286467 161930
1502286467 247539
1502286467 267290
1502286467 371905
1502286467 392578
1502286467 516445
1502286467 574251
1502286467 583924
1502286467 679542
1502286467 699255
1502286468 34382
1502286468 44895
1502286468 256407
1502286468 351115
1502286468 371695
1502286468 610734
1502286468 630322
1502286468 755681
1502286468 870277
1502286468 890084
1502286469 42651
1502286469 62332
1502286469 176982
1502286469 196642
1502286469 302207
1502286469 321882
1502286469 446293
1502286469 618865
1502286469 639423
1502286469 839470
1502286469 850227
1502286469 925663
1502286469 946286
1502286470 185124
1502286470 204849
1502286470 367588
1502286470 387164
1502286470 463815
1502286470 483587
1502286470 675161
1502286470 694918
1502286470 924713
1502286470 934480
1502286471 68182
1502286471 87803
1502286471 327822
1502286471 347473
1502286471 577367
1502286471 596900
1502286471 845935
1502286471 866073
1502286472 38705
1502286472 85455
1502286472 105187
1502286472 201020
1502286472 267887
1502286472 287510
1502286472 431551
1502286472 536528
1502286472 547145
1502286472 709907
1502286472 729561
1502286472 882321
1502286472 892908
1502286472 987748
1502286473 54671
1502286473 75222
1502286473 161032
1502286473 246177
1502286473 267548
1502286473 457837
1502286473 515672
1502286473 525357
1502286473 611708
1502286473 813455
1502286473 833165
1502286473 927963
1502286474 43752
1502286474 235620
1502286474 273491
1502286474 293155
1502286474 388927
1502286474 427668
1502286474 447714
1502286474 590503
1502286474 629255
1502286474 648896
1502286474 763724
1502286474 830616
1502286474 850468
1502286475 61816
1502286475 204808
1502286475 224160
1502286475 483876
1502286475 577317
1502286475 589191
1502286475 675539
1502286475 685292
1502286475 925788
1502286476 135722
1502286476 155245
1502286476 404253
1502286476 424775
1502286476 519684
1502286476 541151
1502286476 644701
1502286476 664482
1502286476 904758
1502286477 182062
1502286477 201956
1502286477 336232
1502286477 403424
1502286477 423070
1502286477 538089
1502286477 585574
1502286477 757877
1502286477 863532
1502286477 883194
1502286478 36212
1502286478 142093
1502286478 151697
1502286478 295836
1502286478 400729
1502286478 420437
1502286478 535334
1502286478 650346
1502286478 900153
1502286478 919673
1502286479 6289
1502286479 102033
1502286479 313551
1502286479 495300
1502286479 505951
1502286479 610598
1502286479 630173
1502286479 841099
1502286479 860838
1502286479 985272
1502286479 995016
1502286480 176774
1502286480 187430
1502286480 262977
1502286480 283658
1502286480 627994
1502286480 647775
1502286480 886372
1502286480 908839
1502286481 11584
1502286481 22222
1502286481 223398
1502286481 271092
1502286481 290792
1502286481 366446
1502286481 376955
1502286481 453764
1502286481 607601
1502286481 858030
1502286482 68207
1502286482 116576
1502286482 355729
1502286482 375386
1502286482 509741
1502286482 576259
1502286482 596090
1502286482 683125
1502286482 787647
1502286482 807514
1502286483 56317
1502286483 76075
1502286483 257923
1502286483 296648
1502286483 316302
1502286483 651581
1502286483 662214
1502286483 796462
1502286484 16534
1502286484 36065
1502286484 112579
1502286484 122331
1502286484 266628
1502286484 391217
1502286484 401235
1502286484 525968
1502286484 582640
1502286484 602620
1502286484 775938
1502286484 995573
1502286485 15922
1502286485 91827
1502286485 111437
1502286485 187968
1502286485 198391
1502286485 313395
1502286485 446560
1502286485 457182
1502286485 581600
1502286485 744249
1502286485 763989
1502286485 850840
1502286485 985477
1502286486 186485
1502286486 416792
1502286486 436548
1502286486 762558
1502286486 782278
1502286487 40768
1502286487 117549
1502286487 137015
1502286487 308843
1502286487 329477
1502286487 530271
1502286487 540074
1502286487 712744
1502286487 722391
1502286487 971327
1502286487 981839
1502286488 58458
1502286488 78197
1502286488 153706
1502286488 174423
1502286488 403429
1502286488 424042
1502286488 643766
1502286488 663435
1502286488 739989
1502286488 760478
1502286488 970614
1502286488 990220
1502286489 85920
1502286489 220044
1502286489 239669
1502286489 325583
1502286489 402379
1502286489 412122
1502286489 508022
1502286489 623475
1502286489 719237
1502286489 728836
1502286489 834372
1502286489 853929
1502286489 939839
1502286490 45023
1502286490 65857
1502286490 141387
1502286490 189241
1502286490 199964
1502286490 275393
1502286490 286169
1502286490 439538
1502286490 592190
1502286490 612797
1502286490 842363
1502286491 37346
1502286491 54146
1502286491 216559
1502286491 236087
1502286491 311721
1502286491 332480
1502286491 571576
1502286491 581980
1502286491 706049
1502286492 22329
1502286492 204920
1502286492 224735
1502286492 474662
1502286492 598730
1502286492 609324
1502286492 790963
1502286492 810853
1502286493 59613
1502286493 69610
1502286493 165640
1502286493 367002
1502286493 510757
1502286493 530348
1502286493 722174
1502286493 731862
1502286493 865621
1502286493 885875
1502286493 990766
1502286494 830
1502286494 192293
1502286494 211949
1502286494 451829
1502286494 461484
1502286494 527981
1502286494 547805
1502286494 643496
1502286494 787195
1502286494 989359
1502286495 113769
1502286495 180430
1502286495 200218
1502286495 334542
1502286495 497828
1502286495 602465
1502286495 623156
1502286495 843165
1502286495 862799
1502286495 987751
1502286496 207723
1502286496 227402
1502286496 371096
1502286496 381020
1502286496 543424
1502286496 563187
1502286496 784139
1502286496 793688
1502286497 4464
1502286497 24146
1502286497 215880
1502286497 225616
1502286497 369522
1502286497 417317
1502286497 427009
1502286497 705147
1502286497 724900
1502286497 907356
1502286498 166670
1502286498 271458
1502286498 291291
1502286498 425869
1502286498 482775
1502286498 493344
1502286498 569747
1502286498 608131
1502286498 732425
1502286498 742913
1502286498 857797
1502286498 867608
1502286498 953273
1502286499 49525
1502286499 87158
1502286499 107685
1502286499 291311
1502286499 413959
1502286499 424471
1502286499 510041
1502286499 606268
1502286499 615988
1502286499 740640
1502286499 750185
1502286499 980832
1502286500 76360
1502286500 86918
1502286500 201726
1502286500 211294
1502286500 355010
1502286500 364677
1502286500 460236
1502286500 623552
1502286500 634342
1502286500 780302
1502286500 796740
1502286500 883054
1502286500 902708
1502286501 93824
1502286501 114338
1502286501 276211
1502286501 286794
1502286501 775168
1502286501 786634
1502286502 5705
1502286502 28836
1502286502 150040
1502286502 169703
1502286502 322619
1502286502 352031
1502286502 418612
1502286502 429216
1502286502 639260
1502286502 659683
1502286502 735413
1502286502 754987
1502286502 984938
1502286502 996361
1502286503 139103
1502286503 158801
1502286503 378775
1502286503 398442
1502286503 532472
1502286503 648054
1502286503 821033
1502286503 840395
1502286503 954999
1502286504 70288
1502286504 90080
1502286504 222977
1502286504 482483
1502286504 502103
1502286504 588238
1502286504 780000
1502286504 799748
1502286504 875529
1502286505 20179
1502286505 96661
1502286505 116293
1502286505 221935
1502286505 422453
1502286505 682055
1502286505 692547
1502286505 778144
1502286505 797964
1502286505 922780
1502286506 17886
1502286506 28412
1502286506 239196
1502286506 258847
1502286506 373468
1502286506 509208
1502286506 604108
1502286506 613799
1502286506 834342
1502286506 910746
1502286506 921390
1502286507 371746
1502286507 391476
1502286507 592395
1502286507 611949
1502286507 860855
1502286507 986218
1502286508 6007
1502286508 148587
1502286508 159209
1502286508 513543
1502286508 523985
1502286508 609591
1502286508 629229
1502286508 734838
1502286508 754549
1502286508 850160
1502286508 869955
1502286509 80585
1502286509 101219
1502286509 243092
1502286509 263706
1502286509 387280
1502286509 397953
1502286509 464571
1502286509 484080
1502286509 713974
1502286509 924593
1502286509 934238
1502286510 58809
1502286510 69359
1502286510 212220
1502286510 222774
1502286510 328022
1502286510 394586
1502286510 414459
1502286510 615733
1502286510 768471
1502286510 788258
1502286510 999100
1502286511 9640
1502286511 133344
1502286511 143895
1502286511 344805
1502286511 364673
1502286511 479111
1502286511 489699
1502286511 604362
1502286511 613979
1502286511 853952
1502286511 864347
1502286512 8008
1502286512 112577
1502286512 132209
1502286512 227794
1502286512 238322
1502286512 333930
1502286512 343679
1502286512 439201
1502286512 449866
1502286512 573540
1502286512 584223
1502286513 25590
1502286513 149871
1502286513 169566
1502286513 438097
1502286513 658067
1502286513 678627
1502286513 869546
1502286513 889828
1502286514 110194
1502286514 129230
1502286514 225489
1502286514 378576
1502286514 398442
1502286514 513521
1502286514 590013
1502286514 599713
1502286514 685629
1502286514 840492
1502286514 934822
1502286514 954414
1502286515 126782
1502286515 184411
1502286515 204113
1502286515 289892
1502286515 347733
1502286515 367378
1502286515 472296
1502286515 530139
1502286515 769805
1502286515 895026
1502286515 904653
1502286516 96726
1502286516 164296
1502286516 461294
1502286516 480961
1502286516 700917
1502286516 711370
1502286516 797020
1502286516 807649
1502286517 56621
1502286517 66199
1502286517 239068
1502286517 258750
1502286517 344299
1502286517 363989
1502286517 526999
1502286517 603915
1502286517 756372
1502286517 776010
1502286517 842767
1502286518 24978
1502286518 46055
1502286518 102217
1502286518 207492
1502286518 255471
1502286518 275071
1502286518 410254
1502286518 563038
1502286518 572728
1502286518 708026
1502286518 879784
1502286518 899547
1502286518 985333
1502286519 81230
1502286519 206582
1502286519 216370
1502286519 321902
1502286519 331456
1502286519 407910
1502286519 599540
1502286519 610263
1502286519 714701
1502286519 734387
1502286519 810877
1502286519 821527
1502286520 12442
1502286520 22833
1502286520 252831
1502286520 272589
1502286520 358307
1502286520 665734
1502286520 675488
1502286520 781246
1502286521 414489
1502286521 434076
1502286521 509701
1502286521 520253
1502286521 769354
1502286521 788886
1502286522 28914
1502286522 48447
1502286522 144090
1502286522 163770
1502286522 230228
1502286522 249859
1502286522 345531
1502286522 365136
1502286522 527900
1502286522 652375
1502286522 672010
1502286522 786566
1502286522 806354
1502286522 902166
1502286523 17321
1502286523 208566
1502286523 286080
1502286523 382157
1502286523 449007
1502286523 458757
1502286523 583558
1502286523 659562
1502286523 680242
1502286523 766376
1502286523 967256
1502286523 987065
1502286524 102166
1502286524 313694
1502286524 562585
1502286524 582277
1502286524 715902
1502286524 735605
1502286524 889217
1502286524 909029
1502286525 72011
1502286525 119493
1502286525 293480
1502286525 378444
1502286525 398395
1502286525 580880
1502286525 646955
1502286525 666673
1502286525 733472
1502286525 849123
1502286526 12477
1502286526 223255
1502286526 243030
1502286526 406032
1502286526 453695
1502286526 463456
1502286526 549673
1502286526 626174
1502286526 636867
1502286526 741456
1502286526 761303
1502286526 865784
1502286526 886384
1502286526 971948
1502286526 991724
1502286527 77620
1502286527 135282
1502286527 155035
1502286527 230731
1502286527 355881
1502286527 375458
1502286527 481528
1502286527 605562
1502286527 615892
1502286527 721527
1502286527 816834
1502286527 826574
1502286527 929423
1502286527 989212
1502286528 8952
1502286528 161917
1502286528 210661
1502286528 527108
1502286528 786000
1502286528 795690
1502286528 872488
1502286529 54835
1502286529 64366
1502286529 170505
1502286529 381456
1502286529 390985
1502286529 467963
1502286529 534832
1502286529 554470
1502286529 631181
1502286529 726226
1502286529 985768
1502286529 996366
1502286530 455840
1502286530 476405
1502286530 734469
1502286530 745103
1502286530 964919
1502286531 166463
1502286531 186116
1502286531 281674
1502286531 301317
1502286531 483103
1502286531 502922
1502286531 741830
1502286531 752539
1502286531 857314
1502286531 876946
1502286532 97596
1502286532 117229
1502286532 289069
1502286532 308739
1502286532 414498
1502286532 539141
1502286532 624764
1502286532 644490
1502286532 721192
1502286532 740671
1502286532 874966
1502286532 951494
1502286532 971362
1502286533 94860
1502286533 105513
1502286533 191341
1502286533 344373
1502286533 805599
1502286533 816082
1502286534 26201
1502286534 237423
1502286534 248015
1502286534 506243
1502286534 525864
1502286534 736528
1502286534 756220
1502286534 871050
1502286534 967724
1502286535 198141
1502286535 342092
1502286535 533304
1502286535 552953
1502286535 677866
1502286535 801932
1502286535 822487
1502286535 936932
1502286536 129321
1502286536 253843
1502286536 263635
1502286536 532312
1502286536 608729
1502286536 628520
1502286536 781141
1502286536 801880
1502286537 50641
1502286537 60308
1502286537 184985
1502286537 194712
1502286537 338342
1502286537 348368
1502286537 443609
1502286537 463288
1502286537 568871
1502286537 588574
1502286537 693138
1502286537 712813
1502286537 885610
1502286537 905410
1502286538 768
1502286538 20527
1502286538 288584
1502286538 308314
1502286538 374693
1502286538 394401
1502286538 624350
1502286538 644668
1502286538 739470
1502286538 750042
1502286538 883749
1502286538 904163
1502286539 134049
1502286539 383538
1502286539 632452
1502286539 652081
1502286539 823939
1502286539 901096
1502286539 920850
1502286540 92888
1502286540 169737
1502286540 189390
1502286540 313704
1502286540 486144
1502286540 552658
1502286540 572292
1502286540 706294
1502286540 821362
1502286540 841019
1502286540 926721
1502286541 42216
1502286541 90526
1502286541 186223
1502286541 340060
1502286541 732607
1502286541 743190
1502286541 925469
1502286542 1952
1502286542 11705
1502286542 184378
1502286542 194121
1502286542 366766
1502286542 386591
1502286542 596453
1502286542 807860
1502286542 827629
1502286543 239911
1502286543 259557
1502286543 384107
1502286543 403892
1502286543 595555
1502286543 605248
1502286543 767985
1502286543 787622
1502286543 931267
1502286543 940992
1502286544 65634
1502286544 85345
1502286544 181003
1502286544 200614
1502286544 363372
1502286544 382976
1502286544 593814
1502286544 613563
1502286544 795311
1502286544 814842
1502286544 910511
1502286544 920213
1502286545 102018
1502286545 121769
1502286545 322988
1502286545 361490
1502286545 381218
1502286545 495367
1502286545 908407
1502286546 128385
1502286546 138892
1502286546 300957
1502286546 407598
1502286546 531281
1502286546 541822
1502286546 714210
1502286546 751863
1502286546 762323
1502286546 877243
1502286546 954118
1502286546 973768
1502286547 98057
1502286547 223349
1502286547 386769
1502286547 539575
1502286547 559202
1502286547 750939
1502286547 770618
1502286547 846639
1502286547 943045
1502286548 212467
1502286548 345400
1502286548 355952
1502286548 470628
1502286548 480286
1502286548 653338
1502286548 710200
1502286548 720738
1502286548 835609
1502286548 950702
1502286548 970344
1502286549 66283
1502286549 209325
1502286549 219881
1502286549 315662
1502286549 410794
1502286549 430441
1502286549 574820
1502286549 805302
1502286549 930114
1502286550 74162
1502286550 409034
1502286550 419602
1502286550 583006
1502286550 841606
1502286550 966226
1502286550 976024
1502286551 71559
1502286551 82024
1502286551 253934
1502286551 273753
1502286551 350087
1502286551 360731
1502286551 484468
1502286551 494961
1502286551 590547
1502286551 610206
1502286551 725306
1502286551 830153
1502286551 840732
1502286551 974760
1502286552 90411
1502286552 262751
1502286552 473774
1502286552 483341
1502286552 684359
1502286552 799535
1502286552 810059
1502286552 905542
1502286552 925131
1502286552 991809
1502286553 11887
1502286553 106988
1502286553 126665
1502286553 269873
1502286553 307536
1502286553 318110
1502286553 490599
1502286553 644867
1502286553 749517
1502286553 760092
1502286553 874963
1502286554 143524
1502286554 153197
1502286554 297450
1502286554 422063
1502286554 441836
1502286554 594395
1502286554 604975
1502286554 718797
1502286554 786087
1502286554 911168
1502286554 920949
1502286554 997552
1502286555 207913
1502286555 228448
1502286555 390366
1502286555 410941
1502286555 611699
1502286555 631360
1502286555 726994
1502286555 736775
1502286555 861841
1502286556 110911
1502286556 120659
1502286556 197230
1502286556 216985
1502286556 369842
1502286556 417571
1502286556 437206
1502286556 522833
1502286556 686180
1502286556 696725
1502286556 793694
1502286556 926783
1502286557 157244
1502286557 176849
1502286557 329564
1502286557 434919
1502286557 445432
1502286557 530985
1502286557 714080
1502286557 963659
1502286558 78317
1502286558 99628
1502286558 270310
1502286558 433143
1502286558 452839
1502286558 624657
1502286558 644346
1502286558 788522
1502286558 941440
1502286558 951965
1502286559 28464
1502286559 38122
1502286559 219899
1502286559 233421
1502286559 450424
1502286559 461044
1502286559 651914
1502286559 671604
1502286559 902059
1502286560 151059
1502286560 170782
1502286560 333452
1502286560 353936
1502286560 516045
1502286560 526436
1502286560 602082
1502286560 612740
1502286560 679168
1502286560 698966
1502286560 823575
1502286560 844828
1502286561 63087
1502286561 82826
1502286561 169271
1502286561 188912
1502286561 273675
1502286561 295216
1502286561 485319
1502286561 533150
1502286561 544569
1502286561 801869
1502286561 822237
1502286561 926982
1502286561 938356
1502286562 23098
1502286562 99430
1502286562 109966
1502286562 224787
1502286562 272748
1502286562 293289
1502286562 407643
1502286562 676260
1502286562 848103
1502286562 869597
1502286563 21630
1502286563 136685
1502286563 156345
1502286563 251061
1502286563 271435
1502286563 376472
1502286563 692116
1502286563 721010
1502286563 855712
1502286564 105079
1502286564 277503
1502286564 296399
1502286564 450947
1502286564 566331
1502286564 623191
1502286564 633838
1502286564 796438
1502286564 872733
1502286564 901778
1502286564 987999
1502286565 449050
1502286565 469270
1502286565 602423
1502286565 621465
1502286565 698609
1502286565 717589
1502286565 784874
1502286565 805214
1502286566 25310
1502286566 53495
1502286566 120578
1502286566 149578
1502286566 254928
1502286566 274721
1502286566 524414
1502286566 543329
1502286566 639820
1502286566 658643
1502286566 725828
1502286566 744813
1502286566 974736
1502286567 89991
1502286567 367386
1502286567 434805
1502286567 463964
1502286567 685276
1502286567 752330
1502286567 771466
1502286568 2069
1502286568 174248
1502286568 193790
1502286568 328062
1502286568 375796
1502286568 395005
1502286568 538189
1502286568 577171
1502286568 596515
1502286568 768770
1502286569 104385
1502286569 132793
1502286569 209878
1502286569 229298
1502286569 372492
1502286569 468281
1502286569 497551
1502286569 640964
1502286569 776363
1502286569 910349
1502286569 929614
1502286570 188183
1502286570 303257
1502286570 322507
1502286570 437548
1502286570 456991
1502286570 611028
1502286570 697179
1502286570 716384
1502286570 841431
1502286570 860898
1502286570 946614
1502286570 965920
1502286571 206304
1502286571 234615
1502286571 426844
1502286571 446188
1502286571 628221
1502286571 647462
1502286571 839624
1502286571 867981
1502286571 973897
1502286571 993245
1502286572 232642
1502286572 252811
1502286572 473204
1502286572 492372
1502286572 712801
1502286572 732807
1502286572 799779
1502286572 819129
1502286573 48526
1502286573 68674
1502286573 183608
1502286573 202878
1502286573 278945
1502286573 308270
1502286573 404362
1502286573 433515
1502286573 586691
1502286573 605906
1502286573 729902
1502286574 95108
1502286574 296674
1502286574 535822
1502286574 651114
1502286574 670326
1502286574 843482
1502286574 862729
1502286574 977802
1502286574 997026
1502286575 217486
1502286575 237546
1502286575 351772
1502286575 380988
1502286575 601485
1502286575 745536
1502286575 764771
1502286575 841667
1502286575 860954
1502286576 91318
1502286576 110639
1502286576 283937
1502286576 302969
1502286576 427011
1502286576 446300
1502286576 609668
1502286576 638790
1502286576 734818
1502286576 754022
1502286576 840335
1502286576 945284
1502286576 965436
1502286577 118651
1502286577 406569
1502286577 483375
1502286577 502787
1502286577 617705
1502286577 646024
1502286577 761126
1502286577 781265
1502286577 934491
1502286577 972640
1502286578 1780
1502286578 145305
1502286578 193142
1502286578 212297
1502286578 308731
1502286578 490753
1502286578 509978
1502286578 682545
1502286578 912731
1502286578 933003
1502286579 27972
1502286579 57169
1502286579 182164
1502286579 201482
1502286579 316806
1502286579 460032
1502286579 489161
1502286579 575110
1502286579 594408
1502286579 796650
1502286579 816006
1502286579 901940
1502286579 921184
1502286580 141471
1502286580 161794
1502286580 295725
1502286580 314936
1502286580 458307
1502286580 487674
1502286580 737016
1502286580 832998
1502286580 862233
1502286581 53567
1502286581 72975
1502286581 207740
1502286581 227053
1502286581 390225
1502286581 409458
1502286581 485557
1502286581 514734
1502286581 706940
1502286581 735397
1502286581 898512
1502286581 917868
1502286582 61750
1502286582 97553
1502286582 158180
1502286582 206038
1502286582 225308
1502286582 368628
1502286582 512769
1502286582 532271
1502286582 657271
1502286582 781534
1502286582 800773
1502286582 867812
1502286583 89026
1502286583 108335
1502286583 290788
1502286583 424773
1502286583 444365
1502286583 702665
1502286583 789554
1502286583 808845
1502286583 875779
1502286583 905040
1502286584 115
1502286584 29435
1502286584 96503
1502286584 230828
1502286584 316833
1502286584 336212
1502286584 422343
1502286584 604591
1502286584 624760
1502286584 893390
1502286585 8544
1502286585 37752
1502286585 229005
1502286585 258168
1502286585 363459
1502286585 526649
1502286585 545951
1502286585 671061
1502286585 805148
1502286585 824379
1502286586 25632
1502286586 45064
1502286586 140929
1502286586 160210
1502286586 227113
1502286586 246577
1502286586 342383
1502286586 371620
1502286586 495827
1502286586 515970
1502286586 630996
1502286586 650268
1502286586 852878
1502286586 871359
1502286587 23948
1502286587 43233
1502286587 120074
1502286587 139625
1502286587 349709
1502286587 369907
1502286587 504017
1502286587 666552
1502286587 685850
1502286587 762940
1502286587 877900
1502286588 40313
1502286588 60426
1502286588 165767
1502286588 290093
1502286588 357927
1502286588 386480
1502286588 568647
1502286588 809074
1502286588 828260
1502286588 952355
1502286588 981704
1502286589 86815
1502286589 153823
1502286589 174015
1502286589 346510
1502286589 442644
1502286589 518672
1502286589 749216
1502286589 778488
1502286589 989643
1502286590 8886
1502286590 191063
1502286590 210367
1502286590 402590
1502286590 421879
1502286590 546238
1502286590 604117
1502286590 623344
1502286590 776672
1502286590 998129
1502286591 170695
1502286591 362695
1502286591 391246
1502286591 535107
1502286591 564362
1502286591 775037
1502286591 928995
1502286591 948262
1502286592 101647
1502286592 283855
1502286592 303156
1502286592 744800
1502286592 764273
1502286592 841031
1502286592 860263
1502286592 965488
1502286593 32493
1502286593 51794
1502286593 407499
1502286593 570685
1502286593 589942
1502286593 858499
1502286594 98001
1502286594 118099
1502286594 213171
1502286594 242458
1502286594 338669
1502286594 472965
1502286594 645377
1502286594 847753
1502286595 10131
1502286595 30467
1502286595 106090
1502286595 269564
1502286595 298696
1502286595 548132
1502286595 567393
1502286595 663333
1502286595 682670
1502286595 902903
1502286595 932167
1502286596 9077
1502286596 28212
1502286596 181424
1502286596 325905
1502286596 344891
1502286596 411969
1502286596 431278
1502286596 613541
1502286596 632752
1502286596 738061
1502286597 45523
1502286597 160665
1502286597 179895
1502286597 362118
1502286597 381649
1502286597 726948
1502286597 755560
1502286597 937584
1502286597 956800
1502286598 90959
1502286598 110282
1502286598 225419
1502286598 273298
1502286598 292599
1502286598 379166
1502286598 609131
1502286598 628454
1502286598 724506
1502286598 772411
1502286598 791716
1502286598 868710
1502286599 41145
1502286599 60337
1502286599 175365
1502286599 195786
1502286599 300911
1502286599 387066
1502286599 434941
1502286599 588376
1502286599 607654
1502286599 732838
1502286599 799807
1502286599 944016
1502286599 972402
1502286600 49242
1502286600 68488
1502286600 154543
1502286600 173723
1502286600 269809
1502286600 500514
1502286600 644553
1502286600 663860
1502286600 826963
1502286600 855437
1502286601 18523
1502286601 47842
1502286601 171917
1502286601 192127
1502286601 287122
1502286601 307316
1502286601 489466
1502286601 508799
1502286601 672022
1502286601 845444
1502286601 873620
1502286602 36681
1502286602 55944
1502286602 199220
1502286602 218598
1502286602 343636
1502286602 468649
1502286602 487939
1502286602 650392
1502286602 938825
1502286602 958052
1502286603 54205
1502286603 194398
1502286603 338187
1502286603 348688
1502286603 463562
1502286603 645692
1502286603 665370
1502286603 828232
1502286603 895216
1502286604 67707
1502286604 87320
1502286604 260302
1502286604 336265
1502286604 355967
1502286604 509839
1502286604 566783
1502286604 586377
1502286604 673371
1502286604 856012
1502286605 37812
1502286605 57516
1502286605 152841
1502286605 344707
1502286605 355294
1502286605 498090
1502286605 575594
1502286605 776672
1502286605 949003
1502286605 968679
1502286606 45307
1502286606 122561
1502286606 208510
1502286606 218308
1502286606 372472
1502286606 467169
1502286606 487731
1502286606 592579
1502286606 640501
1502286606 660013
1502286606 852509
1502286606 967205
1502286606 987558
1502286607 341061
1502286607 360808
1502286607 514400
1502286607 534080
1502286607 677446
1502286607 831114
1502286607 850776
1502286607 965418
1502286607 985188
1502286608 137833
1502286608 157450
1502286608 387366
1502286608 407024
1502286608 521788
1502286608 541308
1502286608 636907
1502286608 656590
1502286608 810877
1502286609 39896
1502286609 60628
1502286609 261432
1502286609 280940
1502286609 366643
1502286609 386234
1502286609 472792
1502286609 492544
1502286609 664327
1502286609 684434
1502286609 904824
1502286609 924374
1502286610 96318
1502286610 115896
1502286610 336860
1502286610 356370
1502286610 451926
1502286610 471676
1502286610 653480
1502286610 673218
1502286610 787952
1502286610 893040
1502286610 912814
1502286611 27873
1502286611 94473
1502286611 114109
1502286611 199887
1502286611 286908
1502286611 307276
1502286611 440878
1502286611 747013
1502286611 767642
1502286611 920302
1502286611 940006
1502286612 16449
1502286612 36201
1502286612 111941
1502286612 207967
1502286612 227905
1502286612 313415
1502286612 439004
1502286612 610938
1502286612 631491
1502286612 985741
1502286613 6066
1502286613 129340
1502286613 189272
1502286613 206755
1502286613 340788
1502286613 455786
1502286613 475543
1502286613 561328
1502286613 917598
1502286614 22145
1502286614 41757
1502286614 108474
1502286614 214469
1502286614 234402
1502286614 330004
1502286614 367885
1502286614 387458
1502286614 589022
1502286614 733025
1502286614 818853
1502286614 838511
1502286614 905144
1502286614 924866
1502286615 145339
1502286615 288000
1502286615 308527
1502286615 557487
1502286615 581461
1502286615 826220
1502286615 845777
1502286616 27648
1502286616 47973
1502286616 123879
1502286616 143527
1502286616 210552
1502286616 230538
1502286616 296442
1502286616 411566
1502286616 422277
1502286616 497947
1502286616 652273
1502286616 671635
1502286616 757306
1502286616 776891
1502286616 862831
1502286617 18393
1502286617 122120
1502286617 149573
1502286617 409853
1502286617 429670
1502286617 516792
1502286617 534668
1502286617 601474
1502286617 764532
1502286617 946941
1502286617 967540
1502286618 321866
1502286618 341585
1502286618 446217
1502286618 465924
1502286618 561427
1502286618 581045
1502286618 676913
1502286618 725381
1502286618 840535
1502286618 955273
1502286618 976206
1502286619 31598
1502286619 137775
1502286619 158140
1502286619 269992
1502286619 484182
1502286619 550649
1502286619 570236
1502286619 627013
1502286619 761734
1502286619 876404
1502286619 896085
1502286619 992216
1502286620 183951
1502286620 203555
1502286620 395668
1502286620 442568
1502286620 549643
1502286620 732013
1502286620 884548
1502286620 904176
1502286621 306547
1502286621 327144
1502286621 576045
1502286621 596191
1502286621 729505
1502286621 749321
1502286621 920931
1502286621 941551
1502286622 65187
1502286622 84935
1502286622 161729
1502286622 392013
1502286622 411774
1502286622 497349
1502286622 507693
1502286622 574681
1502286622 728517
1502286622 823972
1502286622 844083
1502286623 246641
1502286623 419222
1502286623 439020
1502286623 591625
1502286623 611771
1502286623 716899
1502286623 783987
1502286623 803825
1502286624 14639
1502286624 34242
1502286624 128864
1502286624 149545
1502286624 321350
1502286624 341348
1502286624 446540
1502286624 466922
1502286624 638133
1502286624 657587
1502286624 734296
1502286624 753953
1502286624 887548
1502286624 907309
1502286625 41248
1502286625 137131
1502286625 386862
1502286625 406718
1502286625 493034
1502286625 617162
1502286625 637580
1502286625 781598
1502286625 847688
1502286625 867345
1502286625 972181
1502286625 992659
1502286626 116864
1502286626 347396
1502286626 577364
1502286626 587935
1502286626 768919
1502286626 789626
1502286626 903976
1502286626 923662
1502286627 87060
1502286627 181676
1502286627 202578
1502286627 403176
1502286627 422736
1502286627 671892
1502286627 691477
1502286627 940492
1502286627 960763
1502286628 83768
1502286628 104154
1502286628 208058
1502286628 227942
1502286628 400810
1502286628 476743
1502286628 487984
1502286628 564158
1502286628 765302
1502286628 785718
1502286629 139211
1502286629 158791
1502286629 321811
1502286629 388798
1502286629 408479
1502286629 514329
1502286629 571223
1502286629 590943
1502286629 716073
1502286629 801747
1502286629 821483
1502286629 935932
1502286629 955741
1502286630 32346
1502286630 108845
1502286630 147476
1502286630 167112
1502286630 358243
1502286630 396933
1502286630 416866
1502286630 531511
1502286630 598571
1502286630 608403
1502286630 790557
1502286630 963829
1502286631 126647
1502286631 146338
1502286631 279930
1502286631 290509
1502286631 376366
1502286631 511870
1502286631 615734
1502286631 635496
1502286631 722084
1502286631 731746
1502286631 904533
1502286631 961506
1502286631 981512
1502286632 115215
1502286632 211650
1502286632 307278
1502286632 326915
1502286632 594905
1502286632 605542
1502286632 701400
1502286632 749212
1502286632 768772
1502286633 75698
1502286633 315469
1502286633 335229
1502286633 449990
1502286633 546726
1502286633 805062
1502286634 16081
1502286634 35665
1502286634 160631
1502286634 274707
1502286634 295233
1502286634 592425
1502286634 602000
1502286634 726864
1502286634 831920
1502286634 842424
1502286634 985494
1502286635 90526
1502286635 101101
1502286635 225142
1502286635 349223
1502286635 359809
1502286635 531799
1502286635 589681
1502286635 609310
1502286635 705138
1502286635 772112
1502286635 791709
1502286635 983180
1502286636 425159
1502286636 626056
1502286636 636550
1502286636 846529
1502286636 866176
1502286637 115194
1502286637 125713
1502286637 221939
1502286637 307592
1502286637 327307
1502286637 479997
1502286637 490536
1502286637 710517
1502286637 721064
1502286637 884119
1502286638 286764
1502286638 297218
1502286638 517303
1502286638 527836
1502286638 603759
1502286638 719465
1502286638 794992
1502286638 805541
1502286639 83513
1502286639 103163
1502286639 169752
1502286639 189421
1502286639 409358
1502286639 422467
1502286639 505739
1502286639 649808
1502286639 659451
1502286639 755306
1502286639 803768
1502286639 994721
1502286640 5184
1502286640 149015
1502286640 168505
1502286640 254373
1502286640 350404
1502286640 370086
1502286640 533363
1502286640 724960
1502286640 945747
1502286640 965364
1502286641 128335
1502286641 175359
1502286641 195852
1502286641 309619
1502286641 463014
1502286641 482655
1502286641 549533
1502286641 694407
1502286641 789779
1502286641 809471
1502286641 875948
1502286641 897256
1502286641 981816
1502286642 134579
1502286642 155223
1502286642 337630
1502286642 557489
1502286642 577177
1502286642 710864
1502286642 721406
1502286642 970381
1502286642 990835
1502286643 104651
1502286643 124239
1502286643 220500
1502286643 469581
1502286643 479101
1502286643 633424
1502286643 652837
1502286643 805498
1502286643 958639
1502286643 969217
1502286644 246367
1502286644 256975
1502286644 400607
1502286644 410232
1502286644 659857
1502286644 851908
1502286644 966834
1502286644 986919
1502286645 140645
1502286645 149922
1502286645 369846
1502286645 380390
1502286645 552634
1502286645 629314
1502286645 649006
1502286645 782602
1502286645 887975
1502286645 898666
1502286646 13391
1502286646 157267
1502286646 348980
1502286646 598562
1502286646 608189
1502286646 752487
1502286646 828195
1502286646 838689
1502286647 78604
1502286647 88294
1502286647 184483
1502286647 375360
1502286647 385907
1502286647 606285
1502286647 625923
1502286647 816982
1502286647 931644
1502286647 960599
1502286648 18795
1502286648 38458
1502286648 153632
1502286648 306383
1502286648 402642
1502286648 421625
1502286648 518482
1502286648 690256
1502286648 891901
1502286648 920764
1502286649 189486
1502286649 200035
1502286649 429974
1502286649 439631
1502286649 506201
1502286649 525813
1502286649 650489
1502286649 670110
1502286649 938712
1502286650 111572
1502286650 197620
1502286650 245800
1502286650 255460
1502286650 409708
1502286650 658685
1502286650 678316
1502286650 869830
1502286651 42573
1502286651 52251
1502286651 244041
1502286651 253710
1502286651 465174
1502286651 579868
1502286651 599451
1502286651 791274
1502286651 800899
1502286651 896571
1502286651 907142
1502286651 982987
1502286652 88005
1502286652 207864
1502286652 227661
1502286652 294065
1502286652 313774
1502286652 390482
1502286652 563176
1502286652 764133
1502286652 783745
1502286652 898985
1502286653 32737
1502286653 52335
1502286653 187011
1502286653 206726
1502286653 341207
1502286653 407602
1502286653 427200
1502286653 570842
1502286653 590573
1502286653 772335
1502286653 782076
1502286653 868547
1502286653 889055
1502286654 21892
1502286654 41841
1502286654 156441
1502286654 176039
1502286654 261515
1502286654 272560
1502286654 472984
1502286654 492606
1502286654 703420
1502286654 723941
1502286654 962984
1502286654 982601
1502286655 135876
1502286655 182562
1502286655 202998
1502286655 288743
1502286655 308402
1502286655 423695
1502286655 566496
1502286655 587063
1502286655 711393
1502286655 864216
1502286655 883786
1502286656 113731
1502286656 124281
1502286656 191036
1502286656 344187
1502286656 478526
1502286656 498928
1502286656 622804
1502286656 632422
1502286656 776722
1502286656 948540
1502286656 968212
1502286657 150345
1502286657 217332
1502286657 324001
1502286657 495801
1502286657 515465
1502286657 649240
1502286657 668882
1502286657 755393
1502286657 771735
1502286657 956944
1502286657 966443
1502286658 148301
1502286658 167965
1502286658 330717
1502286658 350429
1502286658 436896
1502286658 446524
1502286658 676525
1502286658 696119
1502286658 896952
1502286658 907598
1502286659 12344
1502286659 31934
1502286659 261829
1502286659 285995
1502286659 511379
1502286659 532136
1502286659 607630
1502286659 627287
1502286659 703773
1502286659 723500
1502286659 905209
1502286659 924934
1502286660 96712
1502286660 116368
1502286660 202929
1502286660 222733
1502286660 432466
1502286660 453149
1502286660 624859
1502286660 635498
1502286660 730132
1502286660 750724
1502286660 903665
1502286661 96
1502286661 469814
1502286661 489544
1502286661 987926
1502286662 7627
1502286662 74152
1502286662 94873
1502286662 189495
1502286662 209091
1502286662 458037
1502286662 478641
1502286662 717614
1502286662 737327
1502286662 843093
1502286662 862947
1502286663 92387
1502286663 111972
1502286663 235751
1502286663 255400
1502286663 428490
1502286663 476232
1502286663 907287
1502286663 927025
1502286664 22745
1502286664 186486
1502286664 397168
1502286664 463614
1502286664 483503
1502286664 665240
1502286664 675675
1502286664 819357
1502286664 971859
1502286664 982326
1502286665 135193
1502286665 154791
1502286665 260365
1502286665 270136
1502286665 442789
1502286665 452452
1502286665 577101
1502286665 596720
1502286665 682503
1502286665 749539
1502286665 769197
1502286665 902630
1502286666 189736
1502286666 210201
1502286666 304946
1502286666 315426
1502286666 593551
1502286666 613261
1502286666 862182
1502286667 92747
1502286667 112269
1502286667 438536
1502286667 447997
1502286667 668920
1502286667 678598
1502286667 851319
1502286667 860981
1502286668 61839
1502286668 72345
1502286668 321388
1502286668 331901
1502286668 474801
1502286668 485346
1502286668 628129
1502286668 638649
1502286668 848653
1502286668 868245
1502286669 21277
1502286669 60048
1502286669 79681
1502286669 156278
1502286669 165937
1502286669 280761
1502286669 434582
1502286669 549237
1502286669 568824
1502286669 673965
1502286669 788842
1502286669 799409
1502286669 933298
1502286670 38352
1502286670 58920
1502286670 134831
1502286670 261272
1502286670 403275
1502286670 652749
1502286670 673139
1502286670 911399
1502286670 921913
1502286671 27251
1502286671 113765
1502286671 133416
1502286671 238693
1502286671 478576
1502286671 488315
1502286671 728104
1502286671 737738
1502286671 833382
1502286671 853070
1502286672 44890
1502286672 64484
1502286672 236947
1502286672 390631
1502286672 400268
1502286672 514896
1502286672 525529
1502286672 793512
1502286672 803922
1502286673 5491
1502286673 37373
1502286673 263601
1502286673 283265
1502286673 369830
1502286673 393490
1502286673 571309
1502286673 590861
1502286673 839943
1502286673 859473
1502286674 22349
1502286674 31955
1502286674 194734
1502286674 205291
1502286674 598748
1502286674 655688
1502286674 895909
1502286675 77744
1502286675 88257
1502286675 251031
1502286675 471539
1502286675 491208
1502286675 645501
1502286675 788284
1502286675 798854
1502286676 37850
1502286676 48385
1502286676 114959
1502286676 134634
1502286676 307361
1502286676 327005
1502286676 471199
1502286676 575951
1502286676 595609
1502286676 691266
1502286676 710872
1502286676 939899
1502286676 960426
1502286677 161306
1502286677 180930
1502286677 285654
1502286677 306056
1502286677 478051
1502286677 497800
1502286677 641380
1502286677 651033
1502286677 880961
1502286677 900659
1502286678 130670
1502286678 159638
1502286678 303901
1502286678 323493
1502286678 552495
1502286678 573121
1502286678 734961
1502286678 745551
1502286678 937332
1502286678 956892
1502286679 157813
1502286679 177459
1502286679 254027
1502286679 274419
1502286679 388334
1502286679 398038
1502286679 504155
1502286679 579827
1502286679 599466
1502286679 734648
1502286679 829376
1502286679 839907
1502286679 906531
1502286679 926142
1502286680 281389
1502286680 290943
1502286680 482726
1502286680 492453
1502286680 732302
1502286680 751964
1502286680 923824
1502286680 943407
1502286681 106432
1502286681 202424
1502286681 212971
1502286681 356006
1502286681 451988
1502286681 471617
1502286681 557885
1502286681 816785
1502286681 836488
1502286682 37348
1502286682 57899
1502286682 219968
1502286682 326305
1502286682 537594
1502286682 584550
1502286682 595122
1502286682 787480
1502286682 854108
1502286682 873715
1502286682 997696
1502286683 112736
1502286683 123322
1502286683 267662
1502286683 420582
1502286683 506574
1502286683 526334
1502286683 660248
1502286683 737110
1502286683 747515
1502286683 833606
1502286683 890407
1502286683 910125
1502286683 995777
1502286684 15434
1502286684 92143
1502286684 408617
1502286684 428230
1502286684 534084
1502286684 591093
1502286684 744413
1502286684 765823
1502286685 34465
1502286685 157619
1502286685 262620
1502286685 282170
1502286685 435075
1502286685 685206
1502286685 857909
1502286685 877553
1502286686 116556
1502286686 127122
1502286686 338028
1502286686 357663
1502286687 567217
1502286687 691597
1502286687 778836
