1501142008 289880
1501142008 366971
1501142008 606318
1501142008 683583
1501142008 760647
1501142008 836735
1501142009 29172
1501142009 105467
1501142009 182673
1501142009 259820
1501142009 470855
1501142009 614779
1501142009 711063
1501142009 931494
1501142010 7507
1501142010 85425
1501142010 161729
1501142010 238082
1501142010 430610
1501142010 602958
1501142010 785227
1501142010 862701
1501142010 938864
1501142011 15850
1501142011 92934
1501142011 169246
1501142011 246370
1501142011 322650
1501142011 611586
1501142011 687639
1501142011 793913
1501142011 869925
1501142011 966026
1501142012 81495
1501142012 311791
1501142012 388180
1501142012 464994
1501142012 541517
1501142012 618485
1501142012 694782
1501142013 40884
1501142013 117724
1501142013 194273
1501142013 271107
1501142013 348105
1501142013 424356
1501142013 501504
1501142013 577749
1501142013 654896
1501142013 732131
1501142013 808191
1501142013 885416
1501142013 961584
1501142014 39507
1501142014 115894
1501142014 192925
1501142014 269131
1501142014 345711
1501142014 421749
1501142014 498812
1501142014 575918
1501142014 652289
1501142014 728846
1501142014 805765
1501142014 882726
1501142014 959013
1501142015 36148
1501142015 112344
1501142015 189513
1501142015 265592
1501142015 342737
1501142015 419097
1501142015 495445
1501142015 572389
1501142015 648760
1501142015 725771
1501142015 802875
1501142015 965528
1501142016 42791
1501142016 119766
1501142016 311487
1501142016 388404
1501142016 464746
1501142016 944798
1501142017 40979
1501142017 300377
1501142017 376701
1501142017 491842
1501142017 617299
1501142017 732571
1501142017 875794
1501142018 78232
1501142018 193435
1501142018 269779
1501142018 346731
1501142018 423612
1501142018 519139
1501142018 615346
1501142018 692245
1501142019 143101
1501142019 565870
1501142019 710113
1501142019 786231
1501142019 863361
1501142019 987515
1501142020 582946
1501142020 659922
1501142020 736337
1501142020 986099
1501142021 139982
1501142021 216201
1501142021 418053
1501142021 494985
1501142021 600473
1501142021 811704
1501142021 994106
1501142022 119410
1501142022 195614
1501142022 272686
1501142022 348746
1501142022 426057
1501142022 503136
1501142022 579442
1501142022 656498
1501142022 732758
1501142022 857945
1501142022 935062
1501142023 11533
1501142023 88449
1501142023 164590
1501142023 241931
1501142023 318278
1501142023 395147
1501142023 471480
1501142023 548623
1501142023 625559
1501142023 701926
1501142023 779741
1501142023 856169
1501142023 932602
1501142024 9660
1501142024 85831
1501142024 162956
1501142024 240116
1501142024 316319
1501142024 393552
1501142024 470265
1501142024 546820
1501142024 623161
1501142024 700188
1501142024 777232
1501142024 853758
1501142024 930881
1501142025 27085
1501142025 103076
1501142025 180297
1501142025 285489
1501142025 361575
1501142025 438768
1501142025 515012
1501142025 621399
1501142025 764914
1501142026 62543
1501142026 283866
1501142026 360758
1501142026 437845
1501142026 514407
1501142026 705972
1501142026 907454
1501142027 262951
1501142027 339396
1501142027 416381
1501142027 492436
1501142027 636980
1501142027 714025
1501142027 790367
1501142027 867324
1501142027 944468
1501142028 20803
1501142028 97986
1501142028 174176
1501142028 433764
1501142028 510860
1501142028 587301
1501142028 769648
1501142028 913857
1501142028 990794
1501142029 96102
1501142029 173138
1501142029 249564
1501142029 326674
1501142029 403077
1501142029 480168
1501142029 556268
1501142029 633279
1501142029 709612
1501142029 787407
1501142029 863962
1501142029 940256
1501142030 17124
1501142030 94369
1501142030 324191
1501142030 401220
1501142030 478418
1501142030 573820
1501142030 679773
1501142030 756156
1501142030 910230
1501142030 986481
1501142031 92686
1501142031 169092
1501142031 246020
1501142031 322390
1501142031 524072
1501142031 600698
1501142031 677068
1501142031 764315
1501142031 840296
1501142031 916635
1501142032 119000
1501142032 291648
1501142032 415953
1501142032 819769
1501142032 895875
1501142033 59265
1501142033 328038
1501142033 453150
1501142033 529470
1501142033 606553
1501142033 682446
1501142033 759719
1501142033 836801
1501142033 913123
1501142034 95658
1501142034 182930
1501142034 460507
1501142034 556649
1501142034 633727
1501142034 710046
1501142034 998761
1501142035 141871
1501142035 219189
1501142035 699360
1501142035 776445
1501142035 852906
1501142035 929665
1501142036 6053
1501142036 83070
1501142036 160387
1501142036 236322
1501142036 313413
1501142036 390674
1501142036 467312
1501142036 543974
1501142036 620175
1501142036 697536
1501142036 773837
1501142036 851494
1501142036 928035
1501142037 4610
1501142037 81422
1501142037 158329
1501142037 234776
1501142037 311795
1501142037 503529
1501142037 580410
1501142037 656882
1501142037 733881
1501142037 810587
1501142037 887406
1501142037 964314
1501142038 40609
1501142038 117665
1501142038 193924
1501142038 271089
1501142038 367330
1501142038 463502
1501142038 558740
1501142038 635759
1501142038 712941
1501142038 789358
1501142038 866294
1501142038 942553
1501142039 19735
1501142039 96877
1501142039 173132
1501142039 279259
1501142039 403763
1501142039 711513
1501142039 787611
1501142040 95358
1501142040 171429
1501142040 248425
1501142040 325599
1501142040 565979
1501142040 642373
1501142040 718597
1501142040 795660
1501142040 882066
1501142041 35583
1501142041 189712
1501142041 265973
1501142041 342931
1501142041 420149
1501142041 496458
1501142041 573451
1501142041 649726
1501142041 726810
1501142041 804067
1501142041 880159
1501142041 957431
1501142042 34553
1501142042 110673
1501142042 235939
1501142042 341440
1501142042 638943
1501142042 734969
1501142042 811336
1501142042 917536
1501142043 3843
1501142043 301739
1501142043 397770
1501142043 666541
1501142043 742527
1501142043 819498
1501142043 924799
1501142044 1865
1501142044 136182
1501142044 212394
1501142044 289719
1501142044 366599
1501142044 442963
1501142044 520133
1501142044 596202
1501142044 673846
1501142044 750776
1501142044 826999
1501142044 904094
1501142044 981040
1501142045 57262
1501142045 134559
1501142045 210821
1501142045 287943
1501142045 364960
1501142045 441291
1501142045 518330
1501142045 595500
1501142045 671825
1501142045 748737
1501142045 825167
1501142045 902474
1501142045 979456
1501142046 55653
1501142046 132752
1501142046 209771
1501142046 286287
1501142046 363282
1501142046 439364
1501142046 518815
1501142046 593658
1501142046 669894
1501142046 747140
1501142046 824225
1501142046 900472
1501142046 977746
1501142047 54028
1501142047 131173
1501142047 207470
1501142047 284417
1501142047 361477
1501142047 437830
1501142047 514760
1501142047 590989
1501142047 668068
1501142047 745417
1501142047 821584
1501142047 898814
1501142047 974980
1501142048 52351
1501142048 129320
1501142048 205639
1501142048 282579
1501142048 359448
1501142048 436011
1501142048 513297
1501142048 589439
1501142048 666322
1501142048 743405
1501142048 819800
1501142048 896962
1501142048 974127
1501142049 127628
1501142049 232858
1501142049 559571
1501142049 635785
1501142049 712868
1501142049 790157
1501142049 866256
1501142050 250292
1501142050 346382
1501142050 587058
1501142050 663385
1501142050 874693
1501142050 951965
1501142051 28095
1501142051 105166
1501142051 182221
1501142051 258385
1501142051 335432
1501142051 459794
1501142051 536875
1501142051 690389
1501142051 796594
1501142051 882631
1501142051 959132
1501142052 36088
1501142052 113311
1501142052 189564
1501142052 266537
1501142052 343734
1501142052 592486
1501142052 669442
1501142052 784871
1501142052 870817
1501142052 948096
1501142053 24382
1501142053 101534
1501142053 178769
1501142053 254751
1501142053 332003
1501142053 408332
1501142053 485578
1501142053 562515
1501142053 638751
1501142053 716007
1501142053 793113
1501142053 869283
1501142053 946553
1501142054 22875
1501142054 99714
1501142054 176947
1501142054 252997
1501142054 330360
1501142054 407218
1501142054 483595
1501142054 561512
1501142054 637019
1501142054 714200
1501142054 791372
1501142054 867571
1501142054 944791
1501142055 21957
1501142055 98125
1501142055 175247
1501142055 252253
1501142055 328401
1501142055 530783
1501142055 722569
1501142055 866861
1501142055 943187
1501142056 19918
1501142056 193272
1501142056 269641
1501142056 414123
1501142056 490237
1501142056 567458
1501142056 643665
1501142056 721401
1501142056 798052
1501142056 874089
1501142056 951400
1501142057 27325
1501142057 104419
1501142057 181733
1501142057 257955
1501142057 335157
1501142057 412213
1501142057 488442
1501142057 565641
1501142057 641834
1501142057 718808
1501142057 796005
1501142057 872271
1501142057 949401
1501142058 25805
1501142058 103269
1501142058 179918
1501142058 256299
1501142058 334073
1501142058 410600
1501142058 486720
1501142058 698201
1501142058 775654
1501142058 851763
1501142058 928705
1501142059 5712
1501142059 82191
1501142059 159019
1501142059 235147
1501142059 312238
1501142059 389583
1501142059 591302
1501142059 687655
1501142060 90542
1501142060 166648
1501142060 349045
1501142060 589454
1501142060 665666
1501142060 742908
1501142060 819817
1501142061 98653
1501142061 174633
1501142061 251985
1501142061 327951
1501142061 405130
1501142061 482195
1501142061 558561
1501142061 635724
1501142061 712829
1501142061 789050
1501142061 866316
1501142061 942376
1501142062 20369
1501142062 96759
1501142062 432587
1501142062 509763
1501142062 663050
1501142062 740898
1501142062 816561
1501142062 893444
1501142062 969785
1501142063 46824
1501142063 124049
1501142063 200210
1501142063 278123
1501142063 354629
1501142063 479098
1501142063 556082
1501142063 632303
1501142063 709460
1501142063 786551
1501142063 862805
1501142063 939832
1501142064 16194
1501142064 93422
1501142064 170696
1501142064 246915
1501142064 573272
1501142065 72673
1501142065 149595
1501142065 225875
1501142065 303236
1501142065 677981
1501142065 812432
1501142065 888251
1501142066 225044
1501142066 416598
1501142066 695400
1501142066 772564
1501142066 848713
1501142066 925677
1501142067 60037
1501142067 165101
1501142067 347599
1501142067 626311
1501142067 837874
1501142067 913994
1501142068 135839
1501142068 211762
1501142068 288985
1501142068 509504
1501142068 720707
1501142068 903338
1501142068 980490
1501142069 56409
1501142069 133972
1501142069 211095
1501142069 286995
1501142069 364316
1501142069 440384
1501142069 517391
1501142069 594590
1501142069 670934
1501142069 747998
1501142069 825244
1501142069 901267
1501142069 979254
1501142070 54412
1501142070 131733
1501142070 208879
1501142070 285207
1501142070 362252
1501142070 439677
1501142070 515805
1501142070 593075
1501142070 668956
1501142070 746181
1501142070 823338
1501142070 899636
1501142070 976620
1501142071 53919
1501142071 130169
1501142071 207318
1501142071 284568
1501142071 360575
1501142071 437961
1501142071 514122
1501142071 591134
1501142071 668362
1501142071 744647
1501142071 821703
1501142072 100473
1501142072 176904
1501142072 253660
1501142072 330773
1501142072 407034
1501142072 503184
1501142072 647438
1501142072 723718
1501142072 800778
1501142072 878085
1501142072 954264
1501142073 31165
1501142073 107529
1501142073 184816
1501142073 261797
1501142073 463184
1501142073 539765
1501142073 616750
1501142073 693883
1501142073 770076
1501142073 991494
1501142074 298351
1501142074 480740
1501142074 586887
1501142074 682149
1501142074 759181
1501142074 845428
1501142074 922408
1501142075 8770
1501142075 86003
1501142075 162049
1501142075 239176
1501142075 315732
1501142075 392688
1501142075 757601
1501142075 834758
1501142075 910969
1501142075 988358
1501142076 65073
1501142076 141420
1501142076 218577
1501142076 304977
1501142076 497343
1501142076 602369
1501142076 938258
1501142077 62772
1501142077 149021
1501142077 226084
1501142077 351376
1501142077 427320
1501142077 504377
1501142077 581396
1501142077 657863
1501142077 734934
1501142077 811235
1501142077 888268
1501142078 368685
1501142078 445582
1501142078 521662
1501142078 599007
1501142078 675012
1501142078 752254
1501142078 829322
1501142078 905374
1501142078 982563
1501142079 59886
1501142079 194438
1501142079 270409
1501142079 347553
1501142079 616486
1501142079 828032
1501142079 905181
1501142080 48188
1501142080 182667
1501142080 259609
1501142080 336721
1501142080 413072
1501142080 499200
1501142080 576639
1501142080 653313
1501142080 729573
1501142080 806906
1501142081 37462
1501142081 161760
1501142081 238930
1501142081 316022
1501142081 392135
1501142081 469437
1501142081 545462
1501142081 622717
1501142081 698883
1501142081 776052
1501142081 872299
1501142082 227351
1501142082 352409
1501142082 428936
1501142082 505652
1501142082 582901
1501142082 678137
1501142082 755132
1501142082 832257
1501142082 908706
1501142083 4809
1501142083 82229
1501142083 158411
1501142083 235356
1501142083 312497
1501142083 398602
1501142083 474837
1501142083 552000
1501142083 629140
1501142083 965113
1501142084 42221
1501142084 118701
1501142084 195488
1501142084 271958
1501142084 348851
1501142084 425985
1501142084 502272
1501142084 636617
1501142084 713580
1501142084 790775
1501142084 925270
1501142085 1324
1501142085 78730
1501142085 155696
1501142085 231900
1501142085 309220
1501142085 386078
1501142085 462175
1501142085 539420
1501142085 615576
1501142085 692644
1501142085 770039
1501142085 846179
1501142085 923314
1501142086 762
1501142086 76773
1501142086 153872
1501142086 230138
1501142086 307077
1501142086 384347
1501142086 460559
1501142086 537852
1501142086 615089
1501142086 691393
1501142086 768270
1501142086 844614
1501142086 921662
1501142086 998757
1501142087 74982
1501142087 152128
1501142087 229308
1501142087 305618
1501142087 382775
1501142087 459158
1501142087 536070
1501142087 613347
1501142087 689395
1501142087 766454
1501142087 843745
1501142087 919794
1501142087 996982
1501142088 74020
1501142088 150434
1501142088 227670
1501142088 304443
1501142088 380809
1501142088 458116
1501142088 534205
1501142088 611361
1501142088 688723
1501142088 764905
1501142088 841898
1501142088 918220
1501142088 995252
1501142089 215969
1501142089 292884
1501142089 369322
1501142089 446247
1501142089 523419
1501142089 599848
1501142089 676871
1501142089 763054
1501142089 964767
1501142090 79888
1501142090 157008
1501142090 560262
1501142090 636333
1501142090 713208
1501142090 790425
1501142090 867000
1501142090 943939
1501142091 20953
1501142091 97139
1501142091 203530
1501142091 279481
1501142091 356705
1501142091 490946
1501142091 587248
1501142091 673294
1501142091 750777
1501142091 826603
1501142092 48289
1501142092 124380
1501142092 201496
1501142092 278425
1501142092 633606
1501142092 854134
1501142092 930243
1501142093 7521
1501142093 83461
1501142093 160792
1501142093 237088
1501142093 314052
1501142093 391216
1501142093 467597
1501142093 544668
1501142093 621650
1501142093 698157
1501142093 775276
1501142093 851367
1501142093 928648
1501142094 5606
1501142094 81945
1501142094 159064
1501142094 235378
1501142094 312444
1501142094 389398
1501142094 475591
1501142094 639128
1501142094 715261
1501142094 792467
1501142094 869645
1501142094 945743
1501142095 22935
1501142095 100169
1501142095 176380
1501142095 253651
1501142095 329804
1501142095 407127
1501142095 484073
1501142095 560195
1501142095 637476
1501142095 714466
1501142095 790641
1501142095 867947
1501142095 944884
1501142096 21296
1501142096 98424
1501142096 174559
1501142096 251759
1501142096 328791
1501142096 405848
1501142096 482066
1501142096 559412
1501142096 635679
1501142096 712674
1501142096 789063
1501142096 866081
1501142096 943201
1501142097 19623
1501142097 96569
1501142097 173681
1501142097 250200
1501142097 327082
1501142097 404281
1501142097 480444
1501142097 557408
1501142097 633886
1501142097 710960
1501142097 788140
1501142097 864393
1501142097 941649
1501142098 75840
1501142098 153047
1501142098 229328
1501142098 306454
1501142098 383512
1501142098 459736
1501142098 536743
1501142098 613040
1501142098 690118
1501142098 853615
1501142098 930786
1501142099 7054
1501142099 506317
1501142099 583339
1501142099 755515
1501142099 832820
1501142099 909802
1501142099 986279
1501142100 63305
1501142100 139483
1501142100 793174
1501142100 917392
1501142101 51720
1501142101 272516
1501142101 454557
1501142101 618040
1501142101 695063
1501142101 771362
1501142101 848314
1501142101 925433
1501142102 1653
1501142102 78899
1501142102 155224
1501142102 232248
1501142102 309339
1501142102 433856
1501142102 510870
1501142102 625901
1501142102 702148
1501142103 58264
1501142103 192513
1501142103 269799
1501142103 346376
1501142103 422784
1501142103 499344
1501142103 576255
1501142104 56407
1501142104 133440
1501142104 209885
1501142104 286912
1501142104 363330
1501142104 440941
1501142104 517174
1501142104 593583
1501142104 670736
1501142104 747671
1501142104 824032
1501142104 901091
1501142104 978322
1501142105 54324
1501142105 237044
1501142105 486867
1501142105 563736
1501142105 717325
1501142105 794144
1501142105 870333
