1501143921 88317
1501143921 156495
1501143921 223465
1501143921 290428
1501143921 357428
1501143921 424724
1501143921 500907
1501143921 568132
1501143921 635293
1501143921 789498
1501143921 857387
1501143921 923926
1501143922 29124
1501143922 250704
1501143922 318638
1501143922 393982
1501143922 624518
1501143922 691738
1501143922 806811
1501143922 970271
1501143923 37399
1501143923 123652
1501143923 190893
1501143923 258131
1501143923 325136
1501143923 392208
1501143923 459375
1501143923 526451
1501143923 613382
1501143923 680716
1501143923 757067
1501143923 824115
1501143923 891215
1501143923 959465
1501143924 35468
1501143924 237804
1501143924 314209
1501143924 391396
1501143924 467930
1501143924 544723
1501143924 620991
1501143924 717215
1501143924 832535
1501143924 909679
1501143924 985835
1501143925 197492
1501143925 456873
1501143925 562226
1501143925 792610
1501143925 937030
1501143926 13206
1501143926 90348
1501143926 167398
1501143926 243791
1501143926 320815
1501143926 397149
1501143926 474095
1501143926 551180
1501143926 627374
1501143926 704591
1501143926 781840
1501143926 858110
1501143926 935153
1501143927 107752
1501143927 184766
1501143927 290282
1501143927 531234
1501143927 606754
1501143927 683795
1501143927 760079
1501143927 837053
1501143927 942358
1501143928 10479
1501143928 86801
1501143928 163873
1501143928 327323
1501143928 403540
1501143928 481286
1501143928 557663
1501143928 634412
1501143928 711276
1501143928 787337
1501143928 864365
1501143928 941599
1501143929 18379
1501143929 95107
1501143929 172123
1501143929 334768
1501143929 565214
1501143929 641255
1501143929 708286
1501143929 775782
1501143929 843694
1501143929 919845
1501143929 997012
1501143930 73317
1501143930 150719
1501143930 227580
1501143930 303874
1501143930 380826
1501143930 458013
1501143930 534259
1501143930 611350
1501143930 688408
1501143930 764924
1501143930 842078
1501143930 918195
1501143930 995466
1501143931 72582
1501143931 148771
1501143931 226024
1501143931 302189
1501143931 379346
1501143931 457070
1501143931 532459
1501143931 609764
1501143931 686866
1501143931 762954
1501143931 840339
1501143931 917389
1501143931 993659
1501143932 70843
1501143932 146913
1501143932 224505
1501143932 301288
1501143932 377487
1501143932 454780
1501143932 531819
1501143932 608006
1501143932 685137
1501143932 761445
1501143932 838711
1501143932 915670
1501143932 991934
1501143933 69136
1501143933 145967
1501143933 222278
1501143933 299552
1501143933 375740
1501143933 452938
1501143933 530033
1501143933 606127
1501143933 683308
1501143933 760437
1501143933 836786
1501143933 913859
1501143933 990682
1501143934 67927
1501143934 144561
1501143934 220519
1501143934 297642
1501143934 374024
1501143934 451165
1501143934 528137
1501143934 604693
1501143934 681665
1501143934 758917
1501143934 835035
1501143934 912124
1501143934 988450
1501143935 65594
1501143935 142426
1501143935 218997
1501143935 296003
1501143935 373670
1501143935 449484
1501143935 526463
1501143935 603448
1501143935 679825
1501143935 757031
1501143935 833202
1501143935 910457
1501143935 987385
1501143936 64315
1501143936 141033
1501143936 217187
1501143936 294313
1501143936 371423
1501143936 447787
1501143936 524589
1501143936 601286
1501143936 677919
1501143936 755722
1501143936 831240
1501143936 908426
1501143936 985642
1501143937 61849
1501143937 139014
1501143937 215412
1501143937 292465
1501143937 369748
1501143937 445840
1501143937 523122
1501143937 600439
1501143937 676550
1501143937 753466
1501143937 830126
1501143937 906775
1501143937 983078
1501143938 60204
1501143938 137418
1501143938 213566
1501143938 290807
1501143938 367221
1501143938 444135
1501143938 521230
1501143938 597685
1501143938 674680
1501143938 751951
1501143938 827961
1501143939 39782
1501143939 116670
1501143939 221944
1501143939 299168
1501143939 404516
1501143939 673106
1501143939 750218
1501143939 893531
1501143940 47748
1501143940 124234
1501143940 489579
1501143940 710397
1501143940 786439
1501143940 901769
1501143940 978916
1501143941 55004
1501143941 132145
1501143941 209332
1501143941 285552
1501143941 392521
1501143941 468031
1501143941 544932
1501143941 622291
1501143941 987158
1501143942 63357
1501143942 140348
1501143942 216583
1501143942 293773
1501143942 370828
1501143942 447195
1501143942 620478
1501143942 696652
1501143942 773810
1501143942 851267
1501143942 927218
1501143943 138556
1501143943 234714
1501143943 311000
1501143943 474580
1501143943 551710
1501143943 734114
1501143943 906487
1501143943 983703
1501143944 60854
1501143944 136978
1501143944 214099
1501143944 290355
1501143944 367543
1501143944 444674
1501143944 520867
1501143944 598086
1501143944 675255
1501143944 751326
1501143944 828330
1501143944 905697
1501143945 183522
1501143945 365789
1501143945 443434
1501143945 520042
1501143945 596318
1501143945 673338
1501143945 749722
1501143945 827191
1501143945 903970
1501143945 980235
1501143946 57138
1501143946 134339
1501143946 210630
1501143946 287633
1501143946 363980
1501143946 441138
1501143946 518516
1501143946 652654
1501143946 728637
1501143946 805843
1501143946 882979
1501143947 17382
1501143947 228907
1501143947 305045
1501143947 382136
1501143947 458448
1501143947 535618
1501143947 612660
1501143947 689166
1501143947 766033
1501143947 843261
1501143947 919366
1501143947 996403
1501143948 72719
1501143948 149963
1501143948 227093
1501143948 457701
1501143948 591879
1501143948 668328
1501143948 745292
1501143948 822360
1501143948 898653
1501143948 975733
1501143949 52167
1501143949 158049
1501143949 234347
1501143949 311730
1501143949 407578
1501143949 484985
1501143949 561089
1501143949 849909
1501143950 3227
1501143950 89479
1501143950 261927
1501143950 454104
1501143950 569492
1501143950 646924
1501143950 722709
1501143950 963388
1501143951 39529
1501143951 116509
1501143951 192760
1501143951 269763
1501143951 375733
1501143951 452434
1501143951 529469
1501143951 605775
1501143951 682850
1501143951 760132
1501143951 846359
1501143951 922360
1501143951 999604
1501143952 76921
1501143952 172873
1501143952 364584
1501143952 441608
1501143952 517720
1501143952 595088
1501143952 672026
1501143952 748162
1501143952 825558
1501143952 901698
1501143952 979003
1501143953 55959
1501143953 132690
1501143953 209384
1501143953 286477
1501143953 362646
1501143953 439963
1501143953 517013
1501143953 593249
1501143953 670303
1501143953 746582
1501143953 823799
1501143953 900726
1501143953 977063
1501143954 54137
1501143954 131301
1501143954 207441
1501143954 284703
1501143954 360797
1501143954 438369
1501143954 515088
1501143954 591287
1501143954 669283
1501143954 745681
1501143954 822120
1501143954 898986
1501143954 976260
1501143955 52273
1501143955 129273
1501143955 205725
1501143955 282917
1501143955 360014
1501143955 436222
1501143955 513323
1501143955 590518
1501143955 704901
1501143955 887562
1501143956 31740
1501143956 387587
1501143956 463648
1501143956 540914
1501143956 616853
1501143956 694318
1501143956 809493
1501143956 886637
1501143956 962745
1501143957 39677
1501143957 116852
1501143957 193061
1501143957 279579
1501143957 356502
1501143957 433842
1501143957 509952
1501143957 587169
1501143957 664829
1501143957 980994
1501143958 57207
1501143958 134428
1501143958 249651
1501143958 326632
1501143958 403019
1501143958 499456
1501143958 576168
1501143958 652428
1501143958 729669
1501143958 806526
1501143958 883031
1501143958 960102
1501143959 36525
1501143959 113342
1501143959 189727
1501143959 267340
1501143959 392441
1501143959 468348
1501143959 545358
1501143959 939632
1501143960 73688
1501143960 198110
1501143960 275108
1501143960 351356
1501143960 428381
1501143960 505597
1501143960 581841
1501143960 726135
1501143960 860701
1501143960 937632
1501143961 101050
1501143961 177169
1501143961 254243
1501143961 330713
1501143961 407809
1501143961 484755
1501143961 560993
1501143961 955366
1501143962 32251
1501143962 214752
1501143962 328898
1501143962 492165
1501143962 569429
1501143962 645499
1501143962 722535
1501143962 799954
1501143962 953910
1501143963 222331
1501143963 471914
1501143963 567777
1501143963 817450
1501143963 922583
1501143963 999736
1501143964 431797
1501143964 508673
1501143964 729589
1501143964 805476
1501143964 891797
1501143965 74152
1501143965 151347
1501143965 304572
1501143965 429886
1501143965 506048
1501143965 583154
1501143965 660371
1501143965 736893
1501143965 813558
1501143965 889915
1501143965 967023
1501143966 44135
1501143966 120416
1501143966 197365
1501143966 293581
1501143966 476115
1501143966 629559
1501143966 773910
1501143966 879134
1501143967 10896
1501143967 119093
1501143967 205818
1501143967 282121
1501143967 358957
1501143967 436620
1501143967 512580
1501143967 589541
1501143967 665856
1501143967 743046
1501143968 280453
1501143968 568983
1501143968 645139
1501143968 722328
1501143968 818463
1501143968 895457
1501143968 972012
1501143969 48886
1501143969 125246
1501143969 202156
1501143969 279471
1501143969 355564
1501143969 432903
1501143969 510119
1501143969 586069
1501143969 663415
1501143969 739660
1501143969 883842
1501143969 961597
1501143970 37334
1501143970 114256
1501143970 258762
1501143970 335068
1501143970 412005
1501143970 489205
1501143970 594451
1501143970 671584
1501143970 795650
1501143970 872960
1501143970 988238
1501143971 64453
1501143971 141560
1501143971 218938
1501143971 355834
1501143971 468219
1501143971 544477
1501143971 794171
1501143971 871272
1501143971 947529
1501143972 24541
1501143972 168997
1501143972 245143
1501143972 408692
1501143972 486339
1501143972 562748
1501143972 918003
1501143973 90265
1501143973 167839
1501143973 359659
1501143973 628552
1501143973 810704
1501143973 886889
1501143974 21830
1501143974 98194
1501143974 175402
1501143974 347974
1501143974 425238
1501143974 501236
1501143974 578262
1501143974 655464
1501143974 731665
1501143975 106728
1501143975 182660
1501143975 259876
1501143975 337040
1501143975 500458
1501143975 691911
1501143975 807119
1501143975 884268
1501143975 960498
1501143976 37702
1501143976 162137
1501143976 239081
1501143976 316302
1501143976 392664
1501143976 498697
1501143976 575058
1501143976 652147
1501143976 729136
1501143976 930770
1501143977 6731
1501143977 199484
1501143977 276222
1501143977 506096
1501143977 583139
1501143977 660287
1501143977 736447
1501143977 813512
1501143977 890625
1501143977 966906
1501143978 44005
1501143978 495471
1501143978 572374
1501143979 13476
1501143979 90556
1501143979 166667
1501143979 254099
1501143979 329992
1501143979 455404
1501143979 685890
1501143979 810162
1501143979 887241
1501143979 992617
1501143980 69530
1501143980 145811
1501143980 223010
1501143980 300125
1501143980 376384
1501143980 453491
1501143980 530567
1501143980 606881
1501143980 683920
1501143980 761095
1501143980 837436
1501143980 914387
1501143980 991066
1501143981 67737
1501143981 145061
1501143981 221466
1501143981 298540
1501143981 375488
1501143981 451809
1501143981 528786
1501143981 605032
1501143981 682375
1501143981 759423
1501143981 835805
1501143981 912879
1501143981 990105
1501143982 66349
1501143982 143261
1501143982 219407
1501143982 296568
1501143982 373932
1501143982 449898
1501143982 527157
1501143982 604311
1501143982 680448
1501143982 757637
1501143982 833794
1501143982 911223
1501143982 988204
1501143983 64381
1501143983 141424
1501143983 218530
1501143983 294863
1501143983 372086
1501143983 449073
1501143983 564539
1501143983 640603
1501143983 890772
1501143984 5672
1501143984 129902
1501143984 399617
1501143984 552620
1501143984 783389
1501143984 859495
1501143984 936520
1501143985 90049
1501143985 522264
1501143985 599153
1501143985 714379
1501143985 790751
1501143985 867671
1501143985 944749
1501143986 127304
1501143986 203512
1501143986 280460
1501143986 357794
1501143986 463105
1501143986 540475
1501143986 616426
1501143986 693743
1501143986 769793
1501143986 846951
1501143986 924085
1501143987 186
1501143987 77365
1501143987 154570
1501143987 230658
1501143987 308108
1501143987 384216
1501143987 461162
1501143987 538279
1501143987 614658
1501143987 691795
1501143987 768730
1501143987 845311
1501143987 922271
1501143987 999328
1501143988 75807
1501143988 152837
1501143988 228937
1501143988 306162
1501143988 383276
1501143988 459422
1501143988 536620
1501143988 614105
1501143988 690030
1501143988 767076
1501143988 843544
1501143988 920745
1501143988 997699
1501143989 73895
1501143989 151100
1501143989 228201
1501143989 304441
1501143989 381639
1501143989 468063
1501143989 545043
1501143989 621179
1501143989 698238
1501143989 775574
1501143989 851721
1501143989 928720
1501143990 4972
1501143990 140243
1501143990 216510
1501143990 293644
1501143990 370113
1501143990 533312
1501143990 610313
1501143990 687562
1501143990 763822
1501143990 840912
1501143990 946110
1501143991 23231
1501143991 99589
1501143991 176582
1501143991 253812
1501143991 329865
1501143991 407075
1501143991 484121
1501143991 560536
1501143991 656735
1501143991 733940
1501143991 810019
1501143991 983504
1501143992 59964
1501143992 136946
1501143992 213958
1501143992 290008
1501143992 367487
1501143992 443449
1501143992 520511
1501143992 597717
1501143992 674039
1501143992 751221
1501143992 847186
1501143992 923488
1501143993 553
1501143993 77714
1501143993 153968
1501143993 231231
1501143993 307285
1501143993 385240
1501143993 461647
1501143993 537969
1501143993 615203
1501143993 730369
1501143993 807696
1501143993 970102
1501143994 46995
1501143994 124034
1501143994 200365
1501143994 277494
1501143994 354560
1501143994 430986
1501143994 507882
1501143994 671657
1501143994 747693
1501143995 16486
1501143995 93674
1501143995 170400
1501143995 246736
1501143995 323825
1501143995 401051
1501143995 497129
1501143995 573428
1501143995 650477
1501143995 976697
1501143996 53696
1501143996 130810
1501143996 206884
1501143996 284060
1501143996 360390
1501143996 437485
1501143996 514380
1501143996 619884
1501143996 696994
1501143996 888640
1501143996 965621
1501143997 42643
1501143997 118960
1501143997 196195
1501143997 272118
1501143997 349736
1501143997 426428
1501143997 502943
1501143997 579843
1501143997 656252
1501143997 733115
1501143997 810368
1501143997 886710
1501143997 963833
1501143998 40821
1501143998 117130
1501143998 194231
1501143998 270710
1501143998 347894
1501143998 424901
1501143998 500971
1501143998 578229
1501143998 655324
1501143998 731402
1501143998 808692
1501143998 885262
1501143998 962183
1501143999 39375
1501143999 115563
1501143999 192706
1501143999 269591
1501143999 345780
1501143999 423142
1501143999 500424
1501143999 634534
1501143999 710941
1501143999 797199
1501144000 142911
1501144000 277335
1501144000 440595
1501144001 122322
1501144001 199357
1501144001 276398
1501144001 352480
1501144001 429728
1501144001 621431
1501144001 823621
1501144001 899796
1501144001 995867
1501144002 120537
1501144002 197425
1501144002 274423
1501144002 456765
1501144002 591228
1501144002 715504
1501144002 821754
1501144002 897937
1501144003 80392
1501144003 157412
1501144003 234653
1501144003 310725
1501144003 387970
1501144003 541309
1501144003 618482
1501144003 732886
1501144003 858214
1501144003 935182
1501144004 11464
1501144004 97926
1501144004 414431
1501144004 491650
1501144004 587668
1501144004 952731
1501144005 29747
1501144005 288609
1501144005 403541
1501144005 480719
1501144005 577130
1501144005 865114
1501144006 37222
1501144006 114403
1501144006 191299
1501144006 267616
1501144006 344666
1501144006 420774
1501144006 497979
1501144006 575068
1501144006 651461
1501144006 728465
1501144006 805551
1501144006 881661
1501144006 958981
1501144007 35363
1501144007 112268
1501144007 189393
1501144007 265799
1501144007 342977
1501144007 477604
1501144007 852161
1501144007 928378
1501144008 101678
1501144008 177865
1501144008 408410
1501144008 609757
1501144008 686983
1501144008 907457
1501144008 984558
1501144009 79866
1501144009 195064
1501144009 271247
1501144009 348568
1501144009 425645
1501144009 520977
1501144009 713641
1501144009 799690
1501144010 40316
1501144010 117020
1501144010 193526
1501144010 270663
1501144010 346730
1501144010 423771
1501144010 500211
1501144010 577241
1501144010 654485
1501144010 730501
1501144010 807563
1501144010 884874
1501144010 961267
1501144011 38284
1501144011 114459
1501144011 277816
1501144011 355055
1501144011 432155
1501144011 508395
1501144011 864156
1501144012 74948
1501144012 170786
1501144012 248074
1501144012 324184
1501144012 401277
1501144012 478448
1501144012 564859
1501144012 641952
1501144012 842430
1501144012 967534
1501144013 43920
1501144013 130873
1501144013 274555
1501144013 399487
1501144013 475846
1501144013 582191
1501144013 725562
1501144013 802686
1501144013 879793
1501144013 955880
1501144014 33102
1501144014 110302
1501144014 186467
1501144014 263529
1501144014 522290
1501144014 599315
1501144014 675655
1501144014 752957
1501144014 829936
1501144014 906204
1501144014 983333
1501144015 60412
1501144015 137454
1501144015 213778
1501144015 290757
1501144015 367136
1501144015 444258
1501144015 540664
1501144015 780105
1501144015 857231
1501144015 933408
1501144016 10516
1501144016 87671
1501144016 164645
1501144016 240873
1501144016 317313
1501144016 394745
1501144016 471572
1501144016 547781
1501144016 624838
1501144016 702019
1501144016 788393
1501144016 864434
1501144016 941576
1501144017 18602
1501144017 94912
1501144017 171994
1501144017 249140
1501144017 325760
1501144017 402587
1501144017 478785
1501144017 555801
1501144017 632972
1501144017 710021
1501144017 786364
1501144017 863457
1501144017 939822
1501144018 16951
1501144018 93160
1501144018 170663
1501144018 247493
1501144018 323700
1501144018 400742
1501144018 477943
1501144018 554081
1501144018 631288
1501144018 708463
1501144018 784857
1501144018 861753
1501144018 937848
1501144019 15234
1501144019 92179
1501144019 168660
1501144019 245806
1501144019 322799
1501144019 399064
1501144019 476204
1501144019 552449
1501144019 629659
1501144019 706726
1501144019 783038
1501144019 860040
1501144019 937485
1501144020 13617
1501144020 90598
1501144020 167072
1501144020 244012
1501144020 320376
1501144020 483886
1501144020 560773
1501144020 638029
1501144020 733148
1501144020 810436
1501144020 887413
1501144021 22859
1501144021 98233
1501144021 175033
1501144021 251342
1501144021 328385
1501144021 405723
1501144021 481763
1501144021 558819
1501144021 635322
1501144021 712283
1501144021 789398
1501144021 865989
1501144022 19254
1501144022 144489
1501144022 221348
1501144022 298445
1501144022 374854
1501144022 450993
1501144022 528842
1501144022 758767
1501144022 874293
1501144023 123837
1501144023 200696
1501144023 324786
1501144023 401076
1501144023 478268
1501144023 555452
1501144023 631750
1501144023 708809
1501144023 784943
1501144023 862420
1501144023 939440
1501144024 15585
1501144024 92690
1501144024 169887
1501144024 246217
1501144024 323354
1501144024 399455
1501144024 476589
1501144024 553595
1501144024 629908
1501144024 707032
1501144024 784176
1501144024 860388
1501144024 937550
1501144025 13778
1501144025 91064
1501144025 388758
1501144025 581124
1501144025 715001
1501144025 965329
1501144026 41106
1501144026 137427
1501144026 214442
1501144026 290759
1501144026 367806
1501144026 656336
1501144026 732904
1501144027 87668
1501144027 164757
1501144027 241785
1501144027 318103
1501144027 395212
1501144027 472280
1501144027 711927
1501144027 789007
1501144027 865316
1501144027 961492
1501144028 86768
1501144028 278352
1501144028 355417
1501144028 431394
1501144028 575938
1501144028 652997
1501144028 729082
1501144028 806198
1501144028 892392
1501144028 969435
1501144029 45884
1501144029 122941
1501144029 353802
1501144029 440113
1501144029 517015
1501144029 593344
1501144029 670318
1501144029 747548
1501144029 823860
1501144030 35450
1501144030 150341
1501144030 227596
1501144030 303739
1501144030 381012
1501144030 457258
1501144030 582212
1501144030 659524
1501144030 735518
1501144031 158682
1501144031 244952
1501144031 334718
1501144031 446052
1501144031 523340
1501144031 830318
1501144031 945721
1501144032 22711
1501144032 98983
1501144032 511780
1501144032 588800
1501144032 674970
1501144032 752077
1501144032 828491
1501144032 905414
1501144032 982633
1501144033 58827
1501144033 135898
1501144033 212140
1501144033 289264
1501144033 520188
1501144033 721378
1501144033 798579
1501144033 874629
1501144033 952060
1501144034 28973
1501144034 211509
1501144034 394112
1501144034 470064
1501144034 547303
1501144034 624560
1501144034 700483
1501144034 815681
1501144034 893038
1501144034 969137
1501144035 46186
1501144035 123263
1501144035 199685
1501144035 276766
1501144035 353044
1501144035 449361
1501144035 574455
1501144035 766112
1501144035 843332
1501144035 919288
1501144035 996590
1501144036 73637
1501144036 149723
1501144036 245787
1501144036 361171
1501144036 438480
1501144036 562662
1501144036 648872
1501144036 725951
1501144036 803016
1501144036 917497
1501144036 995390
1501144037 71759
1501144037 148322
1501144037 225027
1501144037 301332
1501144037 378462
1501144037 455702
1501144037 532253
1501144037 609213
1501144037 685192
1501144037 761778
1501144037 838865
1501144037 914976
1501144037 992271
1501144038 69180
1501144038 145375
1501144038 222714
1501144038 299679
1501144038 376031
1501144038 452952
1501144038 529560
1501144038 606612
1501144038 683493
1501144038 759796
1501144038 836860
1501144038 913012
1501144038 990384
1501144039 67451
1501144039 143644
1501144039 220684
1501144039 297949
1501144039 374190
1501144039 451110
1501144039 527533
1501144039 604749
1501144039 681886
1501144039 863326
1501144039 940449
1501144040 209113
1501144040 286795
1501144040 362397
1501144040 458651
1501144040 534987
1501144040 612052
1501144040 890824
1501144040 967118
1501144041 44065
1501144041 120318
1501144041 197206
1501144041 274317
1501144041 350668
1501144041 591429
1501144041 667689
1501144041 791919
1501144041 868938
1501144041 945191
1501144042 22512
1501144042 99495
1501144042 213717
1501144042 291079
1501144042 416089
1501144042 492450
1501144042 569678
1501144042 684865
1501144042 761104
1501144042 838304
1501144042 915305
1501144042 991679
1501144043 68791
1501144043 145838
1501144043 221948
1501144043 299220
1501144043 443835
1501144043 548737
1501144043 664051
1501144043 856115
1501144043 932646
1501144044 9916
1501144044 96019
1501144044 240325
1501144044 374654
1501144044 450778
1501144044 557203
1501144044 758596
1501144044 834330
1501144045 8090
1501144045 84394
1501144045 160552
1501144045 237693
1501144045 314700
1501144045 458867
1501144045 698702
1501144045 774821
1501144045 851993
1501144045 948279
1501144046 72486
1501144046 149705
1501144046 341142
1501144046 657965
1501144046 735320
1501144046 812187
1501144046 888599
1501144046 965073
1501144047 41566
1501144047 367678
1501144047 444610
1501144047 626251
1501144047 703137
1501144047 779497
1501144047 855910
1501144048 95417
1501144048 172628
1501144048 248484
1501144048 325353
1501144048 555899
1501144048 632533
1501144048 709347
1501144048 786033
1501144048 861911
1501144048 938287
1501144049 15466
1501144049 92424
1501144049 173312
1501144049 246020
1501144049 323143
1501144049 399516
1501144049 476223
1501144049 552824
1501144049 628851
1501144049 705306
1501144049 782425
1501144049 859514
1501144049 935686
1501144050 12979
1501144050 89014
1501144050 164904
1501144050 242425
1501144050 318624
1501144050 394921
1501144050 472074
1501144050 548427
1501144050 625387
1501144050 702848
1501144050 778427
1501144050 855698
1501144050 932099
1501144051 9465
1501144051 85336
1501144051 161614
1501144051 238891
1501144051 316007
1501144051 392206
1501144051 469252
1501144051 546457
1501144051 834233
1501144051 911646
1501144051 987645
1501144052 64024
1501144052 140887
1501144052 217177
1501144052 294303
1501144052 371575
1501144052 447554
1501144052 524768
1501144052 601983
1501144052 678176
1501144052 755480
1501144052 918158
1501144053 360001
1501144053 436909
1501144053 513123
1501144053 704827
1501144054 194712
1501144054 270968
1501144054 347636
1501144054 424252
1501144054 500389
1501144054 576584
1501144054 652876
1501144054 729142
1501144054 805180
1501144054 882500
1501144054 958757
1501144055 265735
1501144055 342762
1501144055 534248
1501144055 611568
1501144055 688400
1501144055 764697
1501144055 840552
1501144055 995373
1501144056 71533
1501144056 148164
1501144056 224783
1501144056 300653
1501144056 377853
1501144056 453941
1501144056 531399
1501144056 607492
1501144056 684832
1501144056 761104
1501144056 838135
1501144056 914527
1501144056 991526
1501144057 68661
1501144057 144905
1501144057 222003
1501144057 299239
1501144057 375460
1501144057 452530
1501144057 529007
1501144057 605974
1501144057 683098
1501144057 759216
1501144057 836263
1501144057 913525
1501144057 989875
1501144058 67021
1501144058 143231
1501144058 221049
1501144058 297667
1501144058 373789
1501144058 450115
1501144058 527287
1501144058 978226
1501144059 55391
1501144059 131492
1501144059 207695
1501144059 285033
1501144059 362378
1501144059 438227
1501144059 515466
1501144059 591994
1501144059 668895
1501144059 744806
1501144059 821211
1501144059 898301
1501144059 975492
1501144060 51777
1501144060 128071
1501144060 204268
1501144060 281484
1501144060 357283
1501144060 434659
1501144060 510988
1501144060 587182
1501144060 664418
1501144060 740581
1501144060 816849
1501144060 893901
1501144060 970203
1501144061 287287
1501144061 422173
1501144061 498288
1501144061 575440
1501144061 709703
1501144061 786029
1501144061 958681
1501144062 35604
1501144062 111441
1501144062 188954
1501144062 265490
1501144062 342297
1501144062 417912
1501144062 495613
1501144062 571909
1501144062 725301
1501144062 802434
1501144062 878657
1501144063 109292
1501144063 186349
1501144063 262408
1501144063 338871
1501144063 463936
1501144063 540142
1501144063 617396
1501144063 693634
1501144063 914078
1501144063 991080
1501144064 67495
1501144064 144651
1501144064 221441
1501144064 298174
1501144064 538408
1501144064 614735
1501144064 691154
1501144064 768102
1501144064 960497
1501144065 36599
1501144065 123004
1501144065 372631
1501144065 449556
1501144065 525861
1501144065 603012
1501144065 679644
1501144065 756183
1501144065 938759
1501144066 14921
1501144066 149153
1501144066 226311
1501144066 302565
1501144066 379838
1501144066 456018
1501144066 533468
1501144066 610377
1501144066 686330
1501144066 762957
1501144066 840009
1501144066 916138
1501144066 992679
1501144067 69521
1501144067 146068
1501144067 222835
1501144067 299550
1501144067 376219
1501144067 452864
1501144067 529512
1501144067 605654
1501144067 681888
1501144067 778142
1501144067 864724
1501144067 941686
1501144068 17941
1501144068 132879
1501144068 210176
1501144068 325439
1501144068 401478
1501144068 478101
1501144068 555030
1501144068 632009
1501144068 708199
1501144068 785399
1501144068 861577
1501144068 938980
1501144069 16185
1501144069 92040
1501144069 168537
1501144069 245536
1501144069 457205
1501144069 591465
1501144069 667658
1501144069 744584
1501144069 821900
1501144069 898119
1501144069 975317
1501144070 52412
1501144070 128581
1501144070 292022
1501144070 369167
1501144070 445486
1501144070 541606
1501144070 733913
1501144070 810131
1501144070 887317
1501144070 964544
1501144071 194134
1501144071 271311
1501144071 348578
1501144071 424549
1501144071 501689
1501144071 578081
1501144071 655074
1501144071 731749
1501144071 808410
1501144071 885266
1501144071 961875
1501144072 38033
1501144072 114889
1501144072 191178
1501144072 267588
1501144072 343899
1501144072 420167
1501144072 497367
1501144072 573425
1501144072 650465
1501144072 726950
1501144072 803071
1501144072 879345
1501144072 956331
1501144073 32156
1501144073 109800
1501144073 186603
1501144073 263114
1501144073 339418
1501144073 415919
1501144073 530811
1501144073 723314
1501144073 895963
1501144074 106304
1501144074 183477
1501144074 355992
1501144074 433028
1501144074 769089
1501144074 845951
1501144074 922169
1501144074 999275
1501144075 75365
1501144075 151557
1501144075 227934
1501144075 305176
1501144075 401307
1501144075 650913
1501144075 766016
1501144075 842338
1501144075 919418
1501144076 140486
1501144076 255430
1501144076 399619
1501144076 476198
1501144076 553289
1501144076 628980
1501144076 705247
1501144076 782612
1501144076 859028
1501144076 935627
1501144077 12007
1501144077 88497
1501144077 164646
1501144077 241528
1501144077 317752
1501144077 393585
1501144077 471108
1501144077 547324
1501144077 623654
1501144077 700483
1501144077 777189
1501144077 853791
1501144077 930392
1501144078 6773
1501144078 82991
1501144078 159267
1501144078 235434
1501144078 312739
1501144078 388657
1501144078 465052
1501144078 541663
1501144078 618685
1501144078 733653
1501144078 809703
1501144078 886159
1501144078 963198
1501144079 39448
1501144079 116157
1501144079 192782
1501144079 268945
1501144079 346187
1501144079 422313
1501144079 498597
1501144079 575800
1501144079 651959
1501144079 786470
1501144080 25958
1501144080 103382
1501144080 563324
1501144080 640273
1501144080 736690
1501144080 869983
1501144080 947152
1501144081 23329
1501144081 100469
1501144081 177389
1501144081 253926
1501144081 330708
1501144081 435981
1501144081 561332
1501144081 638663
1501144081 714721
1501144081 810850
1501144081 888256
1501144082 70567
1501144082 204977
1501144082 281400
1501144082 358534
1501144082 435399
1501144082 511606
1501144082 588726
1501144082 665043
1501144082 742043
1501144082 819218
1501144082 982589
1501144083 68925
1501144083 269239
1501144083 432628
1501144084 66144
1501144084 258582
1501144084 334617
1501144084 411783
1501144084 488840
1501144084 565327
1501144084 643232
1501144084 719626
1501144084 795827
1501144084 873286
1501144084 948915
1501144085 26194
1501144085 103096
1501144085 179539
1501144085 255918
1501144085 332796
1501144085 410125
1501144085 486310
1501144085 668968
1501144085 746038
1501144085 822969
1501144085 899333
1501144085 976398
1501144086 52649
1501144086 129896
1501144086 207185
1501144086 283110
1501144086 360303
1501144086 437573
1501144086 513571
1501144086 590797
1501144086 667980
1501144086 744323
1501144086 821342
1501144086 897775
1501144086 975262
1501144087 80005
1501144087 377578
1501144087 454840
1501144087 531817
1501144087 608099
1501144087 685239
1501144087 761480
1501144087 838544
1501144087 915526
1501144087 991755
1501144088 68179
1501144088 145764
1501144088 222695
1501144088 299319
1501144088 375859
1501144088 452007
1501144088 529141
1501144088 653317
1501144088 730679
1501144088 904130
1501144088 990536
1501144089 66399
1501144089 143662
1501144089 220831
1501144089 297104
1501144089 383183
1501144089 632871
1501144089 959584
1501144090 36898
1501144090 161059
1501144090 238058
1501144090 315228
1501144090 391502
1501144090 468432
1501144090 544714
1501144090 622210
1501144090 699010
1501144090 775353
1501144090 852458
1501144090 929465
1501144091 5794
1501144091 82752
1501144091 159174
1501144091 236387
1501144091 390146
1501144091 467259
1501144091 543929
1501144091 620147
1501144091 697256
1501144091 774446
1501144091 850805
1501144091 927900
1501144092 273826
1501144092 349742
1501144092 426976
1501144092 503670
1501144092 580379
1501144092 658115
1501144092 734290
1501144092 810808
1501144092 888162
1501144092 964200
1501144093 41477
1501144093 118403
1501144093 194790
1501144093 271873
1501144093 348005
1501144093 425270
1501144093 502400
1501144093 578743
1501144093 655521
1501144093 732949
1501144093 828229
1501144093 905195
1501144093 982324
1501144094 58779
1501144094 135779
1501144094 212006
1501144094 318127
1501144094 442456
1501144094 692181
1501144094 903842
1501144094 980763
1501144095 211499
1501144095 287515
1501144095 364572
1501144095 441544
1501144095 517780
1501144095 595619
1501144095 671216
1501144095 748452
1501144095 826200
1501144095 901784
1501144095 979004
1501144096 180515
1501144096 257469
1501144096 333600
1501144096 410769
1501144096 583451
1501144096 708520
1501144096 785539
1501144096 861913
1501144096 939161
1501144097 15292
1501144097 121520
1501144097 197677
1501144097 274735
1501144097 352081
1501144097 428934
1501144097 505334
1501144097 696818
1501144097 774220
1501144097 898984
1501144097 976081
1501144098 52268
1501144098 129574
1501144098 204924
1501144098 282517
1501144098 359213
1501144098 435536
1501144098 512539
1501144098 695106
1501144098 906556
1501144099 98447
1501144099 242563
1501144099 405679
1501144099 481938
1501144099 559150
1501144099 636157
1501144099 712896
1501144099 837619
1501144099 991048
1501144100 106383
1501144100 192725
1501144100 269685
1501144100 346111
1501144100 423088
1501144100 499277
1501144100 576458
1501144100 748823
1501144100 826103
1501144100 903855
1501144100 979261
1501144101 56548
1501144101 134095
1501144101 209832
1501144101 286968
1501144101 363140
1501144101 440135
1501144101 517373
1501144101 593971
1501144101 670730
1501144101 824931
1501144101 901458
1501144101 977574
1501144102 64682
1501144102 141009
1501144102 218009
1501144102 295201
1501144102 371633
1501144102 534785
1501144102 938022
1501144103 14997
1501144103 92074
1501144103 168325
1501144103 245432
1501144103 321520
1501144103 398680
1501144103 475733
1501144103 551822
1501144103 629233
1501144103 706089
1501144103 782420
1501144103 859611
1501144103 935951
1501144104 13530
1501144104 90297
1501144104 166829
1501144104 244132
1501144104 320752
1501144104 406877
1501144104 598451
1501144104 676237
1501144104 868112
1501144104 944455
1501144105 59452
1501144105 165604
1501144105 241704
1501144105 319082
1501144105 395179
1501144105 472401
1501144105 549409
1501144105 645565
1501144105 741029
1501144105 817949
1501144105 895137
1501144105 981374
1501144106 57577
1501144106 134970
1501144106 211862
1501144106 384328
1501144106 461497
1501144106 537792
1501144106 615109
1501144106 691665
1501144106 768642
1501144106 845265
1501144106 921545
1501144106 998851
1501144107 76311
1501144107 239415
1501144107 315528
1501144107 401724
1501144107 479085
1501144107 555899
1501144107 632074
1501144107 709096
1501144107 786428
1501144107 862791
1501144107 948823
1501144108 93149
1501144108 170139
1501144108 246508
1501144108 323652
1501144108 400857
1501144108 477022
1501144108 554751
1501144108 630977
1501144108 707455
1501144109 139722
1501144109 216763
1501144109 293058
1501144109 370299
1501144109 446408
1501144109 523550
1501144109 600534
1501144109 676762
1501144109 869265
1501144109 945572
1501144110 22589
1501144110 138438
1501144110 215068
1501144110 291725
1501144110 368388
1501144110 445410
1501144110 521635
1501144110 628572
1501144110 733716
1501144110 877413
1501144111 20951
1501144111 98108
1501144111 175376
1501144111 251418
1501144111 328553
1501144111 626277
1501144111 702869
1501144112 58335
1501144112 153526
1501144112 230688
1501144112 307703
1501144112 383861
1501144112 460892
1501144112 538837
1501144112 614756
1501144112 691542
1501144112 777845
1501144112 854818
1501144112 931195
1501144113 142528
1501144113 219694
1501144113 295868
1501144113 373231
1501144113 478439
1501144113 555618
1501144113 719521
1501144113 794961
1501144113 872205
1501144113 949339
1501144114 112092
1501144114 333616
1501144114 410177
1501144114 486551
1501144114 563003
1501144114 640100
1501144114 755162
1501144114 832345
1501144114 975856
1501144115 120073
1501144115 197207
1501144115 292419
1501144115 369474
1501144115 446545
1501144115 523007
1501144115 600407
1501144115 677520
1501144115 753379
1501144115 830587
1501144116 42172
1501144116 118420
1501144116 195415
1501144116 271608
1501144116 348728
1501144116 425917
1501144116 502222
1501144116 579313
1501144116 724132
1501144116 799746
1501144117 49472
1501144117 164593
1501144117 241999
1501144117 376124
1501144117 453195
1501144117 529406
1501144117 606530
1501144117 722426
1501144117 798385
1501144117 875412
1501144117 991202
1501144118 67543
1501144118 143897
1501144118 220980
1501144118 297298
1501144118 374353
1501144118 451527
1501144118 527719
1501144118 806334
1501144118 883133
1501144118 959783
1501144119 132145
1501144119 209298
1501144119 286413
1501144119 362599
1501144119 439676
1501144119 515849
1501144119 592884
1501144119 670709
1501144119 746508
1501144119 823449
1501144119 901191
1501144119 976929
1501144120 54139
1501144120 131938
1501144120 207695
1501144120 284711
1501144120 360953
1501144120 697680
1501144120 966938
1501144121 195896
1501144121 272912
1501144121 456097
1501144121 694995
1501144121 772028
1501144121 849098
1501144121 925461
1501144122 2452
1501144122 78709
1501144122 155939
1501144122 396570
1501144122 472711
1501144122 549764
1501144122 626395
1501144122 703150
1501144122 780505
1501144122 856608
1501144122 933753
1501144123 49400
1501144123 125986
1501144123 202085
1501144123 327730
1501144123 489955
1501144123 567217
1501144123 797727
1501144123 874945
1501144123 950887
1501144124 28181
1501144124 105235
1501144124 181408
1501144124 258594
1501144124 334844
1501144124 412052
1501144124 489413
1501144124 566046
1501144124 642572
1501144124 814808
1501144125 7255
1501144125 85285
1501144125 160866
1501144125 237818
1501144125 314707
1501144125 391218
1501144125 468220
1501144125 544685
1501144125 621475
1501144125 699407
1501144125 775062
1501144125 852233
1501144125 928262
1501144126 5668
1501144126 82579
1501144126 158821
1501144126 235942
1501144126 313189
1501144126 389413
1501144126 466533
1501144126 543526
1501144126 619724
1501144126 696807
1501144126 773834
1501144126 850522
1501144126 927559
1501144127 4450
1501144127 80861
1501144127 158028
1501144127 234278
1501144127 311305
1501144127 387674
1501144127 464947
1501144127 541918
1501144127 617966
1501144127 695126
1501144127 772375
1501144127 848773
1501144127 926543
1501144128 2315
1501144128 79282
1501144128 156321
1501144128 348025
1501144128 424909
1501144128 511365
1501144128 607325
1501144128 722686
1501144128 799359
1501144128 905002
1501144129 39986
1501144129 337402
1501144129 423359
1501144129 500367
1501144129 576703
1501144129 759135
1501144129 836107
1501144129 913323
1501144129 989606
1501144130 66760
1501144130 142877
1501144130 219865
1501144130 296988
1501144130 373382
1501144130 450385
1501144130 527551
1501144130 603870
1501144130 680932
1501144130 758282
1501144130 834703
1501144130 911681
1501144130 987864
1501144131 64952
1501144131 142008
1501144131 218257
1501144131 295431
1501144131 372443
1501144131 449272
1501144131 525717
1501144131 602079
1501144131 679206
1501144131 756180
1501144131 832691
1501144131 909804
1501144131 986939
1501144132 63221
1501144132 140250
1501144132 216478
1501144132 293641
1501144132 447014
1501144132 524144
1501144132 601630
1501144132 677974
1501144132 754558
1501144132 830923
1501144132 994482
1501144133 71600
1501144133 426324
1501144133 551552
1501144133 666668
1501144133 742864
1501144133 829420
1501144133 906530
1501144133 984189
1501144134 59738
1501144134 136907
1501144134 214130
1501144134 367373
1501144134 491758
1501144134 578629
1501144134 664894
1501144134 751238
1501144134 904571
1501144134 981732
1501144135 423911
1501144135 500652
1501144135 653284
1501144135 730523
1501144135 808235
1501144135 883838
1501144135 960834
1501144136 38117
1501144136 114323
1501144136 268492
1501144136 344927
1501144136 422372
1501144136 546394
1501144136 622700
1501144136 699754
1501144136 777030
1501144137 141764
1501144137 265987
1501144137 343128
1501144137 419493
1501144137 496579
1501144137 573568
1501144137 688049
1501144137 764133
1501144137 851318
1501144137 937812
1501144138 71743
1501144138 148781
1501144138 224930
1501144138 302038
1501144138 378372
1501144138 455426
1501144138 532521
1501144138 608669
1501144138 685916
1501144138 762980
1501144138 887417
1501144139 31881
1501144139 204395
1501144139 281553
1501144139 357872
1501144139 434794
1501144139 511844
1501144139 588326
1501144139 665381
1501144139 742942
1501144139 963019
1501144140 40567
1501144140 116361
1501144140 193472
1501144140 269906
1501144140 347023
1501144140 424246
1501144140 500348
1501144140 577433
1501144140 654402
1501144140 730811
1501144140 923187
1501144140 999277
1501144141 76427
1501144141 153515
1501144141 229968
1501144141 307053
1501144141 384106
1501144141 460782
1501144141 537479
1501144141 613691
1501144141 690841
1501144141 768138
1501144141 844298
1501144141 959511
1501144142 36622
1501144142 113839
1501144142 190165
1501144142 267246
1501144142 430691
1501144142 602863
1501144142 718118
1501144142 795452
1501144142 939586
1501144143 169475
1501144143 275533
1501144143 592482
1501144143 918078
1501144144 234754
1501144144 311804
1501144144 408097
1501144144 619525
1501144144 695562
1501144144 859207
1501144145 185841
1501144145 291015
1501144145 368131
1501144145 444388
1501144145 521409
1501144145 599346
1501144145 675022
1501144145 771086
1501144145 991525
1501144146 68704
1501144146 145735
1501144146 221968
1501144146 299323
1501144146 404200
1501144146 481266
1501144146 557850
1501144146 634673
1501144146 855289
1501144146 933150
1501144147 9639
1501144147 163879
1501144147 421818
1501144147 498863
1501144147 614715
1501144147 834743
1501144147 911747
1501144148 247698
1501144148 353756
1501144148 430076
1501144148 507116
1501144148 584130
1501144148 660447
1501144148 737652
1501144148 939289
1501144149 16404
1501144149 131289
1501144149 207833
1501144149 284865
1501144149 360980
1501144149 438091
1501144149 514481
1501144149 591551
1501144149 667855
1501144149 744930
1501144149 822024
1501144149 898206
1501144149 975978
1501144150 52632
1501144150 129073
1501144150 235155
1501144150 360357
1501144150 445619
1501144150 551792
1501144150 628009
1501144150 705143
1501144150 782147
1501144150 859092
1501144150 935599
1501144151 11872
1501144151 89224
1501144151 166150
1501144151 242606
1501144151 319586
1501144151 396399
1501144151 472724
1501144151 741621
1501144151 818687
1501144151 914852
1501144151 990988
1501144152 68053
1501144152 193556
1501144152 500241
1501144152 577528
1501144152 653437
1501144152 730784
1501144152 807742
1501144152 884113
1501144153 153111
1501144153 258944
1501144153 335088
1501144153 412337
1501144153 489486
1501144153 565599
1501144153 642785
1501144153 719735
1501144153 796089
1501144153 873123
1501144153 949546
1501144154 26530
1501144154 544936
1501144154 622093
1501144154 756236
1501144154 881117
1501144155 131179
1501144155 207234
1501144155 284485
1501144155 418797
1501144155 495815
1501144155 572135
1501144155 649202
1501144155 725835
1501144155 802600
1501144155 879428
1501144155 956428
1501144156 33049
1501144156 110300
1501144156 186446
1501144156 263542
1501144156 339817
1501144156 416849
1501144156 494068
1501144156 570368
1501144156 647334
1501144156 725125
1501144156 801092
1501144156 897126
1501144156 974012
1501144157 50375
1501144157 127593
1501144157 339244
1501144157 415382
1501144157 617664
1501144157 751135
1501144158 1674
1501144158 184110
1501144158 365840
1501144158 442553
1501144158 528821
1501144158 836638
1501144158 912673
1501144159 134100
1501144159 220431
1501144159 297102
1501144159 373619
1501144159 451026
1501144159 527000
1501144159 604302
1501144159 835389
1501144160 46139
1501144160 209317
1501144160 285819
1501144160 363001
1501144160 564603
1501144160 669673
1501144160 746796
1501144160 823068
1501144160 900025
1501144160 986292
1501144161 63430
1501144161 139652
1501144161 216924
1501144161 293929
1501144161 370160
1501144161 447312
1501144161 524404
1501144161 600575
1501144161 677749
1501144161 753933
1501144161 831251
1501144161 908430
1501144161 984529
1501144162 61668
1501144162 176878
1501144162 407544
1501144162 512747
1501144162 590080
1501144162 858622
1501144162 935610
1501144163 11644
1501144163 90097
1501144163 281641
1501144163 357532
1501144163 434886
1501144163 559171
1501144163 636323
1501144163 789576
1501144164 106425
1501144164 221697
1501144164 336874
1501144164 413961
1501144164 634525
1501144164 711622
1501144164 787855
1501144164 864941
1501144164 942655
1501144165 18808
1501144165 95422
1501144165 172713
1501144165 249129
1501144165 326007
1501144165 402216
1501144165 489311
1501144165 565465
1501144165 642605
1501144165 719688
1501144165 795735
1501144165 873099
1501144165 949530
1501144166 26557
1501144166 103738
1501144166 179797
1501144166 256894
1501144166 333907
1501144166 410536
1501144166 487560
1501144166 563868
1501144166 640852
1501144166 717930
1501144166 804524
1501144166 919587
1501144166 995826
1501144167 120892
1501144167 198182
1501144167 274192
1501144167 409386
1501144167 696692
1501144167 888668
1501144167 964943
1501144168 42159
1501144168 119373
1501144168 195572
1501144168 272672
1501144168 349722
1501144168 425749
1501144168 503167
1501144168 589311
1501144168 675349
1501144168 752535
1501144168 829655
1501144168 964098
1501144169 107587
1501144169 184610
1501144169 549722
1501144169 780200
1501144169 856295
1501144169 981438
1501144170 58669
1501144170 134945
1501144170 212095
1501144170 288232
1501144170 394591
1501144170 576800
1501144170 778283
1501144170 855562
1501144170 931534
1501144171 8604
1501144171 296930
1501144171 604302
1501144171 776666
1501144171 853914
1501144171 930027
1501144172 7107
1501144172 84137
1501144172 160313
1501144172 237541
1501144172 468173
1501144172 544274
1501144172 640582
1501144172 717789
1501144172 861016
1501144172 947446
1501144173 91521
1501144173 437469
1501144173 523487
1501144173 638739
1501144173 715837
1501144173 792019
1501144173 869441
1501144173 946484
1501144174 22618
1501144174 118752
1501144174 196548
1501144174 397568
1501144174 521729
1501144174 599046
1501144174 676045
1501144174 752306
1501144174 829360
1501144174 993815
1501144175 69015
1501144175 145961
1501144175 223807
1501144175 299508
1501144175 376665
1501144175 452922
1501144175 530037
1501144175 607114
1501144175 914013
1501144176 154428
1501144176 297772
1501144176 499265
1501144176 576413
1501144176 653532
1501144176 825916
1501144176 903045
1501144176 979319
1501144177 56285
1501144177 133455
1501144177 344161
1501144177 421136
1501144177 498473
1501144177 670877
1501144177 815211
1501144177 891221
1501144177 968420
1501144178 45432
1501144178 121811
1501144178 198865
1501144178 276344
1501144178 352321
1501144178 429536
1501144178 505551
1501144178 582814
1501144178 659921
1501144178 736049
1501144178 813118
1501144178 890345
1501144178 966579
1501144179 44060
1501144179 120201
1501144179 197280
1501144179 274445
1501144179 379531
1501144179 484932
1501144179 561949
1501144179 639110
1501144179 715476
1501144179 792721
1501144179 869719
1501144179 964912
1501144180 41995
1501144180 119267
1501144180 195392
1501144180 272606
1501144180 350135
1501144180 425757
1501144180 503061
1501144180 579290
1501144180 656244
1501144180 733464
1501144180 809852
1501144180 887086
1501144180 964298
1501144181 40278
1501144181 491728
1501144181 568549
1501144181 711980
1501144181 789068
1501144181 866037
1501144181 942414
1501144182 19593
1501144182 95732
1501144182 172844
1501144182 508841
1501144182 585977
1501144182 662969
1501144182 739239
1501144182 816298
1501144182 892721
1501144182 969706
1501144183 229397
1501144183 527009
1501144183 603141
1501144183 680609
1501144183 756634
1501144183 833677
1501144183 978445
1501144184 54267
1501144184 131591
1501144184 209022
1501144184 284591
1501144184 361923
1501144184 439612
1501144184 621486
1501144184 697690
1501144184 775161
1501144184 850936
1501144184 928114
1501144185 5143
1501144185 81331
1501144185 159139
1501144185 235834
1501144185 311875
1501144185 389721
1501144185 465333
1501144185 542438
1501144185 619698
1501144185 696060
1501144185 772971
1501144185 850071
1501144185 926418
1501144186 3565
1501144186 80603
1501144186 156888
1501144186 234219
1501144186 310254
1501144186 425407
1501144186 502707
1501144186 579852
1501144186 809467
1501144186 886694
1501144186 963689
1501144187 127173
1501144187 433725
1501144187 510911
1501144187 587000
1501144187 664051
1501144187 741319
1501144187 817509
1501144187 932759
1501144188 9937
1501144188 154274
1501144188 231132
1501144188 307506
1501144188 383634
1501144188 460904
1501144188 538278
1501144189 141961
1501144189 219147
1501144189 372633
1501144189 516861
1501144189 602923
1501144189 679715
1501144189 756705
1501144189 852148
1501144190 92884
1501144190 168990
1501144190 245971
1501144190 323240
1501144190 399355
1501144190 476590
1501144190 553685
1501144190 630450
1501144190 707235
1501144190 783236
1501144190 860307
1501144190 937912
1501144191 196391
1501144191 273917
1501144191 533112
1501144191 687051
1501144191 772610
1501144191 935954
1501144192 118305
1501144192 454045
1501144192 531227
1501144192 607812
1501144192 905431
1501144192 982244
1501144193 78529
1501144193 221754
1501144193 299623
1501144193 376101
1501144193 452414
1501144193 529423
1501144193 663870
1501144193 740969
1501144193 817015
1501144193 894151
1501144193 971357
1501144194 48202
1501144194 181884
1501144194 298047
1501144194 374399
1501144194 450430
1501144194 527634
1501144194 604825
1501144194 680939
1501144194 884166
1501144194 978661
1501144195 56084
1501144195 200522
1501144195 276251
1501144195 353478
1501144195 430672
1501144195 506952
1501144195 583950
1501144195 679778
1501144195 756373
1501144195 833670
1501144195 909664
1501144195 986961
1501144196 92047
1501144196 169386
1501144196 246059
1501144196 322661
1501144196 399706
1501144196 476101
1501144196 553198
1501144196 630762
1501144196 706645
1501144196 783430
1501144196 859429
1501144196 936620
1501144197 51775
1501144197 137971
1501144197 215442
1501144197 291918
1501144197 368993
1501144197 446158
1501144197 522540
1501144197 600222
1501144197 676752
1501144197 752940
1501144197 993698
1501144198 127940
1501144199 20825
1501144199 183080
1501144199 260272
1501144199 337559
1501144199 413657
1501144199 490916
1501144199 903794
1501144200 86148
1501144200 162354
1501144200 239507
1501144200 316534
1501144200 393491
1501144200 469851
1501144200 604172
1501144200 681104
1501144200 757395
1501144200 834456
1501144200 959055
1501144201 35955
1501144201 114678
1501144201 189257
1501144201 275488
1501144201 352845
1501144201 430182
1501144201 506209
1501144201 583454
1501144201 659670
1501144201 736821
1501144201 813057
1501144201 890111
1501144202 62083
1501144202 312020
1501144202 389049
1501144202 466274
1501144202 542678
1501144202 619871
1501144202 695989
1501144202 773051
1501144202 849214
1501144202 926569
1501144203 3745
1501144203 79934
1501144203 157255
1501144203 233402
1501144203 310383
1501144203 387608
1501144203 464227
1501144203 541081
1501144203 618164
1501144203 694409
1501144203 771601
1501144203 848768
1501144203 924920
1501144204 2046
1501144204 78251
1501144204 155250
1501144204 232141
1501144204 308363
1501144204 385715
1501144204 461881
1501144204 539093
1501144204 615470
1501144204 692271
1501144204 797687
1501144204 903742
1501144204 980112
1501144205 57005
1501144205 134410
1501144205 210725
1501144205 287713
1501144205 365001
1501144205 441352
1501144205 518520
1501144205 594614
1501144205 671660
1501144205 748660
1501144205 825298
1501144205 902155
1501144205 979559
1501144206 55498
1501144206 132450
1501144206 208517
1501144206 285701
1501144206 361839
1501144206 439357
1501144206 515429
1501144206 592680
1501144206 668956
1501144206 745846
1501144206 822284
1501144206 901724
1501144206 975711
1501144207 52721
1501144207 129986
1501144207 206048
1501144207 283422
1501144207 360397
1501144207 455899
1501144207 532971
1501144207 609943
1501144207 744592
1501144207 830672
1501144208 61114
1501144208 137407
1501144208 252912
1501144208 329767
1501144208 405855
1501144208 483058
1501144208 560166
1501144208 636381
1501144208 713592
1501144208 790694
1501144208 866831
1501144208 944178
1501144209 20274
1501144209 97726
1501144209 174020
1501144209 250862
1501144209 328004
1501144209 404224
1501144209 481433
1501144209 567777
1501144209 683234
1501144209 913618
1501144209 989981
1501144210 67128
1501144210 143966
1501144210 220238
1501144210 297417
1501144210 489018
1501144210 566191
1501144210 757491
1501144210 834574
1501144210 910987
1501144210 987902
1501144211 65332
1501144211 141289
1501144211 218625
1501144211 295533
1501144211 371604
1501144211 823032
1501144211 900160
1501144211 977123
1501144212 53259
1501144212 130820
1501144212 207710
1501144212 283792
1501144212 360991
1501144212 437311
1501144212 514485
1501144212 591654
1501144212 667869
1501144212 745027
1501144212 821973
1501144212 898275
1501144212 975529
1501144213 51806
1501144213 128749
1501144213 205927
1501144213 282232
1501144213 359290
1501144213 436435
1501144213 512719
1501144213 589892
1501144213 666898
1501144213 743170
1501144213 820349
1501144213 896527
1501144213 973731
1501144214 50857
1501144214 127071
1501144214 204137
1501144214 281350
1501144214 357592
1501144214 434737
1501144214 511111
1501144214 588056
1501144214 665274
1501144214 741407
1501144214 818332
1501144214 895483
1501144214 971771
1501144215 48803
1501144215 125128
1501144215 202240
1501144215 279395
1501144215 355826
1501144215 432863
1501144215 510111
1501144215 634476
1501144215 711542
1501144215 787851
1501144215 864841
1501144215 941904
1501144216 18288
1501144216 95212
1501144216 172336
1501144216 248744
1501144216 326048
1501144216 402255
1501144216 479335
1501144216 556587
1501144216 632542
1501144216 709893
1501144216 786828
1501144216 863236
1501144216 940380
1501144217 17011
1501144217 170879
1501144217 247129
1501144217 324181
1501144217 439393
1501144217 660068
1501144217 814353
1501144218 140104
1501144218 284540
1501144218 524056
1501144218 715595
