1500539039 169347
1500539039 303825
1500539039 621431
1500539039 946964
1500539040 91236
1500539040 225545
1500539040 398045
1500539040 569803
1500539040 705506
1500539040 878356
1500539041 50509
1500539041 214032
1500539041 396391
1500539041 579035
1500539041 741724
1500539041 904773
1500539042 77102
1500539042 412847
1500539042 910968
1500539043 55255
1500539043 371181
1500539043 505333
1500539043 668956
1500539043 812952
1500539044 138870
1500539044 311319
1500539044 800376
1500539045 970995
1500539046 316810
1500539046 633416
1500539046 776842
1500539047 295140
1500539047 468646
1500539047 630861
1500539047 813444
1500539048 129986
1500539048 312582
1500539048 475872
1500539048 639181
1500539048 782509
1500539048 965101
1500539049 109174
1500539049 272533
1500539049 455049
1500539049 799854
1500539049 982378
1500539050 164737
1500539050 308999
1500539050 471625
1500539050 605615
1500539050 788268
1500539051 142908
1500539052 74054
1500539052 390771
1500539052 573359
1500539052 736116
1500539052 870208
1500539053 33473
1500539053 215898
1500539053 379518
1500539053 551686
1500539053 704763
1500539054 31622
1500539054 174990
1500539054 348175
1500539054 683938
1500539054 818420
1500539054 981635
1500539055 153951
1500539055 326508
1500539055 508890
1500539055 835943
1500539055 989262
1500539056 133369
1500539056 469123
1500539056 641698
1500539056 824166
1500539056 997634
1500539057 178880
1500539057 514806
1500539057 678061
1500539057 831221
1500539058 4198
1500539058 157314
1500539058 311336
1500539058 454887
1500539058 598973
1500539059 511409
1500539059 654693
1500539059 827097
1500539060 278
1500539060 134664
1500539060 297188
1500539060 623872
1500539060 796239
1500539060 949555
1500539061 285246
1500539061 822840
1500539062 312372
1500539062 628441
1500539062 974310
1500539063 328847
1500539063 482450
1500539063 664720
1500539063 828278
1500539064 144759
1500539064 489617
1500539064 663251
1500539064 845397
1500539065 191199
1500539065 516981
1500539066 26158
1500539066 697857
1500539067 14568
1500539067 186956
1500539067 340439
1500539067 503524
1500539067 830322
1500539067 964808
1500539068 271150
1500539068 424797
1500539068 598010
1500539068 770515
1500539069 116252
1500539069 452211
1500539069 624258
1500539069 797714
1500539070 517384
1500539070 670786
1500539070 843810
1500539070 987365
1500539071 132007
1500539071 285239
1500539071 639984
1500539071 822356
1500539071 985928
1500539072 149108
1500539072 331418
1500539072 513580
1500539072 657214
1500539073 1856
1500539073 165273
1500539073 299823
1500539073 482244
1500539073 664682
1500539073 828007
1500539073 981332
1500539074 125579
1500539074 298184
1500539074 432416
1500539074 787123
1500539074 960363
1500539075 296300
1500539075 459897
1500539075 622122
1500539075 804769
1500539076 150439
1500539076 303654
1500539076 457083
1500539076 783593
1500539076 966390
1500539077 138409
1500539077 464231
1500539077 781234
1500539077 944511
1500539078 126852
1500539078 846278
1500539079 9639
1500539079 364659
1500539079 509026
1500539079 834618
1500539079 979024
1500539080 161240
1500539080 324729
1500539081 485506
1500539081 811199
1500539081 966413
1500539082 300758
1500539082 444668
1500539082 606954
1500539082 972111
1500539083 145344
1500539083 307767
1500539083 633450
1500539083 796901
1500539083 979355
1500539084 151646
1500539084 304925
1500539084 631020
1500539084 775312
1500539084 948041
1500539085 111076
1500539085 254715
1500539085 427643
1500539085 772563
1500539085 925756
1500539086 98404
1500539086 251506
1500539086 568352
1500539086 740903
1500539086 904229
1500539087 76625
1500539087 431340
1500539087 584787
1500539087 718172
1500539087 853601
1500539088 6742
1500539088 352600
1500539088 697533
1500539088 861075
1500539089 196545
1500539089 350073
1500539089 513295
1500539089 676595
1500539090 21476
1500539090 175688
1500539091 39661
1500539091 375529
1500539091 557965
1500539091 702154
1500539092 18968
1500539092 354495
1500539092 498865
1500539092 652159
1500539092 786601
1500539092 940021
1500539093 93236
1500539093 237513
1500539093 381731
1500539093 688563
1500539093 832884
1500539093 977195
1500539094 120588
1500539094 283897
1500539094 428223
1500539094 581482
1500539094 754143
1500539094 898331
1500539095 51711
1500539095 359300
1500539095 685989
1500539095 848895
1500539096 21873
1500539096 204204
1500539096 357430
1500539096 540223
1500539096 684167
1500539096 837602
1500539096 972124
1500539097 106143
1500539097 279615
1500539097 442611
1500539097 605586
1500539097 759645
1500539098 104481
1500539098 431344
1500539098 594665
1500539098 767248
1500539098 930449
1500539099 64779
1500539099 247021
1500539099 410386
1500539099 564178
1500539099 746274
1500539099 920008
1500539100 92117
1500539100 226288
1500539100 360726
1500539100 524087
1500539100 850721
1500539100 995185
1500539101 349724
1500539101 532131
1500539101 695843
1500539101 867982
1500539102 386265
1500539102 529518
1500539102 712044
1500539102 856474
1500539103 374465
1500539103 863505
1500539104 16848
1500539104 333846
1500539104 506857
1500539104 689531
1500539105 187559
1500539105 552434
1500539105 715914
1500539105 879247
1500539106 396409
1500539106 933756
1500539107 86310
1500539107 240481
1500539107 566735
1500539107 748625
1500539108 103337
1500539108 267049
1500539108 967426
1500539109 111417
1500539109 274141
1500539109 447322
1500539109 601218
1500539109 754315
1500539109 926594
1500539110 60924
1500539110 204447
1500539110 366792
1500539110 703612
1500539110 876479
1500539111 29182
1500539111 192276
1500539111 364977
1500539111 527621
1500539111 709837
1500539111 873161
1500539112 55533
1500539112 391153
1500539112 534602
1500539112 861704
1500539113 44159
1500539113 226658
1500539113 379671
1500539113 715393
1500539114 60978
1500539114 406182
1500539114 550459
1500539114 693952
1500539115 201931
1500539115 346237
1500539115 864353
1500539116 8623
1500539116 181197
1500539116 354472
1500539116 680041
1500539117 25035
1500539117 381012
1500539117 524233
1500539117 687544
1500539118 194834
1500539118 348086
1500539118 492592
1500539118 808319
1500539119 173248
1500539119 336716
1500539119 690427
1500539119 872738
1500539120 45498
1500539120 198582
1500539120 362400
1500539120 506367
1500539120 668952
1500539120 841339
1500539121 23582
1500539121 378480
1500539121 541735
1500539121 714320
1500539121 886537
1500539122 59282
1500539122 413779
1500539122 548190
1500539122 692425
1500539122 855667
1500539123 190856
1500539123 324747
1500539123 497299
1500539123 804357
1500539123 938408
1500539124 121024
1500539124 475734
1500539124 811527
1500539125 157178
1500539125 695357
1500539125 867354
1500539126 375964
1500539126 548335
1500539126 701716
1500539127 219122
1500539127 372434
1500539127 535697
1500539127 890542
1500539128 53943
1500539128 197203
1500539128 542121
1500539129 386549
1500539129 569392
1500539129 712233
1500539130 39626
1500539130 393749
1500539130 709248
1500539130 852736
1500539130 997070
1500539131 169395
1500539131 312738
1500539131 495395
1500539131 659025
1500539131 812002
1500539131 974892
1500539132 137910
1500539132 320795
1500539132 482679
1500539132 799303
1500539132 952677
1500539133 134953
1500539133 298689
1500539133 431741
1500539133 576462
1500539133 710375
1500539134 228754
1500539134 400990
1500539134 564401
1500539134 717660
1500539135 82543
1500539135 571021
1500539135 906671
1500539136 69769
1500539136 232758
1500539136 376620
1500539136 549113
1500539136 702672
1500539136 865716
1500539137 28256
1500539137 373947
1500539137 698795
1500539137 881362
1500539138 15564
1500539138 523830
1500539138 687161
1500539138 830314
1500539139 328637
1500539139 501048
1500539139 673536
1500539139 817428
1500539139 989962
1500539140 517948
1500539140 661861
1500539140 834473
1500539140 987853
1500539141 314536
1500539141 631871
1500539141 765189
1500539142 255508
1500539142 389622
1500539142 524118
1500539142 687246
1500539142 860034
1500539143 4115
1500539143 138393
1500539143 272498
1500539143 426029
1500539143 570340
1500539143 704797
1500539143 878040
1500539144 377138
1500539144 895651
1500539145 29564
1500539145 202004
1500539145 356160
1500539145 672977
1500539146 613434
1500539146 777187
1500539146 959083
1500539147 122522
1500539147 275684
1500539147 611424
1500539147 764720
1500539147 947388
1500539148 302018
1500539148 464930
1500539148 791186
1500539149 308648
1500539149 461753
1500539149 625145
1500539149 979903
1500539150 162462
1500539150 324703
1500539150 842871
1500539151 5950
1500539151 360602
1500539151 514248
1500539151 658775
1500539151 792988
1500539151 956652
1500539152 91018
1500539152 225061
1500539152 359377
1500539152 532608
1500539152 686151
1500539152 820270
1500539152 973610
1500539153 147145
1500539153 885827
1500539154 40405
1500539154 365898
1500539154 702644
1500539154 875027
1500539155 38473
1500539155 201606
1500539156 141740
1500539156 621898
1500539156 967841
1500539157 150135
1500539157 293476
1500539157 619977
1500539157 965155
1500539158 108462
1500539158 271793
1500539158 626587
1500539158 799074
1500539158 952371
1500539159 269070
1500539159 614037
1500539159 777951
1500539160 103091
1500539160 419386
1500539160 727313
1500539160 899704
1500539161 207630
1500539161 533297
1500539161 687584
1500539162 205698
1500539162 378250
1500539162 531502
1500539162 868150
1500539163 184944
1500539163 357208
1500539163 510751
1500539163 674049
1500539163 818378
1500539164 749
1500539164 164142
1500539164 327429
1500539164 461716
1500539164 625187
1500539164 798186
1500539165 296751
1500539165 459700
1500539165 603555
1500539165 938746
1500539166 121289
1500539166 457248
1500539166 783031
1500539167 128835
1500539167 290946
1500539167 454214
1500539168 364113
1500539168 537385
1500539168 853917
1500539169 35887
1500539169 199147
1500539169 353020
1500539169 698349
1500539169 870602
1500539170 33443
1500539170 369681
1500539170 686257
1500539170 839787
1500539171 156379
1500539171 636395
1500539171 770489
1500539171 914967
1500539172 78250
1500539172 241511
1500539172 385005
1500539172 539519
1500539172 692744
1500539173 19385
1500539173 192312
1500539173 336132
1500539173 643152
1500539173 969718
1500539174 141951
1500539174 305216
1500539174 487687
1500539174 842500
1500539175 15732
1500539175 198506
1500539175 923854
1500539176 100549
1500539176 282833
1500539176 445297
1500539176 782060
1500539176 954442
1500539177 271120
1500539177 788851
1500539177 951800
1500539178 86027
1500539178 431772
1500539178 930956
1500539179 448382
1500539179 630725
1500539179 985692
1500539180 330203
1500539180 512278
1500539180 666052
1500539180 819650
1500539180 991675
1500539181 337572
1500539181 510200
1500539181 865055
1500539182 7896
1500539182 498148
1500539182 650392
1500539182 996627
1500539183 513273
1500539183 676854
1500539184 3391
1500539184 338771
1500539184 664852
1500539184 809579
1500539184 991576
1500539185 164732
1500539185 309012
1500539185 462310
1500539185 625549
1500539185 760254
1500539185 932453
1500539186 66386
1500539186 201923
1500539186 710098
1500539186 883344
1500539187 26832
1500539187 363440
1500539187 852380
1500539188 25896
1500539188 169067
1500539188 351501
1500539188 515093
1500539189 33561
1500539189 196756
1500539189 378916
1500539189 523043
1500539190 444554
1500539190 597625
1500539191 136137
1500539191 298413
1500539191 442179
1500539191 759200
1500539192 104280
1500539192 286388
1500539192 440348
1500539193 353025
1500539193 487274
1500539193 803930
1500539193 957282
1500539194 91622
1500539194 236059
1500539194 380241
1500539194 879220
1500539195 61904
1500539195 215145
1500539195 714294
1500539196 30912
1500539196 366776
1500539196 683469
1500539196 856898
1500539197 1027
1500539197 144486
1500539197 278860
1500539197 807020
1500539198 133861
1500539198 316176
1500539198 651256
1500539198 824272
1500539199 6290
1500539199 188738
1500539199 362530
1500539199 514998
1500539199 678301
1500539200 14042
1500539200 176083
1500539200 484198
1500539200 828097
1500539201 181858
1500539201 344973
1500539201 681534
1500539201 835035
1500539201 969704
1500539202 132929
1500539202 267481
1500539202 412079
1500539202 584452
1500539202 756475
1500539202 939057
1500539203 83305
1500539203 390759
1500539203 525228
1500539203 678492
1500539203 831902
1500539203 995131
1500539204 341022
1500539204 821183
1500539204 984354
1500539205 511746
1500539205 675169
1500539205 848263
1500539206 154974
1500539206 337412
1500539206 693286
1500539206 875678
1500539207 48430
1500539207 383979
1500539207 528112
1500539207 681485
1500539207 834923
1500539207 979335
1500539208 325094
1500539208 469361
1500539208 631831
1500539208 814511
1500539208 977347
1500539209 304282
1500539209 466697
1500539209 648525
1500539210 156771
1500539210 301053
1500539210 636865
1500539210 810158
1500539210 983490
1500539211 299829
1500539211 626497
1500539211 760949
1500539211 895106
1500539212 29410
1500539212 173908
1500539212 327106
1500539212 663287
1500539212 807264
1500539212 970359
1500539213 133686
1500539213 450813
1500539213 613887
1500539213 748200
1500539213 901556
1500539214 74191
1500539214 218472
1500539214 362572
1500539214 851728
1500539215 5219
1500539215 322240
1500539215 466269
1500539215 639380
1500539215 975268
1500539216 118459
1500539216 464338
1500539216 627736
1500539216 944398
1500539217 98742
1500539217 424653
1500539217 597911
1500539217 741392
1500539217 904214
1500539218 403829
1500539219 343640
1500539219 525919
1500539219 708416
1500539219 843569
1500539220 169790
1500539220 304355
1500539220 438575
1500539220 582530
1500539220 928786
1500539221 283434
1500539221 427711
1500539221 753240
1500539221 907547
1500539222 224314
1500539222 358699
1500539222 541113
1500539222 704538
1500539222 876873
1500539223 59308
1500539223 203876
1500539223 357107
1500539223 501234
1500539223 673725
1500539223 818029
1500539224 134883
1500539224 623682
1500539224 950559
1500539225 133013
1500539225 486955
1500539225 649901
1500539226 6099
1500539226 149003
1500539226 475217
1500539226 648081
1500539226 820555
1500539226 964776
1500539227 127485
1500539227 300428
1500539227 644829
1500539227 808235
1500539228 152662
1500539228 306474
1500539228 613264
1500539228 958617
1500539229 284430
1500539230 253567
1500539230 424000
1500539230 762469
1500539230 915587
1500539231 58848
1500539231 414072
1500539231 557437
1500539231 701672
1500539231 845045
1500539232 26913
1500539232 526753
1500539232 843042
1500539233 6402
1500539233 140738
1500539233 486428
1500539233 658722
1500539233 975707
1500539234 139080
1500539234 312580
1500539234 455696
1500539234 600007
1500539234 744204
1500539234 916783
1500539235 233375
1500539235 415899
1500539235 771812
1500539236 299321
1500539236 999575
1500539237 182447
1500539237 345301
1500539237 691116
1500539237 834480
1500539238 7438
1500539238 189227
1500539238 371644
1500539238 525888
1500539238 669217
1500539238 841648
1500539239 532004
1500539239 878057
1500539240 377500
1500539240 886315
1500539241 39579
1500539241 203154
1500539241 375363
1500539242 115120
1500539242 633295
1500539242 796575
1500539243 497140
1500539243 843169
1500539243 996258
1500539244 687882
1500539245 340309
1500539245 493740
1500539245 657005
1500539245 829411
1500539246 11780
1500539246 318534
1500539246 501320
1500539246 846725
1500539246 999398
1500539247 345321
1500539247 672469
1500539247 815825
1500539248 314916
1500539248 478774
1500539248 622740
1500539248 939415
1500539249 111940
1500539249 275109
1500539249 438421
1500539249 610932
1500539250 331400
1500539250 686391
1500539250 859579
1500539251 3044
1500539251 137329
1500539251 483192
1500539251 810033
1500539251 973260
1500539252 126212
1500539252 270694
1500539252 954658
1500539253 288195
1500539253 441596
1500539253 758167
1500539253 902335
1500539254 603108
1500539254 747379
1500539254 929719
1500539255 93226
1500539255 265667
1500539255 409779
1500539255 755926
1500539255 919192
1500539256 81795
1500539256 399003
1500539256 714826
1500539256 867032
1500539257 30644
1500539257 376496
1500539257 521301
1500539258 57977
1500539258 239796
1500539258 402395
1500539258 574721
1500539258 719184
1500539258 881681
1500539259 44773
1500539259 227282
1500539259 361549
1500539259 524896
1500539259 669446
1500539260 24318
1500539260 177953
1500539260 676473
1500539260 811545
1500539261 127545
1500539261 280572
1500539261 424100
1500539261 750018
1500539261 922107
1500539262 75692
1500539262 219118
1500539262 381355
1500539262 899139
1500539263 398102
1500539263 572159
1500539263 725378
1500539263 869876
1500539264 32200
1500539264 205519
1500539264 339823
1500539264 484070
1500539264 666334
1500539264 992274
1500539265 155492
1500539265 482204
1500539265 837031
1500539266 144800
1500539266 317268
1500539266 451515
1500539266 614910
1500539267 124099
1500539267 469700
1500539267 968840
1500539268 112722
1500539268 468238
1500539268 602111
1500539268 755579
1500539268 918945
1500539269 72357
1500539269 398995
1500539269 753996
1500539269 917451
1500539270 224832
1500539270 407279
1500539270 589931
1500539270 762270
1500539271 88654
1500539271 251218
1500539271 433056
1500539271 980033
1500539272 660073
1500539272 813952
1500539273 139300
1500539273 667636
1500539274 3138
1500539274 741982
1500539274 886733
1500539275 39653
1500539275 356283
1500539275 884986
1500539276 67666
1500539276 220795
1500539276 710789
1500539276 855117
1500539277 18413
1500539277 190851
1500539277 680021
1500539277 862422
1500539277 998031
1500539278 180202
1500539278 496901
1500539278 679142
1500539278 832715
1500539279 178316
1500539279 331584
1500539279 495666
1500539279 629186
1500539279 955996
1500539280 118526
1500539280 291343
1500539280 435140
1500539280 569999
1500539280 877005
1500539281 21333
1500539281 193954
1500539281 367141
1500539281 894175
1500539282 67562
1500539282 414128
1500539282 596072
1500539282 729693
1500539282 872765
1500539283 56284
1500539283 218137
1500539283 372038
1500539283 525958
1500539283 689418
1500539283 842837
1500539283 996422
1500539284 148365
1500539284 465080
1500539284 618591
1500539284 772895
1500539284 916268
1500539285 50555
1500539285 213936
1500539285 387192
1500539285 549517
1500539285 875648
1500539286 49090
1500539286 404126
1500539286 547123
1500539286 701618
1500539286 873880
1500539287 36369
1500539287 391981
1500539287 917834
1500539288 100384
1500539288 417853
1500539288 571246
1500539288 743806
1500539289 61309
1500539289 242848
1500539289 406655
1500539289 540976
1500539289 675822
1500539289 809669
1500539289 953892
1500539290 127038
1500539290 280806
1500539290 453182
1500539290 616294
1500539290 788684
1500539290 962175
1500539291 278783
1500539291 413170
1500539291 547507
1500539291 700759
1500539291 864438
1500539292 210233
1500539292 363494
1500539292 497790
1500539292 661072
1500539292 824426
1500539292 987704
1500539293 141091
1500539293 285392
1500539293 419697
1500539293 583224
1500539293 746435
1500539293 918909
1500539294 101331
1500539294 283754
1500539294 600540
1500539294 753981
1500539294 897958
1500539295 61144
1500539295 243770
1500539295 608634
1500539295 781041
1500539295 944276
1500539296 261112
1500539296 405476
1500539296 548800
1500539296 731022
1500539296 884694
1500539297 221114
1500539297 364542
1500539297 528202
1500539297 700625
1500539297 882263
1500539298 45649
1500539298 228088
1500539298 372308
1500539298 516660
1500539298 823475
1500539298 967749
1500539299 102494
1500539299 255335
1500539299 400109
1500539299 582627
1500539299 726189
1500539300 216372
1500539300 360622
1500539300 840601
1500539300 983730
1500539301 137994
1500539301 310663
1500539301 444769
1500539301 608118
1500539301 790450
1500539302 117352
1500539302 270379
1500539302 414710
1500539302 577246
1500539302 740697
1500539302 923012
1500539303 96323
1500539303 230639
1500539303 394151
1500539303 719932
1500539304 46490
1500539304 209949
1500539304 527047
1500539305 217166
1500539305 562769
1500539305 706981
1500539305 841316
1500539305 985711
1500539306 119843
1500539306 292643
1500539306 475187
1500539306 993081
1500539307 137360
1500539307 319895
1500539307 493277
1500539307 828766
1500539307 982315
1500539308 116635
1500539308 280025
1500539308 587414
1500539308 770072
1500539308 952310
1500539309 297136
1500539309 479686
1500539309 633948
1500539309 816238
1500539309 988661
1500539310 478807
1500539310 833469
1500539310 977861
1500539311 303688
1500539311 466334
1500539311 620502
1500539311 773696
1500539311 908317
1500539312 42474
1500539312 224831
1500539312 378154
1500539312 723947
1500539312 878281
1500539313 21581
1500539313 185145
1500539313 885611
1500539314 67902
1500539314 577160
1500539314 903864
1500539315 57137
1500539315 220539
1500539315 403550
1500539315 575251
1500539316 275988
1500539316 620728
1500539316 794040
1500539316 976617
1500539317 110693
1500539317 283475
1500539317 465835
1500539317 638044
1500539317 944742
1500539318 89252
1500539318 424904
1500539318 579105
1500539318 741569
1500539318 895696
1500539319 250690
1500539319 586471
1500539319 730869
1500539320 66164
1500539320 248695
1500539320 431020
1500539320 776264
1500539320 920803
1500539321 74061
1500539321 237181
1500539321 409548
1500539321 573138
1500539321 927932
1500539322 90263
1500539322 262612
1500539322 426013
1500539322 598396
1500539322 770992
1500539322 934474
1500539323 433337
1500539323 768975
1500539323 913351
1500539324 85791
1500539324 259349
1500539324 441757
1500539324 777342
1500539325 304841
1500539325 468476
1500539325 631360
1500539325 803786
1500539326 129496
1500539326 283424
1500539326 427032
1500539326 571510
1500539326 907167
1500539327 70622
1500539327 234233
1500539327 396331
1500539327 550522
1500539327 866701
1500539328 193322
1500539328 893833
1500539329 38099
1500539329 556787
1500539329 728999
1500539329 873053
1500539330 45165
1500539330 218572
1500539330 400409
1500539330 563416
1500539330 879875
1500539331 24298
1500539331 158792
1500539331 322176
1500539331 456601
1500539331 638487
1500539331 801872
1500539331 974307
1500539332 300141
1500539332 463585
1500539332 617212
1500539332 962818
1500539333 106857
1500539333 250385
1500539333 394572
1500539333 538928
1500539333 711306
1500539333 875047
1500539334 47154
1500539334 210427
1500539334 355220
1500539334 489634
1500539334 816305
1500539335 141640
1500539335 314731
1500539335 640555
1500539335 823148
1500539335 987115
1500539336 111124
1500539336 274535
1500539336 419031
1500539336 582212
1500539336 764177
