1502205839 96270
1502205839 115739
1502205839 210679
1502205839 230196
1502205839 470154
1502205839 490792
1502205839 728787
1502205839 748939
1502205839 892121
1502205839 912151
1502205840 65433
1502205840 84639
1502205840 170968
1502205840 190160
1502205840 343170
1502205840 363353
1502205840 564642
1502205840 583820
1502205840 775164
1502205840 795398
1502205841 15630
1502205841 34905
1502205841 101871
1502205841 121035
1502205841 246374
1502205841 265762
1502205841 379529
1502205841 398952
1502205841 619995
1502205841 639388
1502205841 734469
1502205841 754573
1502205841 859712
1502205841 878927
1502205842 42012
1502205842 61333
1502205842 272609
1502205842 291872
1502205842 531274
1502205842 551629
1502205842 685423
1502205842 704677
1502205842 809742
1502205842 828957
1502205842 983162
1502205843 2249
1502205843 174509
1502205843 193797
1502205843 338029
1502205843 357460
1502205843 549411
1502205843 568580
1502205843 731910
1502205843 750959
1502205843 827938
1502205843 847179
1502205844 57522
1502205844 77683
1502205844 249898
1502205844 269165
1502205844 461330
1502205844 480919
1502205844 576621
1502205844 595829
1502205844 711012
1502205844 730242
1502205844 797286
1502205844 816424
1502205844 998609
1502205845 17995
1502205845 258131
1502205845 277375
1502205845 354366
1502205845 373766
1502205845 536778
1502205845 556021
1502205845 776406
1502205845 797587
1502205845 872550
1502205845 891826
1502205845 977798
1502205845 997078
1502205846 170279
1502205846 189746
1502205846 361734
1502205846 381832
1502205846 515956
1502205846 535288
1502205846 631298
1502205846 650470
1502205846 765575
1502205846 784775
1502205846 918932
1502205846 938218
1502205847 34133
1502205847 56697
1502205847 206559
1502205847 226747
1502205847 312869
1502205847 331957
1502205847 571335
1502205847 590726
1502205847 792867
1502205847 812081
1502205848 3350
1502205848 26837
1502205848 99528
1502205848 119039
1502205848 214993
1502205848 234046
1502205848 474361
1502205848 493685
1502205848 713927
1502205848 733232
1502205848 954380
1502205848 973752
1502205849 155868
1502205849 175236
1502205849 366433
1502205849 385727
1502205849 481807
1502205849 500914
1502205849 674063
1502205849 693532
1502205849 894572
1502205849 914829
1502205849 990763
1502205850 10157
1502205850 201289
1502205850 220557
1502205850 326717
1502205850 346323
1502205850 452309
1502205850 470432
1502205850 575203
1502205850 595427
1502205850 757638
1502205850 777884
1502205850 949969
1502205850 969249
1502205851 27106
1502205851 46503
1502205851 180440
1502205851 199785
1502205851 324762
1502205851 344326
1502205851 526239
1502205851 545711
1502205851 746778
1502205851 765997
1502205851 986395
1502205852 6583
1502205852 92519
1502205852 111822
1502205852 188710
1502205852 208115
1502205852 303100
1502205852 322603
1502205852 495537
1502205852 514762
1502205852 725944
1502205852 745277
1502205852 822121
1502205852 841474
1502205853 23608
1502205853 42927
1502205853 186988
1502205853 206346
1502205853 273193
1502205853 292761
1502205853 369404
1502205853 388759
1502205853 579988
1502205853 599460
1502205853 753357
1502205853 772616
1502205853 954761
1502205853 974249
1502205854 79158
1502205854 98317
1502205854 300484
1502205854 319677
1502205854 424789
1502205854 444051
1502205854 617167
1502205854 636553
1502205854 760676
1502205854 780864
1502205855 1072
1502205855 20340
1502205855 221558
1502205855 240834
1502205855 452099
1502205855 471324
1502205855 557356
1502205855 577636
1502205855 682594
1502205855 702003
1502205855 797961
1502205855 817110
1502205856 57420
1502205856 76730
1502205856 162803
1502205856 181997
1502205856 306969
1502205856 326345
1502205856 556606
1502205856 575781
1502205856 796149
1502205856 815319
1502205856 988507
1502205857 7843
1502205857 141899
1502205857 161226
1502205857 353277
1502205857 372679
1502205857 563950
1502205857 583208
1502205857 756375
1502205857 775639
1502205857 880625
1502205857 900802
1502205857 986836
1502205858 6256
1502205858 150122
1502205858 169609
1502205858 379718
1502205858 399962
1502205858 456845
1502205858 476354
1502205858 687393
1502205858 706618
1502205858 773552
1502205858 792749
1502205859 33098
1502205859 52392
1502205859 205703
1502205859 224725
1502205859 474165
1502205859 494389
1502205859 599347
1502205859 618621
1502205859 800855
1502205859 820196
1502205859 897043
1502205859 916388
1502205860 117539
1502205860 136797
1502205860 280919
1502205860 300157
1502205860 444243
1502205860 463565
1502205860 616671
1502205860 636006
1502205860 722894
1502205860 742116
1502205860 847165
1502205860 866528
1502205860 933375
1502205860 953631
1502205861 58630
1502205861 77864
1502205861 308177
1502205861 327789
1502205861 433466
1502205861 452747
1502205861 538732
1502205861 558049
1502205861 797349
1502205861 816597
1502205861 969766
1502205861 989971
1502205862 219341
1502205862 239537
1502205862 373610
1502205862 392896
1502205862 594165
1502205862 613670
1502205862 747523
1502205862 767035
1502205862 997100
1502205863 16290
1502205863 160399
1502205863 179867
1502205863 275676
1502205863 298852
1502205863 380971
1502205863 400191
1502205863 458036
1502205863 477289
1502205863 621454
1502205863 640647
1502205863 793834
1502205863 813336
1502205863 890035
1502205863 909502
1502205864 129607
1502205864 149797
1502205864 399096
1502205864 418484
1502205864 667858
1502205864 687014
1502205864 888300
1502205864 907475
1502205865 51664
1502205865 71144
1502205865 176079
1502205865 196385
1502205865 301193
1502205865 320421
1502205865 387408
1502205865 406747
1502205865 512615
1502205865 531958
1502205865 656042
1502205865 676249
1502205865 867467
1502205865 886838
1502205866 1744
1502205866 21013
1502205866 174173
1502205866 194479
1502205866 404689
1502205866 423929
1502205866 519978
1502205866 539162
1502205866 712296
1502205866 731568
1502205866 855795
1502205866 875990
1502205867 38219
1502205867 58399
1502205867 144331
1502205867 163501
1502205867 374807
1502205867 394074
1502205867 471047
1502205867 490404
1502205867 576325
1502205867 595885
1502205867 844910
1502205867 864152
1502205868 8266
1502205868 27518
1502205868 132576
1502205868 152695
1502205868 295956
1502205868 315196
1502205868 478401
1502205868 497541
1502205868 689777
1502205868 709115
1502205868 814145
1502205868 833342
1502205868 910310
1502205868 929491
1502205868 987630
1502205869 6851
1502205869 92742
1502205869 112040
1502205869 188924
1502205869 208168
1502205869 361322
1502205869 380753
1502205869 457653
1502205869 476753
1502205869 668951
1502205869 688255
1502205869 927622
1502205869 947919
1502205870 100903
1502205870 120163
1502205870 359560
1502205870 379788
1502205870 513905
1502205870 533263
1502205870 724386
1502205870 744817
1502205870 820578
1502205870 839811
1502205871 61143
1502205871 80323
1502205871 214459
1502205871 233724
1502205871 329739
1502205871 349224
1502205871 434983
1502205871 454188
1502205871 646548
1502205871 670895
1502205871 838805
1502205871 858105
1502205872 21228
1502205872 40509
1502205872 107456
1502205872 126682
1502205872 231906
1502205872 251130
1502205872 395208
1502205872 414358
1502205872 644944
1502205872 664190
1502205872 817943
1502205872 837490
1502205873 28512
1502205873 48711
1502205873 124713
1502205873 144034
1502205873 259119
1502205873 278342
1502205873 432343
1502205873 451615
1502205873 614787
1502205873 634016
1502205873 873422
1502205873 892638
1502205874 84872
1502205874 104097
1502205874 219182
1502205874 243123
1502205874 324422
1502205874 344590
1502205874 449695
1502205874 468931
1502205874 622139
1502205874 642546
1502205874 776406
1502205874 795737
1502205874 871713
1502205874 891865
1502205874 977871
1502205874 997066
1502205875 102171
1502205875 121728
1502205875 323582
1502205875 342993
1502205875 544154
1502205875 563368
1502205875 640299
1502205875 659712
1502205875 831783
1502205875 851115
1502205876 72272
1502205876 91523
1502205876 168437
1502205876 187702
1502205876 360001
1502205876 379305
1502205876 533351
1502205876 552748
1502205876 667621
1502205876 686935
1502205876 907220
1502205876 926480
1502205877 147604
1502205877 166906
1502205877 339138
1502205877 358798
1502205877 425344
1502205877 445490
1502205877 569651
1502205877 589127
1502205877 674932
1502205877 695181
1502205877 867297
1502205877 886951
1502205878 59765
1502205878 79018
1502205878 155044
1502205878 174531
1502205878 356470
1502205878 376630
1502205878 548871
1502205878 568296
1502205878 808411
1502205878 827752
1502205878 932755
1502205878 952044
1502205879 182285
1502205879 201590
1502205879 326592
1502205879 346089
1502205879 528062
1502205879 555310
1502205879 729479
1502205879 748765
1502205879 951290
1502205879 970466
1502205880 75277
1502205880 94475
1502205880 219566
1502205880 238815
1502205880 343861
1502205880 363233
1502205880 574412
1502205880 593618
1502205880 833915
1502205880 853179
1502205881 92612
1502205881 111855
1502205881 178778
1502205881 198032
1502205881 323059
1502205881 342316
1502205881 447404
1502205881 467689
1502205881 562689
1502205881 583003
1502205881 822194
1502205881 841409
1502205882 33733
1502205882 52960
1502205882 245148
1502205882 264352
1502205882 455677
1502205882 474912
1502205882 599902
1502205882 619162
1502205882 792289
1502205882 811879
1502205882 993760
1502205883 12977
1502205883 252462
1502205883 271644
1502205883 521929
1502205883 540695
1502205883 751528
1502205883 771964
1502205883 904888
1502205883 925709
1502205884 10165
1502205884 30298
1502205884 154486
1502205884 173734
1502205884 317794
1502205884 337003
1502205884 433061
1502205884 452322
1502205884 548313
1502205884 567592
1502205884 672643
1502205884 692984
1502205884 778942
1502205884 798033
1502205884 999373
1502205885 18626
1502205885 124689
1502205885 143891
1502205885 248974
1502205885 268132
1502205885 517506
1502205885 536755
1502205885 699936
1502205885 719275
1502205885 940468
1502205885 959856
1502205886 171035
1502205886 190211
1502205886 257124
1502205886 276567
1502205886 496740
1502205886 516001
1502205886 689142
1502205886 708443
1502205886 880717
1502205886 900840
1502205887 111289
1502205887 130405
1502205887 255528
1502205887 274705
1502205887 495012
1502205887 514317
1502205887 658625
1502205887 677854
1502205887 859772
1502205887 879213
1502205888 111052
1502205888 128950
1502205888 272751
1502205888 292391
1502205888 387945
1502205888 407179
1502205888 474138
1502205888 493418
1502205888 579446
1502205888 598757
1502205888 799950
1502205888 820141
1502205889 49529
1502205889 69715
1502205889 164725
1502205889 184945
1502205889 338123
1502205889 357338
1502205889 424381
1502205889 443653
1502205889 684068
1502205889 703056
1502205889 779174
1502205889 798368
1502205889 923442
1502205889 942663
1502205890 66872
1502205890 86967
1502205890 211192
1502205890 230379
1502205890 345420
1502205890 364752
1502205890 518801
1502205890 537962
1502205890 604974
1502205890 624241
1502205890 710221
1502205890 729480
1502205890 796495
1502205890 815685
1502205890 949888
1502205890 969971
1502205891 75020
1502205891 94266
1502205891 267487
1502205891 286817
1502205891 429872
1502205891 450083
1502205891 679469
1502205891 699735
1502205891 929070
1502205891 949199
1502205892 102333
1502205892 121631
1502205892 198501
1502205892 217837
1502205892 467156
1502205892 486372
1502205892 601494
1502205892 620716
1502205892 735784
1502205892 755001
1502205892 870073
1502205892 889316
1502205893 81503
1502205893 100834
1502205893 263941
1502205893 283165
1502205893 426369
1502205893 446638
1502205893 589774
1502205893 608958
1502205893 685985
1502205893 705117
1502205893 791185
1502205893 811373
1502205893 964591
1502205893 983744
1502205894 146967
1502205894 166179
1502205894 252193
1502205894 271424
1502205894 377437
1502205894 396723
1502205894 608050
1502205894 628402
1502205894 761443
1502205894 780505
1502205894 943764
1502205894 963031
1502205895 39935
1502205895 59177
1502205895 155174
1502205895 174412
1502205895 269553
1502205895 289703
1502205895 346677
1502205895 365918
1502205895 587223
1502205895 606522
1502205895 682769
1502205895 706860
1502205895 855873
1502205895 875051
1502205896 114367
1502205896 134616
1502205896 229626
1502205896 248938
1502205896 479239
1502205896 499861
1502205896 623506
1502205896 642781
1502205896 776834
1502205896 796129
1502205896 988329
1502205897 7596
1502205897 93640
1502205897 114129
1502205897 170940
1502205897 189991
1502205897 343182
1502205897 363423
1502205897 439362
1502205897 458590
1502205897 660804
1502205897 680060
1502205897 766064
1502205897 785318
1502205897 881329
1502205897 900578
1502205897 996548
1502205898 15787
1502205898 111857
1502205898 131063
1502205898 284246
1502205898 303496
1502205898 533847
1502205898 553057
1502205898 688070
1502205898 707314
1502205898 783688
1502205898 803513
1502205899 4767
1502205899 24056
1502205899 263528
1502205899 282998
1502205899 445812
1502205899 465057
1502205899 590189
1502205899 609377
1502205899 858732
1502205899 878228
1502205899 935912
1502205899 955313
1502205900 166375
1502205900 185651
1502205900 309751
1502205900 329884
1502205900 454074
1502205900 473567
1502205900 550260
1502205900 569571
1502205900 741816
1502205900 761847
1502205900 905103
1502205900 924345
1502205901 20337
1502205901 39642
1502205901 135636
1502205901 154850
1502205901 395340
1502205901 414483
1502205901 491337
1502205901 510589
1502205901 701904
1502205901 721093
1502205901 961445
1502205901 980636
1502205902 114806
1502205902 134002
1502205902 345304
1502205902 364505
1502205902 527734
1502205902 546910
1502205902 710331
1502205902 739769
1502205902 969736
1502205902 988379
1502205903 151151
1502205903 170369
1502205903 256473
1502205903 275693
1502205903 352594
1502205903 371892
1502205903 486949
1502205903 506155
1502205903 631213
1502205903 650452
1502205903 861724
1502205903 880941
1502205904 92227
1502205904 111536
1502205904 283736
1502205904 303005
1502205904 543279
1502205904 562508
1502205904 754767
1502205904 773964
1502205904 956126
1502205904 975396
1502205905 71460
1502205905 90662
1502205905 310996
1502205905 330233
1502205905 522449
1502205905 541695
1502205905 666903
1502205905 685983
1502205905 887277
1502205905 906554
1502205906 11562
1502205906 30804
1502205906 252082
1502205906 271337
1502205906 462603
1502205906 482746
1502205906 577881
1502205906 598029
1502205906 741196
1502205906 760404
1502205906 933580
1502205906 952843
1502205907 173169
1502205907 192433
1502205907 269362
1502205907 288598
1502205907 499901
1502205907 519155
1502205907 663245
1502205907 682484
1502205907 787543
1502205907 806776
1502205907 999001
1502205908 18285
1502205908 123354
1502205908 143465
1502205908 324797
1502205908 344927
1502205908 488129
1502205908 507393
1502205908 642426
1502205908 661751
1502205908 766741
1502205908 785937
1502205909 26332
1502205909 46076
1502205909 122580
1502205909 141696
1502205909 275975
1502205909 295266
1502205909 544556
1502205909 564120
1502205909 678848
1502205909 698011
1502205909 947385
1502205909 966637
1502205910 43581
1502205910 62838
1502205910 303155
1502205910 322378
1502205910 427496
1502205910 446743
1502205910 542771
1502205910 561955
1502205910 677035
1502205910 696286
1502205910 926573
1502205910 945982
1502205911 71047
1502205911 91375
1502205911 320458
1502205911 339788
1502205911 502869
1502205911 522094
1502205911 666219
1502205911 685431
1502205911 800548
1502205911 819754
1502205911 992017
1502205912 12138
1502205912 222545
1502205912 241771
1502205912 395004
1502205912 414165
1502205912 635401
1502205912 654747
1502205912 884960
1502205912 904195
1502205913 19282
1502205913 38556
1502205913 172663
1502205913 192157
1502205913 374119
1502205913 394295
1502205913 595580
1502205913 614819
1502205913 738953
1502205913 759193
1502205913 816115
1502205913 835313
1502205914 75635
1502205914 94902
1502205914 296099
1502205914 315354
1502205914 382376
1502205914 401817
1502205914 468543
1502205914 488710
1502205914 728174
1502205914 747332
1502205914 814326
1502205914 833550
1502205914 958650
1502205914 977885
1502205915 208159
1502205915 227389
1502205915 342527
1502205915 361670
1502205915 447719
1502205915 467032
1502205915 553914
1502205915 573157
1502205915 687358
1502205915 706826
1502205915 869800
1502205915 889007
1502205916 109364
1502205916 129548
1502205916 291722
1502205916 311052
1502205916 474176
1502205916 493480
1502205916 646613
1502205916 666707
1502205916 828999
1502205916 848245
1502205917 88526
1502205917 107745
1502205917 328112
1502205917 347339
1502205917 596714
1502205917 615966
1502205917 779097
1502205917 798395
1502205917 942487
1502205917 961695
1502205918 211146
1502205918 230437
1502205918 326329
1502205918 345601
1502205918 585043
1502205918 605067
1502205918 662103
1502205918 681396
1502205918 930748
1502205918 949979
1502205919 94069
1502205919 113332
1502205919 209367
1502205919 228617
1502205919 410824
1502205919 430019
1502205919 555144
1502205919 574490
1502205919 785692
1502205919 804826
1502205919 997071
1502205920 16345
1502205920 217615
1502205920 236830
1502205920 448051
1502205920 467349
1502205920 697622
1502205920 716921
1502205920 889118
1502205920 908468
1502205921 81516
1502205921 100735
1502205921 205852
1502205921 226249
1502205921 321104
1502205921 341374
1502205921 561599
1502205921 580798
1502205921 676848
1502205921 696153
1502205921 773041
1502205921 792391
1502205921 849251
1502205921 868433
1502205922 98852
1502205922 118038
1502205922 195119
1502205922 214296
1502205922 348437
1502205922 367629
1502205922 559960
1502205922 579203
1502205922 771255
1502205922 790512
1502205922 962799
1502205922 982086
1502205923 78039
1502205923 97240
1502205923 289427
1502205923 308915
1502205923 413884
1502205923 433997
1502205923 587108
1502205923 606363
1502205923 759564
1502205923 778853
1502205923 922911
1502205923 942213
1502205924 191543
1502205924 211730
1502205924 268676
1502205924 287905
1502205924 508326
1502205924 528836
1502205924 748735
1502205924 768201
1502205924 844922
1502205924 864202
1502205925 65418
1502205925 84700
1502205925 305947
1502205925 326533
1502205925 516424
1502205925 535716
1502205925 746972
1502205925 766351
1502205925 852216
1502205925 872405
1502205926 121749
1502205926 141066
1502205926 342307
1502205926 361530
1502205926 457566
1502205926 476706
1502205926 668982
1502205926 688308
1502205926 783340
1502205926 803635
1502205926 879560
1502205926 898849
1502205927 120030
1502205927 139293
1502205927 350538
1502205927 370098
1502205927 609137
1502205927 628367
1502205927 753424
1502205927 772882
1502205927 925867
1502205927 945300
1502205928 41130
1502205928 60664
1502205928 214470
1502205928 233788
1502205928 473074
1502205928 492316
1502205928 578411
1502205928 597901
1502205928 655503
1502205928 674725
1502205928 876003
1502205928 895346
1502205929 116462
1502205929 135795
1502205929 202713
1502205929 221940
1502205929 413229
1502205929 432536
1502205929 634672
1502205929 653908
1502205929 893287
1502205929 912579
1502205929 989508
1502205930 8784
1502205930 152821
1502205930 172101
1502205930 277276
1502205930 297383
1502205930 498600
1502205930 518886
1502205930 757318
1502205930 776497
1502205930 863438
1502205930 882947
1502205931 6779
1502205931 26941
1502205931 247367
1502205931 266538
1502205931 410669
1502205931 429913
1502205931 495963
1502205931 516877
1502205931 726485
1502205931 745701
1502205931 812671
1502205931 831915
1502205931 927910
1502205931 947170
1502205932 43198
1502205932 62391
1502205932 206493
1502205932 225793
1502205932 456052
1502205932 475597
1502205932 619462
1502205932 638731
1502205932 849938
1502205932 869244
1502205932 984267
1502205933 3483
1502205933 204814
1502205933 224023
1502205933 444359
1502205933 464518
1502205933 540566
1502205933 560061
1502205933 695094
1502205933 715430
1502205933 857279
1502205933 876550
1502205933 943461
1502205933 962699
1502205934 39702
1502205934 58890
1502205934 125899
1502205934 145122
1502205934 270196
1502205934 289652
1502205934 490733
1502205934 510177
1502205934 576917
1502205934 596304
1502205934 845497
1502205934 865711
1502205934 970853
1502205934 990030
1502205935 230297
1502205935 249551
1502205935 459902
1502205935 479404
1502205935 699488
1502205935 718751
1502205935 881932
1502205935 901086
1502205936 26176
1502205936 45481
1502205936 265739
1502205936 284998
1502205936 467269
1502205936 490921
1502205936 563418
1502205936 582669
1502205936 774905
1502205936 794067
1502205936 947291
1502205936 966500
1502205937 110646
1502205937 129845
1502205937 322133
1502205937 341349
1502205937 475488
1502205937 494693
1502205937 695977
1502205937 716150
1502205937 936460
1502205937 955867
1502205938 41706
1502205938 60955
1502205938 291320
1502205938 310565
1502205938 377494
1502205938 396758
1502205938 454619
1502205938 474129
1502205938 666116
1502205938 685329
1502205938 771381
1502205938 790634
1502205938 886618
1502205938 905860
1502205938 972831
1502205938 992089
1502205939 69041
1502205939 88258
1502205939 299578
1502205939 318876
1502205939 414865
1502205939 433998
1502205939 683442
1502205939 702954
1502205939 874891
1502205939 894983
1502205940 38334
1502205940 57468
1502205940 259667
1502205940 279223
1502205940 489245
1502205940 508568
1502205940 594523
1502205940 613777
1502205940 738867
1502205940 758053
1502205940 998372
1502205941 17636
1502205941 103637
1502205941 122847
1502205941 363233
1502205941 382426
1502205941 545847
1502205941 566143
1502205941 669910
1502205941 689284
1502205941 775267
1502205941 795339
1502205941 919561
1502205941 938761
1502205942 120941
1502205942 140296
1502205942 275262
1502205942 294522
1502205942 524901
1502205942 544173
1502205942 726340
1502205942 745510
1502205942 860544
1502205942 879791
1502205943 71146
1502205943 90366
1502205943 272555
1502205943 291776
1502205943 406938
1502205943 426150
1502205943 608387
1502205943 628542
1502205943 877893
1502205943 897183
1502205944 98393
1502205944 117756
1502205944 222762
1502205944 242893
1502205944 425181
1502205944 444747
1502205944 654707
1502205944 674887
1502205944 809005
1502205944 828472
1502205945 77644
1502205945 97074
1502205945 230994
1502205945 251128
1502205945 394295
1502205945 413551
1502205945 499706
1502205945 519730
1502205945 711020
1502205945 730276
1502205945 922455
1502205945 941779
1502205946 191100
1502205946 210349
1502205946 450643
1502205946 469905
1502205946 545972
1502205946 565187
1502205946 804569
1502205946 824706
1502205946 978010
1502205946 997157
1502205947 217493
1502205947 237671
1502205947 323631
1502205947 342942
1502205947 563341
1502205947 582598
1502205947 640382
1502205947 659647
1502205947 908998
1502205947 928223
1502205948 34223
1502205948 53469
1502205948 158569
1502205948 177806
1502205948 360026
1502205948 379321
1502205948 466184
1502205948 485510
1502205948 590542
1502205948 609769
1502205948 791980
1502205948 811228
1502205948 993490
1502205949 13586
1502205949 118664
1502205949 137928
1502205949 387341
1502205949 407798
1502205949 598775
1502205949 617946
1502205949 800187
1502205949 823009
1502205949 953613
1502205949 973096
1502205950 155069
1502205950 175165
1502205950 405643
1502205950 424739
1502205950 578014
1502205950 597217
1502205950 779415
1502205950 798698
1502205951 9923
1502205951 29155
1502205951 230437
1502205951 249660
1502205951 412901
1502205951 432071
1502205951 586243
1502205951 605367
1502205951 691441
1502205951 710709
1502205951 777641
1502205951 796894
1502205951 950969
1502205951 970189
1502205952 56260
1502205952 75531
1502205952 142487
1502205952 161772
1502205952 295839
1502205952 315950
1502205952 526381
1502205952 546509
1502205952 737766
1502205952 757020
1502205952 824017
1502205952 843492
1502205952 997364
1502205953 16577
1502205953 102576
1502205953 121884
1502205953 333096
1502205953 352356
1502205953 563629
1502205953 582909
1502205953 803190
1502205953 823329
1502205953 937513
1502205953 957610
1502205954 148936
1502205954 168298
1502205954 341625
1502205954 360627
1502205954 427556
1502205954 446809
1502205954 619037
1502205954 638257
1502205954 888508
1502205954 908090
1502205954 974829
1502205954 994099
1502205955 147158
1502205955 166415
1502205955 310648
1502205955 329811
1502205955 502995
1502205955 522347
1502205955 694440
1502205955 713656
1502205955 799665
1502205955 819057
1502205955 924046
1502205955 944135
1502205956 1334
1502205956 20708
1502205956 126338
1502205956 145609
1502205956 346923
1502205956 366145
1502205956 490352
1502205956 509576
1502205956 748935
1502205956 769044
1502205956 941305
1502205956 960550
1502205957 27495
1502205957 46773
1502205957 200868
1502205957 220062
1502205957 296128
1502205957 315432
1502205957 420522
1502205957 440683
1502205957 516680
1502205957 535889
1502205957 738073
1502205957 757388
1502205957 948664
1502205957 967925
1502205958 198189
1502205958 217475
1502205958 447758
1502205958 467923
1502205958 534914
1502205958 554113
1502205958 621089
1502205958 640347
1502205958 803488
1502205958 822799
1502205959 43083
1502205959 62300
1502205959 263727
1502205959 282891
1502205959 446035
1502205959 465289
1502205959 590305
1502205959 609624
1502205959 733725
1502205959 752917
1502205959 964200
1502205959 983493
1502205960 59514
1502205960 78873
1502205960 135711
1502205960 155880
1502205960 289989
1502205960 309359
1502205960 405245
1502205960 424559
1502205960 558643
1502205960 577930
1502205960 827257
1502205960 846523
1502205961 28713
1502205961 48044
1502205961 230203
1502205961 250317
1502205961 307307
1502205961 326513
1502205961 547793
1502205961 567027
1502205961 777368
1502205961 797529
1502205962 7882
1502205962 27178
1502205962 190321
1502205962 209578
1502205962 391791
1502205962 411865
1502205962 478918
1502205962 498180
1502205962 594100
1502205962 613419
1502205962 699393
1502205962 718622
1502205962 852759
1502205962 872029
1502205962 967980
1502205962 987321
1502205963 150411
1502205963 169668
1502205963 275680
1502205963 294934
1502205963 525222
1502205963 544495
1502205963 735782
1502205963 755945
1502205963 909104
1502205963 928280
1502205964 91722
1502205964 110721
1502205964 341095
1502205964 360295
1502205964 485360
1502205964 504679
1502205964 619665
1502205964 638922
1502205964 859263
1502205964 878507
1502205964 945566
1502205964 965619
1502205965 51681
1502205965 71163
1502205965 215004
1502205965 234265
1502205965 301198
1502205965 320904
1502205965 531776
1502205965 551120
1502205965 752268
1502205965 771475
1502205965 838429
1502205965 857686
1502205965 953724
1502205965 972981
1502205966 68928
1502205966 88409
1502205966 232321
1502205966 251887
1502205966 491856
1502205966 511133
1502205966 626115
1502205966 645392
1502205966 702409
1502205966 721567
1502205966 836706
1502205966 856861
1502205966 990950
1502205967 10331
1502205967 201549
1502205967 220833
1502205967 288604
1502205967 307895
1502205967 509151
1502205967 528389
1502205967 643516
1502205967 662730
1502205967 748777
1502205967 767920
1502205967 931093
1502205967 950325
1502205968 132592
1502205968 151836
1502205968 315027
1502205968 334322
1502205968 449481
1502205968 468609
1502205968 641713
1502205968 660931
1502205968 843177
1502205968 862389
1502205969 44622
1502205969 63868
1502205969 140873
1502205969 160080
1502205969 342315
1502205969 361569
1502205969 572822
1502205969 592137
1502205969 755176
1502205969 774457
1502205969 899528
1502205969 918732
1502205970 100922
1502205970 120215
1502205970 369579
1502205970 388839
1502205970 581034
1502205970 600273
1502205970 839742
1502205970 859858
1502205970 945856
1502205970 965066
1502205971 70175
1502205971 89467
1502205971 338807
1502205971 359017
1502205971 444939
1502205971 464191
1502205971 560227
1502205971 579493
1502205971 675450
1502205971 694731
1502205971 809788
1502205971 829030
1502205972 30282
1502205972 49515
1502205972 298980
1502205972 319114
1502205972 548500
1502205972 568633
1502205972 769887
1502205972 789124
1502205972 933401
1502205972 952583
1502205973 67622
1502205973 86962
1502205973 317111
1502205973 336372
1502205973 480507
1502205973 499715
1502205973 710098
1502205973 730280
1502205973 864364
1502205973 883849
1502205974 113871
1502205974 133418
1502205974 267288
1502205974 286519
1502205974 459672
1502205974 478975
1502205974 680307
1502205974 699441
1502205974 948859
1502205974 967992
1502205975 121267
1502205975 140505
1502205975 389885
1502205975 410056
1502205975 505132
1502205975 525296
1502205975 754701
1502205975 774838
1502205975 879890
1502205975 899193
1502205976 5163
1502205976 24430
1502205976 234797
1502205976 254897
1502205976 446229
1502205976 465662
1502205976 628592
1502205976 647847
1502205976 753818
1502205976 773079
1502205976 945292
1502205976 964546
1502205977 146798
1502205977 166082
1502205977 319231
1502205977 338455
1502205977 520725
1502205977 539913
1502205977 645915
1502205977 665251
1502205977 904703
1502205977 924660
1502205978 67917
1502205978 87233
1502205978 231323
1502205978 250574
1502205978 337431
1502205978 356714
1502205978 509957
1502205978 529142
1502205978 653261
1502205978 672485
1502205978 912756
1502205978 932010
1502205979 104271
1502205979 123501
1502205979 333880
1502205979 353999
1502205979 564414
1502205979 584528
1502205979 651503
1502205979 670718
1502205979 727758
1502205979 747097
1502205979 862022
1502205979 881379
1502205980 83512
1502205980 102720
1502205980 217763
1502205980 236994
1502205980 313032
1502205980 332234
1502205980 552681
1502205980 572760
1502205980 706915
1502205980 726123
1502205980 783134
1502205980 802470
1502205980 946500
1502205980 965786
1502205981 128865
1502205981 148155
1502205981 359438
1502205981 378641
1502205981 541834
1502205981 560997
1502205981 676096
1502205981 695369
1502205981 896605
1502205981 916766
1502205981 983790
1502205982 2994
1502205982 233347
1502205982 252551
1502205982 328606
1502205982 347838
1502205982 482016
1502205982 501291
1502205982 559103
1502205982 578384
1502205982 798700
1502205982 817909
1502205983 9247
1502205983 29398
1502205983 163490
1502205983 182731
1502205983 268784
1502205983 288039
1502205983 470284
1502205983 489769
1502205983 662673
1502205983 681920
1502205983 845052
1502205983 864251
1502205984 17453
1502205984 36719
1502205984 218929
1502205984 238191
1502205984 468466
1502205984 488662
1502205984 690004
1502205984 709169
1502205984 814289
1502205984 833564
1502205984 977614
1502205984 996886
1502205985 208136
1502205985 227325
1502205985 457709
1502205985 476961
1502205985 630105
1502205985 650208
1502205985 736264
1502205985 755575
1502205985 956763
1502205985 976052
1502205986 177278
1502205986 197519
1502205986 436876
1502205986 456026
1502205986 571176
1502205986 590475
1502205986 820706
1502205986 839987
1502205986 906978
1502205986 927108
1502205987 13112
1502205987 32385
1502205987 214611
1502205987 233833
1502205987 435120
1502205987 454382
1502205987 665655
1502205987 684839
1502205987 828989
1502205987 848230
1502205987 915629
1502205987 934427
1502205988 68675
1502205988 88712
1502205988 222914
1502205988 243376
1502205988 366179
1502205988 385563
1502205988 576797
1502205988 596941
1502205988 653931
1502205988 673164
1502205988 731043
1502205988 750442
1502205988 865321
1502205988 884562
1502205988 989838
1502205989 8903
1502205989 75946
1502205989 96069
1502205989 345441
1502205989 364663
1502205989 488785
1502205989 507989
1502205989 738311
1502205989 757578
1502205989 958875
1502205989 978104
1502205990 84161
1502205990 103351
1502205990 170288
1502205990 189592
1502205990 362750
1502205990 381955
1502205990 583285
1502205990 602551
1502205990 698506
1502205990 717952
1502205990 832826
1502205990 852370
1502205991 15222
1502205991 34408
1502205991 101441
1502205991 120714
1502205991 207600
1502205991 226867
1502205991 331899
1502205991 351188
1502205991 485340
1502205991 504476
1502205991 667687
1502205991 686920
1502205991 821929
1502205991 841292
1502205992 23467
1502205992 42938
1502205992 138654
1502205992 157911
1502205992 243966
1502205992 263362
1502205992 503472
1502205992 522771
1502205992 734038
1502205992 753253
1502205992 973595
1502205992 992846
1502205993 175046
1502205993 194262
1502205993 424657
1502205993 443883
1502205993 549844
1502205993 569264
1502205993 780359
1502205993 799619
1502205994 38999
1502205994 58272
1502205994 183339
1502205994 202964
1502205994 317562
1502205994 336814
1502205994 519112
1502205994 538298
1502205994 605318
1502205994 625434
1502205994 740447
1502205994 759754
1502205994 941954
1502205994 961165
1502205995 191558
1502205995 210763
1502205995 277735
1502205995 296974
1502205995 412037
1502205995 431264
1502205995 489195
1502205995 508392
1502205995 565378
1502205995 584698
1502205995 699855
1502205995 718976
1502205995 872132
1502205995 892268
1502205996 131709
1502205996 150947
1502205996 314141
1502205996 333380
1502205996 582702
1502205996 602035
1502205996 669831
1502205996 688973
1502205996 804112
1502205996 823380
1502205996 938444
1502205996 957692
1502205997 140462
1502205997 159255
1502205997 398557
1502205997 418664
1502205997 639003
1502205997 658281
1502205997 763362
1502205997 783672
1502205997 984851
1502205998 4027
1502205998 109077
1502205998 128408
1502205998 186266
1502205998 205475
1502205998 321151
1502205998 339818
1502205998 522051
1502205998 541379
1502205998 752493
1502205998 771773
1502205998 848779
1502205998 868018
1502205998 973115
1502205998 992364
1502205999 88361
1502205999 107602
1502205999 309738
1502205999 328923
1502205999 472188
1502205999 492280
1502205999 731705
1502205999 750982
1502205999 933180
1502205999 952449
1502206000 39370
1502206000 58618
1502206000 144641
1502206000 163819
1502206000 336097
1502206000 356301
1502206000 566624
1502206000 585864
1502206000 662805
1502206000 682062
1502206000 883337
1502206000 903473
1502206001 94860
1502206001 114017
1502206001 190961
1502206001 210195
1502206001 382476
1502206001 402653
1502206001 613025
1502206001 632241
1502206001 795360
1502206001 814613
1502206001 967822
1502206001 987119
1502206002 294497
1502206002 313738
1502206002 466942
1502206002 486156
1502206002 687518
1502206002 707733
1502206002 783668
1502206002 802923
1502206002 918150
1502206002 937230
1502206003 24156
1502206003 43450
1502206003 186590
1502206003 206794
1502206003 340906
1502206003 360171
1502206003 532443
1502206003 551547
1502206003 781935
1502206003 802047
1502206003 869042
1502206003 888283
1502206004 12378
1502206004 31691
1502206004 146717
1502206004 166815
1502206004 242930
1502206004 262117
1502206004 368143
1502206004 387476
1502206004 598689
1502206004 617824
1502206004 712974
1502206004 733190
1502206004 820406
1502206004 838920
1502206004 991580
1502206005 10835
1502206005 125978
1502206005 145115
1502206005 394577
1502206005 413877
1502206005 635080
1502206005 654437
1502206005 884541
1502206005 903816
1502206005 960859
1502206005 980071
1502206006 115149
1502206006 134278
1502206006 335567
1502206006 354882
1502206006 517989
1502206006 537229
1502206006 642306
1502206006 661584
1502206006 796619
1502206006 815861
1502206006 969020
1502206006 988266
1502206007 151461
1502206007 170690
1502206007 237648
1502206007 257340
1502206007 458210
1502206007 478389
1502206007 746765
1502206007 766051
1502206008 5388
1502206008 25575
1502206008 254980
1502206008 275105
1502206008 476417
1502206008 495654
1502206008 696930
1502206008 716406
1502206008 793096
1502206008 812343
1502206008 917520
1502206008 937600
1502206009 32789
1502206009 53190
1502206009 196079
1502206009 215630
1502206009 359361
1502206009 378714
1502206009 561042
1502206009 580284
1502206009 714330
1502206009 733639
1502206009 858537
1502206009 877780
1502206010 1877
1502206010 22103
1502206010 137106
1502206010 156425
1502206010 376761
1502206010 396216
1502206010 549495
1502206010 569447
1502206010 731791
1502206010 751668
1502206010 827834
1502206010 846933
1502206011 58285
1502206011 77569
1502206011 221617
1502206011 240909
1502206011 374947
1502206011 394226
1502206011 557347
1502206011 576582
1502206011 796967
1502206011 817089
1502206011 903141
1502206011 922599
1502206012 8733
1502206012 27644
1502206012 200832
1502206012 220002
1502206012 316090
1502206012 335303
1502206012 450302
1502206012 469607
1502206012 709019
1502206012 729083
1502206012 786140
1502206012 805290
1502206012 911358
1502206012 930848
1502206013 73800
1502206013 98615
1502206013 323321
1502206013 343464
1502206013 553889
1502206013 574483
1502206013 765311
1502206013 784550
1502206013 909598
1502206013 928883
1502206014 92044
1502206014 111306
1502206014 360659
1502206014 379930
1502206014 514019
1502206014 533245
1502206014 667367
1502206014 687502
1502206014 763530
1502206014 782847
1502206014 936950
1502206014 956304
1502206015 176480
1502206015 195724
1502206015 368914
1502206015 388347
1502206015 474243
1502206015 493451
1502206015 694679
1502206015 714785
1502206015 935153
1502206015 954369
1502206016 59458
1502206016 78708
1502206016 308982
1502206016 329157
1502206016 396118
1502206016 415340
1502206016 616658
1502206016 635900
1502206016 828073
1502206016 847381
1502206016 971508
1502206016 990805
1502206017 144854
1502206017 164112
1502206017 346292
1502206017 365913
1502206017 432554
1502206017 451740
1502206017 624858
1502206017 644192
1502206017 893483
1502206017 912764
1502206018 37797
1502206018 57563
1502206018 248274
1502206018 267861
1502206018 469771
1502206018 489038
1502206018 719326
1502206018 738583
1502206018 910831
1502206018 930046
1502206019 112288
1502206019 131463
1502206019 380886
1502206019 400109
1502206019 467147
1502206019 486294
1502206019 573302
1502206019 592548
1502206019 822898
1502206019 842202
1502206020 43360
1502206020 62621
1502206020 187741
1502206020 206881
1502206020 389143
1502206020 412037
1502206020 561584
1502206020 580760
1502206020 763083
1502206020 782226
1502206020 888315
1502206020 907504
1502206021 60661
1502206021 79844
1502206021 310256
1502206021 329487
1502206021 416424
1502206021 435689
1502206021 636978
1502206021 656236
1502206021 848388
1502206021 867874
1502206022 39890
1502206022 59126
1502206022 202332
1502206022 222495
1502206022 356586
1502206022 375902
1502206022 519953
1502206022 539145
1502206022 635229
1502206022 654565
1502206022 855760
1502206022 875046
1502206023 19147
1502206023 38355
1502206023 249743
1502206023 268784
1502206023 432031
1502206023 451322
1502206023 681528
1502206023 701136
1502206023 767746
1502206023 787282
1502206023 988291
1502206024 7819
1502206024 74501
1502206024 93846
1502206024 161573
1502206024 180810
1502206024 420241
1502206024 439474
1502206024 688835
1502206024 708994
1502206024 891227
1502206024 910493
1502206025 92742
1502206025 111922
1502206025 323257
1502206025 342400
1502206025 428463
1502206025 447645
1502206025 658927
1502206025 678160
1502206025 812291
1502206025 834398
1502206025 975774
1502206025 994944
1502206026 61920
1502206026 81131
1502206026 263386
1502206026 282615
1502206026 436684
1502206026 455906
1502206026 609080
1502206026 628314
1502206026 848735
1502206026 867882
1502206027 12045
1502206027 31281
1502206027 261622
1502206027 280820
1502206027 511149
1502206027 530451
1502206027 760668
1502206027 780064
1502206027 914096
1502206027 933339
1502206027 991246
1502206028 10482
1502206028 125538
1502206028 144786
1502206028 384163
1502206028 404712
1502206028 633844
1502206028 653938
1502206028 855166
1502206028 874411
1502206029 37563
1502206029 56813
1502206029 258086
1502206029 277290
1502206029 459562
1502206029 478876
1502206029 613875
1502206029 633072
1502206029 863383
1502206029 882625
1502206030 73934
1502206030 93156
1502206030 266342
1502206030 285561
1502206030 438748
1502206030 457990
1502206030 583129
1502206030 602353
1502206030 755466
1502206030 775647
1502206031 5054
1502206031 25207
1502206031 168342
1502206031 187619
1502206031 254611
1502206031 274845
1502206031 437007
1502206031 460738
1502206031 639413
1502206031 658644
1502206031 888937
1502206031 908165
1502206032 71303
1502206032 90576
1502206032 310914
1502206032 330164
1502206032 484331
1502206032 503501
1502206032 656997
1502206032 676051
1502206032 791014
1502206032 810414
1502206032 868211
1502206032 887417
1502206033 11566
1502206033 30844
1502206033 203990
1502206033 223152
1502206033 328273
1502206033 348375
1502206033 491554
1502206033 510795
1502206033 587765
1502206033 607021
1502206033 808303
1502206033 827504
1502206033 981645
1502206034 960
1502206034 154062
1502206034 173414
1502206034 365524
1502206034 384736
1502206034 499864
1502206034 519095
1502206034 720280
1502206034 739574
1502206034 844661
1502206034 864785
1502206035 104185
1502206035 123508
1502206035 286616
1502206035 305906
1502206035 468988
1502206035 488308
1502206035 699499
1502206035 718754
1502206035 833843
1502206035 853119
1502206036 6248
1502206036 26417
1502206036 93375
1502206036 112602
1502206036 304006
1502206036 324008
1502206036 429122
1502206036 448337
1502206036 573463
1502206036 592866
1502206036 832125
1502206036 860952
1502206037 91645
1502206037 110955
1502206037 350262
1502206037 370495
1502206037 599883
1502206037 620028
1502206037 754058
1502206037 773537
1502206037 850249
1502206037 869606
1502206038 3686
1502206038 22905
1502206038 224186
1502206038 243479
1502206038 377570
1502206038 397774
1502206038 454745
1502206038 473950
1502206038 675363
1502206038 694501
1502206038 857641
1502206038 877013
1502206038 991930
1502206039 11308
1502206039 203462
1502206039 222770
1502206039 328635
1502206039 347844
1502206039 423937
1502206039 444037
1502206039 645447
1502206039 664602
1502206039 903970
1502206039 923237
1502206040 105408
1502206040 125594
1502206040 326934
1502206040 346095
1502206040 461167
1502206040 480490
1502206040 643543
1502206040 662834
1502206040 883175
1502206040 902358
1502206041 84607
1502206041 103897
1502206041 267508
1502206041 286277
1502206041 401391
1502206041 420566
1502206041 478495
1502206041 497996
1502206041 669917
1502206041 689208
1502206041 756151
1502206041 776329
1502206041 871440
1502206041 891573
1502206042 53976
1502206042 73999
1502206042 179088
1502206042 198262
1502206042 313351
1502206042 332631
1502206042 524842
1502206042 544096
1502206042 649105
1502206042 668401
1502206042 745304
1502206042 764536
1502206042 879759
1502206042 898969
1502206043 23995
1502206043 43517
1502206043 225407
1502206043 244645
1502206043 378773
1502206043 398072
1502206043 474966
1502206043 494253
1502206043 561174
1502206043 580636
1502206043 753549
1502206043 772793
1502206044 3132
1502206044 22535
1502206044 89340
1502206044 108630
1502206044 357968
1502206044 377436
1502206044 492282
1502206044 511549
1502206044 732766
1502206044 752038
1502206044 848148
1502206044 867466
1502206044 991470
1502206045 10665
1502206045 145665
1502206045 164910
1502206045 328068
1502206045 347325
1502206045 481723
1502206045 500610
1502206045 615804
1502206045 635082
1502206045 750148
1502206045 769299
1502206045 980580
1502206045 999839
1502206046 104926
1502206046 125147
1502206046 335473
1502206046 354893
1502206046 479830
1502206046 499163
1502206046 565942
1502206046 585178
1502206046 691117
1502206046 710386
1502206046 939825
1502206046 960167
1502206047 74175
1502206047 94325
1502206047 237434
1502206047 256744
1502206047 429866
1502206047 449341
1502206047 669420
1502206047 689586
1502206047 765577
1502206047 784865
1502206048 25144
1502206048 44380
1502206048 101390
1502206048 121528
1502206048 331909
1502206048 351147
1502206048 572375
1502206048 591615
1502206048 696657
1502206048 715980
1502206048 956258
1502206048 975517
1502206049 109658
1502206049 128887
1502206049 330136
1502206049 349369
1502206049 502581
1502206049 522730
1502206049 579806
1502206049 599001
1502206049 656870
1502206049 676062
1502206049 743088
1502206049 762297
1502206049 915539
1502206049 935000
1502206050 97905
1502206050 117127
1502206050 338324
1502206050 357626
1502206050 529904
1502206050 549114
1502206050 693196
1502206050 712457
1502206050 770383
1502206050 789711
1502206050 990920
1502206051 10089
1502206051 68006
1502206051 87278
1502206051 288520
1502206051 307962
1502206051 528109
1502206051 547473
1502206051 672430
1502206051 691758
1502206051 844912
1502206051 864949
1502206052 8325
1502206052 27414
1502206052 181528
1502206052 200795
1502206052 373004
1502206052 392257
1502206052 488289
1502206052 507648
1502206052 728707
1502206052 747993
1502206052 987432
1502206053 6885
1502206053 208018
1502206053 228071
1502206053 457526
1502206053 477634
1502206053 649927
1502206053 669079
1502206053 909364
1502206053 928621
1502206054 110895
1502206054 130091
1502206054 216126
1502206054 235402
1502206054 475703
1502206054 495032
1502206054 734420
1502206054 753804
1502206054 945804
1502206054 964986
1502206055 137394
1502206055 157419
1502206055 396718
1502206055 416050
1502206055 608234
1502206055 627461
1502206055 799757
1502206055 819893
1502206055 973139
1502206055 992274
1502206056 222598
1502206056 241878
1502206056 298853
1502206056 319011
1502206056 472106
1502206056 491388
1502206056 577487
1502206056 596711
1502206056 750787
1502206056 770044
1502206056 875099
1502206056 894311
1502206057 19443
1502206057 38650
1502206057 230960
1502206057 250074
1502206057 470432
1502206057 489767
1502206057 595650
1502206057 614844
1502206057 825295
1502206057 845382
1502206057 902412
1502206057 921835
1502206058 65667
1502206058 85017
1502206058 314357
1502206058 334510
1502206058 487743
1502206058 506949
1502206058 641151
1502206058 660607
1502206058 881539
1502206058 900848
1502206058 976873
1502206058 997004
1502206059 131222
1502206059 150367
1502206059 255477
1502206059 274947
1502206059 476845
1502206059 496132
1502206059 668360
1502206059 687651
1502206059 908962
1502206059 928056
1502206060 4155
1502206060 24264
1502206060 177515
1502206060 196708
1502206060 320902
1502206060 341087
1502206060 551387
1502206060 570576
1502206060 723822
1502206060 743066
1502206060 935498
1502206060 954664
1502206061 165713
1502206061 185344
1502206061 262038
1502206061 281317
1502206061 405443
1502206061 424589
1502206061 606803
1502206061 626239
1502206061 693016
1502206061 713275
1502206061 875389
1502206061 895549
1502206062 125885
1502206062 145118
1502206062 231125
1502206062 250626
1502206062 355469
1502206062 375729
1502206062 528794
1502206062 548115
1502206062 663112
1502206062 682345
1502206062 835628
1502206062 855714
1502206062 969857
1502206062 990097
1502206063 200401
1502206063 226952
1502206063 402679
1502206063 421963
1502206063 652299
1502206063 671555
1502206063 786603
1502206063 805881
1502206063 939956
1502206063 959282
1502206064 170498
1502206064 189722
1502206064 439174
1502206064 458640
1502206064 516206
1502206064 535507
1502206064 745879
1502206064 765963
1502206064 890267
1502206064 909467
1502206065 43503
1502206065 63702
1502206065 149712
1502206065 168924
1502206065 225894
1502206065 246067
1502206065 447338
1502206065 466666
1502206065 638856
1502206065 658082
1502206065 907552
1502206065 927668
1502206066 128905
1502206066 148197
1502206066 263332
1502206066 282445
1502206066 483695
1502206066 503025
1502206066 637048
1502206066 657235
1502206066 867596
1502206066 887662
1502206067 49933
1502206067 70337
1502206067 319479
1502206067 338724
1502206067 559140
1502206067 578313
1502206067 779626
1502206067 799843
1502206067 943029
1502206067 962258
1502206068 135373
1502206068 154606
1502206068 317728
1502206068 336995
1502206068 557336
1502206068 576581
1502206068 739726
1502206068 758981
1502206068 989315
1502206069 8519
1502206069 94548
1502206069 113884
1502206069 190768
1502206069 210023
1502206069 440461
1502206069 459661
1502206069 517504
1502206069 536719
1502206069 613717
1502206069 632891
1502206069 843650
1502206069 863738
1502206069 997516
1502206070 16789
1502206070 228198
1502206070 247601
1502206070 477594
1502206070 496853
1502206070 650047
1502206070 669282
1502206070 822451
1502206070 842692
1502206070 899544
1502206070 918854
1502206071 33938
1502206071 53097
1502206071 293412
1502206071 312679
1502206071 475893
1502206071 495134
1502206071 581132
1502206071 600356
1502206071 715591
1502206071 734710
1502206071 821604
1502206071 840858
1502206072 71170
1502206072 90424
1502206072 339810
1502206072 359026
1502206072 541244
1502206072 560564
1502206072 742729
1502206072 762224
1502206072 963345
1502206072 983411
1502206073 213678
1502206073 233085
1502206073 405269
1502206073 424483
1502206073 577648
1502206073 597098
1502206073 692855
1502206073 712248
1502206073 865361
1502206073 884602
1502206073 999597
1502206074 19765
1502206074 182072
1502206074 202174
1502206074 412566
1502206074 431844
1502206074 546801
1502206074 566981
1502206074 633936
1502206074 653195
1502206074 739221
1502206074 758484
1502206074 950652
1502206074 969911
1502206075 190227
1502206075 209503
1502206075 382641
1502206075 402150
1502206075 632204
1502206075 651413
1502206075 842799
1502206075 862947
1502206075 948954
1502206075 968151
1502206076 169435
1502206076 188892
1502206076 303700
1502206076 322987
1502206076 438033
1502206076 458177
1502206076 649623
1502206076 668817
1502206076 861317
1502206076 880423
1502206077 91462
1502206077 110775
1502206077 273858
1502206077 293290
1502206077 437458
1502206077 456508
1502206077 551545
1502206077 571757
1502206077 792054
1502206077 814977
1502206078 2531
1502206078 21985
1502206078 243080
1502206078 262360
1502206078 348331
1502206078 367786
1502206078 597957
1502206078 617398
1502206078 876437
1502206078 895775
1502206079 9988
1502206079 29186
1502206079 192455
1502206079 211561
1502206079 326603
1502206079 345896
1502206079 557187
1502206079 576448
1502206079 730470
1502206079 749678
1502206079 892880
1502206079 913110
1502206080 85268
1502206080 104605
1502206080 353947
1502206080 373140
1502206080 469102
1502206080 488642
1502206080 689762
1502206080 709906
1502206080 959282
1502206080 978566
1502206081 102558
1502206081 121839
1502206081 343110
1502206081 362300
1502206081 428430
1502206081 448528
1502206081 524531
1502206081 543774
1502206081 716944
1502206081 736331
1502206081 803188
1502206081 822614
1502206081 898480
1502206081 918668
1502206082 80854
1502206082 101078
1502206082 254169
1502206082 273473
1502206082 369468
1502206082 388761
1502206082 503804
1502206082 523100
1502206082 772361
1502206082 791735
1502206082 887617
1502206082 906933
1502206082 972963
1502206082 993089
1502206083 136263
1502206083 155552
1502206083 395806
1502206083 415048
1502206083 492043
1502206083 511283
1502206083 741730
1502206083 761566
1502206083 924019
1502206083 943380
1502206084 48410
1502206084 67667
1502206084 182654
1502206084 201983
1502206084 316949
1502206084 336303
1502206084 451298
1502206084 471730
1502206084 547465
1502206084 566773
1502206084 633614
1502206084 652893
1502206084 883253
1502206084 902670
1502206084 969397
1502206084 988679
1502206085 103765
1502206085 123021
1502206085 199909
1502206085 219113
1502206085 325169
1502206085 344361
1502206085 526786
1502206085 545891
1502206085 737194
1502206085 757368
1502206085 833402
1502206085 852607
1502206086 54782
1502206086 74027
1502206086 246232
1502206086 265781
1502206086 323412
1502206086 342613
1502206086 505867
1502206086 525074
1502206086 678224
1502206086 697467
1502206086 783495
1502206086 803990
1502206086 946958
1502206086 966133
1502206087 53024
1502206087 72572
1502206087 225562
1502206087 244748
1502206087 321642
1502206087 340975
1502206087 532259
1502206087 551464
1502206087 628432
1502206087 647670
1502206087 839846
1502206087 859100
1502206087 964192
1502206087 983537
1502206088 194634
1502206088 214069
1502206088 348075
1502206088 368275
1502206088 588626
1502206088 608327
1502206088 771045
1502206088 790411
1502206088 876285
1502206088 895524
1502206089 125823
1502206089 145054
1502206089 318220
1502206089 337526
1502206089 423476
1502206089 442837
1502206089 567941
1502206089 587730
1502206089 712036
1502206089 731353
1502206089 817420
1502206089 836744
1502206089 989728
1502206090 10165
1502206090 114966
1502206090 134581
1502206090 335552
1502206090 354970
1502206090 431676
1502206090 450960
1502206090 633112
1502206090 652359
1502206090 853711
1502206090 873931
1502206090 940991
1502206090 960296
1502206091 142335
1502206091 161603
1502206091 391832
1502206091 411348
1502206091 574214
1502206091 593547
1502206091 746910
1502206091 765892
1502206091 842993
1502206091 862043
1502206091 987122
1502206092 6421
1502206092 111458
1502206092 130879
1502206092 361167
1502206092 380373
1502206092 524410
1502206092 543722
1502206092 629618
1502206092 649189
1502206092 744979
1502206092 764269
1502206092 917347
1502206092 937604
1502206093 177002
1502206093 196196
1502206093 378378
1502206093 397598
1502206093 570780
1502206093 590031
1502206093 820479
1502206093 839639
1502206094 30950
1502206094 51186
1502206094 156091
1502206094 175382
1502206094 318497
1502206094 338949
1502206094 433715
1502206094 454217
1502206094 674267
1502206094 693691
1502206094 932963
1502206094 953982
1502206095 29132
1502206095 48571
1502206095 192420
1502206095 214927
1502206095 288642
1502206095 308184
1502206095 393960
1502206095 413472
1502206095 480292
1502206095 500380
1502206095 691519
1502206095 711056
1502206095 941136
1502206095 960374
1502206096 37261
1502206096 56970
1502206096 238751
1502206096 257970
1502206096 479264
1502206096 498469
1502206096 708872
1502206096 729015
1502206096 815021
1502206096 834367
1502206096 978366
1502206096 997629
1502206097 121741
1502206097 141001
1502206097 314125
1502206097 333428
1502206097 400381
1502206097 419619
1502206097 640887
1502206097 660098
1502206097 756085
1502206097 775760
1502206097 995704
1502206098 16133
1502206098 245458
1502206098 264552
1502206098 465717
1502206098 485926
1502206098 658163
1502206098 677462
1502206098 897692
1502206098 917949
1502206099 12977
1502206099 32227
1502206099 272528
1502206099 291936
1502206099 368756
1502206099 388111
1502206099 618291
1502206099 637550
1502206099 733538
1502206099 752814
1502206099 857875
1502206099 877105
1502206100 126489
1502206100 146699
1502206100 367001
1502206100 386475
1502206100 501245
1502206100 520824
1502206100 693649
1502206100 713012
1502206100 962329
1502206100 981678
1502206101 134683
1502206101 153967
1502206101 346113
1502206101 365707
1502206101 499525
1502206101 518858
1502206101 643904
1502206101 663091
1502206101 845308
1502206101 864625
1502206102 85776
1502206102 105092
1502206102 296352
1502206102 315532
1502206102 555852
1502206102 575109
1502206102 642069
1502206102 661405
1502206102 834423
1502206102 853849
1502206103 16862
1502206103 36228
1502206103 256487
1502206103 275706
1502206103 515119
1502206103 534660
1502206103 649428
1502206103 669023
1502206103 860911
1502206103 880021
1502206104 81455
1502206104 100577
1502206104 244677
1502206104 263975
1502206104 349952
1502206104 369224
1502206104 561510
1502206104 580709
1502206104 724812
1502206104 744302
1502206104 868113
1502206104 887402
1502206105 2480
1502206105 21766
1502206105 194946
1502206105 214080
1502206105 367284
1502206105 386815
1502206105 549729
1502206105 568915
1502206105 761187
1502206105 780376
1502206105 876452
1502206105 895704
1502206106 115974
1502206106 135206
1502206106 327419
1502206106 346656
1502206106 452679
1502206106 471967
1502206106 692204
1502206106 711531
1502206106 788497
1502206106 807667
1502206107 47088
1502206107 67228
1502206107 287545
1502206107 306836
1502206107 411975
1502206107 432036
1502206107 633307
1502206107 652581
1502206107 776735
1502206107 796878
1502206107 920994
1502206107 940525
1502206108 132495
1502206108 151637
1502206108 343861
1502206108 363145
1502206108 487303
1502206108 506474
1502206108 747051
1502206108 766342
1502206108 862139
1502206108 881326
1502206109 91698
1502206109 111832
1502206109 332105
1502206109 351396
1502206109 571666
1502206109 591016
1502206109 793132
1502206109 812432
1502206109 965587
1502206109 984804
1502206110 61749
1502206110 81082
1502206110 234226
1502206110 253431
1502206110 368525
1502206110 387781
1502206110 531878
1502206110 551128
1502206110 666228
1502206110 685670
1502206110 876734
1502206110 895931
1502206111 136218
1502206111 155479
1502206111 366788
1502206111 386035
1502206111 635394
1502206111 654649
1502206111 817789
1502206111 837036
1502206111 914003
1502206111 933244
1502206112 10181
1502206112 29422
1502206112 201649
1502206112 220910
1502206112 316921
1502206112 336130
1502206112 490238
1502206112 509462
1502206112 739816
1502206112 759079
1502206112 816054
1502206112 835327
1502206112 902265
1502206112 922414
1502206113 132746
1502206113 152329
1502206113 354162
1502206113 373464
1502206113 612824
1502206113 632192
1502206113 786146
1502206113 805394
1502206114 54784
1502206114 74115
1502206114 236250
1502206114 256506
1502206114 457679
1502206114 476922
1502206114 543952
1502206114 563174
1502206114 735380
1502206114 755567
1502206114 908691
1502206114 928059
1502206115 62123
1502206115 81317
1502206115 321679
1502206115 341029
1502206115 484994
1502206115 504465
1502206115 676492
1502206115 695779
1502206115 820728
1502206115 840201
1502206115 964213
1502206115 984360
1502206116 175597
1502206116 195081
1502206116 348959
1502206116 368306
1502206116 540411
1502206116 559740
1502206116 674725
1502206116 693936
1502206116 838080
1502206116 857639
1502206117 49488
1502206117 68947
1502206117 270045
1502206117 289307
1502206117 414319
1502206117 433600
1502206117 615761
1502206117 635165
1502206117 760146
1502206117 779569
1502206117 942476
1502206117 961748
1502206118 57765
1502206118 77024
1502206118 278263
1502206118 297566
1502206118 383578
1502206118 402796
1502206118 643175
1502206118 662323
1502206118 796576
1502206118 815989
1502206118 940916
1502206118 967009
1502206119 132223
1502206119 151499
1502206119 247806
1502206119 267069
1502206119 507099
1502206119 526352
1502206119 746604
1502206119 766965
1502206119 880987
1502206119 903973
1502206119 996189
1502206120 16330
1502206120 178613
1502206120 198928
1502206120 341932
1502206120 361166
1502206120 467175
1502206120 489690
1502206120 668709
1502206120 687914
1502206120 774065
1502206120 793194
1502206120 889176
1502206120 908486
1502206121 52592
1502206121 71829
1502206121 177728
1502206121 197186
1502206121 350216
1502206121 369527
1502206121 551632
1502206121 571297
1502206121 792138
1502206121 811578
1502206122 2646
1502206122 21894
1502206122 252201
1502206122 271497
1502206122 444571
1502206122 464106
1502206122 540865
1502206122 560268
1502206122 732311
1502206122 751829
1502206122 895661
1502206122 915028
1502206123 29916
1502206123 49170
1502206123 241393
1502206123 260825
1502206123 365727
1502206123 386128
1502206123 625325
1502206123 644625
1502206123 845777
1502206123 866002
1502206124 9307
1502206124 28444
1502206124 124463
1502206124 144003
1502206124 268743
1502206124 288137
1502206124 518226
1502206124 537576
1502206124 594479
1502206124 614893
1502206124 805893
1502206124 825172
1502206125 36415
1502206125 55713
1502206125 132618
1502206125 151950
1502206125 401242
1502206125 420801
1502206125 582763
1502206125 603266
1502206125 678910
1502206125 698128
1502206125 833200
1502206125 852490
1502206126 5637
1502206126 24874
1502206126 82755
1502206126 101994
1502206126 217063
1502206126 236285
1502206126 437570
1502206126 456971
1502206126 629093
1502206126 649403
1502206126 744338
1502206126 764610
1502206126 936681
1502206126 956407
1502206127 167214
1502206127 186472
1502206127 330584
1502206127 349842
1502206127 406846
1502206127 427567
1502206127 502979
1502206127 522282
1502206127 685400
1502206127 704624
1502206127 810638
1502206127 829919
1502206127 934958
1502206127 954208
1502206128 146441
1502206128 165815
1502206128 270692
1502206128 290852
1502206128 444114
1502206128 463565
1502206128 588349
1502206128 607799
1502206128 817979
1502206128 838135
1502206128 981311
1502206129 875
1502206129 163744
1502206129 183026
1502206129 259869
1502206129 279675
1502206129 452362
1502206129 472058
1502206129 662917
1502206129 682431
1502206129 826219
1502206129 845535
1502206130 66668
1502206130 85987
1502206130 248219
1502206130 267406
1502206130 411522
1502206130 430773
1502206130 651137
1502206130 671538
1502206130 805332
1502206130 824910
1502206131 15939
1502206131 36353
1502206131 198406
1502206131 218482
1502206131 275491
1502206131 294956
1502206131 534087
1502206131 554522
1502206131 803699
1502206131 822874
1502206131 947027
1502206131 976240
1502206132 101312
1502206132 120612
1502206132 369893
1502206132 389178
1502206132 466069
1502206132 485386
1502206132 561383
1502206132 580656
1502206132 743794
1502206132 763037
1502206132 907119
1502206132 926362
1502206133 70490
1502206133 89731
1502206133 185747
1502206133 205064
1502206133 330188
1502206133 349420
1502206133 473413
1502206133 492687
1502206133 732981
1502206133 752328
1502206134 1639
1502206134 20841
1502206134 222183
1502206134 242677
1502206134 424593
1502206134 443821
