1502377569 762100
1502377570 256570
1502377570 314896
1502377571 31252
1502377571 667394
1502377572 388395
1502377572 877193
1502377573 600018
1502377574 240656
1502377574 307353
1502377574 374748
1502377574 441960
1502377574 508923
1502377574 864700
1502377575 74960
1502377575 142698
1502377575 209682
1502377575 277724
1502377576 6212
1502377576 652528
1502377576 718219
1502377577 351271
1502377577 408565
1502377578 124331
1502377578 843418
1502377579 566399
1502377580 280262
1502377580 769011
1502377580 827352
1502377580 892151
1502377580 949707
1502377581 8055
1502377581 728407
1502377582 75127
1502377582 427806
1502377582 494032
1502377582 560995
1502377582 629231
1502377582 695818
1502377582 762678
1502377582 832153
1502377582 904620
1502377582 965181
1502377583 32245
1502377583 99515
1502377583 815085
1502377584 529931
1502377585 245488
1502377585 747510
1502377585 814582
1502377585 889585
1502377585 949297
1502377586 23812
1502377586 91119
1502377586 148423
1502377586 206681
1502377586 263798
1502377586 324303
1502377586 401004
1502377586 465217
1502377586 526195
1502377586 595516
1502377586 658000
1502377586 715784
1502377586 782188
1502377586 840812
1502377586 906985
1502377586 971058
1502377587 32143
1502377587 99710
1502377587 157975
