1500996425 564068
1500996425 659834
1500996425 842629
1500996425 957637
1500996426 159372
1500996426 254384
1500996426 408624
1500996426 504913
1500996426 600747
1500996426 724479
1500996426 811737
1500996427 22611
1500996427 118636
1500996427 214085
1500996427 301171
1500996427 425469
1500996427 520639
1500996427 606777
1500996427 703039
1500996427 799229
1500996428 1579
1500996428 394965
1500996428 500052
1500996428 606040
1500996428 701398
1500996428 787771
1500996428 874791
1500996428 960903
1500996429 143675
1500996429 239606
1500996429 334777
1500996429 421974
1500996429 508042
1500996429 594441
1500996429 680543
1500996429 766660
1500996429 854288
1500996429 949207
1500996430 36396
1500996430 122386
1500996430 208644
1500996430 294961
1500996430 487592
1500996430 573510
1500996430 659872
1500996430 746826
1500996430 928595
1500996431 15533
1500996431 101769
1500996431 187819
1500996431 303129
1500996431 735684
1500996431 831636
1500996431 927901
1500996432 22880
1500996432 158090
1500996432 253532
1500996432 340579
1500996432 435825
1500996432 733424
1500996432 819686
1500996432 934929
1500996433 22160
1500996433 223627
1500996433 309799
1500996433 395838
1500996433 482225
1500996433 569225
1500996433 655413
1500996433 741607
1500996433 827755
1500996433 914038
1500996434 1209
1500996434 87404
1500996434 173497
1500996434 259749
1500996434 346015
1500996434 433118
1500996434 519236
1500996434 605608
1500996434 691947
1500996434 778085
1500996434 865552
1500996434 960735
1500996435 47651
1500996435 133837
1500996435 219916
1500996435 306136
1500996435 392562
1500996435 479516
1500996435 565824
1500996435 652199
1500996435 738309
1500996435 824308
1500996435 911530
1500996435 997648
1500996436 83874
1500996436 170307
1500996436 257317
1500996436 352810
1500996436 439682
1500996436 765401
1500996436 851854
1500996436 938891
1500996437 34278
1500996437 121355
1500996437 216663
1500996437 341736
1500996437 428015
1500996437 514134
1500996437 601607
1500996437 696619
1500996437 783625
1500996437 869934
1500996437 956137
1500996438 42459
1500996438 128793
1500996438 215673
1500996438 301980
1500996438 512628
1500996438 599662
1500996438 694996
1500996438 782010
1500996438 877433
1500996438 964402
1500996439 59850
1500996439 146742
1500996439 232892
1500996439 319366
1500996439 405363
1500996439 646116
1500996439 731949
1500996439 818239
1500996439 904442
1500996439 991603
1500996440 77786
1500996440 202227
1500996440 327570
1500996440 490737
1500996440 577151
1500996440 663224
1500996440 749491
1500996440 836616
1500996440 931812
1500996441 18902
1500996441 114389
1500996441 200491
1500996441 287641
1500996441 421817
1500996441 507885
1500996441 594261
1500996441 680445
1500996441 767507
1500996441 853868
1500996441 939991
1500996442 26199
1500996442 112516
1500996442 199631
1500996442 285781
1500996442 372088
1500996442 458156
1500996442 545143
1500996442 631601
1500996442 717821
1500996442 803912
1500996442 890046
1500996442 977344
1500996443 72793
1500996443 159961
1500996443 255120
1500996443 341361
1500996443 428376
1500996443 514486
1500996443 600846
1500996443 687077
1500996443 774090
1500996443 869744
1500996443 956521
1500996444 42767
1500996444 129031
1500996444 215332
1500996444 301491
1500996444 388531
1500996444 483812
1500996444 570980
1500996444 666116
1500996444 753182
1500996444 839397
1500996444 925674
1500996445 11955
1500996445 98175
1500996445 185306
1500996445 271552
1500996445 357684
1500996445 530463
1500996445 741677
1500996445 827845
1500996445 914980
1500996446 10402
1500996446 307904
1500996446 394257
1500996446 481315
1500996446 576511
1500996446 663471
1500996446 749962
1500996446 836172
1500996446 922297
1500996447 8613
1500996447 95588
1500996447 181945
1500996447 267992
1500996447 354075
1500996447 441338
1500996447 527589
1500996447 623885
1500996447 719095
1500996447 806246
1500996447 901483
1500996448 75047
1500996448 199415
1500996448 285463
1500996448 372441
1500996448 458577
1500996448 544738
1500996448 631032
1500996448 717369
1500996448 823503
1500996448 909758
1500996448 995920
1500996449 255375
1500996449 341635
1500996449 427980
1500996449 515020
1500996449 610057
1500996449 697286
1500996449 783621
1500996449 869902
1500996449 956044
1500996450 42365
1500996450 129400
1500996450 224934
1500996450 311796
1500996450 465232
1500996450 551626
1500996450 647529
1500996450 733796
1500996450 820031
1500996450 906348
1500996450 993424
1500996451 88776
1500996451 175571
1500996451 261890
1500996451 607936
1500996451 799551
1500996452 164273
1500996452 250327
1500996452 337323
1500996452 490706
1500996452 576909
1500996452 663216
1500996452 817645
1500996452 912756
1500996452 999763
1500996453 86058
1500996453 172256
1500996453 258351
1500996453 344737
1500996453 431852
1500996453 517869
1500996453 815703
1500996453 912014
1500996454 7152
1500996454 93275
1500996454 275812
1500996454 362986
1500996454 458321
1500996454 545227
1500996454 640972
1500996454 736810
1500996455 236053
1500996455 332122
1500996455 428299
1500996455 677897
1500996455 773072
1500996455 860170
1500996456 42656
1500996456 147895
1500996456 416735
1500996456 580026
1500996456 676084
1500996456 772449
1500996456 867406
1500996456 954679
1500996457 49897
1500996457 137005
1500996457 242505
1500996457 338443
1500996457 473090
1500996457 731701
1500996457 818623
1500996457 914066
1500996458 154684
1500996458 250506
1500996458 345889
1500996458 490250
1500996458 643686
1500996458 739866
1500996458 835912
1500996458 932165
1500996459 27409
1500996459 113468
1500996459 200658
1500996459 295991
1500996459 383204
1500996459 478609
1500996459 565570
1500996459 661070
1500996459 747958
1500996459 843259
1500996459 949408
1500996460 150986
1500996460 266328
1500996460 371360
1500996460 458673
1500996460 563875
1500996460 660028
1500996460 755371
1500996460 842410
1500996460 937857
1500996461 24783
1500996461 120148
1500996461 207161
1500996461 302325
1500996461 389687
1500996461 484924
1500996461 572020
1500996461 667240
1500996461 754403
1500996461 849805
1500996461 937040
1500996462 32426
1500996462 119279
1500996462 214582
1500996462 301607
1500996462 396843
1500996462 484061
1500996462 579366
1500996462 666457
1500996462 771839
1500996462 868035
1500996463 11498
1500996463 117708
1500996463 241940
1500996463 328114
1500996463 415158
1500996463 510586
1500996463 597642
1500996463 692813
1500996463 779839
1500996463 875264
1500996463 962262
1500996464 260325
1500996464 365452
1500996464 461693
1500996464 566748
1500996464 653009
1500996464 740126
1500996464 835488
1500996464 922418
1500996465 17837
1500996465 104115
1500996465 191061
1500996465 584209
1500996465 671298
1500996465 805577
1500996465 939865
1500996466 36018
1500996466 131369
1500996466 218551
1500996466 313757
1500996466 400730
1500996466 496540
1500996466 640451
1500996466 726748
1500996466 812949
1500996466 900106
1500996466 995426
1500996467 82360
1500996467 177826
1500996467 264926
1500996467 360041
1500996467 447172
1500996467 542352
1500996467 629587
1500996467 724928
1500996467 812136
1500996467 907201
1500996467 994537
1500996468 89712
1500996468 176811
1500996468 272176
1500996468 359212
1500996468 454550
1500996468 560562
1500996468 646920
1500996468 963946
1500996469 97864
1500996469 232311
1500996469 318461
1500996469 405316
1500996469 491674
1500996469 577920
1500996469 664037
1500996469 913755
1500996470 941
1500996470 96126
1500996470 278844
1500996470 365831
1500996470 460972
1500996470 547420
1500996470 634246
1500996470 729674
1500996470 816678
1500996470 911985
1500996470 999169
1500996471 94414
1500996471 181664
1500996471 276961
1500996471 363970
1500996471 459271
1500996471 546355
1500996471 641785
1500996471 728839
1500996471 824210
1500996471 911318
1500996472 6474
1500996472 93496
1500996472 188922
1500996472 276020
1500996472 371351
1500996472 458553
1500996472 553555
1500996472 640725
1500996472 736003
1500996472 823271
1500996472 918567
1500996473 5818
1500996473 101075
1500996473 188134
1500996473 283432
1500996473 370540
1500996473 465879
1500996473 552741
1500996473 648048
1500996473 734242
1500996473 821292
1500996473 907564
1500996473 994189
1500996474 90301
1500996474 186466
1500996474 281632
1500996474 368653
1500996474 464079
1500996474 551098
1500996474 646333
1500996474 733507
1500996474 828637
1500996474 916339
1500996475 11277
1500996475 98347
1500996475 193657
1500996475 280983
1500996475 376065
1500996475 463331
1500996475 558646
1500996475 644912
1500996475 731772
1500996475 827237
1500996475 914223
1500996476 9503
1500996476 96689
1500996476 191991
1500996476 279030
1500996476 374329
1500996476 461467
1500996476 556750
1500996476 643916
1500996476 739114
1500996476 826298
1500996476 921511
1500996477 8513
1500996477 94772
1500996477 181289
1500996477 277344
1500996477 373489
1500996477 468780
1500996477 555914
1500996477 651148
1500996477 738268
1500996477 833508
1500996477 920598
1500996478 15850
1500996478 102959
1500996478 189367
1500996478 275423
1500996478 361639
1500996478 447982
1500996478 534955
1500996478 621145
1500996478 707442
1500996478 793746
1500996478 879964
1500996478 967014
1500996479 62486
1500996479 149486
1500996479 244712
1500996479 331962
1500996479 427068
1500996479 514236
1500996479 609597
1500996479 696725
1500996479 791979
1500996479 879776
1500996479 974414
1500996480 61602
1500996480 156876
1500996480 243877
1500996480 339203
1500996480 426443
1500996480 521640
1500996480 608712
1500996480 704103
1500996480 791299
1500996480 886339
1500996480 973584
1500996481 69627
1500996481 165127
1500996481 251439
1500996481 338387
1500996481 433675
1500996481 520822
1500996481 616042
1500996481 703098
1500996481 798107
1500996481 885604
1500996481 980951
1500996482 67932
1500996482 163444
1500996482 250353
1500996482 345791
1500996482 432788
1500996482 528109
1500996482 615204
1500996482 710543
1500996482 797775
1500996482 892877
1500996482 979960
1500996483 75547
1500996483 162352
1500996483 257732
1500996483 344833
1500996483 440101
1500996483 526344
1500996483 613363
1500996483 699863
1500996483 795758
1500996483 882035
1500996483 968162
1500996484 54833
1500996484 141728
1500996484 236927
1500996484 324265
1500996484 419302
1500996484 506796
1500996484 601597
1500996484 688716
1500996484 784032
1500996484 870228
1500996484 957452
1500996485 52811
1500996485 139855
1500996485 235063
1500996485 322362
1500996485 417580
1500996485 504843
1500996485 600094
1500996485 686993
1500996485 782239
1500996485 869488
1500996485 964919
1500996486 52015
1500996486 147290
1500996486 234351
1500996486 329727
1500996486 416767
1500996486 511996
1500996486 599052
1500996486 694281
1500996486 781498
1500996486 876802
1500996486 963870
1500996487 59492
1500996487 146433
1500996487 241603
1500996487 328773
1500996487 423957
1500996487 511140
1500996487 606544
1500996487 693617
1500996487 788944
1500996487 876105
1500996487 971427
1500996488 58497
1500996488 153755
1500996488 240853
1500996488 336178
1500996488 423124
1500996488 518426
1500996488 605666
1500996488 701116
1500996488 788111
1500996488 883429
1500996488 970285
1500996489 65853
1500996489 151807
1500996489 238968
1500996489 334251
1500996489 421536
1500996489 516695
1500996489 603875
1500996489 698874
1500996489 786229
1500996489 872442
1500996489 958699
1500996490 44943
1500996490 131196
1500996490 218449
1500996490 313496
1500996490 400685
1500996490 496062
1500996490 583191
1500996490 678425
1500996490 765518
1500996490 860691
1500996490 947934
1500996491 43286
1500996491 130210
1500996491 225825
1500996491 322049
1500996491 408074
1500996491 495063
1500996491 590360
1500996491 677497
1500996491 772776
1500996491 859768
1500996491 955227
1500996492 42229
1500996492 137657
1500996492 224782
1500996492 320184
1500996492 407108
1500996492 502656
1500996492 589752
1500996492 684786
1500996492 771932
1500996492 867210
1500996492 954433
1500996493 49654
1500996493 136675
1500996493 232015
1500996493 319026
1500996493 414356
1500996493 501554
1500996493 596685
1500996493 684037
1500996493 779407
1500996493 866333
1500996493 961891
1500996494 48811
1500996494 144114
1500996494 231275
1500996494 326692
1500996494 413833
1500996494 509069
1500996494 596004
1500996494 691388
1500996494 778538
1500996494 873754
1500996494 959990
1500996495 47162
1500996495 143298
1500996495 238440
1500996495 324771
1500996495 412143
1500996495 507378
1500996495 594322
1500996495 689525
1500996495 776786
1500996495 871967
1500996495 959245
1500996496 54400
1500996496 141336
1500996496 227488
1500996496 313640
1500996496 400106
1500996496 487316
1500996496 582600
1500996496 668918
1500996496 755971
1500996496 851434
1500996496 938216
1500996497 33876
1500996497 120703
1500996497 215980
1500996497 302973
1500996497 398465
1500996497 485723
1500996497 580815
1500996497 667826
1500996497 753989
1500996497 840278
1500996497 926551
1500996498 13021
1500996498 99789
1500996498 186100
1500996498 272437
1500996498 358519
1500996498 444787
1500996498 531813
1500996498 627300
1500996498 714346
1500996498 809609
1500996498 896664
1500996498 992090
1500996499 78982
1500996499 165114
1500996499 251518
1500996499 337847
1500996499 424731
1500996499 520031
1500996499 607204
1500996499 702420
1500996499 789401
1500996499 875761
1500996499 962125
1500996500 48321
1500996500 134453
1500996500 221812
1500996500 316927
1500996500 403994
1500996500 499353
1500996500 586247
1500996500 672550
1500996500 758817
1500996500 845019
1500996500 931353
1500996501 18406
1500996501 113726
1500996501 200965
1500996501 296210
1500996501 383328
1500996501 478403
1500996501 565495
1500996501 660845
1500996501 748007
1500996501 843403
1500996501 930565
1500996502 25960
1500996502 113006
1500996502 208140
1500996502 295213
1500996502 390566
1500996502 477657
1500996502 573138
1500996502 660399
1500996502 755488
1500996502 842536
1500996502 937797
1500996503 23971
1500996503 111093
1500996503 206477
1500996503 293417
1500996503 379727
1500996503 466006
1500996503 552450
1500996503 639203
1500996503 734571
1500996503 821821
1500996503 917000
1500996504 4376
1500996504 99281
1500996504 186468
1500996504 281820
1500996504 367990
1500996504 455190
1500996504 550585
1500996504 637506
1500996504 732756
1500996504 820274
1500996504 915531
1500996505 2342
1500996505 97828
1500996505 184723
1500996505 280178
1500996505 367205
1500996505 462586
1500996505 549666
1500996505 644992
1500996505 732010
1500996505 827344
1500996505 914595
1500996506 9957
1500996506 96975
1500996506 192095
1500996506 279257
1500996506 374498
1500996506 461598
1500996506 557032
1500996506 643993
1500996506 739466
1500996506 826365
1500996506 921941
1500996507 8982
1500996507 104123
1500996507 191236
1500996507 287335
1500996507 382830
1500996507 469067
1500996507 556164
1500996507 651465
1500996507 738423
1500996507 833737
1500996507 920876
1500996508 16134
1500996508 103376
1500996508 198448
1500996508 285828
1500996508 380978
1500996508 468223
1500996508 563430
1500996508 649790
1500996508 736790
1500996508 832280
1500996508 919289
1500996509 14660
1500996509 101574
1500996509 197051
1500996509 284062
1500996509 379524
1500996509 466407
1500996509 561786
1500996509 648841
1500996509 744238
1500996509 831280
1500996509 926558
1500996510 13623
1500996510 109049
1500996510 195994
1500996510 291341
1500996510 378411
1500996510 473725
1500996510 561090
1500996510 656186
1500996510 743282
1500996510 838481
1500996510 925665
1500996511 20855
1500996511 108089
1500996511 203184
1500996511 290373
1500996511 385830
1500996511 472955
1500996511 567984
1500996511 655058
1500996511 750429
1500996511 837533
1500996511 923966
1500996512 19946
1500996512 115240
1500996512 202552
1500996512 297716
1500996512 384678
1500996512 480108
1500996512 567018
1500996512 653502
1500996512 749801
1500996512 844973
1500996512 932086
1500996513 27387
1500996513 114881
1500996513 209740
1500996513 297062
1500996513 392244
1500996513 479227
1500996513 574550
1500996513 661758
1500996513 756993
1500996513 843223
1500996513 930270
1500996514 16522
1500996514 102856
1500996514 189070
1500996514 276177
1500996514 371471
1500996514 457700
1500996514 544951
1500996514 640236
1500996514 727159
1500996514 822496
1500996514 909587
1500996515 4686
1500996515 91696
1500996515 178041
1500996515 264408
1500996515 350616
1500996515 437764
1500996515 533098
1500996515 620099
1500996515 715369
1500996515 802646
1500996515 897945
1500996515 984959
1500996516 80262
1500996516 167221
1500996516 262637
1500996516 349925
1500996516 445196
1500996516 532196
1500996516 627440
1500996516 713796
1500996516 800770
1500996516 896151
1500996516 983221
1500996517 78440
1500996517 165404
1500996517 251806
1500996517 347897
1500996517 443466
1500996517 530617
1500996517 626474
1500996517 721927
1500996517 808093
1500996517 895278
1500996517 990648
1500996518 77722
1500996518 173132
1500996518 260142
1500996518 355481
1500996518 442453
1500996518 537851
1500996518 624985
1500996518 720043
1500996518 807259
1500996518 902540
1500996518 989582
1500996519 84852
1500996519 172050
1500996519 267448
1500996519 354371
1500996519 449817
1500996519 536920
1500996519 632293
1500996519 719388
1500996519 814746
1500996519 901787
1500996519 997088
1500996520 84020
1500996520 179603
1500996520 266637
1500996520 362106
1500996520 449146
1500996520 544416
1500996520 631460
1500996520 726816
1500996521 15416
1500996521 110891
1500996521 217055
1500996521 312899
1500996521 408333
1500996521 495413
1500996521 590785
1500996521 677739
1500996521 773091
1500996521 860062
1500996521 955446
1500996522 42622
1500996522 244085
1500996522 359319
1500996522 454600
1500996522 541841
1500996522 636937
1500996522 724045
1500996522 819501
1500996522 906700
1500996523 1924
1500996523 88859
1500996523 184245
1500996523 271188
1500996523 366533
1500996523 453664
1500996523 549294
1500996523 636272
1500996523 731630
1500996523 818674
1500996523 914051
1500996524 922
1500996524 96279
1500996524 183344
1500996524 278850
1500996524 365959
1500996524 461123
1500996524 548302
1500996524 643392
1500996524 730736
1500996524 826068
1500996524 912979
1500996525 8414
1500996525 95515
1500996525 190749
1500996525 277910
1500996525 373144
1500996525 460174
1500996525 555558
1500996525 642704
1500996525 738059
1500996525 825008
1500996525 920284
1500996526 7390
1500996526 102556
1500996526 189958
1500996526 285102
1500996526 372254
1500996526 467670
1500996526 553999
1500996526 640869
1500996526 736294
1500996526 823359
1500996526 918458
1500996527 5585
1500996527 100929
1500996527 188221
1500996527 283425
1500996527 370928
1500996527 465989
1500996527 552864
1500996527 648198
1500996527 735319
1500996527 830780
1500996527 917763
1500996528 12875
1500996528 99998
1500996528 195538
1500996528 282637
1500996528 377858
1500996528 464866
1500996528 560173
1500996528 647355
1500996528 742734
1500996528 830082
1500996528 925163
1500996529 12333
1500996529 107699
1500996529 194660
1500996529 289762
1500996529 377021
1500996529 472230
1500996529 559467
1500996529 654848
1500996529 741948
1500996529 836913
1500996529 924222
1500996530 19556
1500996530 106566
1500996530 201877
1500996530 289149
1500996530 625118
1500996530 720935
1500996530 816478
1500996530 903416
1500996530 998678
1500996531 85959
1500996531 181137
1500996531 268997
1500996531 363757
1500996531 450645
1500996531 545908
1500996531 633084
1500996531 738396
1500996531 834608
1500996532 16965
1500996532 132256
1500996532 266535
1500996532 362776
1500996532 862067
1500996532 986324
1500996533 72275
1500996533 159396
1500996533 254642
1500996533 341799
1500996533 437118
1500996533 524318
1500996533 619603
1500996533 706664
1500996533 801923
1500996533 889071
1500996533 984304
1500996534 71508
1500996534 166672
1500996534 253985
1500996534 349155
1500996534 436351
1500996534 531662
1500996534 618591
1500996534 714149
1500996534 801216
1500996534 896386
1500996534 983358
1500996535 78820
1500996535 165923
1500996535 261214
1500996535 347684
1500996535 434794
1500996535 529923
1500996535 616971
1500996535 712182
1500996535 799293
1500996535 894822
1500996535 981858
1500996536 77073
1500996536 164114
1500996536 259480
1500996536 346571
1500996536 441895
1500996536 529075
1500996536 624393
1500996536 711461
1500996536 806833
1500996536 893817
1500996536 989147
1500996537 76262
1500996537 171619
1500996537 258707
1500996537 353987
1500996537 441026
1500996537 536308
1500996537 623488
1500996537 718872
1500996537 805949
1500996537 901169
1500996537 988242
1500996538 83699
1500996538 170596
1500996538 265993
1500996538 353014
1500996538 448294
1500996538 535611
1500996538 630820
1500996538 718052
1500996538 813410
1500996538 900377
1500996538 995601
1500996539 187959
1500996539 351468
1500996539 447544
1500996539 543399
1500996539 639009
1500996539 725285
1500996539 831555
1500996540 13768
1500996540 109055
1500996540 253413
1500996540 339654
1500996540 609206
1500996540 704356
1500996540 791554
1500996540 954017
1500996541 213732
1500996541 309778
1500996541 406118
1500996541 501318
1500996541 588264
1500996541 683747
1500996541 770811
1500996541 866198
1500996541 953088
1500996542 48383
1500996542 135635
1500996542 278824
1500996542 365515
1500996542 462192
1500996542 586715
1500996542 682709
1500996542 778328
1500996542 874424
1500996543 66791
1500996543 412853
1500996543 517801
1500996543 690145
1500996543 805296
1500996543 891849
1500996544 55117
1500996544 151320
1500996544 285617
1500996544 448866
1500996544 593138
1500996544 688716
1500996544 784426
1500996544 880809
1500996544 977104
1500996545 73253
1500996545 168465
1500996545 255572
1500996545 351050
1500996545 437905
1500996545 533479
1500996545 629474
1500996545 715654
1500996545 802811
1500996545 898055
1500996545 985256
1500996546 80478
1500996546 167593
1500996546 263053
1500996546 349056
1500996546 436376
1500996546 531634
1500996546 618724
1500996546 713965
1500996546 801847
1500996546 896325
1500996546 983356
1500996547 78835
1500996547 166048
1500996547 261274
1500996547 348385
1500996547 443622
1500996547 530862
1500996547 626204
1500996547 713129
1500996547 808365
1500996547 895584
1500996548 97031
1500996548 193187
1500996548 288660
1500996548 375580
1500996548 470853
1500996548 558156
1500996548 653316
1500996548 740490
1500996548 835816
1500996548 922711
1500996549 18170
1500996549 105194
1500996549 200569
1500996549 287627
1500996549 382959
1500996549 470017
1500996549 565385
1500996549 652533
1500996549 747700
1500996549 834734
1500996549 930248
1500996550 17299
1500996550 112621
1500996550 199629
1500996550 304812
1500996550 400996
1500996550 496335
1500996550 583383
1500996550 678829
1500996550 765835
1500996550 957291
1500996551 43601
1500996551 187787
1500996551 274021
1500996551 361243
1500996551 456595
1500996551 543530
1500996551 638962
1500996551 726180
1500996551 821322
1500996551 908378
1500996552 3688
1500996552 90889
1500996552 186323
1500996552 273493
1500996552 368714
1500996552 464732
1500996552 560965
1500996552 657205
1500996552 752464
1500996552 839499
1500996552 934933
1500996553 22129
1500996553 118067
1500996553 213599
1500996553 299798
1500996553 386814
1500996553 482118
1500996553 569122
1500996553 664397
1500996553 751625
1500996553 846881
1500996553 933869
1500996554 29296
1500996554 116288
1500996554 211648
1500996554 298707
1500996554 394057
1500996554 481396
1500996554 576834
1500996554 672854
1500996554 768966
1500996554 865239
1500996554 961096
1500996555 56296
1500996555 143565
1500996555 238785
1500996555 326100
1500996555 421297
1500996555 507749
1500996555 594797
1500996555 690093
1500996555 777188
1500996555 872378
1500996555 959756
1500996556 55152
1500996556 151193
1500996556 237310
1500996556 324388
1500996556 419889
1500996556 506678
1500996556 602036
1500996556 689154
1500996556 784709
1500996556 919699
1500996557 14975
1500996557 102190
1500996557 197451
1500996557 284559
1500996557 379835
1500996557 466912
1500996557 562362
1500996557 658403
1500996557 754664
1500996557 850806
1500996557 945984
1500996558 33053
1500996558 128318
1500996558 215593
1500996558 310775
1500996558 397999
1500996558 493465
1500996558 580653
1500996558 675682
1500996558 762606
1500996559 98722
1500996559 194907
1500996559 358159
1500996559 453531
1500996559 540651
1500996559 635790
1500996559 723061
1500996559 818232
1500996560 567127
1500996560 759641
1500996560 912656
1500996560 998966
1500996561 86085
1500996561 181415
1500996561 268568
1500996561 363743
1500996561 450803
1500996561 546330
1500996561 633258
1500996561 728587
1500996561 815682
1500996561 910816
1500996561 998380
1500996562 93580
1500996562 180654
1500996562 275775
1500996562 363068
1500996562 458224
1500996562 545391
1500996562 640627
1500996562 727923
1500996562 823119
1500996562 910190
1500996563 5356
1500996563 92464
1500996563 207735
1500996563 303296
1500996563 399334
1500996563 495421
1500996563 591831
1500996563 686945
1500996563 774250
1500996563 869494
1500996563 956323
1500996564 52513
1500996564 349612
1500996564 628237
1500996564 724332
1500996564 820490
1500996564 916533
1500996565 11945
1500996565 98986
1500996565 194295
1500996565 281393
1500996565 376847
1500996565 463768
1500996565 559213
1500996565 655100
1500996565 789561
1500996565 876600
1500996566 49394
1500996566 145439
1500996566 557632
1500996566 653776
1500996566 749835
1500996566 846088
1500996566 942318
1500996567 124661
1500996567 374225
1500996567 469530
1500996567 556460
1500996567 863289
1500996568 142117
1500996568 238181
1500996568 333454
1500996568 420559
1500996568 833686
1500996568 928905
1500996569 25083
1500996569 121372
1500996569 217389
1500996569 313458
1500996569 408616
1500996569 496064
1500996569 591180
1500996569 677626
1500996569 773670
1500996569 869684
1500996569 965949
1500996570 62077
1500996570 157331
1500996570 244607
1500996570 339909
1500996570 427089
1500996570 522137
1500996570 609402
1500996570 704622
1500996570 791653
1500996570 887040
1500996570 974138
1500996571 69380
1500996571 156554
1500996571 252004
1500996571 339083
1500996571 434481
1500996571 530364
1500996571 616754
1500996571 703990
1500996571 799161
1500996571 886271
1500996571 981792
1500996572 78078
1500996572 279407
1500996572 375471
1500996572 471642
1500996572 567824
1500996572 662969
1500996572 778429
1500996572 922526
1500996573 18815
1500996573 115741
1500996573 210500
1500996573 297307
1500996573 537137
1500996573 815844
1500996573 960033
1500996574 65074
1500996574 161361
1500996574 256752
1500996574 352728
1500996574 449112
1500996574 545360
1500996574 641393
1500996574 736723
1500996574 832783
1500996574 928969
1500996575 25217
1500996575 120768
1500996575 217046
1500996575 312934
1500996575 409159
1500996575 505437
1500996575 734987
1500996575 841196
1500996575 937365
1500996576 32526
1500996576 119753
1500996576 215037
1500996576 311100
1500996576 503626
1500996576 599156
1500996576 695151
1500996576 791330
1500996577 21809
1500996577 118152
1500996577 213332
1500996577 309575
1500996577 405885
1500996577 501835
1500996577 598177
1500996577 693352
1500996577 885994
1500996578 19907
1500996578 288639
1500996578 384777
1500996578 481074
1500996578 577307
1500996578 672697
1500996578 807974
1500996578 903068
1500996578 999410
1500996579 95593
1500996579 191814
1500996579 287022
1500996579 383197
1500996579 479196
1500996579 575366
1500996579 670860
1500996579 767081
1500996579 863146
1500996579 959137
1500996580 54567
1500996580 151180
1500996580 247066
1500996580 343371
1500996580 439530
1500996580 534951
1500996580 630836
1500996580 842435
1500996580 938632
1500996581 33911
1500996581 130175
1500996581 226223
1500996581 322518
1500996581 456675
1500996581 754631
1500996581 850762
1500996581 946029
1500996582 41979
1500996582 243559
1500996582 339673
1500996582 435958
1500996582 531236
1500996582 627513
1500996582 723517
1500996582 819767
1500996582 916285
1500996583 11213
1500996583 328167
1500996583 424258
1500996583 520588
1500996583 616540
1500996583 712784
1500996583 807999
1500996583 904273
1500996584 439
1500996584 96647
1500996584 191987
1500996584 288532
1500996584 384389
1500996584 480617
1500996584 576761
1500996584 672087
1500996584 768378
1500996584 864496
1500996584 960470
1500996585 84849
1500996585 181004
1500996585 277216
1500996585 373445
1500996585 469036
1500996585 565068
1500996585 661238
1500996585 757557
1500996585 853560
1500996586 83240
1500996586 179485
1500996586 400962
1500996586 515215
1500996586 611449
1500996586 976443
1500996587 72525
1500996587 168711
1500996587 264851
1500996587 359856
1500996587 456186
1500996587 553193
1500996587 648995
1500996587 802299
1500996587 945507
1500996588 41807
1500996588 137795
1500996588 233915
1500996588 330176
1500996588 425366
1500996588 521641
1500996588 617908
1500996588 713968
1500996588 810457
1500996588 905602
1500996589 1690
1500996589 97920
1500996589 194063
1500996589 289836
1500996589 385643
1500996589 481878
1500996589 577976
1500996589 674233
1500996589 932986
1500996590 29434
1500996590 125303
1500996590 412817
1500996590 739670
1500996591 27481
1500996591 123498
1500996591 219789
1500996591 316046
1500996591 411182
1500996591 507289
1500996591 603463
1500996591 699602
1500996591 795064
1500996591 891131
1500996591 987314
1500996592 83662
1500996592 179884
1500996592 275082
1500996592 371015
1500996592 467410
1500996592 563607
1500996592 659936
1500996592 957058
1500996593 52935
1500996593 149055
1500996593 245248
1500996593 398564
1500996593 494848
1500996593 591096
1500996593 734319
1500996593 829586
1500996593 916620
1500996594 11969
1500996594 98944
1500996594 300596
1500996594 397053
1500996594 492010
1500996594 579394
1500996594 674494
1500996594 761763
1500996594 866932
1500996594 963218
1500996595 78333
1500996595 173837
1500996595 395217
1500996595 491273
1500996595 586598
1500996595 673832
1500996595 769023
1500996595 856044
1500996595 951675
1500996596 47500
1500996596 133765
1500996596 220964
1500996596 316154
1500996596 403388
1500996596 498602
1500996596 585642
1500996596 680856
1500996596 768087
1500996596 863470
1500996596 950552
1500996597 45949
1500996597 133004
1500996597 228210
1500996597 315417
1500996597 410659
1500996597 497711
1500996597 593019
1500996597 680145
1500996597 775699
1500996597 871829
1500996597 967910
1500996598 64024
1500996598 159326
1500996598 246274
1500996598 341829
1500996598 428759
1500996598 523968
1500996598 611174
1500996598 706611
1500996598 793758
1500996598 888914
1500996598 975916
1500996599 71289
1500996599 158486
1500996599 253794
1500996599 340757
1500996599 436239
1500996599 523229
1500996599 618573
1500996599 705603
1500996599 801000
1500996599 888138
1500996599 983432
1500996600 70509
1500996600 165794
1500996600 252806
1500996600 348285
1500996600 435407
1500996600 530677
1500996600 617792
1500996600 713067
1500996600 800137
1500996600 895370
1500996600 982586
1500996601 77955
1500996601 164980
1500996601 260361
1500996601 347452
1500996601 442682
1500996601 529815
1500996601 625185
1500996601 712085
1500996601 807378
1500996601 894638
1500996601 989886
1500996602 77007
1500996602 172337
1500996602 259375
1500996602 354662
1500996602 441668
1500996602 537114
1500996602 624276
1500996602 719611
1500996602 806698
1500996602 902087
1500996602 988983
1500996603 84303
1500996603 171565
1500996603 266852
1500996603 353862
1500996603 449186
1500996603 535396
1500996603 622380
1500996603 718145
1500996603 814192
1500996603 910255
1500996604 6545
1500996604 102634
1500996604 197875
1500996604 284855
1500996604 380143
1500996604 467292
1500996604 562714
1500996604 649725
1500996604 745065
1500996604 832100
1500996604 927549
1500996605 14738
1500996605 109974
1500996605 197142
1500996605 292376
1500996605 379524
1500996605 474577
1500996605 561703
1500996605 657056
1500996605 744060
1500996605 839579
1500996605 926711
1500996606 21966
1500996606 108985
1500996606 204585
1500996606 300501
1500996606 386651
1500996606 472906
1500996606 560027
1500996606 655322
1500996606 742499
1500996606 837906
1500996606 924996
1500996607 88029
1500996607 395048
1500996607 491262
1500996607 587607
1500996607 682737
1500996607 769854
1500996607 865215
1500996607 952115
1500996608 47475
1500996608 134535
1500996608 229903
1500996608 316987
1500996608 586169
1500996608 835291
1500996608 950427
1500996609 46538
1500996609 142078
1500996609 229011
1500996609 324527
1500996609 411442
1500996609 506729
1500996609 699178
1500996609 795348
1500996609 890631
1500996609 977712
1500996610 73001
1500996610 159931
1500996610 255283
1500996610 342491
1500996610 437983
1500996610 524932
1500996610 620100
1500996610 707262
1500996610 802634
1500996610 889598
1500996610 984904
1500996611 72226
1500996611 167523
1500996611 254482
1500996611 350017
1500996611 436956
1500996611 532280
1500996611 695808
1500996611 802106
1500996611 955245
1500996612 60566
1500996612 185967
1500996612 281947
1500996612 377276
1500996612 464287
1500996612 559562
1500996612 646781
1500996612 742224
1500996612 838321
1500996612 934427
1500996613 30706
1500996613 125838
1500996613 212946
1500996613 308389
1500996613 395215
1500996613 490637
1500996613 577789
1500996613 673220
1500996613 760174
1500996613 855407
1500996613 942648
1500996614 37782
1500996614 124974
1500996614 220269
1500996614 307277
1500996614 402844
1500996614 489846
1500996614 585045
1500996614 672165
1500996614 767651
1500996614 854554
1500996614 949897
1500996615 37146
1500996615 132453
1500996615 219384
1500996615 314806
1500996615 401947
1500996615 497176
1500996615 584459
1500996615 679898
1500996615 775964
1500996615 872051
1500996615 968084
1500996616 64370
1500996616 159467
1500996616 247532
1500996616 341971
1500996616 429033
1500996616 524362
1500996616 611756
1500996616 706742
1500996616 822146
1500996616 908255
1500996616 996134
1500996617 90817
1500996617 178010
1500996617 331157
1500996617 427319
1500996617 522664
1500996617 609876
1500996617 705215
1500996617 792317
1500996617 926489
1500996618 22772
1500996618 233279
1500996618 329638
1500996618 723499
1500996618 867070
1500996618 963053
1500996619 59041
1500996619 155333
1500996619 251636
1500996619 346935
1500996619 433813
1500996619 529106
1500996619 616137
1500996619 856000
1500996619 990312
1500996620 86432
1500996620 182674
1500996620 278813
1500996620 374257
1500996620 537361
1500996620 690861
1500996620 777879
1500996620 873368
1500996620 960429
1500996621 55723
1500996621 430471
1500996621 631873
1500996621 824328
1500996621 919598
1500996622 6619
1500996622 101924
1500996622 256246
1500996622 352525
1500996622 447834
1500996622 534000
1500996622 697519
1500996622 899151
1500996622 995073
1500996623 91148
1500996623 187514
1500996623 552268
1500996623 648394
1500996623 782674
1500996623 877914
1500996623 964902
1500996624 60395
1500996624 147436
1500996624 242546
1500996624 329711
1500996624 424917
1500996624 512312
1500996624 607701
1500996624 694652
1500996624 800074
1500996624 896124
1500996624 992455
1500996625 135708
1500996625 222040
1500996625 309020
1500996625 404392
1500996625 491473
1500996625 587007
1500996625 674010
1500996625 769249
1500996625 856463
1500996626 28949
1500996626 124775
1500996626 221046
1500996626 316441
1500996626 403554
1500996626 499670
1500996626 594972
1500996626 681359
1500996626 768345
1500996626 863524
1500996626 950599
1500996627 46074
1500996627 133094
1500996627 228508
1500996627 315529
1500996627 410848
1500996627 497967
1500996627 593486
1500996627 689412
1500996627 785581
1500996627 929899
1500996628 25291
1500996628 381869
1500996628 477228
1500996628 572672
1500996628 659776
1500996628 764979
1500996628 861074
1500996628 957162
1500996629 52488
1500996629 139604
1500996629 234702
1500996629 513645
1500996629 609673
1500996629 897469
1500996630 31787
1500996630 176205
1500996630 272212
1500996630 406604
1500996630 598303
1500996630 685221
1500996630 780560
1500996630 867549
1500996630 962989
1500996631 59041
1500996631 155184
1500996631 251393
1500996631 347896
1500996631 442859
1500996631 530089
1500996631 625226
1500996631 712245
1500996631 807558
1500996631 894630
1500996631 990163
1500996632 77151
1500996632 172366
1500996632 259424
1500996632 354919
1500996632 442025
1500996632 537515
1500996632 633600
1500996632 729720
1500996632 826005
1500996632 921551
1500996633 17538
1500996633 113763
1500996633 209739
1500996633 305901
1500996633 401044
1500996633 488371
1500996633 583559
1500996633 671036
1500996633 766098
1500996633 853488
1500996633 948487
1500996634 35537
1500996634 130686
1500996634 217753
1500996634 313243
1500996634 400446
1500996634 495694
1500996634 582721
1500996634 678015
1500996634 766025
1500996634 860515
1500996634 947702
1500996635 42895
1500996635 130227
1500996635 225580
1500996635 321590
1500996635 417796
1500996635 513937
1500996635 609642
1500996635 705548
1500996635 791813
1500996635 878593
1500996635 974170
1500996636 61316
1500996636 156492
1500996636 243814
1500996636 339177
1500996636 435157
1500996636 531249
1500996636 627445
1500996636 723624
1500996636 819733
1500996636 915129
1500996637 11373
1500996637 107684
1500996637 203616
1500996637 299047
1500996637 386133
1500996637 481316
1500996637 568519
1500996637 663808
1500996637 750100
1500996637 837120
1500996637 932699
1500996638 28744
1500996638 124825
1500996638 221071
1500996638 317172
1500996638 412513
1500996638 499644
1500996638 594821
1500996638 681977
1500996638 777373
1500996638 864430
1500996638 959773
1500996639 46870
1500996639 142249
1500996639 229152
1500996639 324564
1500996639 411607
1500996639 506913
1500996639 594091
1500996639 689528
1500996639 785471
1500996639 871918
1500996639 968115
1500996640 64130
1500996640 160488
1500996640 255707
1500996640 342597
1500996640 437997
1500996640 525575
1500996640 620594
1500996640 707781
1500996640 802885
1500996640 890278
1500996640 985268
1500996641 72385
1500996641 167630
1500996641 254777
1500996641 350080
1500996641 437296
1500996641 532482
1500996641 619887
1500996641 715053
1500996641 802316
1500996641 897603
1500996641 993532
1500996642 89869
1500996642 185950
1500996642 282406
1500996642 377448
1500996642 464970
1500996642 559684
1500996642 646805
1500996642 742222
1500996642 829194
1500996642 924631
1500996643 11750
1500996643 107181
1500996643 203407
1500996643 299509
1500996643 395636
1500996643 491104
1500996643 587389
1500996643 683253
1500996643 779545
1500996643 875794
1500996643 970929
1500996644 58152
1500996644 153661
1500996644 249832
1500996644 345841
1500996644 442046
1500996644 538379
1500996644 633529
1500996644 720604
1500996644 815962
1500996644 911973
1500996645 8409
1500996645 104802
1500996645 200007
1500996645 295957
1500996645 392223
1500996645 488257
1500996645 584592
1500996645 679669
1500996645 766840
1500996645 862152
1500996645 949486
1500996646 44626
1500996646 140782
1500996646 236958
1500996646 333009
1500996646 428712
1500996646 515571
1500996646 610881
1500996646 698119
1500996646 793357
1500996646 880345
1500996646 975815
1500996647 62719
1500996647 158078
1500996647 245402
1500996647 340851
1500996647 436748
1500996647 522960
1500996647 610075
1500996647 705339
1500996647 792560
1500996647 887818
1500996647 974834
1500996648 70410
1500996648 166299
1500996648 252539
1500996648 340117
1500996648 434937
1500996648 522072
1500996648 617600
1500996648 713541
1500996648 799825
1500996648 886939
1500996648 982244
1500996649 69409
1500996649 164771
1500996649 260860
1500996649 357210
1500996649 453059
1500996649 548447
1500996649 635537
1500996649 730754
1500996649 817724
1500996649 913151
1500996650 340
1500996650 95617
1500996650 182777
1500996650 278155
1500996650 365282
1500996650 460480
1500996650 547785
1500996650 642962
1500996650 730121
1500996650 825178
1500996650 912518
1500996651 7788
1500996651 95202
1500996651 190311
1500996651 286313
1500996651 382511
1500996651 478656
1500996651 642141
1500996651 766431
1500996651 862488
1500996651 958813
1500996652 54193
1500996652 284948
1500996652 380766
1500996652 476889
1500996652 573178
1500996652 668612
1500996652 755627
1500996652 851844
1500996652 947041
1500996653 33323
1500996653 120344
1500996653 215557
1500996653 302685
1500996653 397930
1500996653 485066
1500996653 580555
1500996653 820855
1500996653 917008
1500996654 12494
1500996654 99573
1500996654 195172
1500996654 291070
1500996654 377280
1500996654 464462
1500996654 559614
1500996654 646841
1500996654 742083
1500996654 829284
1500996654 924508
1500996655 11741
1500996655 106982
1500996655 193990
1500996655 289404
1500996655 376421
1500996655 471777
1500996655 558729
1500996655 653980
1500996655 741181
1500996655 894698
1500996655 990841
1500996656 85955
1500996656 173390
1500996656 364713
1500996656 450918
1500996656 537912
1500996656 633247
1500996656 720507
1500996656 815774
1500996656 902849
1500996656 998093
1500996657 85978
1500996657 180703
1500996657 276678
1500996657 362819
1500996657 449824
1500996657 545273
1500996657 632419
1500996657 727640
1500996657 814993
1500996657 910236
1500996658 6530
1500996658 102477
1500996658 198733
1500996658 294028
1500996658 563659
1500996658 678902
1500996658 889473
1500996658 976573
1500996659 71845
1500996659 178019
1500996659 293144
1500996659 388410
1500996659 475654
1500996659 570883
1500996659 658132
1500996659 753354
1500996659 840542
1500996659 935703
1500996660 22714
1500996660 118088
1500996660 205125
1500996660 300517
1500996660 387521
1500996660 482928
1500996660 570050
1500996660 665393
1500996660 752452
1500996660 847832
1500996660 934874
1500996661 30354
1500996661 126343
1500996661 222566
1500996661 318912
1500996661 414118
1500996661 501207
1500996661 596656
1500996661 683652
1500996661 778995
1500996661 866158
1500996661 961469
1500996662 57499
1500996662 153922
1500996662 249937
1500996662 346167
1500996662 441539
1500996662 537546
1500996662 633963
1500996662 730105
1500996662 826130
1500996662 921549
1500996663 17506
1500996663 113712
1500996663 210047
1500996663 305330
1500996663 392642
1500996663 487837
1500996663 584074
1500996663 680098
1500996663 776406
1500996663 872365
1500996663 967734
1500996664 54883
1500996664 150082
1500996664 237292
1500996664 332665
1500996664 428801
1500996664 524931
1500996664 621396
1500996664 716386
1500996664 803723
1500996664 898987
1500996664 986179
1500996665 81405
1500996665 168470
1500996665 263720
1500996665 350732
1500996665 446100
1500996665 533116
1500996665 628564
1500996665 715608
1500996665 811017
1500996665 898103
1500996665 993327
1500996666 80356
1500996666 175850
1500996666 262735
1500996666 358076
1500996666 445177
1500996666 540334
1500996666 627510
1500996666 723046
1500996666 810209
1500996666 905541
1500996667 1649
1500996667 97748
1500996667 193960
1500996667 289928
1500996667 385481
1500996667 472695
1500996667 567817
1500996667 654825
1500996667 750238
1500996667 837427
1500996667 932685
1500996668 28935
1500996668 124834
1500996668 221195
1500996668 316389
1500996668 403513
1500996668 498972
1500996668 586031
1500996668 681452
1500996668 768335
1500996668 863599
1500996668 950934
1500996669 46332
1500996669 142567
1500996669 238807
1500996669 334637
1500996669 430969
1500996669 526151
1500996669 613320
1500996669 708760
1500996669 804917
1500996669 900953
1500996669 997301
1500996670 92558
1500996670 179601
1500996670 275027
1500996670 371240
1500996670 467381
1500996670 563474
1500996670 659643
1500996670 754875
1500996670 842288
1500996670 937346
1500996671 24645
1500996671 120155
1500996671 216143
1500996671 312031
1500996671 408273
1500996671 504557
1500996671 599729
1500996671 686913
1500996671 782158
1500996671 869377
1500996671 964656
1500996672 60997
1500996672 157095
1500996672 253267
1500996672 348457
1500996672 435571
1500996672 531138
1500996672 617850
1500996672 713271
1500996672 800558
1500996672 895880
1500996672 983234
1500996673 78381
1500996673 165404
1500996673 260596
1500996673 347688
1500996673 442991
1500996673 530225
1500996673 625597
1500996673 721628
1500996673 817790
1500996673 914263
1500996674 10245
1500996674 105586
1500996674 201583
1500996674 297818
1500996674 393907
1500996674 490262
1500996674 585825
1500996674 681837
1500996674 777855
1500996674 874134
1500996674 969573
1500996675 65901
1500996675 161899
1500996675 258068
1500996675 354166
1500996675 449510
1500996675 536810
1500996675 632046
1500996675 728248
1500996675 824140
1500996675 920515
1500996676 15821
1500996676 218290
1500996676 313517
1500996676 678399
1500996676 774520
1500996676 870879
1500996676 966926
1500996677 62952
1500996677 158373
1500996677 254404
1500996677 350667
1500996677 504030
1500996677 600264
1500996677 696442
1500996677 811722
1500996677 906985
1500996677 994107
1500996678 89550
1500996678 243750
1500996678 339929
1500996678 521463
1500996678 723739
1500996678 819171
1500996678 915302
1500996679 11486
1500996679 126803
1500996679 280195
1500996679 376327
1500996679 472441
1500996679 568496
1500996679 683881
1500996679 789125
1500996679 885464
1500996679 980620
1500996680 76977
1500996680 173275
1500996680 288319
1500996680 576220
1500996680 682907
1500996680 854594
1500996680 950758
1500996681 46944
1500996681 142402
1500996681 391782
1500996681 487747
1500996681 584030
1500996681 680333
1500996681 776448
1500996681 910930
1500996682 7200
1500996682 102469
1500996682 198846
1500996682 294792
1500996682 390799
1500996682 486098
1500996682 582324
1500996682 678604
1500996682 823020
1500996682 918256
1500996683 14510
1500996683 110671
1500996683 206683
1500996683 302981
1500996683 398310
1500996683 494528
1500996683 590738
1500996683 686908
1500996683 783107
1500996683 878240
1500996683 974543
1500996684 70846
1500996684 166850
1500996684 262805
1500996684 358558
1500996684 454557
1500996684 550780
1500996684 647003
1500996684 742292
1500996684 838538
1500996684 934641
1500996685 30729
1500996685 127014
1500996685 222277
1500996685 318465
1500996685 414819
1500996685 510832
1500996685 606108
1500996685 702246
1500996685 798636
1500996685 894846
1500996685 991075
1500996686 86225
1500996686 182464
1500996686 278720
1500996686 374730
1500996686 470791
1500996686 566326
1500996686 662598
1500996686 758961
1500996686 855174
1500996686 950294
1500996687 46394
1500996687 142689
1500996687 238749
1500996687 334894
1500996687 430203
1500996687 526537
1500996687 622660
1500996687 718881
1500996687 815091
1500996687 910413
1500996688 6767
1500996688 102735
1500996688 198993
1500996688 294400
1500996688 390625
1500996688 486782
1500996688 583171
1500996688 679056
1500996688 774258
1500996688 870512
1500996688 966915
1500996689 63066
1500996689 159181
1500996689 254467
1500996689 350523
1500996689 446713
1500996689 542930
1500996689 638270
1500996689 734378
1500996689 830716
1500996689 926713
1500996690 23008
1500996690 118539
1500996690 214650
1500996690 310840
1500996690 407794
1500996690 502324
1500996690 598406
1500996690 694503
1500996690 790739
1500996690 887036
1500996690 982377
1500996691 78656
1500996691 174672
1500996691 271013
1500996691 367425
1500996691 462439
1500996691 558412
1500996691 654536
1500996691 750766
1500996691 846432
1500996691 942357
1500996692 38712
1500996692 134898
1500996692 230998
1500996692 326263
1500996692 422321
1500996692 518450
1500996692 614716
1500996692 711039
1500996692 806147
1500996692 902453
1500996693 27662
1500996693 123327
1500996693 219132
1500996693 315571
1500996693 411683
1500996693 507915
1500996693 603235
1500996693 699310
1500996693 795754
1500996693 892036
1500996693 987120
1500996694 83464
1500996694 179574
1500996694 275709
1500996694 371951
1500996694 467000
1500996694 563358
1500996694 659321
1500996694 755726
1500996694 852211
1500996694 947153
1500996695 43264
1500996695 139404
1500996695 236007
1500996695 331249
1500996695 427168
1500996695 523365
1500996695 619674
1500996695 715695
1500996695 811044
1500996695 907398
1500996696 3600
1500996696 99617
1500996696 196018
1500996696 291255
1500996696 387283
1500996696 483558
1500996696 579697
1500996696 675022
1500996696 771170
1500996696 867618
1500996696 963736
1500996697 59885
1500996697 155169
1500996697 251172
1500996697 347416
1500996697 443647
1500996697 539929
1500996697 635190
1500996697 731322
1500996697 827836
1500996697 923803
1500996698 19189
1500996698 115326
1500996698 211601
1500996698 307749
1500996698 403831
1500996698 499346
1500996698 595417
1500996698 691405
1500996698 788159
1500996698 883839
1500996698 979360
1500996699 75428
1500996699 171559
1500996699 267796
1500996699 362961
1500996699 459293
1500996699 555407
1500996699 651536
1500996699 747649
1500996699 843235
1500996699 939269
1500996700 35523
1500996700 131830
1500996700 227899
1500996700 323206
1500996700 419329
1500996700 515522
1500996700 611926
1500996700 707117
1500996700 803304
1500996700 899415
1500996700 995617
1500996701 91825
1500996701 186953
1500996701 283355
1500996701 379522
1500996701 475691
1500996701 571994
1500996701 667336
1500996701 763389
1500996701 859535
1500996701 955904
1500996702 52298
1500996702 147285
1500996702 243711
1500996702 339520
1500996702 435855
1500996702 531262
1500996702 627331
1500996702 723905
1500996702 819666
1500996702 916132
1500996703 11286
1500996703 107579
1500996703 203775
1500996703 299901
1500996703 395281
1500996703 491308
1500996703 587370
1500996703 683627
1500996703 779777
1500996703 875097
1500996703 971319
1500996704 67616
1500996704 163819
1500996704 260213
1500996704 355426
1500996704 451513
1500996704 547655
1500996704 643867
1500996704 739126
1500996704 835424
1500996704 931568
1500996705 27931
1500996705 123903
1500996705 219171
1500996705 315359
1500996705 411689
1500996705 507990
1500996705 604210
1500996705 699398
1500996705 795539
1500996705 891779
1500996705 988000
1500996706 83369
1500996706 179291
1500996706 275560
1500996706 371791
1500996706 467880
1500996706 563106
1500996706 659379
1500996706 755581
1500996706 851624
1500996706 948028
1500996707 43082
1500996707 139482
1500996707 235605
1500996707 332017
1500996707 427279
1500996707 523514
1500996707 619720
1500996707 715678
1500996707 811952
1500996707 907189
1500996708 3371
1500996708 99689
1500996708 195796
1500996708 291953
1500996708 387189
1500996708 483487
1500996708 579792
1500996708 675949
1500996708 771112
1500996708 867214
1500996708 963573
1500996709 59729
1500996709 156048
1500996709 251372
1500996709 347267
1500996709 443639
1500996709 539868
1500996709 635957
1500996709 731127
1500996709 827515
1500996709 923648
1500996710 19806
1500996710 115169
1500996710 213345
1500996710 307495
1500996710 403587
1500996710 499730
1500996710 595089
1500996710 691334
1500996710 787663
1500996710 883946
1500996710 980190
1500996711 75282
1500996711 171757
1500996711 267402
1500996711 363723
1500996711 459128
1500996711 555229
1500996711 651600
1500996711 747890
1500996711 844008
1500996711 939265
1500996712 35598
1500996712 131696
1500996712 227831
1500996712 324091
1500996712 419482
1500996712 515502
1500996712 611657
1500996712 707883
1500996712 803145
1500996712 899312
1500996712 995571
1500996713 91744
1500996713 187890
1500996713 283096
1500996713 379394
1500996713 475449
1500996713 571612
1500996713 667942
1500996713 763328
1500996713 859549
1500996713 956004
1500996714 51986
1500996714 148849
1500996714 243457
1500996714 339675
1500996714 435597
1500996714 531977
1500996714 627218
1500996714 723435
1500996714 819659
1500996714 916002
1500996715 12143
1500996715 107492
1500996715 203480
1500996715 299609
1500996715 395889
1500996715 491097
1500996715 587317
1500996715 683716
1500996715 779864
1500996715 875943
1500996715 971418
1500996716 67521
1500996716 163726
1500996716 259783
1500996716 356154
1500996716 451306
1500996716 547638
1500996716 643654
1500996716 739993
1500996716 835480
1500996716 931629
1500996717 27591
1500996717 123740
1500996717 219858
1500996717 315123
1500996717 411422
1500996717 507718
1500996717 604008
1500996717 700096
1500996717 795327
1500996717 891576
1500996717 987724
1500996718 83961
1500996718 179106
1500996718 275337
1500996718 371663
1500996718 467826
1500996718 564278
1500996718 659172
1500996718 755496
1500996718 851892
1500996718 947782
1500996719 44138
1500996719 139432
1500996719 235607
1500996719 331834
1500996719 428045
1500996719 523514
1500996719 619553
1500996719 715626
1500996719 811875
1500996719 908043
1500996720 3310
1500996720 99466
1500996720 195630
1500996720 291771
1500996720 388090
1500996720 483357
1500996720 579480
1500996720 676044
1500996720 772086
1500996720 867451
1500996720 963445
1500996721 59695
1500996721 155739
1500996721 251865
1500996721 347252
1500996721 443419
1500996721 539666
1500996721 635917
1500996721 732225
1500996721 827495
1500996721 923528
1500996722 19970
1500996722 115937
1500996722 211174
1500996722 307424
1500996722 403628
1500996722 499749
1500996722 778416
1500996723 56361
1500996723 152540
1500996723 277684
