1502720737 87393
1502720737 211690
1502720737 354875
1502720737 552240
1502720737 700538
1502720737 873528
1502720738 16784
1502720738 160059
1502720738 285880
1502720738 481846
1502720738 749202
1502720738 930661
1502720739 137075
1502720739 294447
1502720739 375870
1502720739 492091
1502720739 733593
1502720739 829895
1502720740 32874
1502720740 174748
1502720740 395912
1502720740 605525
1502720740 863848
1502720740 985754
1502720741 208798
1502720741 444693
1502720741 585814
1502720741 849141
1502720741 922580
1502720742 71801
1502720742 233995
1502720742 541745
1502720742 657991
1502720742 845591
1502720743 64539
1502720743 171480
1502720743 401279
1502720743 708894
1502720743 814050
1502720743 950399
1502720744 150351
1502720744 286069
1502720744 372392
1502720744 476440
1502720744 661316
1502720744 735040
1502720744 907306
1502720744 996587
1502720745 82863
1502720745 247247
1502720745 503606
1502720745 694159
1502720745 927381
1502720746 108935
1502720746 279478
1502720746 440907
1502720746 664007
1502720746 794520
1502720747 6323
1502720747 266493
1502720747 423064
1502720747 522437
1502720747 676515
1502720747 944239
1502720748 246115
1502720748 324117
1502720748 485379
1502720748 617966
1502720748 704943
1502720748 791589
1502720749 33383
1502720749 116825
1502720749 246503
1502720749 460369
1502720749 587843
1502720749 698221
1502720749 959399
1502720750 68918
1502720750 364349
1502720750 542151
1502720750 780358
1502720751 38772
1502720751 291490
1502720751 522994
1502720751 609565
1502720751 780668
1502720751 977062
1502720752 220618
1502720752 377147
1502720752 458656
1502720752 724655
1502720752 843225
1502720752 928458
1502720753 182737
1502720753 414340
1502720753 662792
1502720753 846254
1502720754 82988
1502720754 251344
1502720754 426971
1502720754 657063
