1502274799 152640
1502274799 325897
1502274799 479202
1502274799 632651
1502274799 728722
1502274799 892095
1502274799 959307
1502274800 102739
1502274800 169928
1502274800 236939
1502274800 304161
1502274800 372168
1502274800 439297
1502274800 506524
1502274800 573669
1502274800 640799
1502274800 707955
1502274800 775134
1502274800 842309
1502274800 918499
1502274800 986580
1502274801 264549
1502274801 418548
1502274801 485744
1502274801 668129
1502274801 735435
1502274801 802478
1502274801 907695
1502274801 974855
1502274802 42025
1502274802 109176
1502274802 214393
1502274802 339837
1502274802 473914
1502274802 887021
1502274803 88354
1502274803 279829
1502274803 356975
1502274803 424181
1502274803 568501
1502274803 635618
1502274803 827027
1502274803 933189
1502274804 319
1502274804 96497
1502274804 191843
1502274804 461433
1502274804 575830
1502274804 682063
1502274804 778114
1502274804 845226
1502274804 912398
1502274804 979524
1502274805 46735
1502274805 248488
1502274805 325316
1502274805 392463
1502274805 459624
1502274805 642273
1502274805 718248
1502274805 785388
1502274805 852577
1502274806 141160
1502274806 237334
1502274806 304588
1502274806 371779
1502274806 438842
1502274806 506630
1502274806 573209
1502274806 640296
1502274806 717439
1502274806 784541
1502274807 216584
1502274807 408125
1502274807 475145
1502274807 542416
1502274807 609482
1502274807 676617
1502274807 743750
1502274807 810944
1502274807 878088
1502274807 945298
1502274808 12416
1502274808 79634
1502274808 175041
1502274808 231806
1502274808 289067
1502274808 347111
1502274808 404950
1502274808 463243
1502274808 530211
1502274808 586670
1502274808 645151
1502274808 702419
1502274808 760470
1502274808 855653
1502274809 125542
1502274809 201558
1502274809 489611
1502274809 585394
1502274810 45854
1502274810 104276
1502274810 161360
1502274810 219245
1502274810 276534
1502274810 334457
1502274810 392019
1502274810 449331
1502274810 507040
1502274810 564984
1502274810 621560
1502274810 679582
1502274810 765804
1502274810 881045
1502274810 967644
1502274811 44508
1502274811 101496
1502274811 227161
1502274811 294686
1502274811 524990
1502274811 600981
1502274811 677752
1502274811 735032
1502274811 831133
1502274811 889575
1502274812 71811
1502274812 129324
1502274812 215546
1502274812 302510
1502274812 522629
1502274812 667129
1502274812 791198
1502274812 849520
1502274812 906402
1502274812 973585
1502274813 31854
1502274813 89283
1502274813 233636
1502274813 309319
1502274813 386461
1502274813 453617
1502274813 684110
1502274813 770332
1502274813 886113
1502274813 943353
1502274814 968
1502274814 299069
1502274814 355863
1502274814 413046
1502274814 471066
1502274814 557430
1502274814 624593
1502274815 114459
1502274815 431200
1502274815 488364
1502274815 545512
1502274815 622855
1502274815 680128
1502274816 35234
1502274816 93219
1502274816 150289
1502274816 208287
1502274816 265338
1502274816 323612
1502274816 380527
1502274816 438984
1502274816 495855
1502274816 553855
1502274816 610896
1502274816 669366
1502274816 726081
1502274816 793356
1502274817 4189
1502274817 61912
1502274817 215161
1502274817 273272
1502274817 397763
1502274817 455647
1502274817 512873
1502274817 753810
1502274817 810662
1502274817 944926
1502274818 3367
1502274818 146508
1502274818 204900
1502274818 339305
1502274818 405853
1502274818 626809
1502274818 722641
1502274818 779721
1502274819 20283
1502274819 154614
1502274819 212994
1502274819 269897
1502274819 327430
1502274819 384946
1502274819 442300
1502274819 500548
1502274819 644564
1502274819 702161
1502274819 759886
1502274820 18529
1502274820 76615
1502274820 134235
1502274820 230176
1502274820 441752
1502274820 498996
1502274820 556831
1502274820 632907
1502274820 691623
1502274820 748200
1502274820 806660
1502274820 863441
1502274821 228804
1502274821 285537
1502274821 371808
1502274821 458822
1502274821 515942
1502274821 717806
1502274821 803657
1502274821 861790
1502274821 919156
1502274822 14941
1502274822 73538
1502274822 130684
1502274822 187481
1502274822 245967
1502274822 302953
1502274822 359932
1502274822 418134
1502274822 475265
1502274822 533321
1502274822 590487
1502274822 648593
1502274822 773341
1502274822 849907
1502274823 147555
1502274823 743236
1502274823 944748
1502274824 30831
1502274824 88877
1502274824 251274
1502274824 309661
1502274824 366467
1502274824 741344
1502274825 29197
1502274825 250722
1502274825 316876
1502274825 413307
1502274825 509072
1502274825 691428
1502274825 749434
1502274825 835786
1502274825 892855
1502274825 951312
1502274826 152331
1502274826 287216
1502274826 344276
1502274826 402320
1502274826 459431
1502274826 584480
1502274826 862005
1502274827 55629
1502274827 301717
1502274827 464891
1502274827 522316
1502274827 579899
1502274827 637009
1502274827 694273
1502274827 752397
1502274827 810042
1502274827 867728
1502274828 45576
1502274828 140645
1502274828 347042
1502274828 443367
1502274828 548243
1502274828 606331
1502274828 663355
1502274828 722129
1502274828 932589
1502274828 990550
1502274829 47487
1502274829 191667
1502274829 249751
1502274829 307365
1502274829 365200
1502274829 422540
1502274829 489733
1502274829 690954
1502274829 749429
1502274829 816234
1502274829 873249
1502274829 931427
1502274829 989630
1502274830 46493
1502274830 103727
1502274830 162323
1502274830 218934
1502274830 391815
1502274830 449389
1502274830 506610
1502274830 650910
1502274830 709325
1502274830 867283
1502274830 927722
1502274830 986161
1502274831 43188
1502274831 149482
1502274831 302576
1502274831 360123
1502274831 427714
1502274831 542049
1502274831 812062
1502274832 358999
1502274832 415776
1502274832 473310
1502274832 704037
1502274832 761852
1502274832 818927
1502274832 877861
1502274832 953337
1502274833 78351
1502274833 135327
1502274833 231624
1502274833 443124
1502274833 539973
1502274833 615747
1502274833 952385
1502274834 269247
1502274834 518521
1502274834 575625
1502274834 749052
1502274834 806253
1502274834 959558
1502274835 181077
1502274835 267231
1502274835 535865
1502274835 594387
1502274835 651086
1502274835 728355
1502274835 785862
1502274836 93478
1502274836 150614
1502274836 227484
1502274836 333273
1502274836 390835
1502274836 506266
1502274836 842638
1502274836 938009
1502274836 995614
1502274837 52344
1502274837 139529
1502274837 196806
1502274837 494647
1502274837 590004
1502274837 800816
1502274837 859050
1502274837 945499
1502274838 2839
1502274838 117982
1502274838 319650
1502274838 425373
1502274838 482542
1502274838 540743
1502274838 607852
1502274838 664985
1502274838 723073
1502274838 924973
1502274839 10578
1502274839 298548
1502274839 472178
1502274839 528862
1502274839 587310
1502274839 644254
1502274839 702223
1502274839 759457
1502274839 817643
1502274839 874805
1502274839 934030
1502274839 989739
1502274840 47789
1502274840 317097
1502274840 431785
1502274840 488827
1502274840 547378
1502274840 604238
1502274840 662448
1502274840 719522
1502274840 777683
1502274840 835015
1502274840 891879
1502274841 27349
1502274841 151538
1502274841 248163
1502274841 631444
1502274841 688834
1502274841 747500
1502274841 804034
1502274841 862212
1502274841 919289
1502274841 977408
1502274842 34879
1502274842 92880
1502274842 149671
1502274842 226289
1502274842 283922
1502274842 860274
1502274842 918370
1502274842 975471
1502274843 119991
1502274843 177111
1502274843 235089
1502274843 292350
1502274843 350380
1502274843 407537
1502274843 532869
1502274843 590120
1502274843 648230
1502274843 705240
1502274843 782210
1502274843 898098
1502274844 13343
1502274844 70296
1502274844 300605
1502274844 444863
1502274844 502568
1502274844 560242
1502274844 617606
1502274844 675808
1502274844 732912
1502274844 790963
1502274845 30126
1502274845 88017
1502274845 212545
1502274845 270717
1502274845 328199
1502274845 385145
1502274845 462236
1502274845 836925
1502274846 336524
1502274846 441710
1502274846 710376
1502274846 849398
1502274846 911133
1502274847 55668
1502274847 181029
1502274847 305367
1502274847 602932
1502274847 708191
1502274847 785165
1502274847 843190
1502274848 34765
1502274848 428560
1502274848 668630
1502274848 870867
1502274848 985043
1502274849 43525
1502274849 120339
1502274849 311885
1502274849 494377
1502274849 791623
1502274849 950021
1502274850 12232
1502274850 128167
1502274850 195046
1502274850 251870
1502274850 310290
1502274850 367205
1502274850 721907
1502274851 633
1502274851 58767
1502274851 115814
1502274851 173990
1502274851 231380
1502274851 288276
1502274851 346332
1502274851 403976
1502274851 461451
1502274851 518827
1502274851 577032
1502274851 634131
1502274851 691119
1502274851 750919
1502274851 816239
1502274851 921614
1502274852 8805
1502274852 66135
1502274852 497907
1502274852 555964
1502274852 757573
1502274852 814662
1502274852 872633
1502274853 170665
1502274853 227573
1502274853 313924
1502274853 439127
1502274853 563810
1502274853 621814
1502274853 678673
1502274853 995299
1502274854 62513
1502274854 399255
1502274854 504331
1502274854 888315
1502274854 946304
1502274855 3521
1502274855 61633
1502274855 118815
1502274855 176068
1502274855 243982
1502274855 618035
1502274855 800868
1502274855 944673
1502274856 2251
1502274856 79256
1502274856 175257
1502274856 328493
1502274856 385621
1502274856 443773
1502274856 501005
1502274856 559347
1502274856 616578
1502274856 683368
1502274856 827601
1502274857 125227
1502274857 183266
1502274857 432449
1502274857 528611
1502274857 595743
1502274857 710699
1502274857 881603
1502274857 941657
1502274857 999152
1502274858 66399
1502274858 267747
1502274858 326338
1502274858 392926
1502274858 450307
1502274858 508346
1502274858 565418
1502274858 622561
1502274858 680685
1502274858 738164
1502274858 796075
1502274858 853234
1502274858 910223
1502274858 988978
1502274859 228612
1502274859 305480
1502274859 410510
1502274859 467635
1502274859 689371
1502274859 745435
1502274859 803264
1502274859 860448
1502274859 918565
1502274860 312458
1502274860 379535
1502274860 436674
1502274860 495500
1502274860 657169
1502274860 715256
1502274860 772395
1502274860 830560
1502274860 887866
1502274861 109011
1502274861 310560
1502274861 474099
1502274861 531236
1502274861 723808
1502274861 886380
1502274862 78436
1502274862 270842
1502274862 328108
1502274862 386018
1502274862 443526
1502274862 500615
1502274862 558464
1502274862 625584
1502274862 682795
1502274862 741190
1502274862 798037
1502274862 856265
1502274862 980454
1502274863 38903
1502274863 96245
1502274863 259379
1502274863 389319
1502274863 451269
1502274863 508522
1502274863 566807
1502274863 739131
1502274863 796700
1502274863 855793
1502274863 911466
1502274863 969688
1502274864 84140
1502274864 221360
1502274864 285256
1502274864 343363
1502274864 401172
1502274864 458851
1502274864 515815
1502274864 574398
1502274864 631459
1502274864 688197
1502274864 746292
1502274865 82224
1502274865 140248
1502274865 245628
1502274865 303570
1502274865 360749
1502274865 417995
1502274865 476171
1502274865 591873
1502274865 648619
1502274865 726190
1502274865 792843
1502274866 205632
1502274866 291774
1502274866 397180
1502274866 455103
1502274866 569775
1502274866 627563
1502274866 684827
1502274866 742878
1502274866 800089
1502274866 858265
1502274866 915391
1502274866 973512
1502274867 30874
1502274867 88710
1502274867 146553
1502274867 206155
1502274867 270944
1502274867 328252
1502274867 386494
1502274867 454247
1502274867 510915
1502274867 568679
1502274867 626614
1502274867 682881
1502274867 741012
1502274867 798177
1502274867 856290
1502274867 971538
1502274868 230231
1502274868 288479
1502274868 461514
1502274868 623935
1502274868 758662
1502274869 8567
1502274869 65629
1502274869 123602
1502274869 449867
1502274869 507063
1502274869 565634
1502274869 805020
1502274869 910053
1502274869 968762
1502274870 25221
1502274870 83486
1502274870 142054
1502274870 323031
1502274870 659695
1502274870 716305
1502274870 793061
1502274870 908288
1502274870 994555
1502274871 90810
1502274871 147951
1502274871 292328
1502274871 426723
1502274871 599784
1502274871 734335
1502274871 858609
1502274871 916889
1502274871 974170
1502274872 31876
1502274872 88990
1502274872 338914
1502274872 434752
1502274872 492370
1502274872 549878
1502274872 905240
1502274873 261010
1502274873 432887
1502274873 491417
1502274873 548078
1502274873 913090
1502274873 970255
1502274874 28312
1502274874 85608
1502274874 143958
1502274874 204676
1502274874 316076
1502274874 652745
1502274874 854121
1502274874 911410
1502274874 969798
1502274875 26605
1502274875 84547
1502274875 141813
1502274875 199911
1502274875 256992
1502274875 314559
1502274875 410549
1502274875 544702
1502274875 603249
1502274875 660315
1502274875 718304
1502274875 861538
1502274875 919579
1502274875 977443
1502274876 61322
1502274876 123014
1502274876 190158
1502274876 257242
1502274876 325130
1502274876 439555
1502274876 506757
1502274876 573928
1502274876 641153
1502274876 708266
1502274876 775464
1502274876 890779
1502274876 957915
1502274877 131330
1502274877 198385
1502274877 265552
1502274877 332671
1502274877 399811
1502274877 467158
1502274877 544097
1502274877 611297
1502274877 764655
1502274877 831756
1502274877 899002
1502274878 81344
1502274878 148583
1502274878 417131
1502274878 570688
1502274878 695718
1502274878 849149
1502274878 974418
1502274879 41511
1502274879 272189
1502274879 339103
1502274879 425470
1502274879 492508
1502274879 559706
1502274879 626751
1502274879 694063
1502274879 847397
1502274879 924473
1502274879 991702
1502274880 202216
1502274880 327462
1502274880 394594
1502274880 461789
1502274880 625072
1502274880 788433
1502274880 883819
1502274881 191402
1502274881 258459
1502274881 546167
1502274881 613406
1502274881 680501
1502274881 747711
1502274881 815598
1502274881 882766
1502274882 36104
1502274882 103304
1502274882 218595
1502274882 285951
1502274882 352951
1502274882 420076
1502274882 650574
1502274882 814006
1502274882 967299
1502274883 63493
1502274883 313100
1502274883 466407
1502274883 543639
1502274883 639157
1502274883 744965
1502274883 812075
1502274883 927411
1502274884 13597
1502274884 118912
1502274884 186012
1502274884 253145
1502274884 407437
1502274884 541869
1502274884 713121
1502274884 770212
1502274884 827455
1502274884 885550
1502274884 942812
1502274884 999948
1502274885 201794
1502274885 316605
1502274885 374711
1502274885 431863
1502274885 720504
1502274885 902979
1502274885 959994
1502274886 18281
1502274886 75725
1502274886 133500
1502274886 191020
1502274886 564949
1502274886 623027
1502274886 679714
1502274886 737858
1502274886 794996
1502274886 881433
1502274886 939347
1502274886 996487
1502274887 54609
1502274887 179071
1502274887 236969
1502274887 294138
1502274887 352174
1502274887 409399
1502274887 467411
1502274887 524741
1502274887 582277
1502274887 639917
1502274887 696955
1502274887 850489
1502274887 908768
1502274887 965634
1502274888 23718
1502274888 81310
1502274888 138988
1502274888 206121
1502274888 263284
1502274888 465277
1502274888 647240
1502274888 705301
1502274888 762324
1502274888 944817
1502274889 60097
1502274889 118220
1502274889 214457
1502274889 290673
1502274889 348770
1502274889 617292
1502274889 684918
1502274889 972227
1502274890 77487
1502274890 528805
1502274890 624587
1502274890 682369
1502274890 741709
1502274890 807488
1502274891 94606
1502274891 152666
1502274891 229266
1502274891 287728
1502274891 440411
1502274891 517529
1502274891 690487
1502274891 757886
1502274891 814832
1502274891 871425
1502274891 929745
1502274892 74096
1502274892 131035
1502274892 193260
1502274892 257610
1502274892 317361
1502274892 381005
1502274892 449347
1502274892 505368
1502274892 563178
1502274892 620076
1502274892 678313
1502274892 735402
1502274892 793536
1502274892 850663
1502274892 909123
1502274892 965995
1502274893 24041
1502274893 119221
1502274893 245191
1502274893 301203
1502274893 358828
1502274893 416036
1502274893 483421
1502274893 636845
1502274893 694655
1502274894 107471
1502274894 164746
1502274894 347589
1502274894 405144
1502274894 644778
1502274895 48309
1502274895 105669
1502274895 364360
1502274895 422924
1502274895 479655
1502274895 537719
1502274895 902551
1502274895 959648
1502274896 17777
1502274896 74870
1502274896 133342
1502274896 190148
1502274896 248284
1502274896 305457
1502274896 430815
1502274896 487936
1502274896 632300
1502274896 756510
1502274896 814548
1502274896 872115
1502274896 930238
1502274896 997186
1502274897 54429
1502274897 121745
1502274897 179344
1502274897 236566
1502274897 294660
1502274897 352148
1502274897 410028
1502274897 467462
1502274897 525329
1502274897 707696
1502274897 764899
1502274897 822880
1502274897 918229
1502274898 81569
1502274898 139625
1502274898 196775
1502274898 254846
1502274898 312052
1502274898 370591
1502274898 427478
1502274898 485477
1502274898 542535
1502274898 600606
1502274898 657693
1502274898 715684
1502274898 773023
1502274898 831253
1502274898 936348
1502274899 51582
1502274899 310578
1502274899 368298
1502274899 425507
1502274899 675322
1502274899 790537
1502274899 991917
1502274900 49785
1502274900 107414
1502274900 203316
1502274900 260375
1502274900 318498
1502274900 375683
1502274900 731550
1502274900 788773
1502274900 846976
1502274900 903890
1502274900 962019
1502274901 38512
1502274901 144375
1502274901 249534
1502274901 432038
1502274901 489151
1502274901 547195
1502274901 758893
1502274901 815857
1502274902 8292
1502274902 228816
1502274902 285948
1502274902 478394
1502274902 536356
1502274902 593708
1502274902 650804
1502274902 920298
1502274902 977392
1502274903 102681
1502274903 159968
1502274903 495684
1502274903 554121
1502274903 611148
1502274903 898685
1502274904 254314
1502274904 667308
1502274904 734353
1502274904 877893
1502274904 936058
1502274905 175446
1502274905 233488
1502274905 290684
1502274905 349116
1502274905 454478
1502274905 512690
1502274905 569534
1502274905 627428
1502274905 684977
1502274905 743112
1502274906 39266
1502274906 308824
1502274906 365962
1502274906 424089
1502274906 586579
1502274906 759846
1502274906 817588
1502274906 875479
1502274906 932233
1502274907 85706
1502274907 288340
1502274907 345460
1502274907 537936
1502274907 594855
1502274907 652338
1502274907 710606
1502274907 767131
1502274907 824782
1502274907 940000
1502274908 35869
1502274908 92940
1502274908 151072
1502274908 208205
1502274908 304604
1502274908 371956
1502274908 429617
1502274908 487200
1502274908 544937
1502274908 640275
1502274908 698311
1502274908 755470
1502274908 813605
1502274908 870779
1502274908 975966
1502274909 158496
1502274909 283565
1502274909 341225
1502274909 398874
1502274909 466137
1502274909 984259
1502274910 70480
1502274910 310002
1502274910 540510
1502274910 598562
1502274910 665758
1502274910 780991
1502274910 838191
1502274910 896301
1502274910 953391
1502274911 11442
1502274911 155004
1502274911 337275
1502274911 443482
1502274911 683109
1502274911 741203
1502274911 923528
1502274911 980614
1502274912 37884
1502274912 95493
1502274912 153028
1502274912 210287
1502274912 268354
1502274912 383699
1502274912 440899
1502274912 499098
1502274912 767598
1502274912 824700
1502274912 881774
1502274912 939904
1502274912 997218
1502274913 55614
1502274913 160430
1502274913 324279
1502274913 380951
1502274913 438445
1502274913 496517
1502274913 553358
1502274913 620921
1502274913 783976
1502274913 918242
1502274913 976335
1502274914 196873
1502274914 552204
1502274914 609802
1502274914 666953
1502274914 724931
1502274914 782165
1502274914 840144
1502274914 897334
1502274914 955542
1502274915 12639
1502274915 71151
1502274915 166434
1502274915 598549
1502274915 885599
1502274916 30113
1502274916 135729
1502274916 193254
1502274916 269622
1502274916 327860
1502274916 384796
1502274916 442927
1502274916 500049
1502274916 558155
1502274916 615277
1502274916 768611
1502274916 826641
1502274916 883937
1502274916 970426
1502274917 641649
1502274917 699696
1502274917 786371
1502274917 977444
1502274918 35438
1502274918 92606
1502274918 150757
1502274918 304518
1502274918 582749
1502274918 639851
1502274918 698486
1502274918 755578
1502274918 813116
1502274918 947504
1502274919 33796
1502274919 110886
1502274919 216134
1502274919 274783
1502274919 418229
1502274919 475666
1502274919 532771
1502274919 590897
1502274919 715271
1502274919 965040
1502274920 195361
1502274920 445003
1502274920 522014
1502274920 627209
1502274920 684377
1502274920 742468
1502274920 799649
1502274920 857754
1502274920 914933
1502274920 992311
1502274921 443589
1502274921 520327
1502274921 577462
1502274921 635112
1502274921 693080
1502274921 749992
1502274921 808015
1502274921 913376
1502274921 971435
1502274922 106993
1502274922 288096
1502274922 345172
1502274922 403187
1502274922 624279
1502274922 739120
1502274922 844392
1502274923 55827
1502274923 113080
1502274923 171100
1502274923 228679
1502274923 286331
1502274923 343444
1502274923 420705
1502274923 651107
1502274923 804493
1502274923 862571
1502274923 948985
1502274924 6096
1502274924 63977
1502274924 121194
1502274924 179238
1502274924 236355
1502274924 400017
1502274924 456898
1502274924 515645
1502274924 572189
1502274924 630275
1502274924 899187
1502274924 957316
1502274925 119476
1502274925 226307
1502274925 379494
1502274925 436934
1502274925 571697
1502274925 647596
1502274925 705663
1502274925 888608
1502274925 946188
1502274926 3369
1502274926 61281
1502274926 118440
1502274926 243758
1502274926 301179
1502274926 397068
1502274926 500069
1502274926 595097
1502274926 892728
1502274926 950780
1502274927 7827
1502274927 65883
1502274927 181276
1502274927 286786
1502274927 344574
1502274927 450002
1502274927 507065
1502274927 565075
1502274927 699447
1502274927 777254
1502274927 853036
1502274927 910816
1502274927 999947
1502274928 60791
1502274928 128028
1502274928 195112
1502274928 262310
1502274928 329377
1502274928 396599
1502274928 463696
1502274928 646367
1502274928 713361
1502274928 837713
1502274928 904784
1502274928 971259
1502274929 144498
1502274929 211474
1502274929 335894
1502274929 672577
1502274929 758699
1502274929 893095
1502274929 960222
1502274930 27394
1502274930 94499
1502274930 258012
1502274930 354129
1502274930 421193
1502274930 488384
1502274930 555517
1502274930 622633
1502274930 689929
1502274930 815066
1502274931 6760
1502274931 169846
1502274931 400450
1502274931 467522
1502274931 544688
1502274931 784302
1502274931 966685
1502274932 43843
1502274932 130042
1502274932 283465
1502274932 350598
1502274932 417711
1502274932 493888
1502274932 552013
1502274932 619197
1502274932 686268
1502274932 753456
1502274932 820695
1502274932 887777
1502274932 955006
1502274933 79360
1502274933 137367
1502274933 204505
1502274933 271698
1502274933 338807
1502274933 405970
1502274933 799950
1502274933 924161
1502274934 404364
1502274934 558596
1502274934 625641
1502274934 692833
1502274934 798093
1502274934 865378
1502274934 980434
1502274935 47756
1502274935 191982
1502274935 259018
1502274935 326196
1502274935 412420
1502274935 479622
1502274935 545844
1502274935 872502
1502274935 930612
1502274936 237391
1502274936 342629
1502274936 400747
1502274936 660298
1502274936 736537
1502274936 822710
1502274936 880740
1502274936 995537
1502274937 225065
1502274937 283246
1502274937 389253
1502274937 454726
1502274937 513254
1502274937 570323
1502274937 627325
1502274937 684546
1502274937 742630
1502274937 866919
1502274937 925049
1502274937 982599
1502274938 39414
1502274938 97564
1502274938 155325
1502274938 211794
1502274938 270523
1502274938 327073
1502274938 385211
1502274938 442542
1502274938 500353
1502274938 557537
1502274938 615667
1502274938 672842
1502274938 750112
1502274938 807463
1502274938 864263
1502274939 86290
1502274939 210132
1502274939 383704
1502274939 604045
1502274939 661320
1502274939 718256
1502274939 776378
1502274939 833740
1502274939 891634
1502274940 179579
1502274940 304070
1502274940 726944
1502274940 831892
1502274940 889858
1502274940 995489
1502274941 187617
1502274941 417408
1502274941 475231
1502274941 552416
1502274941 695796
1502274941 753840
1502274941 810974
1502274941 869039
1502274942 118687
1502274942 320399
1502274942 454520
1502274942 742113
1502274942 800126
1502274942 857312
1502274942 915355
1502274942 972621
1502274943 30769
1502274943 87851
1502274943 145932
1502274943 203172
1502274943 261179
1502274943 318283
1502274943 519912
1502274943 635361
1502274943 884680
1502274943 941803
1502274943 998991
1502274944 594512
1502274944 680951
1502274944 806111
1502274944 997655
1502274945 55378
1502274945 246831
1502274945 976557
1502274946 33624
1502274946 91711
1502274946 149089
1502274946 205973
1502274946 264074
1502274946 321764
1502274946 379303
1502274946 436519
1502274946 494535
1502274946 551777
1502274946 609812
1502274946 667021
1502274946 724156
1502274946 782178
1502274946 839353
1502274946 897593
1502274946 955011
1502274947 12737
1502274947 271609
1502274947 559056
1502274947 741562
1502274947 799556
1502274948 1198
1502274948 58530
1502274948 385025
1502274948 471106
1502274948 586678
1502274948 720666
1502274948 845990
1502274948 922305
1502274948 980161
1502274949 210685
1502274949 267831
1502274949 324966
1502274949 383130
1502274949 479337
1502274949 565654
1502274949 622742
1502274949 680762
1502274949 737966
1502274949 796362
1502274949 911347
1502274949 968689
1502274950 141740
1502274950 198964
1502274950 256995
1502274950 314193
1502274950 372255
1502274950 429425
1502274950 486620
1502274950 544679
1502274950 601903
1502274950 659874
1502274950 717165
1502274950 775256
1502274950 832387
1502274950 890816
1502274950 947623
1502274951 5743
1502274951 62888
1502274951 120947
1502274951 178344
1502274951 236344
1502274951 293391
1502274951 379531
1502274951 822114
1502274951 879025
1502274951 945844
1502274952 3402
1502274952 127369
1502274952 185483
1502274952 243363
1502274952 300765
1502274952 358013
1502274952 416009
1502274952 473600
1502274952 531278
1502274952 674772
1502274952 982293
1502274953 39576
1502274953 97481
1502274953 155017
1502274953 211952
1502274953 269972
1502274953 327284
1502274953 577404
1502274953 740558
1502274953 816518
1502274953 960661
1502274954 28187
1502274954 152296
1502274954 238246
1502274954 680289
1502274954 824532
1502274954 881842
1502274955 165743
1502274955 222918
1502274955 280961
1502274955 511527
1502274955 569310
1502274955 626770
1502274955 683835
1502274955 741608
1502274955 799337
1502274955 856506
1502274955 914735
1502274955 971967
1502274956 29964
1502274956 86916
1502274956 181364
1502274956 433420
1502274956 491179
1502274956 547809
1502274956 711225
1502274956 924970
1502274956 982558
1502274957 40606
1502274957 97815
1502274957 155888
1502274957 213561
1502274957 270216
1502274957 337453
1502274957 395611
1502274957 453144
1502274957 510788
1502274957 567860
1502274957 626429
1502274957 683096
1502274957 741696
1502274957 798634
1502274957 855501
1502274957 913591
1502274957 970773
1502274958 28796
1502274958 86160
1502274958 144045
1502274958 201276
1502274958 306923
1502274958 364752
1502274958 421920
1502274958 576119
1502274958 758587
1502274959 46258
1502274959 104381
1502274959 161385
1502274959 218674
1502274959 276646
1502274959 333819
1502274959 650611
1502274959 708618
1502274959 765810
1502274959 823940
1502274959 881034
1502274959 939491
1502274959 996391
1502274960 54413
1502274960 111632
1502274960 236754
1502274960 293940
1502274960 351198
1502274960 515183
1502274960 571693
1502274961 118831
1502274961 311261
1502274961 426977
1502274961 483756
1502274961 542202
1502274961 666791
1502274961 858585
1502274961 916518
1502274961 992892
1502274962 117323
1502274962 232948
1502274962 290539
1502274962 348220
1502274962 405348
1502274962 462853
1502274962 788728
1502274962 847023
1502274962 903973
1502274962 962284
1502274963 19157
1502274963 77319
1502274963 134505
1502274963 239893
1502274963 296814
1502274963 354974
1502274963 757953
1502274963 844172
1502274963 902162
1502274963 959303
1502274964 65852
1502274964 295065
1502274964 355385
1502274964 602859
1502274964 725052
1502274964 782692
1502274964 839958
1502274964 898023
1502274964 994302
1502274965 51049
1502274965 176463
1502274965 233693
1502274965 291527
1502274965 425894
1502274965 483037
1502274965 713655
1502274965 876941
1502274965 963460
1502274966 39722
1502274966 97507
1502274966 154601
1502274966 212645
1502274966 289212
1502274966 347009
1502274966 404480
1502274966 510394
1502274966 605593
1502274966 798189
1502274966 856131
1502274967 162943
1502274967 383416
1502274967 441517
1502274967 537703
1502274967 815855
1502274967 873821
1502274967 930850
1502274967 988975
1502274968 161118
1502274968 219203
1502274968 603063
1502274968 775620
1502274968 900703
1502274968 957945
1502274969 16089
1502274969 73771
1502274969 131230
1502274969 534718
1502274969 591882
1502274969 687574
1502274970 14357
1502274970 71654
1502274970 129524
1502274970 186685
1502274970 244971
1502274970 302333
1502274970 360037
1502274970 417185
1502274970 475137
1502274970 532330
1502274970 590397
1502274970 647556
1502274970 706169
1502274970 762746
1502274970 820905
1502274970 878081
1502274970 935367
1502274970 993604
1502274971 50963
1502274971 107987
1502274971 165758
1502274971 222936
1502274971 281115
1502274971 338278
1502274971 396365
1502274971 453488
1502274971 520664
1502274971 933705
1502274972 39383
1502274972 96865
1502274972 250744
1502274972 308310
1502274972 461696
1502274972 518891
1502274972 701351
1502274972 759331
1502274972 816491
1502274972 874739
1502274972 932060
1502274972 989796
1502274973 210335
1502274973 267549
1502274973 374382
1502274973 469955
1502274973 546101
1502274973 699594
1502274973 853941
1502274973 911487
1502274973 969334
1502274974 26202
1502274974 84568
1502274974 141514
1502274974 200151
1502274974 256694
1502274974 315012
1502274974 398009
1502274974 456425
1502274974 513994
1502274974 571570
1502274974 628748
1502274974 687166
1502274974 763373
1502274974 850248
1502274974 907423
1502274974 965909
1502274975 22608
1502274975 79858
1502274975 138217
1502274975 195047
1502274975 253773
1502274975 310335
1502274975 368316
1502274975 425554
1502274975 588997
1502274975 647119
1502274975 857718
1502274975 954212
1502274976 69122
1502274976 127125
1502274976 184270
1502274976 242476
1502274976 299962
1502274976 356718
1502274976 414814
1502274976 530006
1502274976 884938
1502274976 942051
1502274977 28203
1502274977 86631
1502274977 172892
1502274977 249935
1502274977 307180
1502274977 364042
1502274977 498726
1502274977 805937
1502274977 863141
1502274977 921244
1502274978 151739
1502274978 343173
1502274978 401226
1502274978 458765
1502274978 516506
1502274978 573691
1502274978 660788
1502274978 717954
1502274978 814654
1502274979 390478
1502274979 447623
1502274979 611062
1502274979 793839
1502274979 851084
1502274979 909171
1502274979 965938
1502274980 23893
1502274980 167246
1502274980 225350
1502274980 349636
1502274980 408009
1502274980 464911
1502274980 523507
1502274980 580125
1502274980 638232
1502274980 695806
1502274980 752784
1502274980 859006
1502274980 915943
1502274981 224255
1502274981 280771
1502274981 502764
1502274981 636500
1502274981 693616
1502274981 914179
1502274981 972514
1502274982 39382
1502274982 96561
1502274982 154738
1502274982 211902
1502274982 270000
1502274982 327079
1502274982 384275
1502274982 442413
1502274982 509814
1502274982 566650
1502274982 624713
1502274982 681888
1502274982 739997
1502274982 797221
1502274982 855248
1502274982 912998
1502274982 970506
1502274983 27672
1502274983 85795
1502274983 142960
1502274983 201058
1502274983 316251
1502274983 373720
1502274983 431777
1502274983 510769
1502274983 568768
1502274983 635907
1502274983 703084
1502274983 770454
1502274983 837419
1502274983 904521
1502274983 971733
1502274984 38875
1502274984 95992
1502274984 154129
1502274984 221306
1502274984 288393
1502274984 345619
1502274984 403676
1502274984 460808
1502274984 518857
1502274984 576202
1502274984 634139
1502274984 701404
1502274984 768502
1502274984 851354
1502274984 912781
1502274984 979900
1502274985 133444
1502274985 219497
1502274985 277576
1502274985 344847
1502274985 411930
1502274985 536197
1502274985 689558
1502274985 747657
1502274985 804815
1502274986 35296
1502274986 112535
1502274986 179617
1502274986 236871
1502274986 294885
1502274986 371168
1502274986 429170
1502274986 486399
1502274986 544425
1502274986 601643
1502274986 659687
1502274986 813105
1502274986 870244
1502274986 928314
1502274986 985549
1502274987 43574
1502274987 100680
1502274987 159324
1502274987 225977
1502274987 379380
1502274987 436526
1502274987 494609
1502274987 551758
1502274987 609860
1502274987 667015
1502274987 725152
1502274987 782280
1502274987 916568
1502274987 974688
1502274988 70878
1502274988 128077
1502274988 195213
1502274988 253278
1502274988 310428
1502274988 368531
1502274988 425802
1502274988 483830
1502274988 780514
1502274988 838588
1502274988 895790
1502274988 963976
1502274989 30990
1502274989 146259
1502274989 414913
1502274989 472026
1502274989 530134
1502274989 692571
1502274989 750744
1502274989 807846
1502274989 865912
1502274989 990195
1502274990 182600
1502274990 239745
1502274990 297866
1502274990 355024
1502274990 413074
1502274990 652827
1502274990 710860
1502274991 55738
1502274991 324258
1502274991 382323
1502274991 439479
1502274991 497557
1502274991 554920
1502274991 612811
1502274991 669996
1502274991 728081
1502274991 785238
1502274991 842391
1502274991 900523
1502274991 957643
1502274992 15720
1502274992 72927
1502274992 601130
1502274992 907910
1502274993 4005
1502274993 62141
1502274993 157450
1502274993 215516
1502274993 282616
1502274993 339817
1502274993 397923
1502274993 455015
1502274993 513165
1502274993 580316
1502274993 637571
1502274993 695601
1502274993 762704
1502274993 906181
1502274994 242807
1502274994 310029
1502274994 386264
1502274994 444231
1502274994 501447
1502274994 559508
1502274994 770010
1502274994 828156
1502274994 885334
1502274994 981506
1502274995 39497
1502274995 106725
1502274995 173839
1502274995 289179
1502274995 633994
1502274995 835376
1502274996 153170
1502274996 229273
1502274996 402571
1502274996 507917
1502274996 565009
1502274996 747519
1502274996 805601
1502274996 862752
1502274996 920732
1502274996 977955
1502274997 36004
1502274997 93439
1502274997 151293
1502274997 381598
1502274997 439055
1502274997 496143
1502274997 947185
1502274998 5237
1502274998 62376
1502274998 178429
1502274998 263842
1502274998 321991
1502274998 437218
1502274998 494366
1502274998 552420
1502274998 638628
1502274998 705836
1502274998 772921
1502274998 840208
1502274999 89825
1502274999 262200
1502274999 704093
1502274999 771196
1502274999 838414
1502274999 905527
1502275000 174264
1502275000 241302
1502275000 298448
1502275000 356563
1502275000 451833
1502275000 509940
1502275000 654249
1502275000 836663
1502275001 181575
1502275001 248652
1502275001 402951
1502275001 460217
1502275001 585360
1502275001 767754
1502275001 824863
1502275001 892008
1502275002 141640
1502275002 256842
1502275002 314062
1502275002 372089
1502275002 429250
1502275002 487466
1502275002 554638
1502275002 621640
1502275002 678910
1502275002 736932
1502275002 842213
1502275002 909353
1502275003 34647
1502275003 331382
1502275003 533761
1502275003 610014
1502275003 773305
1502275003 955757
1502275004 71053
1502275004 138076
1502275004 205243
1502275004 272506
1502275004 339620
1502275004 406693
1502275004 463889
1502275004 522026
1502275004 589202
1502275004 656409
1502275004 723483
1502275004 857778
1502275004 914947
1502275004 973004
1502275005 30196
1502275005 88249
1502275005 203591
1502275005 395138
1502275005 520281
1502275005 663587
1502275005 721717
1502275005 875074
1502275005 980313
1502275006 67459
1502275006 134590
1502275006 191769
1502275006 249861
1502275006 307036
1502275006 365050
1502275006 422204
1502275006 479514
1502275006 537547
1502275006 594969
1502275006 988721
1502275007 46665
1502275007 103774
1502275007 161855
1502275007 219065
1502275007 277121
1502275007 334254
1502275007 391550
1502275007 449555
1502275007 506757
1502275007 564801
1502275007 900716
1502275008 121238
1502275008 294495
1502275008 351637
1502275008 611133
1502275008 745629
1502275009 24086
1502275009 158420
1502275009 283727
1502275009 350785
1502275009 446108
1502275009 609511
1502275009 666609
1502275009 724680
1502275009 907043
1502275010 99501
1502275010 511495
1502275010 578669
1502275010 702957
1502275010 837382
1502275010 895323
1502275010 952521
1502275011 10622
1502275011 86828
1502275011 144912
1502275011 212108
1502275011 269277
1502275011 327289
1502275011 422616
1502275011 499741
1502275011 595924
1502275011 758491
1502275011 816560
1502275012 229534
1502275012 315935
1502275012 428538
1502275012 520558
1502275012 578647
1502275012 818393
1502275013 106875
1502275013 164269
1502275013 222201
1502275013 280009
1502275013 337339
1502275013 395035
1502275013 510498
1502275013 567743
1502275013 625280
1502275013 683130
1502275013 740075
1502275013 797608
1502275013 855693
1502275014 27908
1502275014 85959
1502275014 182572
1502275014 239715
1502275014 306444
1502275014 364722
1502275014 421711
1502275014 479970
1502275014 566029
1502275014 623996
1502275014 681536
1502275014 738892
1502275014 796770
1502275014 863656
1502275015 7739
1502275015 65329
1502275015 125426
1502275015 180507
1502275015 440070
1502275015 535152
1502275015 593596
1502275015 728062
1502275015 784959
1502275015 842936
1502275015 900046
1502275015 958359
1502275016 15375
1502275016 73376
1502275016 130867
1502275016 476747
1502275016 533543
1502275016 601812
1502275016 658897
1502275016 715923
1502275016 774287
1502275016 831327
1502275016 889683
1502275017 129125
1502275017 273196
1502275017 359239
1502275017 445753
1502275017 541699
1502275017 647973
1502275017 878899
1502275017 935717
1502275017 993155
1502275018 118138
1502275018 175226
1502275018 310622
1502275018 367592
1502275018 511900
1502275018 569278
1502275018 675561
1502275018 886213
1502275018 943957
1502275019 925
1502275019 59018
1502275019 135365
1502275019 241849
1502275019 298713
1502275019 539567
1502275019 596569
1502275019 654881
1502275019 711498
1502275019 778981
1502275019 837213
1502275019 999409
1502275020 86501
1502275020 143593
1502275020 201903
1502275020 258710
1502275020 316988
1502275020 374256
1502275020 566810
1502275020 709861
1502275020 768152
1502275020 825587
1502275020 921474
1502275020 978529
1502275021 219000
1502275021 305620
1502275021 363134
1502275021 420746
1502275021 477520
1502275021 535642
1502275021 593144
1502275022 92835
1502275022 169113
1502275022 332602
1502275022 389654
1502275022 476665
1502275022 774336
1502275022 831511
1502275022 937105
1502275023 33257
1502275023 494042
1502275023 551218
1502275023 609332
1502275023 666771
1502275023 772573
1502275023 868208
1502275023 926407
1502275024 261644
1502275024 319807
1502275024 377346
1502275024 712902
1502275024 770261
1502275024 885696
1502275024 943302
1502275025 345
1502275025 59042
1502275025 115999
1502275025 173761
1502275025 230829
1502275025 289049
1502275025 346691
1502275025 480496
1502275025 605271
1502275025 663207
1502275025 759215
1502275025 816312
1502275025 874334
1502275025 931506
1502275025 999163
1502275026 65807
1502275026 123879
1502275026 181124
1502275026 239329
1502275026 296733
1502275026 354487
1502275026 411639
1502275026 468752
1502275026 651204
1502275026 708686
1502275026 766678
1502275026 823979
1502275026 881719
1502275026 938842
1502275026 995913
1502275027 82354
1502275027 168626
1502275027 226316
1502275027 284144
1502275027 340939
1502275027 398901
1502275027 456090
1502275027 514446
1502275027 571412
1502275027 812261
1502275027 869061
1502275027 926282
1502275027 984380
1502275028 60846
1502275028 214821
1502275028 271867
1502275028 329971
1502275028 387356
1502275028 521588
1502275028 607769
1502275028 665827
1502275028 762052
1502275028 819228
1502275028 877383
1502275028 934399
1502275028 991650
1502275029 49690
1502275029 106786
1502275029 164906
1502275029 232049
1502275029 385991
1502275029 442708
1502275029 731680
1502275029 798428
1502275029 855631
1502275029 914117
1502275029 970839
1502275030 28877
1502275030 86022
1502275030 143622
1502275030 201762
1502275030 259024
1502275030 315715
1502275030 373836
1502275030 469055
1502275030 565310
1502275030 623302
1502275030 719763
1502275030 786788
1502275031 122625
1502275031 257271
1502275031 314480
1502275031 372352
1502275031 429074
1502275031 669673
1502275031 726852
1502275031 784858
1502275031 841453
1502275031 899205
1502275031 956650
1502275032 14461
1502275032 71643
1502275032 129694
1502275032 186873
1502275032 244924
1502275032 302214
1502275032 360651
1502275032 417423
1502275032 475436
1502275032 532634
1502275032 590713
1502275032 648303
1502275032 706492
1502275032 763126
1502275032 821251
1502275032 878428
1502275032 935554
1502275032 992746
1502275033 50919
1502275033 108111
1502275033 165259
1502275033 223256
1502275033 280521
1502275033 338983
1502275033 395236
1502275033 452905
1502275033 510426
1502275033 664414
1502275033 730929
1502275033 894010
1502275033 971522
1502275034 105603
1502275034 163470
1502275034 268878
1502275034 489316
1502275034 547395
1502275034 604479
1502275034 663034
1502275035 27431
1502275035 219185
1502275035 277312
1502275035 334614
1502275035 392111
1502275035 449487
1502275035 507434
1502275035 583727
1502275035 709034
1502275035 766066
1502275035 939535
1502275035 996587
1502275036 122309
1502275036 313303
1502275036 428821
1502275036 486164
1502275036 629999
1502275036 687225
1502275036 745291
1502275036 802462
1502275036 860489
1502275036 918086
1502275036 975329
1502275037 32895
1502275037 90130
1502275037 147287
1502275037 204532
1502275037 261674
1502275037 320110
1502275037 376379
1502275037 635545
1502275037 788978
1502275037 876083
1502275037 952674
1502275038 67569
1502275038 220970
1502275038 278950
1502275038 336483
1502275038 518579
1502275038 576631
1502275038 634121
1502275038 690942
1502275038 768300
1502275038 826217
1502275038 883362
1502275038 941372
1502275038 998636
1502275039 55846
1502275039 113829
1502275039 171195
1502275039 229678
1502275039 286498
1502275039 344396
1502275039 402054
1502275039 459640
1502275039 517362
1502275039 575315
1502275039 632478
1502275039 690149
1502275039 747294
1502275039 844103
1502275039 900745
1502275039 959109
1502275040 141485
1502275040 198376
1502275040 256261
1502275040 342918
1502275040 406961
1502275040 465449
1502275040 522719
1502275040 580313
1502275040 705472
1502275040 849130
1502275041 70130
1502275041 127898
1502275041 184837
1502275041 242752
1502275041 309298
1502275041 367915
1502275041 425132
1502275041 482486
1502275041 540491
1502275041 598109
1502275041 656152
1502275041 713530
1502275041 770470
1502275041 828647
1502275041 885394
1502275041 943431
1502275042 59267
1502275042 135303
1502275042 193133
1502275042 250338
1502275042 308328
1502275042 365368
1502275042 423892
1502275042 509772
1502275042 568460
1502275042 692342
1502275042 750705
1502275043 142109
1502275043 229351
1502275043 287708
1502275043 344607
1502275043 403091
1502275043 459808
1502275043 556519
1502275043 614136
1502275043 671951
1502275043 728967
1502275043 853746
1502275043 911299
1502275043 968903
1502275044 26204
1502275044 84205
1502275044 141658
1502275044 199836
1502275044 275775
1502275044 333785
1502275044 390895
1502275044 650554
1502275045 102252
1502275045 159951
1502275045 216724
1502275045 313260
1502275045 476345
1502275045 687469
1502275045 745209
1502275045 802142
1502275045 860117
1502275045 917477
1502275046 158407
1502275046 215333
1502275046 273217
1502275046 330685
1502275046 388284
1502275046 445888
1502275046 523053
1502275046 887516
1502275047 3174
1502275047 118346
1502275047 357972
1502275047 424897
1502275047 875917
1502275048 944
1502275048 58665
1502275048 116405
1502275048 173276
1502275048 231628
1502275048 932531
1502275048 999323
1502275049 57730
1502275049 114559
1502275049 171908
1502275049 229709
1502275049 326070
1502275049 383034
1502275049 441501
1502275049 556524
1502275049 613571
1502275049 873580
1502275050 160901
1502275050 276482
1502275050 334076
1502275050 391566
1502275050 448464
1502275050 506450
1502275050 563671
1502275050 622070
1502275050 707914
1502275051 198120
1502275051 284360
1502275051 341522
1502275051 399877
1502275051 456667
1502275051 515040
1502275051 572281
1502275052 204123
1502275052 510298
1502275052 653718
1502275052 711841
1502275052 769393
1502275052 827108
1502275052 961504
1502275053 18500
1502275053 104611
1502275053 240184
1502275053 297521
1502275053 354725
1502275053 431540
1502275053 585336
1502275053 748159
1502275054 64963
1502275054 123168
1502275054 362865
1502275054 420775
1502275054 545429
1502275054 660133
1502275054 909932
1502275055 25014
1502275055 188833
1502275055 245719
1502275055 303606
1502275055 360679
1502275055 418776
1502275055 591590
1502275055 649359
1502275055 706994
1502275055 764591
1502275055 821780
1502275055 879949
1502275055 995565
1502275056 196714
1502275056 312260
1502275056 369391
1502275056 427384
1502275056 484220
1502275056 593102
1502275056 647642
1502275056 704783
1502275056 800988
1502275056 859009
1502275056 935189
1502275056 993223
1502275057 79605
1502275057 264601
1502275057 322174
1502275057 380140
1502275057 791921
1502275057 946152
1502275058 3354
1502275058 61321
1502275058 560595
1502275058 703961
1502275058 781107
1502275058 839493
1502275058 963496
1502275059 31074
1502275059 194202
1502275059 261206
1502275059 481765
1502275059 540124
1502275059 597275
1502275059 654937
1502275059 712487
1502275059 817406
1502275059 875595
1502275059 932655
1502275059 990750
1502275060 48261
1502275060 106007
1502275060 163499
1502275060 221207
1502275060 307450
1502275060 383756
1502275060 441738
1502275060 498876
1502275060 634329
1502275060 691492
1502275060 747581
1502275060 824713
1502275060 882288
1502275060 939976
1502275060 997121
1502275061 55683
1502275061 112347
1502275061 170414
1502275061 227591
1502275061 285761
1502275061 342851
1502275061 400934
1502275061 458076
1502275061 516250
1502275061 573838
1502275061 630586
1502275061 688777
1502275061 746267
1502275061 803890
1502275061 861070
1502275061 919513
1502275061 976277
1502275062 34380
1502275062 120634
1502275062 380242
1502275062 504449
1502275062 821611
1502275062 879470
1502275062 936482
1502275062 994548
1502275063 52109
1502275063 109793
1502275063 166960
1502275063 225020
1502275063 282190
1502275063 340294
1502275063 397763
1502275063 454972
1502275063 512683
1502275063 569864
1502275063 628576
1502275063 685229
1502275063 810926
1502275063 982872
1502275064 242375
1502275064 299541
1502275064 520153
1502275064 578209
1502275064 635233
1502275064 693395
1502275064 750557
1502275064 808555
1502275064 865826
1502275064 951386
1502275065 7314
1502275065 64897
1502275065 122528
1502275065 372286
1502275065 612396
1502275065 670309
1502275065 804174
1502275065 957827
1502275066 198586
1502275066 255407
1502275066 313409
1502275066 389481
1502275066 764322
1502275066 821406
1502275067 90258
1502275067 148113
1502275067 205273
1502275067 263613
1502275067 320742
1502275067 378716
1502275067 647330
1502275067 801099
1502275067 858692
1502275067 915970
1502275067 974320
1502275068 31663
1502275068 89242
1502275068 146930
1502275068 204436
1502275068 261798
1502275068 319752
1502275068 377351
1502275068 434897
1502275068 492162
1502275068 674774
1502275068 732648
1502275068 924236
1502275069 20520
1502275069 77503
1502275069 135610
1502275069 298361
1502275069 356213
1502275069 413260
1502275069 471366
1502275069 528826
1502275069 624783
1502275069 682100
1502275069 759397
1502275069 835659
1502275069 912631
1502275070 55869
1502275070 152562
1502275070 219565
1502275070 277207
1502275070 459746
1502275070 564884
1502275070 622780
1502275070 680166
1502275070 785418
1502275071 6334
1502275071 121784
1502275071 332685
1502275071 419273
1502275071 486020
1502275071 812834
1502275071 966487
1502275072 96126
1502275072 158404
1502275072 215602
1502275072 274370
1502275072 456428
1502275072 868314
1502275073 31506
1502275073 127674
1502275073 186312
1502275073 243052
1502275073 339314
1502275073 492618
1502275073 579451
1502275073 636856
1502275073 694259
1502275073 934592
1502275073 991499
1502275074 49893
1502275074 308528
1502275074 500703
1502275074 557870
1502275074 702269
1502275074 759595
1502275074 817467
1502275074 874999
1502275074 932603
1502275074 989934
1502275075 48450
1502275075 105079
1502275075 191309
1502275075 297569
1502275075 365217
1502275075 421839
1502275075 566097
1502275075 623267
1502275075 730001
1502275075 824803
1502275075 882896
1502275075 979148
1502275076 142947
1502275076 266722
1502275076 324915
1502275076 381987
1502275076 439213
1502275076 497246
1502275076 554439
1502275076 813960
1502275077 63641
1502275077 227140
1502275077 533714
1502275077 630104
1502275077 688145
1502275077 745110
1502275077 803056
1502275077 860307
1502275077 965563
1502275078 23626
1502275078 340435
1502275078 417494
1502275078 619068
1502275078 714687
1502275078 858657
1502275078 925079
1502275078 981014
1502275079 39044
1502275079 96251
1502275079 154860
1502275079 212006
1502275079 269562
1502275079 326795
1502275079 384784
1502275079 442009
1502275079 500049
1502275079 557166
1502275079 615322
1502275079 672485
1502275079 730860
1502275079 787671
1502275079 941265
1502275079 999111
1502275080 85864
1502275080 286943
1502275080 344959
1502275080 402346
1502275080 651729
1502275080 710149
1502275080 767002
1502275080 825073
1502275080 920562
1502275080 978465
1502275081 74645
1502275081 131817
1502275081 189450
1502275081 247045
1502275081 707249
1502275081 784286
1502275081 861762
1502275082 187295
1502275082 283443
1502275082 340659
1502275082 398721
1502275082 455864
1502275082 513927
1502275082 582449
1502275082 677781
1502275083 3257
1502275083 166505
1502275083 272523
1502275083 367818
1502275083 426221
1502275083 522649
1502275083 685607
1502275083 742713
1502275083 829148
1502275083 944705
1502275084 97493
1502275084 373454
1502275084 433500
1502275084 491433
1502275084 701844
1502275084 817059
1502275084 875139
1502275084 932336
1502275085 95759
1502275085 152792
1502275085 230070
1502275085 335910
1502275085 393338
1502275085 450458
1502275085 508592
1502275085 565885
1502275085 624068
1502275085 681014
1502275085 738759
1502275085 834402
1502275085 901530
1502275085 959865
1502275086 64914
1502275086 142077
1502275086 199295
1502275086 257367
1502275086 314436
1502275086 372911
1502275086 458738
1502275086 516290
1502275086 573985
1502275086 631429
1502275086 746376
1502275087 15135
1502275087 581594
1502275087 734964
1502275087 850001
1502275087 908027
1502275088 80500
1502275088 397275
1502275088 551485
1502275088 646816
1502275088 791672
1502275088 906363
1502275089 194035
1502275089 319885
1502275089 376403
1502275089 434441
1502275089 491661
1502275089 549652
1502275089 635826
1502275089 693104
1502275089 751537
1502275089 808726
1502275089 865547
1502275089 923993
1502275089 980851
1502275090 77491
1502275090 135124
1502275090 230334
1502275090 288823
1502275090 393666
1502275090 451790
1502275090 825771
1502275090 911838
1502275090 970277
1502275091 27101
1502275091 85188
1502275091 430982
1502275091 488040
1502275091 546257
1502275091 603358
1502275091 660502
1502275091 718657
1502275091 775766
1502275091 833893
1502275092 73852
1502275092 131881
1502275092 189214
1502275092 246717
1502275092 303919
1502275092 361447
1502275092 428314
1502275092 486819
1502275092 543553
1502275092 600676
1502275092 658779
1502275092 715934
1502275092 956463
1502275093 42753
1502275093 100681
1502275093 158148
1502275093 215066
1502275093 416937
1502275093 474064
1502275093 531729
1502275093 589340
1502275093 656089
1502275093 819521
1502275093 877475
1502275093 934689
1502275093 992177
1502275094 49922
1502275094 107508
1502275094 164800
1502275094 222344
1502275094 279621
1502275094 482428
1502275094 635406
1502275094 740679
1502275094 836866
1502275094 894068
1502275094 981473
1502275095 172543
1502275095 230577
1502275095 287757
1502275095 345303
1502275095 402377
1502275095 479701
1502275095 594697
1502275095 786962
1502275095 854346
1502275096 26677
1502275096 83807
1502275096 160757
1502275096 266284
1502275096 333185
1502275096 391279
1502275096 467480
1502275096 563998
1502275096 620833
1502275096 678962
1502275096 736114
1502275096 794580
1502275096 851410
1502275096 909418
1502275096 966621
1502275097 24746
1502275097 81967
1502275097 139141
