1500903499 266928
1500903499 496335
1500903499 563450
1500903499 630830
1500903499 697608
1500903499 764858
1500903499 832693
1500903499 899909
1500903499 967144
1500903500 72929
1500903500 149797
1500903500 504737
1500903500 879435
1500903500 946654
1500903501 13700
1500903501 80846
1500903501 147732
1500903501 214925
1500903501 282373
1500903501 502792
1500903501 569769
1500903501 934832
1500903503 355444
1500903503 422216
1500903503 786971
1500903503 853965
1500903504 75456
1500903504 142628
1500903504 210359
1500903504 430451
1500903504 497664
1500903504 564663
1500903504 786724
1500903504 853145
1500903504 920455
1500903505 294495
1500903505 361384
1500903505 582334
1500903505 648754
1500903505 715929
1500903505 784200
1500903506 158275
1500903506 379424
1500903506 447867
1500903506 512936
1500903506 733815
1500903506 800947
1500903506 868122
1500903506 935249
1500903507 156514
1500903507 376822
1500903507 443725
1500903507 511132
1500903507 578143
1500903507 645655
1500903507 712529
1500903507 779621
1500903508 155005
1500903508 375000
1500903508 595934
1500903508 662721
1500903508 739815
1500903508 806780
1500903509 171745
1500903509 392393
1500903509 460937
1500903509 978655
1500903510 45764
1500903510 112910
1500903510 784898
1500903510 852021
1500903510 919115
1500903511 140390
1500903511 207583
1500903511 274659
1500903511 342477
1500903511 562475
1500903511 784079
1500903512 158306
1500903512 532277
1500903512 906463
1500903513 280380
1500903513 347490
1500903513 568019
1500903513 635016
1500903513 702212
1500903513 769308
1500903513 990137
1500903514 67139
1500903514 585360
1500903514 805052
1500903514 871972
1500903515 391319
1500903515 909687
1500903516 581006
1500903516 801661
1500903517 22067
1500903517 242534
1500903517 463969
1500903517 684466
1500903517 751630
1500903517 818831
1500903518 942969
1500903519 460430
1500903519 681044
1500903519 902413
1500903519 970160
1500903520 190346
1500903520 257139
1500903520 631242
1500903520 851668
1500903521 73156
1500903521 140077
1500903521 207534
1500903521 274978
1500903522 848055
1500903523 69636
1500903523 290766
1500903523 510872
1500903523 578406
1500903523 645008
1500903523 712154
1500903523 933389
1500903524 510
1500903524 67978
1500903524 135019
1500903524 806827
1500903525 27180
1500903525 247590
1500903525 468969
1500903525 536030
1500903525 603347
1500903525 823974
1500903526 198193
1500903526 264724
1500903526 332098
1500903526 705967
1500903527 80690
1500903527 301322
1500903527 368458
1500903527 588996
1500903527 656558
1500903527 876629
1500903527 944730
1500903528 11005
1500903528 77838
1500903528 299047
1500903528 366467
1500903528 433976
1500903528 500859
1500903528 721596
1500903528 942979
1500903529 162741
1500903529 527623
1500903529 594470
1500903529 661605
1500903529 729208
1500903529 949605
1500903530 16935
1500903530 84169
1500903530 313835
1500903530 381163
1500903530 448554
1500903530 668918
1500903530 889454
1500903531 110999
1500903531 178108
1500903531 245267
1500903531 312462
1500903531 677573
1500903532 348760
1500903532 875785
1500903532 943777
1500903533 10385
1500903533 682855
1500903533 750544
1500903534 114888
1500903534 182532
1500903534 412043
1500903534 641742
1500903534 709210
1500903535 228451
1500903535 593246
1500903535 660395
1500903535 727348
1500903535 794713
1500903535 861679
1500903536 82347
1500903536 302659
1500903536 830522
1500903536 898480
1500903537 119458
1500903537 185763
1500903537 252864
1500903537 771410
1500903537 838215
1500903538 68445
1500903538 135940
1500903538 656266
1500903538 721346
1500903539 239580
1500903539 469574
1500903539 834933
1500903539 901777
1500903539 969805
1500903540 189650
1500903540 256663
1500903540 324090
1500903540 391115
1500903540 458105
1500903540 525381
1500903540 592393
1500903540 659611
1500903540 726724
1500903540 794009
1500903540 860999
1500903540 929267
1500903540 996285
1500903541 63355
1500903541 284018
1500903541 351171
1500903541 418763
1500903541 793055
1500903542 13773
1500903542 80780
1500903542 147932
1500903542 215014
1500903542 283320
1500903542 502941
1500903543 318900
1500903543 539245
1500903543 759982
1500903543 826980
1500903543 893870
1500903544 114514
1500903544 335924
1500903544 403995
1500903544 470166
1500903544 690937
1500903544 757951
1500903544 988191
1500903545 55473
1500903545 122623
1500903545 343670
1500903545 410493
1500903545 477461
1500903545 544725
1500903545 612390
1500903545 679299
1500903545 746215
1500903545 967725
1500903546 34729
1500903546 255377
1500903546 322491
1500903546 542965
1500903546 610343
1500903546 830835
1500903546 897948
1500903546 965045
1500903547 32081
1500903547 99241
1500903547 166549
1500903547 531768
1500903547 598362
1500903547 666578
1500903547 733462
1500903547 954226
1500903548 319195
1500903548 386889
1500903548 760195
1500903548 827450
1500903549 48720
1500903549 116019
1500903549 183049
1500903549 250334
1500903549 317233
1500903549 384365
1500903549 451497
1500903549 518530
1500903550 37229
1500903550 104255
1500903550 325657
1500903550 545963
1500903550 613290
1500903550 680246
1500903550 747448
1500903550 814734
1500903550 882181
1500903550 948780
1500903551 323223
1500903551 390206
1500903551 610508
1500903551 677699
1500903551 899336
1500903551 966455
1500903552 33313
1500903552 100669
1500903552 167907
1500903552 235072
1500903552 302399
1500903552 369272
1500903552 436464
1500903552 503353
1500903552 724176
1500903553 88952
1500903553 309410
1500903553 990566
1500903554 221050
1500903554 288423
1500903554 509626
1500903554 576316
1500903554 643601
1500903554 710617
1500903554 777584
1500903554 844909
1500903554 911887
1500903554 979202
1500903555 46403
1500903555 114080
1500903555 180540
1500903555 402119
1500903555 469029
1500903556 140848
1500903556 208078
1500903556 275128
1500903556 497046
1500903556 564214
1500903556 630841
1500903556 698029
1500903556 765055
1500903556 832395
1500903556 899521
1500903557 120148
1500903557 187079
1500903557 254146
1500903557 321278
1500903557 388534
1500903557 457257
1500903557 524313
1500903557 897947
1500903557 964971
1500903558 32065
1500903558 99088
1500903558 320672
1500903558 541138
1500903558 608242
1500903558 983169
1500903559 357054
1500903559 423995
1500903559 491394
1500903559 558649
1500903559 625910
1500903560 145440
1500903560 212481
1500903560 279215
1500903560 346149
1500903560 566869
1500903560 633808
1500903560 700891
1500903561 219156
1500903561 286306
1500903561 353991
1500903561 421882
1500903561 488672
1500903561 709417
1500903561 776440
1500903561 843724
1500903561 910536
1500903562 582474
1500903562 649548
1500903562 716833
1500903562 783830
1500903562 850775
1500903563 72540
1500903563 139552
1500903563 360018
1500903563 734500
1500903563 801231
1500903564 22595
1500903564 396614
1500903564 464366
1500903564 530967
1500903564 905596
1500903564 972783
1500903565 347594
1500903565 568040
1500903565 635207
1500903565 702362
1500903565 922863
1500903565 990084
1500903566 57020
1500903566 124212
1500903566 191591
1500903566 412298
1500903566 633498
1500903566 854106
1500903566 920995
1500903567 439528
1500903567 507151
1500903567 575292
1500903567 641471
1500903567 709032
1500903567 776138
1500903567 843171
1500903567 910565
1500903567 977966
1500903568 44640
1500903568 112184
1500903568 179088
1500903568 245856
1500903568 313961
1500903568 380378
1500903568 447388
1500903568 821575
1500903569 186424
1500903569 253407
1500903569 619261
1500903569 685560
1500903569 752426
1500903569 819751
1500903569 886932
1500903569 953691
1500903570 175473
1500903570 242830
1500903570 309346
1500903570 376694
1500903570 443744
1500903570 511113
1500903570 578172
1500903570 645441
1500903570 712519
1500903570 779986
1500903570 846850
1500903570 914065
1500903570 981154
1500903571 48229
1500903571 115514
1500903571 182660
1500903571 249806
1500903571 317814
1500903571 385167
1500903571 452033
1500903571 519279
1500903571 586471
1500903571 653389
1500903572 18819
1500903572 239780
1500903572 306353
1500903572 373542
1500903572 593933
1500903573 266871
1500903573 486910
1500903573 553991
1500903573 621234
1500903573 688848
1500903573 908739
1500903574 129410
1500903574 358879
1500903574 426338
1500903574 493822
1500903574 723452
1500903575 252147
1500903575 327769
1500903575 702679
1500903576 384076
1500903576 460382
1500903576 690950
1500903576 767998
1500903576 998389
1500903577 74661
1500903577 602990
1500903577 670477
1500903577 737508
1500903577 804775
1500903578 179490
1500903578 246852
1500903578 313915
1500903578 543068
1500903578 773658
1500903578 841727
1500903579 215578
1500903579 445981
1500903579 522328
1500903579 753362
1500903579 829062
1500903579 906055
1500903580 136694
1500903580 212985
1500903580 280453
1500903580 349081
1500903580 415576
1500903580 482781
1500903580 848422
1500903580 914812
1500903581 144823
1500903581 212566
1500903581 279399
1500903581 500174
1500903581 567230
1500903581 634348
1500903581 701510
1500903581 768568
1500903581 989324
1500903582 56446
1500903582 124558
1500903582 191630
1500903582 259309
1500903582 479286
1500903582 546845
1500903582 614059
1500903582 680644
1500903582 901466
1500903582 968656
1500903583 35660
1500903583 257626
1500903583 324197
1500903583 391449
1500903585 272336
1500903585 339851
1500903585 560304
1500903585 628188
1500903585 695330
1500903585 916161
1500903586 136555
1500903586 358054
1500903586 578678
1500903586 645863
1500903586 866223
1500903587 86964
1500903587 153799
1500903587 518861
1500903588 199977
1500903588 276034
1500903588 497945
1500903588 564895
1500903589 246261
1500903589 313781
1500903589 380796
1500903589 448490
1500903589 515136
1500903589 582489
1500903589 649539
1500903589 879077
1500903590 108801
1500903590 184892
1500903590 857742
1500903591 682507
1500903591 759631
1500903592 133491
1500903592 363365
1500903592 440186
1500903592 517313
1500903592 593223
1500903592 670454
1500903592 746767
1500903593 419201
1500903593 496454
1500903593 573457
1500903593 803281
1500903593 880317
1500903593 956532
1500903594 33822
1500903594 110816
1500903594 187019
1500903594 715422
1500903594 792454
1500903595 22954
1500903595 99119
1500903595 473194
1500903595 846952
1500903596 375301
1500903596 451386
1500903596 528406
1500903596 605630
1500903596 681835
1500903596 758880
1500903596 836019
1500903597 56781
1500903597 133168
1500903597 209741
1500903597 286947
1500903597 363260
1500903597 440236
1500903597 661380
1500903597 882497
1500903597 958692
1500903598 35721
1500903598 112066
1500903598 486952
1500903599 311878
1500903599 388869
1500903599 465946
1500903599 542004
1500903599 619423
1500903599 696423
1500903599 916974
1500903600 137954
1500903600 358350
1500903600 733029
1500903600 808986
1500903600 886221
1500903600 963281
1500903601 635091
1500903601 712112
1500903601 788320
1500903602 10564
1500903602 85939
1500903602 163099
1500903602 384177
1500903602 757592
1500903602 834519
1500903602 910981
1500903603 133266
1500903603 352855
1500903603 429982
1500903603 506876
1500903603 583798
1500903604 705926
1500903604 782911
1500903604 859432
1500903605 80482
1500903605 301212
1500903605 377356
1500903605 455148
1500903605 675135
1500903605 895878
1500903606 567318
1500903606 788382
1500903607 8368
1500903607 75465
1500903607 142936
1500903607 364103
1500903607 440281
1500903607 507512
1500903607 882348
1500903608 102709
1500903608 170387
1500903608 390400
1500903608 457775
1500903608 524732
1500903608 591725
1500903608 659251
1500903608 726012
1500903608 793336
1500903608 861293
1500903608 928777
1500903609 149382
1500903609 216162
1500903609 283190
1500903609 350496
1500903609 417422
1500903609 935865
1500903610 2927
1500903610 70088
1500903610 137302
1500903610 204317
1500903610 271458
1500903610 338676
1500903610 405775
1500903610 472905
1500903610 540898
1500903610 608168
1500903610 675336
1500903610 742480
1500903610 809579
1500903610 876802
1500903611 250934
1500903611 318268
1500903611 385223
1500903611 452378
1500903611 519276
1500903611 586520
1500903611 653667
1500903612 623154
1500903612 690188
1500903612 912172
1500903612 978692
1500903613 45922
1500903613 266452
1500903613 333591
1500903613 554188
1500903613 621336
1500903613 688314
1500903613 755440
1500903614 428030
1500903614 495163
1500903614 562810
1500903614 629906
1500903614 697206
1500903614 764006
1500903614 831039
1500903615 52298
1500903615 426176
1500903615 493394
1500903615 560530
1500903615 781251
1500903615 849065
1500903615 916448
1500903616 136775
1500903616 357571
1500903616 731395
1500903616 798603
1500903617 173370
1500903617 691469
1500903617 759093
1500903617 825720
1500903618 46958
1500903618 114396
1500903618 632482
1500903618 699848
1500903618 920498
1500903619 294278
1500903619 362749
1500903619 429245
1500903619 497259
1500903619 563482
1500903619 630608
1500903619 698900
1500903619 765419
1500903619 832021
1500903620 206202
1500903620 274727
1500903620 341715
1500903620 409143
1500903620 475536
1500903620 542741
1500903620 609890
1500903620 677059
1500903620 744197
1500903620 811276
1500903620 878606
1500903620 945548
1500903621 12891
1500903621 80338
1500903621 444015
1500903621 511201
1500903621 578073
1500903621 800061
1500903622 20278
1500903622 87494
1500903622 154447
1500903622 221490
1500903622 288640
1500903622 510399
1500903622 577347
1500903623 249073
1500903623 316207
1500903623 536752
1500903623 604863
1500903623 825236
1500903623 892470
1500903624 113842
1500903624 180033
1500903624 699177
1500903624 766947
1500903624 833356
1500903625 53954
1500903625 274497
1500903625 495163
1500903626 320907
1500903626 388153
1500903626 455052
1500903626 522303
1500903626 589581
1500903626 656760
1500903626 723619
1500903626 790860
1500903627 12335
1500903627 386195
1500903627 453309
1500903627 673958
1500903627 895367
1500903627 963421
1500903628 29684
1500903628 96885
1500903628 615101
1500903628 682331
1500903628 903519
1500903628 969701
1500903629 191800
1500903629 258623
1500903629 478912
1500903629 699511
1500903629 767557
1500903629 834815
1500903630 55180
1500903630 275823
1500903630 342999
1500903630 409817
1500903630 630543
1500903630 851134
1500903631 72595
1500903631 139806
1500903631 360460
1500903631 435846
1500903631 513023
1500903631 743622
1500903631 811354
1500903631 878442
1500903632 109012
1500903632 184727
1500903632 252234
1500903632 625819
1500903633 418
1500903633 76454
1500903633 450178
1500903633 680795
1500903633 756879
1500903633 834036
1500903634 64712
1500903634 141723
1500903634 668889
1500903634 899441
1500903634 976448
1500903635 52913
1500903635 130059
1500903635 360662
1500903635 436915
1500903635 667364
1500903635 744307
1500903636 118755
1500903636 195602
1500903636 271723
1500903636 502226
1500903636 578170
1500903636 799127
1500903637 327209
1500903637 404189
1500903637 481153
1500903637 557595
1500903637 634572
1500903637 711054
1500903637 787928
1500903637 865396
1500903637 941465
1500903638 18607
1500903638 95645
1500903638 171893
1500903638 249387
1500903638 478803
1500903638 555941
1500903638 786365
1500903639 160468
1500903639 237502
1500903639 313452
1500903639 390616
1500903639 918613
1500903640 446097
1500903640 522404
1500903640 599397
1500903640 676546
1500903640 752664
1500903640 829919
1500903640 906282
1500903640 983283
1500903641 60356
1500903641 281135
1500903641 358356
1500903641 579156
1500903641 655669
1500903642 29819
1500903642 250134
1500903642 327410
1500903642 403743
1500903642 480739
1500903642 557987
1500903642 634071
1500903642 855503
1500903643 229635
1500903643 450015
1500903643 527111
1500903643 603209
1500903643 680373
1500903643 757494
1500903643 833963
1500903643 910888
1500903643 987107
1500903644 64342
1500903644 591873
1500903644 812954
1500903645 32966
1500903645 559764
1500903645 637105
1500903646 10945
1500903646 87908
1500903646 164473
1500903646 241383
1500903646 318619
1500903646 394771
1500903646 472128
1500903646 548148
1500903646 615145
1500903646 836872
1500903647 57355
1500903647 133635
1500903647 210723
1500903647 728946
1500903647 806358
1500903648 26730
1500903648 102777
1500903648 477676
1500903648 698029
1500903649 73127
1500903649 149707
1500903649 226089
1500903649 446724
1500903650 272853
1500903650 349023
1500903650 425929
1500903650 492963
1500903650 560136
1500903650 627381
1500903650 694441
1500903650 761522
1500903650 829053
1500903650 895781
1500903650 964587
1500903651 40350
1500903651 117370
1500903651 194229
1500903651 270835
1500903651 645586
1500903651 721686
1500903651 788936
1500903651 856067
1500903652 231311
1500903652 308641
1500903652 385094
1500903652 461414
1500903652 537532
1500903652 604945
1500903653 277262
1500903653 354342
1500903653 430603
1500903653 497709
1500903653 872858
1500903653 949030
1500903654 169549
1500903654 995486
1500903655 215740
1500903655 591316
1500903655 667675
1500903655 743979
1500903655 811221
1500903655 878066
1500903655 945365
1500903656 12695
1500903656 233901
1500903656 310196
1500903656 377235
1500903656 444489
1500903656 511599
1500903656 886607
1500903656 963765
1500903657 39874
1500903657 107340
1500903657 932825
1500903658 10482
1500903658 86059
1500903658 153816
1500903658 230232
1500903658 307465
1500903658 528321
1500903658 605457
1500903658 825870
1500903659 46277
1500903659 420333
1500903659 487870
1500903659 564344
1500903659 631699
1500903659 698694
1500903659 766681
1500903659 842926
1500903659 910427
1500903660 130820
1500903660 649106
1500903660 716013
1500903660 783265
1500903661 3764
1500903661 70822
1500903661 291551
1500903661 358732
1500903661 733488
1500903661 800688
1500903662 174606
1500903662 395113
1500903662 462107
1500903662 683838
1500903662 750729
1500903662 817759
1500903663 37609
1500903663 105279
1500903663 326114
1500903663 393165
1500903663 613747
1500903663 680862
1500903664 199422
1500903664 266457
1500903664 486929
1500903664 554414
1500903664 774498
1500903664 841716
1500903665 63097
1500903665 130109
1500903665 350816
1500903665 571530
1500903665 639493
1500903665 706465
1500903665 927175
1500903666 598957
1500903667 116783
1500903667 481607
1500903667 548844
1500903667 615939
1500903667 683687
1500903667 913287
1500903668 143658
1500903668 662480
1500903668 729959
1500903668 796396
1500903668 865065
1500903668 931599
1500903668 998771
1500903669 66056
1500903669 133038
1500903669 200211
1500903669 267432
1500903669 641580
1500903670 16192
1500903670 245477
1500903670 475827
1500903670 697868
1500903670 773571
1500903670 841099
1500903671 62775
1500903671 291744
1500903671 656580
1500903672 184610
1500903672 252186
1500903672 319510
1500903672 386408
1500903672 453598
1500903672 520763
1500903672 588730
1500903672 656406
1500903672 723274
1500903672 790284
1500903673 19623
1500903673 250114
1500903673 480670
1500903673 548249
1500903673 615534
1500903674 133620
1500903674 201197
1500903674 267641
1500903674 336912
1500903674 556720
1500903674 623641
1500903674 691341
1500903674 758342
1500903675 122048
1500903675 198565
1500903675 265963
1500903675 487073
1500903675 716709
1500903675 784363
1500903676 149097
1500903676 216182
1500903676 283281
1500903676 360024
1500903676 581244
1500903677 108993
1500903677 339297
1500903677 406928
1500903677 772015
1500903677 992200
1500903678 222329
1500903678 289954
1500903678 357110
1500903678 721950
1500903679 403071
1500903679 633557
1500903680 161811
1500903680 392138
1500903680 459795
1500903680 527246
1500903680 756054
1500903680 833186
1500903681 207688
1500903681 581649
1500903682 406579
1500903682 483774
1500903682 559959
1500903682 790251
1500903682 867391
1500903682 943533
1500903683 20711
1500903683 97811
1500903683 174002
1500903683 251268
1500903683 328343
1500903683 404761
1500903683 481824
1500903683 855658
1500903683 932772
1500903684 9844
1500903684 86280
1500903684 163262
1500903684 240329
1500903684 316580
1500903684 691904
1500903684 767762
1500903684 844959
1500903685 219116
1500903685 295986
1500903685 670706
1500903685 900641
1500903685 977398
1500903686 54416
1500903686 284091
1500903686 956283
1500903687 186324
1500903687 416758
1500903687 646468
1500903687 723468
1500903688 97537
1500903688 174550
1500903688 252034
1500903688 328351
1500903688 403942
1500903688 778929
1500903688 856188
1500903689 86540
1500903689 162824
1500903689 383924
1500903689 460357
1500903689 987927
1500903690 64769
1500903690 141976
1500903690 218207
1500903690 295976
1500903690 372402
1500903690 448754
1500903690 525692
1500903690 602098
1500903690 679696
1500903690 757096
1500903690 832834
1500903691 53920
1500903691 130222
1500903691 207932
1500903691 283702
1500903691 504949
1500903691 581080
1500903691 658422
1500903691 735451
1500903692 262828
1500903692 637580
1500903692 714723
1500903692 790925
1500903693 617577
1500903693 693988
1500903693 770805
1500903693 847957
1500903694 67782
1500903694 145746
1500903695 123232
1500903695 344716
1500903695 565408
1500903695 785556
1500903696 6332
1500903696 82402
1500903696 304022
1500903696 380095
1500903696 457395
1500903696 533339
1500903696 754399
1500903696 831570
1500903696 908422
1500903697 128689
1500903697 204982
1500903697 724161
1500903697 800443
1500903697 877526
1500903698 98346
1500903698 175689
1500903698 251311
1500903698 319253
1500903698 540817
1500903698 616453
1500903698 693826
1500903698 770988
1500903698 846647
1500903698 923852
1500903699 1352
1500903699 77066
1500903699 451983
1500903699 528268
1500903699 605224
1500903699 826902
1500903700 200024
1500903700 277438
1500903700 354311
1500903700 574631
1500903700 651822
1500903700 728467
1500903700 805068
1500903701 25727
1500903701 102820
1500903701 179327
1500903701 247219
1500903701 621474
1500903701 841478
1500903701 908495
1500903701 976644
1500903702 350523
1500903702 427842
1500903702 503782
1500903702 571156
1500903702 638110
1500903703 13160
1500903703 90319
1500903703 464877
1500903704 136502
1500903704 357285
1500903704 577504
1500903704 644842
1500903704 712012
1500903704 933287
1500903705 307255
1500903705 681898
1500903705 901257
1500903706 122931
1500903706 343464
1500903706 411161
1500903706 631293
1500903707 6134
1500903707 83310
1500903707 601471
1500903707 821875
1500903707 898259
1500903707 965401
1500903708 186819
1500903708 407447
1500903708 627879
1500903708 694900
1500903709 69823
1500903709 290389
1500903709 367438
1500903709 443570
1500903710 413836
1500903710 787689
1500903711 8190
1500903711 75441
1500903711 143389
1500903711 219485
1500903711 286717
1500903711 354141
1500903711 421284
1500903711 488144
1500903711 709565
1500903712 84519
1500903712 305053
1500903712 679113
1500903713 52834
1500903713 120053
1500903713 187139
1500903713 254180
1500903713 475792
1500903713 551840
1500903713 773470
1500903713 849689
1500903714 224380
1500903714 301490
1500903714 377703
1500903714 455853
1500903714 531053
1500903714 608866
1500903714 828828
1500903715 500353
1500903716 18593
1500903716 85521
1500903716 152919
1500903716 219920
1500903716 287037
1500903716 354155
1500903716 421450
1500903716 488438
1500903716 555745
1500903716 622642
1500903716 843412
1500903717 362741
1500903717 583128
1500903717 650301
1500903717 717454
1500903718 389901
1500903718 763743
1500903718 984158
1500903719 358171
1500903719 425170
1500903719 645796
1500903719 866404
1500903720 87961
1500903720 154853
1500903720 222837
1500903720 442704
1500903720 663006
1500903720 884420
1500903720 950834
1500903721 325696
1500903721 546443
1500903721 768174
1500903721 834470
1500903722 54365
1500903722 121677
1500903723 245035
1500903723 312559
1500903723 379482
1500903723 897574
1500903724 118925
1500903724 186028
1500903724 406607
1500903724 473710
1500903724 857325
1500903724 933338
1500903725 1061
1500903725 68882
1500903725 749332
1500903726 277380
1500903726 507870
1500903727 27266
1500903727 256772
1500903727 785047
1500903728 619275
1500903728 849911
1500903729 223637
1500903729 300281
1500903729 376640
1500903729 904743
1500903729 981353
1500903730 211811
1500903730 441629
1500903730 518107
1500903730 892481
1500903731 267094
1500903731 343637
1500903731 419800
1500903731 496528
1500903731 726538
1500903731 956996
1500903732 186660
1500903732 417238
1500903732 790967
1500903732 868179
1500903732 945273
1500903733 21608
1500903733 395768
1500903734 518900
1500903734 596094
1500903735 123402
1500903735 200327
1500903735 277367
1500903735 506931
1500903735 583317
1500903736 112385
1500903736 187637
1500903736 562670
1500903736 783080
1500903736 860982
1500903737 91036
1500903737 311556
1500903737 532514
1500903737 609613
1500903737 685733
1500903737 762359
1500903737 839457
1500903737 915729
1500903737 992788
1500903738 214233
1500903738 443913
1500903738 664698
1500903738 885097
1500903738 962773
1500903739 183388
1500903739 556591
1500903739 633611
1500903739 710630
1500903740 238029
1500903740 315179
1500903740 392159
1500903740 468395
1500903740 545591
1500903740 621860
1500903740 996654
1500903741 523896
1500903741 601575
1500903741 677261
1500903741 754477
1500903741 831602
1500903742 52247
1500903743 924456
1500903744 666
1500903744 78138
1500903744 153907
1500903744 231054
1500903744 308145
1500903744 384324
1500903744 462065
1500903744 538338
1500903744 614792
1500903745 143034
1500903745 220217
1500903746 45145
1500903746 266694
1500903746 487219
1500903746 564096
1500903746 640605
1500903746 862813
1500903746 938068
1500903747 15267
