1502287742 963024
1502287742 982345
1502287743 193384
1502287743 212743
1502287743 384822
1502287743 404035
1502287743 500064
1502287743 519409
1502287743 721576
1502287743 768985
1502287743 990138
1502287744 66294
1502287744 86450
1502287744 181529
1502287744 201737
1502287744 268640
1502287744 289093
1502287744 460163
1502287744 479460
1502287744 642520
1502287744 863192
1502287744 883408
1502287744 978343
1502287745 55769
1502287745 180727
1502287745 334177
1502287745 362402
1502287745 592694
1502287745 611934
1502287745 697967
1502287745 718098
1502287745 813225
1502287745 833406
1502287745 947541
1502287745 985882
1502287746 235198
1502287746 255385
1502287746 341452
1502287746 360647
1502287746 475727
1502287746 495064
1502287746 600047
1502287746 620166
1502287746 754302
1502287746 773787
1502287746 869552
1502287747 195385
1502287747 214739
1502287747 425982
1502287747 445444
1502287747 675500
1502287747 701224
1502287747 761709
1502287747 781754
1502287747 983057
1502287748 2400
1502287748 88363
1502287748 107577
1502287748 184497
1502287748 204000
1502287748 241692
1502287748 289747
1502287748 395908
1502287748 415353
1502287748 491253
1502287748 740874
1502287748 760136
1502287748 875262
1502287748 923259
1502287748 942509
1502287749 48442
1502287749 67800
1502287749 124677
1502287749 144789
1502287749 269132
1502287749 307070
1502287749 403390
1502287749 422691
1502287749 528579
1502287749 547744
1502287749 605030
1502287749 643722
1502287749 663010
1502287749 806547
1502287749 854607
1502287749 921499
1502287750 94823
1502287750 114074
1502287750 334398
1502287750 353766
1502287750 468723
1502287750 574926
1502287750 594301
1502287750 661099
1502287750 680392
1502287750 776373
1502287750 795627
1502287750 929711
1502287750 948921
1502287750 996874
1502287751 16234
1502287751 92132
1502287751 112261
1502287751 217532
1502287751 265896
1502287751 313897
1502287751 409846
1502287751 429062
1502287751 524995
1502287751 544554
1502287751 582152
1502287751 601458
1502287751 696475
1502287751 715774
1502287751 783669
1502287751 802965
1502287751 908199
1502287752 42306
1502287752 61574
1502287752 176605
1502287752 205844
1502287752 291876
1502287752 311166
1502287752 426178
1502287752 579553
1502287752 598865
1502287752 656655
1502287752 676002
1502287752 772308
1502287752 810063
1502287752 868189
1502287752 887433
1502287753 89011
1502287753 126738
1502287753 328306
1502287753 347496
1502287753 424433
1502287753 587781
1502287753 607206
1502287753 644869
1502287753 664350
1502287753 827402
1502287753 875731
1502287754 29330
1502287754 67000
1502287754 125031
1502287754 144352
1502287754 249305
1502287754 269630
1502287754 422680
1502287754 624149
1502287754 662572
1502287754 739390
1502287754 758717
1502287754 921801
1502287754 941174
1502287755 94229
1502287755 334671
1502287755 354025
1502287755 479019
1502287755 498258
1502287755 708715
1502287755 729064
1502287755 795707
1502287755 815185
1502287755 968089
1502287755 987470
1502287756 45255
1502287756 64536
1502287756 149615
1502287756 169019
1502287756 256050
1502287756 457306
1502287756 476662
1502287756 581569
1502287756 601773
1502287756 648710
1502287756 668065
1502287756 812219
1502287756 879618
1502287756 984681
1502287757 262259
1502287757 511795
1502287757 531137
1502287757 627059
1502287757 646379
1502287757 742275
1502287757 761631
1502287757 964058
1502287758 184229
1502287758 193658
1502287758 280416
1502287758 299718
1502287758 395675
1502287758 414947
1502287758 471937
1502287758 520071
1502287758 530451
1502287758 779640
1502287758 808860
1502287758 991191
1502287759 10390
1502287759 154335
1502287759 240541
1502287759 259830
1502287759 413949
1502287759 532060
1502287759 549416
1502287759 682547
1502287759 702097
1502287759 777927
1502287759 798087
1502287759 923674
1502287760 114480
1502287760 335172
1502287760 526555
1502287760 546834
1502287760 603631
1502287760 614073
1502287760 661756
1502287760 681056
1502287760 805136
1502287761 45686
1502287761 362353
1502287761 381634
1502287761 553762
1502287761 573317
1502287761 612138
1502287761 649959
1502287761 842413
1502287761 861681
1502287761 976020
1502287762 52912
1502287762 72272
1502287762 120088
1502287762 139297
1502287762 196397
1502287762 216600
1502287762 321537
1502287762 340792
1502287762 426758
1502287762 648225
1502287762 916857
1502287763 118353
1502287763 137518
1502287763 204520
1502287763 223785
1502287763 367869
1502287763 387157
1502287763 454119
1502287763 627433
1502287763 646656
1502287763 703642
1502287763 771025
1502287763 896036
1502287763 915470
1502287764 20372
1502287764 30542
1502287764 193739
1502287764 424250
1502287764 443651
1502287764 481467
1502287764 529477
1502287764 549002
1502287764 798083
1502287764 808353
1502287764 951440
1502287764 970803
1502287765 104810
1502287765 125279
1502287765 239171
1502287765 259376
1502287765 335348
1502287765 527723
1502287765 547053
1502287765 700193
1502287765 719424
1502287765 863568
1502287765 882979
1502287765 959693
1502287765 969099
1502287766 123076
1502287766 142464
1502287766 352648
1502287766 372861
1502287766 439704
1502287766 459042
1502287766 603216
1502287766 622561
1502287766 785555
1502287766 804784
1502287767 35112
1502287767 54346
1502287767 303691
1502287767 312984
1502287767 467021
1502287767 486342
1502287767 639510
1502287767 649717
1502287767 763797
1502287767 783930
1502287767 985211
1502287767 994516
1502287768 61459
1502287768 80708
1502287768 195819
1502287768 262955
1502287768 283374
1502287768 359085
1502287768 378311
1502287768 513408
1502287768 618629
1502287768 638002
1502287768 810143
1502287768 839429
1502287769 2521
1502287769 21782
1502287769 174974
1502287769 185198
1502287769 424589
1502287769 655043
1502287769 675420
1502287769 751185
1502287769 770586
1502287769 885546
1502287769 904779
1502287769 990770
1502287770 10314
1502287770 211315
1502287770 288429
1502287770 307753
1502287770 489924
1502287770 557081
1502287770 576341
1502287770 711357
1502287770 730643
1502287770 931854
1502287770 941284
1502287771 85236
1502287771 104484
1502287771 162448
1502287771 181872
1502287771 305826
1502287771 325957
1502287771 382880
1502287771 402439
1502287771 555330
1502287771 575491
1502287771 622470
1502287771 642680
1502287771 795799
1502287771 815112
1502287771 891985
1502287771 901287
1502287772 35337
1502287772 55569
1502287772 179678
1502287772 199071
1502287772 294918
1502287772 314254
1502287772 486430
1502287772 505792
1502287772 611645
1502287772 630884
1502287772 687852
1502287772 708145
1502287772 775260
1502287772 813130
1502287773 43603
1502287773 52884
1502287773 139800
1502287773 159064
1502287773 255043
1502287773 427701
1502287773 465567
1502287773 667065
1502287773 687361
1502287773 773507
1502287773 792957
1502287773 840528
1502287773 859774
1502287773 945665
1502287773 983867
1502287774 147197
1502287774 166407
1502287774 310512
1502287774 329859
1502287774 502937
1502287774 522305
1502287774 656488
1502287774 695229
1502287774 915755
1502287774 935309
1502287775 107335
1502287775 117677
1502287775 270584
1502287775 289904
1502287775 366832
1502287775 386305
1502287775 462088
1502287775 481385
1502287775 538373
1502287775 558554
1502287775 701743
1502287775 721209
1502287775 759786
1502287775 779327
1502287775 961280
1502287775 980994
1502287776 28401
1502287776 268058
1502287776 278175
1502287776 441320
1502287776 767064
1502287776 786374
1502287776 853297
1502287776 872624
1502287777 35720
1502287777 170079
1502287777 180240
1502287777 257173
1502287777 266791
1502287777 381441
1502287777 400745
1502287777 506672
1502287777 526030
1502287777 611992
1502287777 631246
1502287777 679113
1502287777 794383
1502287777 804630
1502287777 918950
1502287778 129513
1502287778 177730
1502287778 292594
1502287778 417841
1502287778 427175
1502287778 523068
1502287778 533325
1502287778 734565
1502287778 743843
1502287778 849774
1502287778 859301
1502287779 3215
1502287779 22510
1502287779 147401
1502287779 166986
1502287779 387509
1502287779 397414
1502287779 569514
1502287779 770949
1502287779 790386
1502287779 915247
1502287779 934548
1502287780 135679
1502287780 155051
1502287780 308994
1502287780 328316
1502287780 443347
1502287780 462711
1502287780 711996
1502287780 722216
1502287780 923494
1502287780 942838
1502287781 47741
1502287781 57967
1502287781 259284
1502287781 269472
1502287781 470679
1502287781 700302
1502287781 719548
1502287781 786580
1502287781 825718
1502287781 930806
1502287781 950083
1502287782 94057
1502287782 161558
1502287782 266503
1502287782 334016
1502287782 477955
1502287782 497301
1502287782 641306
1502287782 660632
1502287782 909930
1502287782 929240
1502287783 6126
1502287783 54377
1502287783 63647
1502287783 207618
1502287783 227006
1502287783 390082
1502287783 409633
1502287783 629662
1502287783 639862
1502287783 841131
1502287783 860309
1502287784 42482
1502287784 61819
1502287784 177049
1502287784 215921
1502287784 235142
1502287784 350138
1502287784 369473
1502287784 465394
1502287784 484915
1502287784 532526
1502287784 551918
1502287784 628787
1502287784 648141
1502287784 714988
1502287784 973665
1502287784 993897
1502287785 69857
1502287785 89461
1502287785 127902
1502287785 167166
1502287785 300371
1502287785 549893
1502287785 569130
1502287785 646085
1502287785 684514
1502287785 837553
1502287785 847792
1502287786 58114
1502287786 68317
1502287786 307610
1502287786 327182
1502287786 365813
1502287786 385004
1502287786 451883
1502287786 595328
1502287786 605520
1502287786 730538
1502287786 768897
1502287786 999399
1502287787 114394
1502287787 133717
1502287787 209813
1502287787 402095
1502287787 421869
1502287787 574595
1502287787 756927
1502287787 777780
1502287788 16571
1502287788 26719
1502287788 131630
1502287788 150911
1502287788 227859
1502287788 237195
1502287788 343139
1502287788 362610
1502287788 448799
1502287788 486489
1502287788 601857
1502287788 622061
1502287788 765119
1502287788 784859
1502287788 823225
1502287788 842709
1502287788 966864
1502287789 5686
1502287789 25340
1502287789 91840
1502287789 111359
1502287789 207171
1502287789 226603
1502287789 264248
1502287789 283636
1502287789 360415
1502287789 379664
1502287789 437591
1502287789 456892
1502287789 561873
1502287789 591242
1502287789 696293
1502287789 715659
1502287789 783316
1502287789 802670
1502287789 869607
1502287790 119077
1502287790 387779
1502287790 398009
1502287790 444860
1502287790 465050
1502287790 560152
1502287790 580375
1502287790 666339
1502287790 685621
1502287790 790797
1502287790 810183
1502287790 905853
1502287790 925225
1502287791 59376
1502287791 69568
1502287791 136422
1502287791 174780
1502287791 289801
1502287791 606507
1502287791 625842
1502287791 778904
1502287791 789349
1502287791 856087
1502287791 875465
1502287791 932305
1502287791 952559
1502287792 86668
1502287792 297142
1502287792 393412
1502287792 412863
1502287792 623864
1502287792 643054
1502287792 719991
1502287792 739334
1502287792 806187
1502287792 825542
1502287792 959583
1502287792 978871
1502287793 46710
1502287793 66062
1502287793 200189
1502287793 296343
1502287793 315576
1502287793 407460
1502287793 430804
1502287793 450261
1502287793 651372
1502287793 699463
1502287793 929713
1502287793 949399
1502287794 35292
1502287794 73133
1502287794 92354
1502287794 197405
1502287794 207639
1502287794 341729
1502287794 360956
1502287794 456952
1502287794 639452
1502287794 658700
1502287794 831732
1502287794 851101
1502287795 80367
1502287795 99878
1502287795 234755
1502287795 262088
1502287795 464370
1502287795 484584
1502287795 666756
1502287795 686128
1502287795 780996
1502287795 801197
1502287795 963367
1502287796 31897
1502287796 88626
1502287796 107904
1502287796 232906
1502287796 433591
1502287796 453039
1502287796 558731
1502287796 577953
1502287796 634966
1502287796 655356
1502287796 817386
1502287796 856706
1502287797 76909
1502287797 412827
1502287797 432194
1502287797 605101
1502287797 634429
1502287797 758482
1502287797 777764
1502287797 931744
1502287797 951139
1502287798 27046
1502287798 37395
1502287798 114141
1502287798 209531
1502287798 219668
1502287798 373184
1502287798 641442
1502287798 660833
1502287798 727626
1502287798 746884
1502287798 842921
1502287798 881329
1502287798 967213
1502287798 987428
1502287799 121648
1502287799 140839
1502287799 207720
1502287799 227015
1502287799 361127
1502287799 514496
1502287799 533715
1502287799 688108
1502287799 725975
1502287799 745300
1502287799 860257
1502287799 946443
1502287799 966693
1502287800 91111
1502287800 167847
1502287800 177210
1502287800 224976
1502287800 244245
1502287800 369372
1502287800 388834
1502287800 476869
1502287800 724488
1502287800 944637
1502287800 954841
1502287801 59943
1502287801 213330
1502287801 232625
1502287801 481903
1502287801 510894
1502287801 626207
1502287801 770518
1502287801 789808
1502287802 20059
1502287802 39425
1502287802 192536
1502287802 211905
1502287802 461116
1502287802 548241
1502287802 567590
1502287802 768748
1502287802 960272
1502287802 970509
1502287803 133622
1502287803 162925
1502287803 393200
1502287803 728975
1502287803 748223
1502287803 920503
1502287803 939885
1502287804 131859
1502287804 151095
1502287804 228276
1502287804 256159
1502287804 381466
1502287804 400788
1502287804 572891
1502287804 592153
1502287804 812569
1502287804 831912
1502287805 52018
1502287805 62272
1502287805 246644
1502287805 263992
1502287805 340609
1502287805 359886
1502287805 455861
1502287805 571110
1502287805 590376
1502287805 686468
1502287805 705744
1502287805 762685
1502287805 782027
1502287805 925998
1502287806 204812
1502287806 286103
1502287806 291253
1502287806 444226
1502287806 463730
1502287806 530553
1502287806 780346
1502287806 848740
1502287806 857566
1502287806 934204
1502287807 10619
1502287807 29907
1502287807 192846
1502287807 212222
1502287807 279934
1502287807 299198
1502287807 404293
1502287807 414588
1502287807 538583
1502287807 557882
1502287807 605712
1502287807 616354
1502287807 721281
1502287807 759146
1502287807 778416
1502287807 893434
1502287808 114900
1502287808 124302
1502287808 344558
1502287808 373845
1502287808 584958
1502287808 604327
1502287808 767354
1502287808 777165
1502287809 6943
1502287809 314574
1502287809 334074
1502287809 458910
1502287809 755702
1502287809 765983
1502287809 851844
1502287809 871170
1502287810 6106
1502287810 82674
1502287810 101709
1502287810 321944
1502287810 341307
1502287810 466207
1502287810 485561
1502287810 609613
1502287810 629007
1502287810 705801
1502287810 715184
1502287810 811213
1502287810 840354
1502287811 79732
1502287811 90047
1502287811 156769
1502287811 387358
1502287811 406658
1502287811 569857
1502287811 580037
1502287811 646859
1502287811 656353
1502287811 723139
1502287811 742499
1502287811 857615
1502287811 876938
1502287811 915609
1502287811 934874
1502287812 58836
1502287812 78116
1502287812 174162
1502287812 270380
1502287812 289573
1502287812 356528
1502287812 375849
1502287812 587090
1502287812 673371
1502287812 692671
1502287812 759526
1502287812 941885
1502287812 989965
1502287813 143422
1502287813 163544
1502287813 268585
1502287813 287999
1502287813 403021
1502287813 441395
1502287813 585295
1502287813 594598
1502287813 719640
1502287813 738972
1502287813 940171
1502287813 978513
1502287814 208747
1502287814 219016
1502287814 285949
1502287814 295266
1502287814 362982
1502287814 372324
1502287814 449290
1502287814 736897
1502287814 784975
1502287814 871239
1502287814 890367
1502287815 5536
1502287815 53667
1502287815 72893
1502287815 246069
1502287815 277498
1502287815 477114
1502287815 514632
1502287815 524959
1502287815 600845
1502287815 611123
1502287815 754271
1502287815 927607
1502287815 947067
1502287816 42927
1502287816 90005
1502287816 253359
1502287816 272708
1502287816 349604
1502287816 359809
1502287816 494195
1502287816 542309
1502287816 752442
1502287816 772869
1502287816 839560
1502287816 858980
1502287816 925881
1502287816 935199
1502287817 89191
1502287817 108492
1502287817 203542
1502287817 213932
1502287817 395989
1502287817 406203
1502287817 607399
1502287817 616767
1502287817 683573
1502287817 693908
1502287817 827841
1502287818 1158
1502287818 10518
1502287818 106597
1502287818 318040
1502287818 337371
1502287818 433196
1502287818 442489
1502287818 672808
1502287818 758960
1502287818 769192
1502287818 999455
1502287819 114734
1502287819 134226
1502287819 210090
1502287819 230404
1502287819 459610
1502287819 470002
1502287819 681113
1502287819 690452
1502287819 815716
1502287819 863631
1502287820 26838
1502287820 36106
1502287820 179243
1502287820 429027
1502287820 448136
1502287820 697421
1502287820 717846
1502287820 870815
1502287820 890020
1502287820 995086
1502287821 14495
1502287821 196530
1502287821 235952
1502287821 398492
1502287821 417531
1502287821 666617
1502287821 676955
1502287821 888137
1502287821 897412
1502287822 117788
1502287822 137909
1502287822 300131
1502287822 310424
1502287822 463462
1502287822 703973
1502287822 723229
1502287822 790126
1502287822 800357
1502287822 992000
1502287823 11305
1502287823 49764
1502287823 96867
1502287823 117035
1502287823 193019
1502287823 212286
1502287823 308323
1502287823 404542
1502287823 423843
1502287823 596915
1502287823 616173
1502287823 769497
1502287823 798679
1502287823 941793
1502287824 153134
1502287824 460880
1502287824 480306
1502287824 595284
1502287824 633280
1502287824 786650
1502287824 796839
1502287825 36156
1502287825 46785
1502287825 113376
1502287825 247665
1502287825 266965
1502287825 333884
1502287825 353269
1502287825 468123
1502287825 487453
1502287825 659637
1502287825 669908
1502287825 852027
1502287825 862387
1502287826 44422
1502287826 53836
1502287826 264941
1502287826 274290
1502287826 523708
1502287826 542937
1502287826 619756
1502287826 639168
1502287826 744108
1502287826 792219
1502287826 802458
1502287826 868480
1502287826 888698
1502287826 974579
1502287826 983920
1502287827 59915
1502287827 79189
1502287827 214280
1502287827 433892
1502287827 885861
1502287827 913794
1502287828 58179
1502287828 68434
1502287828 154375
1502287828 173603
1502287828 250604
1502287828 269552
1502287828 384920
1502287828 422852
1502287828 538233
1502287828 557574
1502287828 615440
1502287828 634302
1502287828 816889
1502287828 845311
1502287829 8342
1502287829 18467
1502287829 152647
1502287829 200652
1502287829 219944
1502287829 383174
1502287829 421296
1502287829 469283
1502287829 767400
1502287829 815530
1502287829 968531
1502287830 179042
1502287830 294306
1502287830 313238
1502287830 524812
1502287830 535099
1502287830 678234
1502287830 860555
1502287830 878909
1502287830 974868
1502287831 42029
1502287831 61292
1502287831 138620
1502287831 176368
1502287831 195648
1502287831 358852
1502287831 406844
1502287831 426280
1502287831 589310
1502287831 608438
1502287831 684472
1502287831 819789
1502287831 848113
1502287831 915053
1502287831 934277
1502287832 49330
1502287832 97458
1502287832 116745
1502287832 203614
1502287832 232043
1502287832 357043
1502287832 596621
1502287832 615924
1502287832 730884
1502287832 750154
1502287832 827006
1502287832 884251
1502287832 903512
1502287832 999499
1502287833 18780
1502287833 104964
1502287833 143781
1502287833 345263
1502287833 642901
1502287833 690359
1502287833 796311
1502287834 16947
1502287834 65246
1502287834 237564
1502287834 256709
1502287834 323572
1502287834 343640
1502287834 410656
1502287834 429936
1502287834 544975
1502287834 631192
1502287834 650501
1502287834 813629
1502287834 832882
1502287834 880679
1502287834 899958
1502287835 5047
1502287835 225664
1502287835 245976
1502287835 293629
1502287835 322003
1502287835 485128
1502287835 504497
1502287835 590438
1502287835 610893
1502287835 648454
1502287835 821009
1502287835 840279
1502287835 965249
1502287835 984501
1502287836 185809
1502287836 215041
1502287836 330033
1502287836 349387
1502287836 589620
1502287836 607956
1502287836 674856
1502287836 695174
1502287836 771034
1502287836 790410
1502287836 963481
1502287836 982822
1502287837 116867
1502287837 147195
1502287837 376447
1502287837 404741
1502287837 626021
1502287837 741297
1502287837 760758
1502287837 798354
1502287837 960817
1502287837 980136
1502287838 181607
1502287838 239662
1502287838 411862
1502287838 431131
1502287838 488917
1502287838 508193
1502287838 594210
1502287838 633486
1502287838 728571
1502287838 747828
1502287838 853761
1502287838 978209
1502287838 997631
1502287839 93420
1502287839 112984
1502287839 150697
1502287839 170722
1502287839 275718
1502287839 294953
1502287839 361967
1502287839 381272
1502287839 487470
1502287839 573494
1502287839 602736
1502287839 669627
1502287839 746136
1502287839 822978
1502287839 842347
1502287839 947345
1502287839 967514
1502287840 91701
1502287840 111079
1502287840 177948
1502287840 197239
1502287840 293193
1502287840 322511
1502287840 379312
1502287840 551872
1502287840 572140
1502287840 677099
1502287840 696298
1502287840 869662
1502287840 897495
1502287840 916789
1502287841 118944
1502287841 138260
1502287841 205387
1502287841 253578
1502287841 348529
1502287841 368697
1502287841 569262
1502287841 589250
1502287841 790462
1502287841 809874
1502287841 917435
1502287841 934065
1502287842 2291
1502287842 40075
1502287842 59416
1502287842 174378
1502287842 193667
1502287842 269598
1502287842 288829
1502287842 403868
1502287842 500201
1502287842 519685
1502287842 567317
1502287842 577527
1502287842 663476
1502287842 787829
1502287842 808041
1502287842 883972
1502287842 903317
1502287843 18474
1502287843 56690
1502287843 162591
1502287843 181871
1502287843 238844
1502287843 441237
1502287843 460492
1502287843 632706
1502287843 661802
1502287843 796100
1502287843 815286
1502287843 940382
1502287843 959846
1502287844 131988
1502287844 151081
1502287844 198980
1502287844 381407
1502287844 400767
1502287844 543852
1502287844 765308
1502287844 784573
1502287844 841524
1502287844 879990
1502287844 984976
1502287845 5165
1502287845 158400
1502287845 378766
1502287845 398132
1502287845 590205
1502287845 610085
1502287845 839712
1502287845 850109
1502287846 32146
1502287846 41452
1502287846 185572
1502287846 204934
1502287846 338863
1502287846 358386
1502287846 598349
1502287846 617738
1502287846 732718
1502287846 752067
1502287846 867058
1502287846 886332
1502287847 11327
1502287847 30633
1502287847 231829
1502287847 251297
1502287847 385211
1502287847 404829
1502287847 586706
1502287847 606045
1502287847 807242
1502287847 932549
1502287847 951889
1502287847 999617
1502287848 9911
1502287848 104893
1502287848 316320
1502287848 575864
1502287848 595501
1502287848 710117
1502287848 729505
1502287848 796343
1502287848 988755
1502287849 8081
1502287849 142114
1502287849 161506
1502287849 305503
1502287849 324796
1502287849 487887
1502287849 507245
1502287849 689369
1502287849 698819
1502287849 823660
1502287850 73775
1502287850 92578
1502287850 197528
1502287850 418940
1502287850 438185
1502287850 524260
1502287850 543594
1502287850 668520
1502287850 687881
1502287850 860090
1502287851 4323
1502287851 23541
1502287851 176997
1502287851 215745
1502287851 436344
1502287851 455548
1502287851 551504
1502287851 570831
1502287851 618697
1502287851 704959
1502287851 724207
1502287851 887736
1502287852 30688
1502287852 51168
1502287852 145993
1502287852 194060
1502287852 395568
1502287852 415015
1502287852 510754
1502287852 530125
1502287852 731316
1502287852 750668
1502287852 807543
1502287852 836879
1502287852 989949
1502287853 164
1502287853 210512
1502287853 230629
1502287853 441002
1502287853 604348
1502287853 623623
1502287853 738687
1502287853 796774
1502287853 816038
1502287853 988277
1502287854 7449
1502287854 65363
1502287854 161615
1502287854 180831
1502287854 392010
1502287854 411302
1502287854 468250
1502287854 487596
1502287854 602632
1502287854 621865
1502287854 669706
1502287854 679946
1502287854 785142
1502287854 804271
1502287854 862061
1502287854 881454
1502287854 929290
1502287854 948571
1502287855 168882
1502287855 351326
1502287855 370557
1502287855 428460
1502287855 447689
1502287855 504747
1502287855 774169
1502287855 917552
1502287855 927861
1502287856 109928
1502287856 157994
1502287856 311407
1502287856 320672
1502287856 426597
1502287856 445906
1502287856 512856
1502287856 532263
1502287856 647189
1502287856 753385
1502287856 772854
1502287856 867686
1502287856 886957
1502287856 943967
1502287856 964251
1502287857 79122
1502287857 98411
1502287857 146274
1502287857 155718
1502287857 270604
1502287857 520257
1502287857 895060
1502287857 914376
1502287858 10229
1502287858 29517
1502287858 86472
1502287858 96785
1502287858 153644
1502287858 173788
1502287858 268884
1502287858 288120
1502287858 403181
1502287858 605658
1502287858 624936
1502287858 748951
1502287858 768296
1502287858 826046
1502287858 845335
1502287858 950746
1502287858 988623
1502287859 8772
1502287859 103841
1502287859 123321
1502287859 161862
1502287859 181156
1502287859 267150
1502287859 286335
1502287859 353352
1502287859 420751
1502287859 564758
1502287859 584094
1502287859 641029
1502287859 661430
1502287859 776348
1502287859 795522
1502287859 890585
1502287859 909884
1502287860 131131
1502287860 140545
1502287860 216345
1502287860 236575
1502287860 341673
1502287860 360949
1502287860 437870
1502287860 457040
1502287860 552459
1502287860 591226
1502287860 610389
1502287860 715880
1502287860 763821
1502287860 830773
1502287860 841049
1502287860 984149
1502287861 3484
1502287861 61307
1502287861 214677
1502287861 233912
1502287861 339872
1502287861 359199
1502287861 425148
1502287861 445429
1502287861 579428
1502287861 770953
1502287861 790244
1502287861 915180
1502287861 924709
1502287861 972389
1502287861 991599
1502287862 173810
1502287862 423689
1502287862 499667
1502287862 518649
1502287862 605832
1502287862 615175
1502287862 711059
1502287862 730451
1502287862 874427
1502287862 912817
1502287863 133190
1502287863 153550
1502287863 363709
1502287863 642468
1502287863 680292
1502287863 699269
1502287863 853675
1502287863 872930
1502287863 967982
1502287863 997039
1502287864 179580
1502287864 506098
1502287864 515483
1502287864 678595
1502287864 697911
1502287864 890022
1502287864 909359
1502287865 120573
1502287865 129952
1502287865 235808
1502287865 245147
1502287865 485423
1502287865 504790
1502287865 609659
1502287865 619926
1502287865 792135
1502287865 811326
1502287865 917317
1502287865 926574
1502287866 166940
1502287866 186140
1502287866 253131
1502287866 272462
1502287866 377397
1502287866 415516
1502287866 463608
1502287866 482598
1502287866 655103
1502287866 674424
1502287866 722258
1502287866 741612
1502287866 789382
1502287866 808708
1502287866 904682
1502287866 923949
1502287867 58271
1502287867 192440
1502287867 211759
1502287867 278549
1502287867 297772
1502287867 345699
1502287867 479959
1502287867 662399
1502287867 854796
1502287867 874279
1502287867 931113
1502287867 950433
1502287868 8149
1502287868 37568
1502287868 104492
1502287868 123737
1502287868 199658
1502287868 220151
1502287868 257773
1502287868 420237
1502287868 439639
1502287868 478197
1502287868 497564
1502287868 621635
1502287868 833152
1502287868 852451
1502287868 919345
1502287868 957422
1502287868 986680
1502287869 52704
1502287869 71992
1502287869 235103
1502287869 254427
1502287869 369484
1502287869 388722
1502287869 449944
1502287869 475009
1502287869 561882
1502287869 588165
1502287869 705220
1502287869 733726
1502287869 896688
1502287869 916077
1502287869 983803
1502287870 3108
1502287870 175293
1502287870 195284
1502287870 242469
1502287870 357903
1502287870 378303
1502287870 434891
1502287870 454150
1502287870 521065
1502287870 540377
1502287870 626336
1502287870 693780
1502287870 837962
1502287870 859097
1502287870 943085
1502287871 77768
1502287871 97586
1502287871 288801
1502287871 313313
1502287871 346005
1502287871 499368
1502287871 519559
1502287871 643677
1502287871 663169
1502287871 797102
1502287871 960680
1502287871 979972
1502287872 123841
1502287872 238984
1502287872 258405
1502287872 488493
1502287872 507816
1502287872 651892
1502287872 814344
1502287872 833753
1502287872 910483
1502287872 929905
1502287873 160167
1502287873 179475
1502287873 323438
1502287873 342814
1502287873 439119
1502287873 458145
1502287873 697327
1502287873 721537
1502287873 784440
1502287873 803827
1502287874 14159
1502287874 34520
1502287874 263722
1502287874 407994
1502287874 427331
1502287874 628675
1502287874 648674
1502287874 897958
1502287874 917357
1502287874 984176
1502287875 70397
1502287875 89601
1502287875 195546
1502287875 214847
1502287875 320021
1502287875 483273
1502287875 790060
1502287875 810658
1502287875 877324
1502287875 896535
1502287875 972441
1502287875 992540
1502287876 106713
1502287876 183933
1502287876 203104
1502287876 385436
1502287876 634897
1502287876 654556
1502287876 769299
1502287877 76863
1502287877 96611
1502287877 182202
1502287877 201504
1502287877 296409
1502287877 315715
1502287877 469790
1502287877 489013
1502287877 556324
1502287877 594086
1502287877 824680
1502287877 968018
1502287877 988445
1502287878 64514
1502287878 103376
1502287878 122742
1502287878 284712
1502287878 304021
1502287878 506148
1502287878 515610
1502287878 764810
1502287878 784161
1502287878 966310
1502287878 985540
1502287879 206749
1502287879 226174
1502287879 292960
1502287879 322545
1502287879 532607
1502287879 840181
1502287879 859505
1502287879 993670
1502287880 12981
1502287880 89724
1502287880 109017
1502287880 291204
1502287880 310527
1502287880 492731
1502287880 512049
1502287880 637122
1502287880 656333
1502287880 723153
1502287880 800274
1502287880 819596
1502287880 886966
1502287880 905876
1502287881 58985
1502287881 78329
1502287881 213382
1502287881 308576
1502287881 327813
1502287881 404790
1502287881 434080
1502287881 510044
1502287881 530455
1502287881 740594
1502287881 760742
1502287881 894770
1502287881 904103
1502287882 115420
1502287882 134562
1502287882 316754
1502287882 336120
1502287882 518252
1502287882 537647
1502287882 729768
1502287882 749628
1502287882 931143
1502287882 950454
1502287883 65485
1502287883 286843
1502287883 315069
1502287883 516486
1502287883 529594
1502287883 757188
1502287883 776417
1502287884 6794
1502287884 30741
1502287884 189191
1502287884 208407
1502287884 342387
1502287884 601862
1502287884 621315
1502287884 870527
1502287884 890554
1502287884 965858
1502287884 985861
1502287885 119145
1502287885 167190
1502287885 186538
1502287885 359638
1502287885 379464
1502287885 416804
1502287885 436087
1502287885 686666
1502287885 791570
1502287886 80860
1502287886 117382
1502287886 138061
1502287886 328897
1502287886 377044
1502287886 396635
1502287886 501505
1502287886 522285
1502287886 664561
1502287886 683908
1502287886 933205
1502287886 953644
1502287887 163739
1502287887 183118
1502287887 384204
1502287887 403521
1502287887 576732
1502287887 596016
1502287887 681879
1502287887 701202
1502287887 787165
1502287887 807333
1502287887 922372
1502287887 950770
1502287888 200305
1502287888 220567
1502287888 421630
1502287888 441034
1502287888 642038
1502287888 661409
1502287888 843533
1502287888 862990
1502287888 969342
1502287888 988250
1502287889 103127
1502287889 294576
1502287889 314798
1502287889 468025
1502287889 487149
1502287889 650307
1502287889 669662
1502287889 870798
1502287889 890190
1502287890 34201
1502287890 53426
1502287890 264694
1502287890 283987
1502287890 399017
1502287890 418276
1502287890 619523
1502287890 639004
1502287890 715679
1502287890 734980
1502287890 820978
1502287890 840371
1502287891 3438
1502287891 22678
1502287891 233904
1502287891 253209
1502287891 339164
1502287891 359403
1502287891 407366
1502287891 426548
1502287891 512785
1502287891 560852
1502287891 781199
1502287892 49728
1502287892 97831
1502287892 155874
1502287892 175217
1502287892 318352
1502287892 338650
1502287892 405607
1502287892 429189
1502287892 548901
1502287892 568204
1502287892 760586
1502287892 779718
1502287892 875615
1502287892 894944
1502287893 9952
1502287893 29158
1502287893 192265
1502287893 211640
1502287893 335598
1502287893 354908
1502287893 431848
1502287893 451158
1502287893 681520
1502287893 700754
1502287893 757829
1502287893 796058
1502287893 862937
1502287893 883176
1502287894 84397
1502287894 103840
1502287894 323996
1502287894 343287
1502287894 564426
1502287894 583886
1502287894 765893
1502287894 986490
1502287895 5657
1502287895 227038
1502287895 246306
1502287895 342140
1502287895 361763
1502287895 495536
1502287895 514894
1502287895 591693
1502287895 611644
1502287895 687044
1502287895 707231
1502287895 793671
1502287895 937112
1502287895 956096
1502287896 22741
1502287896 243235
1502287896 263444
1502287896 339495
1502287896 387902
1502287896 569996
1502287896 618023
1502287896 714334
1502287896 723662
1502287896 934869
1502287896 984535
1502287897 136451
1502287897 155679
1502287897 260581
1502287897 279929
1502287897 356758
1502287897 376090
1502287897 529272
1502287897 548598
1502287897 768850
1502287897 779074
1502287898 18374
1502287898 28692
1502287898 277952
1502287898 306845
1502287898 470343
1502287898 489555
1502287898 700853
1502287898 720152
1502287898 911362
1502287898 930617
1502287899 16611
1502287899 35939
1502287899 189978
1502287899 209373
1502287899 410469
1502287899 582971
1502287899 602266
1502287899 765392
1502287899 784620
1502287899 851524
1502287899 995921
1502287900 15188
1502287900 120486
1502287900 159189
1502287900 178617
1502287900 331530
1502287900 350931
1502287900 427741
1502287900 447047
1502287900 523978
1502287900 543436
1502287900 619237
1502287900 639390
1502287900 791728
1502287900 811900
1502287900 877942
1502287900 897190
1502287901 70402
1502287901 89655
1502287901 242789
1502287901 262155
1502287901 387122
1502287901 406517
1502287901 511377
1502287901 559396
1502287901 578704
1502287901 684691
1502287901 703995
1502287901 953324
1502287901 972601
1502287902 135948
1502287902 165019
1502287902 231879
1502287902 395239
1502287902 568078
1502287902 587111
1502287902 711880
1502287902 730464
1502287902 903684
1502287903 57047
1502287903 81764
1502287903 191176
1502287903 210535
1502287903 307603
1502287903 421623
1502287903 623070
1502287903 642398
1502287903 700204
1502287903 728640
1502287903 882593
1502287903 920823
1502287903 940081
1502287904 151244
1502287904 170675
1502287904 400863
1502287904 439189
1502287904 535128
1502287904 554486
1502287904 621346
1502287904 669487
1502287904 841941
1502287904 862099
1502287904 929031
1502287904 950332
1502287905 149541
1502287905 168904
1502287905 331891
1502287905 351188
1502287905 533369
1502287905 552692
1502287905 610583
1502287905 715831
1502287905 727063
1502287905 869227
1502287905 888679
1502287905 960464
1502287905 974882
1502287906 69764
1502287906 88971
1502287906 146866
1502287906 300284
1502287906 463601
1502287906 473788
1502287906 626902
1502287906 649321
1502287906 828792
1502287906 866584
1502287906 885830
1502287907 107404
1502287907 289445
1502287907 298816
1502287907 413722
1502287907 433015
1502287907 558068
1502287907 577378
1502287907 750389
1502287907 769756
1502287907 903724
1502287907 913216
1502287907 980078
1502287908 198
1502287908 143318
1502287908 182463
1502287908 441015
1502287908 451282
1502287908 719659
1502287908 738946
1502287908 815837
1502287908 835187
1502287909 27425
1502287909 46549
1502287909 161563
1502287909 170972
1502287909 334017
1502287909 344257
1502287909 506455
1502287909 516669
1502287909 727908
1502287909 737247
1502287909 814066
1502287909 833369
1502287909 977515
1502287909 996819
1502287910 53677
1502287910 73950
1502287910 149836
1502287910 198629
1502287910 246004
1502287910 265422
1502287910 418574
1502287910 438785
1502287910 505595
1502287910 591810
1502287910 611074
1502287910 726260
1502287910 764192
1502287910 860417
1502287910 879810
1502287911 61980
1502287911 81378
1502287911 254314
1502287911 275141
1502287911 359532
1502287911 379019
1502287911 436863
1502287911 483927
1502287911 695353
1502287911 714701
1502287911 868636
1502287912 99111
1502287912 108435
1502287912 204678
1502287912 252822
1502287912 376855
1502287912 396238
1502287912 617375
1502287912 637208
1502287912 751800
1502287912 771066
1502287912 885962
1502287912 896255
1502287913 68448
1502287913 87736
1502287913 173654
1502287913 183920
1502287913 307954
1502287913 328223
1502287913 376028
1502287913 389201
1502287913 452260
1502287913 471748
1502287913 510310
1502287913 529617
1502287913 663698
1502287913 711811
1502287913 875131
1502287913 884474
1502287914 95717
1502287914 105005
1502287914 335282
1502287914 355483
1502287914 393363
1502287914 412634
1502287914 517656
1502287914 537874
1502287914 604762
1502287914 628976
1502287914 739232
1502287914 873409
1502287914 892729
1502287914 988614
1502287915 7905
1502287915 64857
1502287915 276316
1502287915 286568
1502287915 429749
1502287915 448957
1502287915 555225
1502287915 737461
1502287915 756655
1502287915 948789
1502287915 958094
1502287916 83088
1502287916 102365
1502287916 284520
1502287916 303893
1502287916 408922
1502287916 428335
1502287916 591324
1502287916 601610
1502287916 668465
1502287916 687899
1502287916 841175
1502287917 4213
1502287917 14513
1502287917 148606
1502287917 196582
1502287917 206093
1502287917 349960
1502287917 360208
1502287917 427064
1502287917 465515
1502287917 609498
1502287917 647851
1502287917 743768
1502287917 907135
1502287917 926473
1502287918 79588
1502287918 98883
1502287918 291067
1502287918 310413
1502287918 434461
1502287918 454689
1502287918 636791
1502287918 656178
1502287918 761116
1502287918 924524
1502287918 953747
1502287919 184061
1502287919 193502
1502287919 279333
1502287919 298635
1502287919 433796
1502287919 452990
1502287919 519798
1502287919 539152
1502287919 769343
1502287920 67038
1502287920 76343
1502287920 316614
1502287920 335725
1502287920 518047
1502287920 537381
1502287920 777632
1502287920 786959
1502287920 969076
1502287921 113392
1502287921 132642
1502287921 256773
1502287921 304835
1502287921 401092
1502287921 420409
1502287921 477293
1502287921 496602
1502287921 563502
1502287921 630913
1502287921 794248
1502287921 880161
1502287921 899640
1502287922 54949
1502287922 101293
1502287922 123584
1502287922 341235
1502287922 351206
1502287922 455906
1502287922 705179
1502287922 964671
1502287922 984161
1502287923 99028
1502287923 137357
1502287923 224200
1502287923 243519
1502287923 329477
1502287923 339716
1502287923 492857
1502287923 512166
1502287923 579194
1502287923 598317
1502287923 790478
1502287923 799846
1502287923 933914
1502287923 973236
1502287924 40039
1502287924 59364
1502287924 279604
1502287924 299047
1502287924 549120
1502287924 568409
1502287924 778796
1502287924 799027
1502287924 923719
1502287924 942456
1502287925 115495
1502287925 134764
1502287925 345984
1502287925 365297
1502287925 595542
1502287925 816039
1502287925 825443
1502287925 912176
1502287925 931486
1502287926 27475
1502287926 36829
1502287926 93717
1502287926 113228
1502287926 151797
1502287926 171174
1502287926 247070
1502287926 285282
1502287926 496651
1502287926 640968
1502287926 660421
1502287926 756288
1502287926 794236
1502287927 43893
1502287927 82042
1502287927 207192
1502287927 226186
1502287927 293421
1502287927 312746
1502287927 446900
1502287927 782651
1502287927 811578
1502287927 936941
1502287928 176499
1502287928 204888
1502287928 387024
1502287928 406261
1502287928 578488
1502287928 607770
1502287928 693713
1502287928 713077
1502287928 895191
1502287928 914640
1502287929 144718
1502287929 164092
1502287929 374494
1502287929 394750
1502287929 461472
1502287929 490049
1502287929 633938
1502287929 653440
1502287929 864391
1502287930 46796
1502287930 66278
1502287930 162075
1502287930 181521
1502287930 344576
1502287930 363888
1502287930 430715
1502287930 450180
1502287930 632191
1502287930 958910
1502287930 978240
1502287931 64132
1502287931 83535
1502287931 179328
1502287931 198606
1502287931 284633
1502287931 304097
1502287931 390838
1502287931 659534
1502287931 697487
1502287931 745635
1502287932 72631
1502287932 91900
1502287932 273819
1502287932 293344
1502287932 408179
1502287932 427384
1502287932 571548
1502287932 590781
1502287932 792204
1502287932 811344
1502287932 955365
1502287932 983841
1502287933 214068
1502287933 243301
1502287933 339196
1502287933 559789
1502287933 579061
1502287933 674968
1502287933 694362
1502287933 809311
1502287933 857433
1502287933 876766
1502287933 991692
1502287934 88013
1502287934 107098
1502287934 155031
1502287934 184419
1502287934 356781
1502287934 413990
1502287934 577110
1502287934 596477
1502287934 654197
1502287934 673553
1502287934 749454
1502287934 864734
1502287934 932009
1502287934 952252
1502287935 95601
1502287935 153651
1502287935 296727
1502287935 316915
1502287935 383783
1502287935 403375
1502287935 508432
1502287935 556535
1502287935 652557
1502287935 671817
1502287935 902086
1502287935 959183
1502287936 84511
1502287936 333956
1502287936 353300
1502287936 515458
1502287936 544762
1502287936 650780
1502287936 697845
1502287936 794160
1502287936 813418
1502287936 880361
1502287936 909565
1502287937 43607
1502287937 62892
1502287937 129824
1502287937 149202
1502287937 312274
1502287937 356306
1502287937 533150
1502287937 591096
1502287937 725152
1502287937 821387
1502287937 840619
1502287938 32016
1502287938 51248
1502287938 205290
1502287938 435784
1502287938 627214
1502287938 646568
1502287938 809660
1502287938 838092
1502287939 87370
1502287939 250684
1502287939 270248
1502287939 308822
1502287939 328033
1502287939 490300
1502287939 528729
1502287939 643689
1502287939 672970
1502287939 759210
1502287939 922331
1502287939 941774
1502287940 56643
1502287940 75976
1502287940 219914
1502287940 241349
1502287940 325252
1502287940 345383
1502287940 393260
1502287940 412489
1502287940 479455
1502287940 498727
1502287940 632813
1502287940 652087
1502287940 718996
1502287940 738344
1502287940 863376
1502287940 892771
1502287941 102922
1502287941 142653
1502287941 304349
1502287941 333606
1502287941 525923
1502287941 554317
1502287941 736489
1502287941 909725
1502287942 216507
1502287942 417941
1502287942 438038
1502287942 600445
1502287942 620592
1502287942 687345
1502287942 715797
1502287942 830783
1502287942 860112
1502287943 70513
1502287943 291754
1502287943 311055
1502287943 474300
1502287943 493588
1502287943 674892
1502287943 694086
1502287943 876253
1502287943 896672
1502287944 116798
1502287944 136128
1502287944 356381
1502287944 375591
1502287944 443448
1502287944 462792
1502287944 586906
1502287944 606219
1502287944 817744
1502287944 836914
1502287945 10327
1502287945 153222
1502287945 173501
1502287945 259808
1502287945 471317
1502287945 490125
1502287945 547055
1502287945 566388
1502287945 624089
1502287945 652544
1502287945 710282
1502287945 777735
1502287945 940781
1502287945 960357
1502287946 16982
1502287946 36347
1502287946 123234
1502287946 142464
1502287946 199358
1502287946 219071
1502287946 257518
1502287946 276896
1502287946 352811
1502287946 439001
1502287946 497042
1502287946 516455
1502287946 602354
1502287946 640431
1502287946 669846
1502287946 890178
1502287946 910429
1502287947 5279
1502287947 149681
1502287947 217038
1502287947 302938
1502287947 322313
1502287947 456888
1502287947 476760
1502287947 543459
1502287947 581995
1502287947 783051
1502287947 802437
1502287947 869333
1502287947 908555
1502287948 61582
1502287948 81266
1502287948 215083
1502287948 253487
1502287948 426444
1502287948 483958
1502287948 723172
1502287948 742485
1502287948 780325
1502287948 800491
1502287948 876577
1502287948 972815
1502287948 992112
1502287949 88050
1502287949 193351
1502287949 213672
1502287949 308502
1502287949 442912
1502287949 463359
1502287949 539029
1502287949 577402
1502287949 731898
1502287949 835748
1502287949 856010
1502287949 961029
1502287949 980360
1502287950 95320
1502287950 114597
1502287950 345494
1502287950 364435
1502287950 470164
1502287950 642659
1502287950 652906
1502287950 776928
1502287950 796367
1502287951 285953
1502287951 305399
1502287951 400379
1502287951 660459
1502287951 909407
1502287951 928801
1502287951 986548
1502287952 5820
1502287952 149978
1502287952 360517
1502287952 456609
1502287952 475959
1502287952 581090
1502287952 601122
1502287952 687133
1502287952 706427
1502287952 754519
1502287952 792444
1502287952 888586
1502287952 907909
1502287952 965706
1502287952 985031
1502287953 51913
1502287953 61317
1502287953 195463
1502287953 215951
1502287953 253447
1502287953 272797
1502287953 455561
1502287953 492988
1502287953 512302
1502287953 627383
1502287953 714458
1502287953 733849
1502287953 848768
1502287953 868277
1502287954 12116
1502287954 31609
1502287954 127383
1502287954 137321
1502287954 357699
1502287954 377258
1502287954 597476
1502287954 616789
1502287954 693653
1502287954 732204
1502287954 827944
1502287954 847361
1502287954 923203
1502287954 942524
1502287955 124696
1502287955 144903
1502287955 278915
1502287955 566678
1502287955 586039
1502287955 662822
1502287955 682183
1502287955 809778
1502287955 864372
1502287955 883675
1502287956 65792
1502287956 105129
1502287956 248142
1502287956 258433
1502287956 373424
1502287956 411813
1502287956 593961
1502287956 613280
1502287956 766440
1502287956 786589
1502287956 833569
1502287956 881611
1502287957 112148
1502287957 294615
1502287957 313956
1502287957 505966
1502287957 669431
1502287957 678765
1502287957 822776
1502287957 842229
1502287957 918991
1502287957 938205
1502287958 110479
1502287958 178019
1502287958 321872
1502287958 369964
1502287958 379212
1502287958 743879
1502287958 783105
1502287958 907231
1502287958 926606
1502287959 3338
1502287959 22708
1502287959 89563
1502287959 108876
1502287959 301023
1502287959 339156
1502287959 531581
1502287959 540793
1502287959 627766
1502287959 646965
1502287959 732956
1502287959 762460
1502287959 848205
1502287959 868365
1502287960 116845
1502287960 136477
1502287960 357325
1502287960 376602
1502287960 452623
1502287960 472789
1502287960 597019
1502287960 616329
1502287960 712138
1502287960 731426
1502287960 837406
1502287960 856707
1502287960 923608
1502287960 942962
1502287961 28906
1502287961 48215
1502287961 173231
1502287961 192495
1502287961 249460
1502287961 307554
1502287961 326731
1502287961 412835
1502287961 432010
1502287961 508940
1502287961 528301
1502287961 585207
1502287961 605417
1502287961 720403
1502287961 902871
1502287961 912158
1502287962 75302
1502287962 218614
1502287962 314822
1502287962 334121
1502287962 381911
1502287962 401284
1502287962 487338
1502287962 506582
1502287962 631742
1502287962 669934
1502287962 862105
1502287963 6349
1502287963 25664
1502287963 207825
1502287963 255063
1502287963 476379
1502287963 495837
1502287963 638892
1502287963 649117
1502287963 812175
1502287963 831608
1502287963 955633
1502287963 981292
1502287964 128923
1502287964 138239
1502287964 339506
1502287964 358943
1502287964 551100
1502287964 570315
1502287964 771461
1502287964 790737
1502287965 40041
1502287965 59569
1502287965 203430
1502287965 270664
1502287965 289861
1502287965 433879
1502287965 453177
1502287965 511065
1502287965 549179
1502287965 740660
1502287965 750862
1502287965 846933
1502287965 866281
1502287966 125817
1502287966 239762
1502287966 260166
1502287966 335950
1502287966 355282
1502287966 480312
1502287966 510786
1502287966 700764
1502287966 720113
1502287966 787010
1502287966 807175
1502287966 941324
1502287966 960570
1502287967 27430
1502287967 46815
1502287967 104583
1502287967 123910
1502287967 219016
1502287967 354192
1502287967 363533
1502287967 440431
1502287967 449673
1502287967 516620
1502287967 536864
1502287967 603704
1502287967 728111
1502287967 747484
1502287967 872397
1502287968 6682
1502287968 26139
1502287968 111936
1502287968 131218
1502287968 227242
1502287968 246615
1502287968 361601
1502287968 380853
1502287968 457665
1502287968 506174
1502287968 582936
1502287968 592410
1502287968 688488
1502287968 803632
1502287968 823025
1502287968 908706
1502287968 928127
1502287969 14889
1502287969 34257
1502287969 225602
1502287969 427824
1502287969 447197
1502287969 533060
1502287969 849938
1502287969 869241
1502287970 32234
1502287970 51503
1502287970 118455
1502287970 137747
1502287970 271795
1502287970 291118
1502287970 396117
1502287970 416268
1502287970 540393
1502287970 559704
1502287970 684645
1502287970 704018
1502287970 790005
1502287970 809329
1502287970 915325
1502287971 30520
1502287971 49853
1502287971 221945
1502287971 241290
1502287971 481600
1502287971 683011
1502287971 702262
1502287971 884523
1502287971 951580
1502287971 970869
1502287972 153056
1502287972 364491
1502287972 383963
1502287972 498856
1502287972 528191
1502287972 604132
1502287972 614348
1502287972 761154
1502287972 786774
1502287972 921678
1502287973 104153
1502287973 123478
1502287973 266562
1502287973 362751
1502287973 382011
1502287973 477996
1502287973 497337
1502287973 555143
1502287973 574457
1502287973 670370
1502287973 689783
1502287973 775662
1502287973 794982
1502287973 939020
1502287974 35252
1502287974 54577
1502287974 265691
1502287974 294198
1502287974 467254
1502287974 476552
1502287974 562482
1502287974 582743
1502287974 706836
1502287974 726194
1502287974 783877
1502287974 803218
1502287974 918626
1502287974 956378
1502287974 975622
1502287975 157877
1502287975 177056
1502287975 243966
1502287975 263267
1502287975 426368
1502287975 445727
1502287975 503751
1502287975 541673
1502287975 560877
1502287975 685926
1502287975 705770
1502287975 829363
1502287975 848599
1502287975 916502
1502287976 69805
1502287976 89187
1502287976 184163
1502287976 203518
1502287976 280357
1502287976 299661
1502287976 452831
1502287976 472152
1502287976 587202
1502287976 606501
1502287976 721628
1502287976 817605
1502287977 76235
1502287977 95642
1502287977 172466
1502287977 191757
1502287977 297641
1502287977 316987
1502287977 556279
1502287977 566533
1502287977 642835
1502287977 681535
1502287977 700831
1502287977 892091
1502287977 902338
1502287977 998251
1502287978 7856
1502287978 218717
1502287978 238086
1502287978 401177
1502287978 420505
1502287978 659816
1502287978 679048
1502287978 814080
1502287978 833434
1502287979 24668
1502287979 44001
1502287979 207027
1502287979 294197
1502287979 313447
1502287979 456617
1502287979 649209
1502287979 764277
1502287979 773603
1502287979 879544
1502287980 215310
1502287980 234674
1502287980 359635
1502287980 378846
1502287980 445767
1502287980 465097
1502287980 570113
1502287980 589442
1502287980 666329
1502287980 685691
1502287980 810605
1502287980 829909
1502287980 906761
1502287980 926130
1502287981 2084
1502287981 41434
1502287981 299767
1502287981 434011
1502287981 692762
1502287981 712908
1502287981 817928
1502287981 837273
1502287981 914138
1502287981 962272
1502287982 10427
1502287982 29665
1502287982 163654
1502287982 183011
1502287982 298046
1502287982 317207
1502287982 394238
1502287982 403518
1502287982 461331
1502287982 480735
1502287982 537560
1502287982 556883
1502287982 710065
1502287982 729603
1502287982 768065
1502287982 787387
1502287982 892416
1502287982 930824
1502287983 36662
1502287983 74817
1502287983 200020
1502287983 219353
1502287983 286230
1502287983 305533
1502287983 363383
1502287983 382668
1502287983 506911
1502287983 526037
1502287983 613018
1502287983 632443
1502287983 852529
1502287983 890632
1502287983 966896
1502287983 987275
1502287984 149395
1502287984 331714
1502287984 360976
1502287984 514124
1502287984 533529
1502287984 600357
1502287984 619603
1502287984 801860
1502287984 811100
1502287984 974205
1502287984 984409
1502287985 137579
1502287985 146858
1502287985 252772
1502287985 272067
1502287985 339293
1502287985 473296
1502287985 483511
1502287985 741948
1502287985 780984
1502287986 1513
1502287986 11686
1502287986 212914
1502287986 356331
1502287986 376506
1502287986 443568
1502287986 482042
1502287986 683055
1502287986 702438
1502287986 875427
1502287986 894944
1502287986 951663
1502287986 961883
1502287987 66905
1502287987 86198
1502287987 182156
1502287987 201434
1502287987 259287
1502287987 288633
1502287987 355549
1502287987 374816
1502287987 441654
1502287987 460929
1502287987 546998
1502287987 566294
1502287987 633165
1502287987 643355
1502287987 700322
1502287987 720458
1502287987 873766
1502287987 883094
1502287988 17058
1502287988 27308
1502287988 132301
1502287988 152533
1502287988 228480
1502287988 247871
1502287988 314706
1502287988 420842
1502287988 440154
1502287988 564331
1502287988 583516
1502287988 631420
1502287988 679533
1502287988 775876
1502287988 958461
1502287989 6657
1502287989 149665
1502287989 169907
1502287989 274845
1502287989 294223
1502287989 457417
1502287989 505531
1502287989 514839
1502287989 764037
1502287989 774319
1502287989 860249
1502287990 52678
1502287990 72074
1502287990 176943
1502287990 196205
1502287990 273140
1502287990 292320
1502287990 388406
1502287990 436841
1502287990 599863
1502287990 619166
1502287990 676044
1502287990 695583
1502287990 734103
1502287991 40865
1502287991 51070
1502287991 137249
1502287991 175185
1502287991 329460
1502287991 405897
1502287991 425004
1502287991 569061
1502287991 588346
1502287991 646225
1502287991 665487
1502287991 799634
1502287991 818887
1502287991 885753
1502287991 905231
1502287992 68251
1502287992 106313
1502287992 125601
1502287992 260568
1502287992 280039
1502287992 317730
1502287992 336989
1502287992 413925
1502287992 433127
1502287992 586338
1502287992 864040
1502287992 903022
1502287992 989328
1502287993 8658
1502287993 94539
1502287993 113924
1502287993 190757
1502287993 238862
1502287993 258150
1502287993 354155
1502287993 363511
1502287993 459626
1502287993 507714
1502287993 593656
1502287993 603843
1502287993 756989
1502287993 776397
1502287993 891474
1502287993 910680
1502287994 82905
1502287994 179025
1502287994 188285
1502287994 389531
1502287994 399889
1502287994 504877
1502287994 533783
1502287994 611020
1502287994 706281
1502287994 716531
1502287994 802469
1502287994 812870
1502287995 42062
1502287995 71007
1502287995 320685
1502287995 330863
1502287995 435868
1502287995 455129
1502287995 532092
1502287995 695498
1502287995 714788
1502287995 848849
1502287995 867854
1502287995 925038
1502287995 964056
1502287996 69315
1502287996 79514
1502287996 155502
1502287996 175658
1502287996 261698
1502287996 280692
1502287996 367138
1502287996 386216
1502287996 453223
1502287996 693730
1502287996 713047
1502287996 866119
1502287997 201888
1502287997 230820
1502287997 317177
1502287997 327370
1502287997 566728
1502287997 595688
1502287997 749201
1502287997 874313
1502287997 893573
1502287998 37965
1502287998 85141
1502287998 267370
1502287998 296272
1502287998 392604
1502287998 421536
1502287998 469700
1502287998 488871
1502287998 555895
1502287998 575105
1502287998 671171
1502287998 719213
1502287998 834544
1502287998 853489
1502287999 64142
1502287999 83995
1502287999 246597
1502287999 266709
1502287999 303692
1502287999 351733
1502287999 514397
1502287999 534393
1502287999 629471
1502287999 649594
1502287999 735678
1502287999 754926
1502287999 840878
1502287999 860229
1502287999 907133
1502288000 128697
1502288000 214919
1502288000 234261
1502288000 301138
1502288000 320314
1502288000 550674
1502288000 570003
1502288000 636846
1502288000 676181
1502288000 810112
1502288000 829536
1502288000 906316
1502288001 136004
1502288001 414624
1502288001 462641
1502288001 481869
1502288001 596888
1502288001 616398
1502288001 692246
1502288001 712477
1502288001 836859
1502288001 884995
1502288002 28869
1502288002 48217
1502288002 134235
1502288002 153621
1502288002 278445
1502288002 297872
1502288002 383775
1502288002 441862
1502288002 461186
1502288002 652326
1502288002 776662
1502288002 796812
1502288002 862872
1502288002 930064
1502288002 950229
1502288003 35328
1502288003 54653
1502288003 112510
1502288003 131638
1502288003 208633
1502288003 227934
1502288003 391125
1502288003 410438
1502288003 630636
1502288003 649929
1502288003 823117
1502288003 842533
1502288004 62598
1502288004 81908
1502288004 158770
1502288004 178274
1502288004 370266
1502288004 389546
1502288004 523601
1502288004 542879
1502288004 715087
1502288004 734393
1502288004 974669
1502288004 993970
1502288005 108928
1502288005 138205
1502288005 234187
1502288005 253401
1502288005 377843
1502288005 559978
1502288005 579288
1502288005 733270
1502288005 905742
1502288005 925242
1502288005 963806
1502288005 983139
1502288006 78139
1502288006 98338
1502288006 184305
1502288006 203673
1502288006 318937
1502288006 338078
1502288006 385796
1502288006 415083
1502288006 539406
1502288006 578192
1502288006 644424
1502288006 673723
1502288006 904063
1502288006 942370
1502288007 143577
1502288007 249722
1502288007 451339
1502288007 470514
1502288007 575567
1502288007 883229
1502288007 902481
1502288007 969484
1502288007 988705
1502288008 161827
1502288008 181118
1502288008 430407
1502288008 449694
1502288008 660919
1502288008 881461
1502288008 900755
1502288009 121028
1502288009 141269
1502288009 303444
1502288009 351802
1502288009 525179
1502288009 562948
1502288009 582272
1502288009 716359
1502288009 735619
1502288009 812544
1502288009 831744
1502288009 965909
1502288010 13944
1502288010 234527
1502288010 254750
1502288010 349769
1502288010 369977
1502288010 571226
1502288010 590529
1502288010 743590
1502288010 762979
1502288010 839781
1502288010 859095
1502288011 60347
1502288011 79709
1502288011 137477
1502288011 156961
1502288011 194615
1502288011 214827
1502288011 271836
1502288011 291035
1502288011 435130
1502288011 617651
1502288011 646853
1502288011 799957
1502288011 848309
1502288011 924291
1502288011 943566
1502288012 58592
1502288012 78739
1502288012 231888
1502288012 251192
1502288012 308148
1502288012 356249
1502288012 376466
1502288012 510454
1502288012 529806
1502288012 596707
1502288012 616027
1502288012 769130
1502288012 788417
1502288012 903467
1502288012 922752
1502288012 999674
1502288013 18917
1502288013 201262
1502288013 220582
1502288013 411714
1502288013 431040
1502288013 536995
1502288013 556202
1502288013 652171
1502288013 672516
1502288013 709363
1502288013 910755
1502288013 959061
1502288013 978513
1502288014 151293
1502288014 170624
1502288014 256608
1502288014 276037
1502288014 333693
1502288014 353050
1502288014 487056
1502288014 679486
1502288014 717900
1502288014 794716
1502288014 813969
1502288014 957201
1502288014 976424
1502288015 63324
1502288015 82538
1502288015 139577
1502288015 159973
1502288015 197605
1502288015 292948
1502288015 313139
1502288015 523487
1502288015 571551
1502288015 783039
1502288015 802376
1502288015 888289
1502288016 128795
1502288016 148195
1502288016 359884
1502288016 397411
1502288016 416618
1502288016 493644
1502288016 666009
1502288016 953764
1502288017 1903
1502288017 22035
1502288017 194171
1502288017 261540
1502288017 338410
1502288017 357903
1502288017 395555
1502288017 414881
1502288017 510855
1502288017 530099
1502288017 636092
1502288017 818547
1502288017 838294
1502288017 914066
1502288017 952841
1502288017 972079
1502288018 144295
1502288018 163576
1502288018 230537
1502288018 269795
1502288018 432850
1502288018 452180
1502288018 624385
1502288018 643902
1502288018 720555
1502288018 739824
1502288018 922021
1502288018 960178
1502288018 980330
1502288019 75421
1502288019 94657
1502288019 315864
1502288019 335155
1502288019 517383
1502288019 546593
1502288019 766875
1502288019 786204
1502288020 6490
1502288020 26715
1502288020 112646
1502288020 131959
1502288020 237140
1502288020 256332
1502288020 324135
1502288020 343375
1502288020 448393
1502288020 467824
1502288020 544617
1502288020 688975
1502288020 708204
1502288020 803276
1502288020 890355
1502288020 976624
1502288020 995880
1502288021 168074
1502288021 197393
1502288021 360533
1502288021 379806
1502288021 485714
1502288021 504990
1502288021 600034
1502288021 668383
1502288021 754318
1502288021 802477
1502288021 821737
1502288021 984949
1502288022 4161
1502288022 41975
1502288022 61292
1502288022 157296
1502288022 186606
1502288022 310635
1502288022 329937
1502288022 415925
1502288022 464001
1502288022 483223
1502288022 636479
1502288022 656586
1502288022 713546
1502288022 732772
1502288022 828799
1502288022 848103
1502288022 973141
1502288022 992349
1502288023 69570
1502288023 222780
1502288023 242002
1502288023 318859
1502288023 338144
1502288023 405073
1502288023 424292
1502288023 491265
1502288023 529678
1502288023 606553
1502288023 625840
1502288023 770150
1502288023 818187
1502288023 990353
1502288024 9697
1502288024 57633
1502288024 326353
1502288024 345445
1502288024 413330
1502288024 460732
1502288024 566639
1502288024 585971
1502288024 787260
1502288024 806630
1502288024 883443
1502288025 85015
1502288025 104157
1502288025 325376
1502288025 344725
1502288025 574929
1502288025 594343
1502288025 737391
1502288025 757798
1502288025 795430
1502288025 814704
1502288025 967851
1502288025 997126
1502288026 74005
1502288026 93339
1502288026 178402
1502288026 207629
1502288026 284615
1502288026 303827
1502288026 399783
1502288026 419104
1502288026 485988
1502288026 505285
1502288026 591349
1502288026 610564
1502288026 687483
1502288026 706786
1502288026 927170
1502288026 947341
1502288027 138624
1502288027 167879
1502288027 398166
1502288027 417458
1502288027 628760
1502288027 647997
1502288027 762902
1502288027 782307
1502288027 926287
1502288027 945536
1502288028 117964
1502288028 146747
1502288028 300238
1502288028 319572
1502288028 540650
1502288028 560008
1502288028 732187
1502288028 751529
1502288028 857327
1502288028 876614
1502288029 49010
1502288029 222320
1502288029 241606
1502288029 346536
1502288029 635040
1502288029 654374
1502288029 778663
1502288029 797776
1502288030 47134
1502288030 383859
1502288030 403142
1502288030 604349
1502288030 623601
1502288030 729545
1502288030 757830
1502288030 824816
1502288030 845074
1502288031 26299
1502288031 46454
1502288031 199847
1502288031 401063
1502288031 420301
1502288031 468220
1502288031 487543
1502288031 554494
1502288031 727755
1502288031 747032
1502288031 824077
1502288031 871159
1502288031 891299
1502288032 44543
1502288032 63804
1502288032 111624
1502288032 216955
1502288032 236159
1502288032 399466
1502288032 475566
1502288032 494856
1502288032 696339
1502288032 734202
1502288032 936576
1502288033 41862
1502288033 61319
1502288033 138063
1502288033 157334
1502288033 291389
1502288033 310684
1502288033 377575
1502288033 396925
1502288033 530991
1502288033 551182
1502288033 713408
1502288033 761796
1502288033 885853
1502288033 906007
1502288034 49312
1502288034 68529
1502288034 145346
1502288034 346794
1502288034 366094
1502288034 548385
1502288034 567875
1502288034 654484
1502288034 673706
1502288034 874980
1502288034 894253
1502288034 980421
1502288035 248908
1502288035 269094
1502288035 489379
1502288035 508702
1502288035 642771
1502288035 671974
1502288035 825192
1502288035 844452
1502288035 940617
1502288036 84742
1502288036 103959
1502288036 343342
1502288036 363513
1502288036 506728
1502288036 526040
1502288036 650966
1502288036 670423
1502288036 871649
1502288036 890754
1502288036 996708
1502288037 15966
1502288037 160131
1502288037 179326
1502288037 418743
1502288037 438170
1502288037 514834
1502288037 534232
1502288037 659218
1502288037 946962
1502288037 966175
1502288038 148344
1502288038 167714
1502288038 273563
1502288038 292898
1502288038 484120
1502288038 504505
1502288038 695550
1502288038 714797
1502288038 752710
1502288038 772008
1502288038 935104
1502288038 954953
1502288038 992298
1502288039 11626
1502288039 126582
1502288039 145849
1502288039 222795
1502288039 260942
1502288039 280237
1502288039 462450
1502288039 501476
1502288039 520736
1502288039 711971
1502288039 731237
1502288039 827175
1502288040 95865
1502288040 116070
1502288040 201978
1502288040 221312
1502288040 336360
1502288040 355834
1502288040 566814
1502288040 586064
1502288040 816787
1502288040 836169
1502288040 902904
1502288040 922341
1502288041 47616
1502288041 66892
1502288041 142678
1502288041 162828
1502288041 364110
1502288041 383380
1502288041 565515
1502288041 584909
