1502287748 197956
1502287749 137977
1502287749 541812
1502287749 656144
1502287750 943010
1502287751 105449
1502287751 547307
1502287751 710651
1502287752 593837
1502287752 670902
1502287753 602104
1502287755 809882
1502287756 59490
1502287756 596676
1502287756 827390
1502287757 643140
1502287759 264868
1502287759 792332
1502287760 540752
1502287760 675135
1502287761 567996
1502287762 134271
1502287762 211428
1502287763 132525
1502287763 382067
1502287763 641577
1502287763 717829
1502287763 910312
1502287768 75743
1502287768 277306
1502287768 373343
1502287770 571344
1502287771 99557
1502287771 320013
1502287771 568586
1502287772 633749
1502287773 160982
1502287773 795430
1502287775 475413
1502287775 715156
1502287775 974666
1502287776 866965
1502287777 394822
1502287777 625393
1502287781 713527
1502287782 107865
1502287782 279888
1502287784 237976
1502287784 486655
1502287784 649790
1502287785 90778
1502287786 389446
1502287788 151354
1502287788 362866
1502287788 784949
1502287789 283940
1502287789 380189
1502287789 802088
1502287790 463650
1502287790 685234
1502287790 924668
1502287791 874912
1502287792 413166
1502287792 643509
1502287792 738914
1502287792 979302
1502287793 315029
1502287795 984090
1502287796 108371
1502287796 578455
1502287797 951597
1502287798 748265
1502287799 142154
1502287799 535132
1502287799 967261
1502287800 245635
1502287802 569176
1502287805 361203
1502287805 591771
1502287805 783343
1502287807 31185
1502287807 299711
1502287807 559225
1502287809 872578
1502287810 103040
1502287811 879223
1502287812 79540
1502287812 291000
1502287812 693988
1502287815 74304
1502287815 948495
1502287818 338757
1502287823 13429
1502287823 118111
1502287823 214373
1502287823 329615
1502287823 425158
1502287828 167764
1502287828 551630
1502287829 214103
1502287831 57211
1502287831 422074
1502287831 604437
1502287831 931171
1502287832 113539
1502287832 746983
1502287832 900349
1502287834 340561
1502287834 647343
1502287834 896751
1502287835 607365
1502287835 837299
1502287837 757273
1502287837 977901
1502287838 505969
1502287839 110761
1502287839 292843
1502287839 965317
1502287840 195042
1502287841 932702
1502287842 287471
1502287842 518152
1502287844 149905
1502287844 783377
1502287847 951461
1502287850 216779
1502287850 436859
1502287851 22514
1502287851 569555
1502287853 815583
1502287854 8008
1502287854 180622
1502287854 410908
1502287854 622378
1502287854 882000
1502287855 371023
1502287855 447351
1502287856 446390
1502287856 887436
1502287857 97995
1502287858 29164
1502287858 173355
1502287858 624400
1502287858 845922
1502287859 123643
1502287859 286857
1502287859 373135
1502287859 584521
1502287859 795256
1502287860 237047
1502287860 457661
1502287860 610984
1502287861 4740
1502287861 359706
1502287861 992988
1502287866 743702
1502287866 925947
1502287867 300727
1502287867 953244
1502287868 125717
1502287868 213058
1502287868 490654
1502287869 383962
1502287870 189807
1502287870 449172
1502287870 640581
1502287870 857400
1502287871 303268
1502287871 514567
1502287875 83862
1502287875 208976
1502287875 985830
1502287876 197333
1502287877 483184
1502287880 821044
1502287880 907382
1502287885 188590
1502287890 733674
1502287891 357466
1502287895 359338
1502287895 704101
1502287899 784293
1502287900 446711
1502287900 638171
1502287900 897818
1502287903 643068
1502287905 554364
1502287905 889951
1502287906 90413
1502287910 74438
1502287911 375067
1502287913 323512
1502287913 466569
1502287914 406889
1502287914 629512
1502287915 1382
1502287915 443210
1502287916 682215
1502287921 134109
1502287921 498096
1502287921 584318
1502287926 114477
1502287931 192868
1502287933 572350
1502287934 110260
1502287934 591345
1502287934 945493
1502287935 310344
1502287937 143360
1502287939 322404
1502287940 234511
1502287940 406784
1502287940 647250
1502287945 168410
1502287945 562254
1502287945 725615
1502287945 956189
1502287946 138850
1502287946 214801
1502287946 369023
1502287947 165903
1502287947 319167
1502287948 800212
1502287949 213353
1502287952 6635
1502287952 476563
1502287952 601807
1502287952 707062
1502287952 985681
1502287953 216179
1502287955 682753
1502287955 884274
1502287956 787573
1502287958 130290
1502287958 927057
1502287960 473434
1502287960 732048
1502287960 943578
1502287961 193072
1502287961 327456
1502287961 433647
1502287961 606200
1502287962 335742
1502287962 508135
1502287965 291326
1502287965 453836
1502287966 356957
1502287966 807757
1502287967 47487
1502287967 537436
1502287967 748034
1502287968 132764
1502287971 50624
1502287971 971570
1502287973 124374
1502287973 383766
1502287973 575035
1502287973 795613
1502287974 55182
1502287974 582543
1502287974 804214
1502287975 264912
1502287975 850153
1502287976 301256
1502287980 380478
1502287980 591014
1502287981 838779
1502287982 318808
1502287982 482225
1502287982 731767
1502287983 307078
1502287983 528568
1502287985 265485
1502287986 369949
1502287986 897855
1502287987 80637
1502287987 464081
1502287987 560651
1502287987 713836
1502287988 242216
1502287988 577896
1502287990 66258
1502287990 286634
1502287990 689821
1502287991 428061
1502287991 591479
1502287991 821934
1502287992 283164
1502287992 436283
1502287993 108260
1502287995 450388
1502287995 710127
1502287996 170835
1502287996 382358
1502287997 764582
1502287997 888833
1502287998 484087
1502287998 570313
1502287999 261892
1502287999 645934
1502287999 856266
1502288000 231179
1502288000 317357
1502288000 566899
1502288001 479029
1502288001 709341
1502288002 45259
1502288002 294821
1502288002 458120
1502288002 948157
1502288003 130598
1502288005 252261
1502288005 923850
1502288006 336864
1502288009 830583
1502288011 154621
1502288011 288987
1502288013 687386
1502288014 349067
1502288015 78733
1502288015 155123
1502288017 209498
1502288017 353806
1502288017 526243
1502288020 704380
1502288020 819573
1502288021 616393
1502288022 58254
1502288022 480290
1502288022 729925
1502288022 989399
1502288023 239115
1502288023 421600
1502288024 6698
1502288025 753688
1502288031 416529
1502288032 59858
1502288032 491874
1502288033 393969
1502288038 712780
1502288038 952367
1502288039 144710
1502288040 219248
1502288040 357111
1502288040 583992
1502288040 834241
1502288040 920221
1502288041 64808
1502288041 160915
1502288041 381509
1502288041 582919
