1502199403 673257
1502199403 903295
1502199404 17785
1502199404 190122
1502199404 371749
1502199404 554091
1502199404 669440
1502199404 841795
1502199405 91421
1502199405 282835
1502199405 474199
1502199405 637747
1502199405 896230
1502199406 154835
1502199406 250661
1502199406 489871
1502199406 605003
1502199406 720320
1502199406 959792
1502199407 75534
1502199407 161420
1502199407 391820
1502199407 650495
1502199407 785013
1502199408 44478
1502199408 187670
1502199408 341344
1502199408 609692
1502199408 782133
1502199408 887713
1502199559 677637
1502199559 917130
1502199560 89573
1502199560 271950
1502199560 357323
1502199560 463431
1502199560 635854
1502199560 760340
1502199561 18854
1502199561 258385
1502199561 439898
1502199561 613225
1502199561 775661
1502199561 967397
1502199562 63386
1502199562 253962
1502199562 503564
1502199562 743133
1502199562 972685
1502199563 107011
1502199563 250371
1502199563 364759
1502199563 624287
1502199563 805862
1502199563 998347
1502199564 180600
1502199564 304871
1502199564 553592
1502199564 640693
1502199564 890283
1502199565 91748
1502199565 187038
1502199565 283227
1502199565 397533
1502199565 608967
1502199565 791412
1502199566 20984
1502199566 242390
1502199566 385881
1502199566 510084
1502199566 596342
1502199566 701612
1502199566 883113
1502199567 123576
