1500540604 416785
1500540604 560200
1500540604 723402
1500540604 876916
1500540605 20876
1500540605 203340
1500540605 346797
1500540605 501077
1500540605 654631
1500540605 798545
1500540605 970998
1500540606 134490
1500540606 306960
1500540606 469307
1500540606 632601
1500540606 766936
1500540606 940357
1500540607 122509
1500540607 265957
1500540607 410413
1500540607 553491
1500540607 717205
1500540607 880386
1500540608 53288
1500540608 235261
1500540608 388804
1500540608 561947
1500540608 725399
1500540608 859448
1500540609 32017
1500540609 205216
1500540609 378023
1500540609 511949
1500540609 675757
1500540609 838875
1500540610 2135
1500540610 155526
1500540610 318883
1500540610 481263
1500540610 634948
1500540610 769770
1500540610 923317
1500540611 95790
1500540611 230137
1500540611 402412
1500540611 555673
1500540611 699881
1500540611 872496
1500540612 6639
1500540612 150872
1500540612 333612
1500540612 516033
1500540612 698646
1500540612 851749
1500540613 5467
1500540613 187618
1500540613 350831
1500540613 523180
1500540613 676625
1500540613 849936
1500540614 12399
1500540614 185771
1500540614 358221
1500540614 530551
1500540614 703808
1500540614 866334
1500540615 19616
1500540615 192966
1500540615 365434
1500540615 518851
1500540615 672176
1500540615 844729
1500540616 26936
1500540616 171124
1500540616 343553
1500540616 506894
1500540616 660601
1500540616 842713
1500540617 25138
1500540617 169599
1500540617 332837
1500540617 495387
1500540617 648785
1500540617 831266
1500540618 4578
1500540618 177011
1500540618 310948
1500540618 464556
1500540618 637750
1500540618 781451
1500540618 935763
1500540619 89194
1500540619 251507
1500540619 424653
1500540619 588161
1500540619 750553
1500540619 894889
1500540620 38983
1500540620 201550
1500540620 384020
1500540620 537309
1500540620 710812
1500540620 864006
1500540621 17262
1500540621 199780
1500540621 334000
1500540621 506853
1500540621 669707
1500540621 823339
1500540621 986789
1500540622 159886
1500540622 313095
1500540622 466527
1500540622 619934
1500540622 783243
1500540622 927519
1500540623 109101
1500540623 282597
1500540623 464927
1500540623 618480
1500540623 800620
1500540623 944252
1500540624 88478
1500540624 260818
1500540624 434160
1500540624 577474
1500540624 740955
1500540624 913205
1500540625 57505
1500540625 211005
1500540625 355118
1500540625 527777
1500540625 700889
1500540625 863447
1500540626 36842
1500540626 209152
1500540626 353512
1500540626 506858
1500540626 679474
1500540626 842738
1500540627 15884
1500540627 188436
1500540627 360863
1500540627 543138
1500540627 716481
1500540627 850923
1500540628 4324
1500540628 186703
1500540628 340037
1500540628 493272
1500540628 646915
1500540628 810130
1500540628 944209
1500540629 97534
1500540629 270131
1500540629 433616
1500540629 586781
1500540629 769315
1500540629 941824
1500540630 85983
1500540630 268434
1500540630 431568
1500540630 585161
1500540630 748360
1500540630 892789
1500540631 36325
1500540631 209427
1500540631 381938
1500540631 564259
1500540631 727599
1500540631 909895
1500540632 73214
1500540632 245968
1500540632 428192
1500540632 610734
1500540632 774120
1500540632 917456
1500540633 89937
1500540633 243221
1500540633 416538
1500540633 588853
1500540633 761309
1500540633 905606
1500540634 77982
1500540634 231558
1500540634 375890
1500540634 520200
1500540634 673432
1500540634 836828
1500540634 971064
1500540635 124495
1500540635 287533
1500540635 460508
1500540635 614536
1500540635 757890
1500540635 931151
1500540636 74830
1500540636 228850
1500540636 363055
1500540636 506805
1500540636 669854
1500540636 833160
1500540636 977496
1500540637 140188
1500540637 284270
1500540637 437513
1500540637 610051
1500540637 792603
1500540637 936528
1500540638 119486
1500540638 282517
1500540638 455064
1500540638 618418
1500540638 761986
1500540638 915026
1500540639 59342
1500540639 221877
1500540639 395265
1500540639 529352
1500540639 682785
1500540639 836326
1500540639 980347
1500540640 144110
1500540640 297072
1500540640 441515
1500540640 585037
1500540640 748358
1500540640 930637
1500540641 102969
1500540641 276477
1500540641 448628
1500540641 612515
1500540641 765572
1500540641 909619
1500540642 73260
1500540642 235704
1500540642 418166
1500540642 562374
1500540642 744776
1500540642 917352
1500540643 80551
1500540643 243686
1500540643 416343
1500540643 588712
1500540643 762081
1500540643 915159
1500540644 97720
1500540644 270246
1500540644 433560
1500540644 587076
1500540644 769388
1500540644 932455
1500540645 96125
1500540645 278492
1500540645 421938
1500540645 594966
1500540645 729367
1500540645 901898
1500540646 74263
1500540646 227605
1500540646 371868
1500540646 515437
1500540646 688495
1500540646 842209
1500540646 995618
1500540647 177803
1500540647 360368
1500540647 513741
1500540647 676913
1500540647 830220
1500540648 2742
1500540648 147344
1500540648 319411
1500540648 501676
1500540648 674450
1500540648 818480
1500540648 952897
1500540649 115322
1500540649 298016
1500540649 431879
1500540649 576266
1500540649 758715
1500540649 921059
1500540650 93615
1500540650 266707
1500540650 438462
1500540650 582783
1500540650 746164
1500540650 908382
1500540651 90954
1500540651 244448
1500540651 378852
1500540651 523120
1500540651 676383
1500540651 829950
1500540651 984010
1500540652 166543
1500540652 348608
1500540652 501970
1500540652 646368
1500540652 828685
1500540653 10528
1500540653 173493
1500540653 337064
1500540653 480264
1500540653 643596
1500540653 816239
1500540653 979415
1500540654 142947
1500540654 296188
1500540654 478666
1500540654 612842
1500540654 776413
1500540654 948911
1500540655 131449
1500540655 313577
1500540655 475937
1500540655 620281
1500540655 792577
1500540655 975020
1500540656 119684
1500540656 301750
1500540656 484143
1500540656 646672
1500540656 828952
1500540656 992286
1500540657 174988
1500540657 328604
1500540657 472393
1500540657 615801
1500540657 798150
1500540657 942255
1500540658 86060
1500540658 230343
1500540658 364534
1500540658 527822
1500540658 681380
1500540658 844609
1500540658 978985
1500540659 151179
1500540659 333599
1500540659 516123
1500540659 688477
1500540659 851885
1500540659 986133
1500540660 158563
1500540660 311991
1500540660 465270
1500540660 637752
1500540660 801167
1500540660 964525
1500540661 147070
1500540661 310136
1500540661 463553
1500540661 617010
1500540661 751281
1500540661 924062
1500540662 77895
1500540662 250330
1500540662 394644
1500540662 528785
1500540662 672253
1500540662 844759
1500540662 998155
1500540663 180570
1500540663 333758
1500540663 478130
1500540663 640890
1500540663 803877
1500540663 948128
1500540664 110856
1500540664 284086
1500540664 446624
1500540664 600077
1500540664 772415
1500540664 935545
1500540665 108024
1500540665 280416
1500540665 443796
1500540665 597051
1500540665 750430
1500540665 884896
1500540666 67197
1500540666 220651
1500540666 403174
1500540666 575496
1500540666 757865
1500540666 930636
1500540667 93797
1500540667 266070
1500540667 400327
1500540667 563763
1500540667 717417
1500540667 861278
1500540668 24555
1500540668 187452
1500540668 360626
1500540668 532802
1500540668 715014
1500540668 887631
1500540669 51113
1500540669 233598
1500540669 376811
1500540669 549455
1500540669 693406
1500540669 836803
1500540669 971360
1500540670 124399
1500540670 286994
1500540670 421263
1500540670 603882
1500540670 737944
1500540670 881589
1500540671 25521
1500540671 169349
1500540671 351760
1500540671 534056
1500540671 716453
1500540671 869735
1500540672 42250
1500540672 186552
1500540672 339811
1500540672 522221
1500540672 685540
1500540672 867940
1500540673 40289
1500540673 183615
1500540673 337660
1500540673 510584
1500540673 644668
1500540673 788475
1500540673 932463
1500540674 114970
1500540674 297164
1500540674 440911
1500540674 584947
1500540674 728610
1500540674 891472
1500540675 34974
1500540675 207565
1500540675 351821
1500540675 514603
1500540675 667850
1500540675 830884
1500540676 3218
1500540676 165783
1500540676 300267
1500540676 482509
1500540676 625754
1500540676 769793
1500540676 932557
1500540677 85946
1500540677 258437
1500540677 430957
1500540677 575428
1500540677 747793
1500540677 910955
1500540678 83264
1500540678 245636
1500540678 409401
1500540678 543659
1500540678 706845
1500540678 851147
1500540679 4618
1500540679 138509
1500540679 291349
1500540679 444366
1500540679 626681
1500540679 770306
1500540679 952585
1500540680 115237
1500540680 268743
1500540680 422128
1500540680 594352
1500540680 776530
1500540680 949046
1500540681 102373
1500540681 274803
1500540681 418350
1500540681 590693
1500540681 744290
1500540681 926382
1500540682 80008
1500540682 243176
1500540682 415739
1500540682 559497
1500540682 722618
1500540682 885772
1500540683 29470
1500540683 173308
1500540683 316881
1500540683 489187
1500540683 623766
1500540683 805963
1500540683 969214
1500540684 131754
1500540684 295930
1500540684 467482
1500540684 640133
1500540684 822359
1500540684 965906
1500540685 110236
1500540685 292382
1500540685 445653
1500540685 599468
1500540685 761669
1500540685 905465
1500540686 87371
1500540686 250046
1500540686 422135
1500540686 585686
1500540686 739130
1500540686 902437
1500540687 74757
1500540687 247221
1500540687 381415
1500540687 515583
1500540687 668121
1500540687 802469
1500540687 964766
1500540688 138336
1500540688 291832
1500540688 444893
1500540688 588668
1500540688 732835
1500540688 876125
1500540689 19614
1500540689 191817
1500540689 364499
1500540689 498640
1500540689 671219
1500540689 834746
1500540689 977975
1500540690 150177
1500540690 284489
1500540690 446949
1500540690 591386
1500540690 763927
1500540690 946112
1500540691 128662
1500540691 281787
1500540691 464276
1500540691 607437
1500540691 760943
1500540691 943193
1500540692 87544
1500540692 241213
1500540692 413524
1500540692 596015
1500540692 749776
1500540692 902890
1500540693 56260
1500540693 209550
1500540693 343885
1500540693 507119
1500540693 669487
1500540693 813919
1500540693 957520
1500540694 110563
1500540694 254165
1500540694 417453
1500540694 589876
1500540694 762286
1500540694 934983
1500540695 107997
1500540695 261276
1500540695 433513
1500540695 587031
1500540695 730315
1500540695 913055
1500540696 57020
1500540696 200971
1500540696 353698
1500540696 517539
1500540696 680929
1500540696 844066
1500540696 997227
1500540697 159541
1500540697 333164
1500540697 496338
1500540697 639713
1500540697 783047
1500540697 946565
1500540698 89924
1500540698 263598
1500540698 406796
1500540698 589212
1500540698 771618
1500540698 924985
1500540699 59144
1500540699 221880
1500540699 394202
1500540699 528349
1500540699 671675
1500540699 854035
1500540700 36466
1500540700 219242
1500540700 363296
1500540700 516621
1500540700 698711
1500540700 852156
1500540701 25120
1500540701 178134
1500540701 331653
1500540701 465561
1500540701 619199
1500540701 791750
1500540701 974356
1500540702 137401
1500540702 319745
1500540702 492060
1500540702 635567
1500540702 807966
1500540702 990249
1500540703 153332
1500540703 306331
1500540703 441507
1500540703 623303
1500540703 767495
1500540703 920708
1500540704 74197
1500540704 218571
1500540704 390611
1500540704 573179
1500540704 755555
1500540704 908752
1500540705 91274
1500540705 263672
1500540705 435895
1500540705 617163
1500540705 799973
1500540705 954000
1500540706 87861
1500540706 270117
1500540706 432492
1500540706 615421
1500540706 797410
1500540706 950675
1500540707 104012
1500540707 276836
1500540707 448931
1500540707 602540
1500540707 755905
1500540707 900006
1500540708 53427
1500540708 196814
1500540708 359921
1500540708 532070
1500540708 704908
1500540708 877224
1500540709 49648
1500540709 203328
1500540709 337402
1500540709 491023
1500540709 663127
1500540709 807450
1500540709 960684
1500540710 123173
1500540710 276823
1500540710 420927
1500540710 602224
1500540710 775599
1500540710 948128
1500540711 110469
1500540711 255077
1500540711 418810
1500540711 601258
1500540711 744375
1500540711 907529
1500540712 41708
1500540712 185347
1500540712 319351
1500540712 500832
1500540712 664145
1500540712 818903
1500540712 962059
1500540713 105397
1500540713 278754
1500540713 432119
1500540713 575536
1500540713 738980
1500540713 921276
1500540714 64771
1500540714 247050
1500540714 429572
1500540714 572933
1500540714 716429
1500540714 869488
1500540715 51153
1500540715 205556
1500540715 388035
1500540715 531354
1500540715 684481
1500540715 827868
1500540715 981387
1500540716 144950
1500540716 298251
1500540716 470700
1500540716 642875
1500540716 806173
1500540716 978449
1500540717 140883
1500540717 285264
1500540717 457781
1500540717 640120
1500540717 822476
1500540717 995152
1500540718 167199
1500540718 311857
1500540718 484244
1500540718 665615
1500540718 837968
1500540718 991445
1500540719 163905
1500540719 326393
1500540719 489537
1500540719 643751
1500540719 797265
1500540719 950872
1500540720 103873
1500540720 247465
1500540720 390976
1500540720 534034
1500540720 706438
1500540720 860099
1500540720 995022
1500540721 167477
1500540721 329880
1500540721 474463
1500540721 646548
1500540721 810280
1500540721 973424
1500540722 155807
1500540722 328277
1500540722 462803
1500540722 616259
1500540722 788792
1500540722 960802
1500540723 143374
1500540723 306896
1500540723 488930
1500540723 651235
1500540723 795584
1500540723 968281
1500540724 140614
1500540724 313082
1500540724 495620
1500540724 657886
1500540724 821319
1500540725 3600
1500540725 156997
1500540725 309636
1500540725 453903
1500540725 636445
1500540725 818714
1500540725 972292
1500540726 144426
1500540726 317306
1500540726 451082
1500540726 633686
1500540726 767945
1500540726 902239
1500540727 55639
1500540727 209175
1500540727 381387
1500540727 524541
1500540727 679293
1500540727 841532
1500540728 14951
1500540728 197148
1500540728 359508
1500540728 514199
1500540728 677184
1500540728 859958
1500540729 32201
1500540729 175684
1500540729 338913
1500540729 511621
1500540729 664822
1500540729 837045
1500540729 980873
1500540730 143895
1500540730 297514
1500540730 460877
1500540730 604078
1500540730 786307
1500540730 929633
1500540731 93398
1500540731 256573
1500540731 419771
1500540731 563258
1500540731 735553
1500540731 908703
1500540732 81206
1500540732 215495
1500540732 368885
1500540732 531608
1500540732 675682
1500540732 829115
1500540733 1733
1500540733 154963
1500540733 318766
1500540733 480920
1500540733 625139
1500540733 778520
1500540733 950850
1500540734 104414
1500540734 276911
1500540734 439960
1500540734 583178
1500540734 737574
1500540734 880726
1500540735 63359
1500540735 226905
1500540735 398950
1500540735 581880
1500540735 724917
1500540735 897480
1500540736 59683
1500540736 242197
1500540736 424695
1500540736 578068
1500540736 721498
1500540736 884626
1500540737 38081
1500540737 210540
1500540737 382951
1500540737 526519
1500540737 670658
1500540737 853068
1500540738 6455
1500540738 159937
1500540738 342167
1500540738 523808
1500540738 705946
1500540738 878596
1500540739 22869
1500540739 205356
1500540739 358601
1500540739 541169
1500540739 713487
1500540739 847802
1500540740 20315
1500540740 202625
1500540740 336764
1500540740 499501
1500540740 662881
1500540740 816056
1500540740 979315
1500540741 132693
1500540741 304964
1500540741 458734
1500540741 601770
1500540741 745660
1500540741 898522
1500540742 51905
1500540742 195479
1500540742 377756
1500540742 550756
1500540742 694636
1500540742 877267
1500540743 59339
1500540743 202914
1500540743 347126
1500540743 490350
1500540743 633928
1500540743 787098
1500540743 949758
1500540744 121984
1500540744 256558
1500540744 419622
1500540744 592362
1500540744 774629
1500540744 946956
1500540745 119338
1500540745 291898
1500540745 474276
1500540745 646409
1500540745 820304
1500540746 2348
1500540746 164608
1500540746 309042
1500540746 481537
1500540746 644821
1500540746 817544
1500540746 961783
1500540747 105100
1500540747 268434
1500540747 421469
1500540747 583970
1500540747 738273
1500540747 911076
1500540748 73427
1500540748 255795
1500540748 408987
1500540748 571700
1500540748 754000
1500540748 907340
1500540749 79658
1500540749 213797
1500540749 367430
1500540749 539729
1500540749 712130
1500540749 894732
1500540750 28731
1500540750 172130
1500540750 325861
1500540750 498049
1500540750 641417
1500540750 804879
1500540750 977630
1500540751 159859
1500540751 303242
1500540751 475747
1500540751 639045
1500540751 811343
1500540751 983893
1500540752 117908
1500540752 261364
1500540752 404923
1500540752 577304
1500540752 749744
1500540752 913017
1500540753 76298
1500540753 219639
1500540753 402114
1500540753 564652
1500540753 708188
1500540753 890375
1500540754 33960
1500540754 187024
1500540754 340407
1500540754 484130
1500540754 637256
1500540754 800585
1500540754 972885
1500540755 126262
1500540755 299107
1500540755 443301
1500540755 615542
1500540755 759130
1500540755 922328
1500540756 56513
1500540756 218893
1500540756 373250
1500540756 507470
1500540756 651238
1500540756 785357
1500540756 938589
1500540757 121171
1500540757 274401
1500540757 456656
1500540757 610187
1500540757 773672
1500540757 956070
1500540758 99160
1500540758 242478
1500540758 405087
1500540758 577358
1500540758 731007
1500540758 893489
1500540759 75960
1500540759 228952
1500540759 391472
1500540759 565113
1500540759 718062
1500540759 861746
1500540760 25113
1500540760 178491
1500540760 321837
1500540760 495234
1500540760 667700
1500540760 811768
1500540760 984391
1500540761 156887
1500540761 329237
1500540761 473230
1500540761 626625
1500540761 799351
1500540761 971878
1500540762 143950
1500540762 298407
1500540762 451672
1500540762 614193
1500540762 749424
1500540762 921833
1500540763 93991
1500540763 256563
1500540763 420087
1500540763 602460
1500540763 745610
1500540763 889866
1500540764 43177
1500540764 205927
1500540764 359504
1500540764 493566
1500540764 666216
1500540764 810267
1500540764 972729
1500540765 136129
1500540765 318560
1500540765 452873
1500540765 625345
1500540765 759440
1500540765 903115
1500540766 85468
1500540766 238881
1500540766 402002
1500540766 555418
1500540766 728263
1500540766 900245
1500540767 73490
1500540767 227056
1500540767 399423
1500540767 542903
1500540767 706187
1500540767 878592
1500540768 61118
1500540768 204198
1500540768 367503
1500540768 530876
1500540768 693385
1500540768 856877
1500540769 20125
1500540769 173487
1500540769 345876
1500540769 508430
1500540769 661578
1500540769 843427
1500540770 25638
1500540770 188216
1500540770 331617
1500540770 503727
1500540770 676312
1500540770 829711
1500540771 2277
1500540771 184762
1500540771 328027
1500540771 472244
1500540771 654612
1500540771 837062
1500540771 999348
1500540772 172768
1500540772 326027
1500540772 469395
1500540772 612797
1500540772 766439
1500540772 919553
1500540773 53991
1500540773 226437
1500540773 408695
1500540773 590566
1500540773 762913
1500540773 944863
1500540774 98407
1500540774 280223
1500540774 443275
1500540774 586831
1500540774 769136
1500540774 903564
1500540775 76030
1500540775 210102
1500540775 363570
1500540775 516886
1500540775 699116
1500540775 842578
1500540776 5168
1500540776 158404
1500540776 321326
1500540776 484334
1500540776 627697
1500540776 800334
1500540776 972523
1500540777 125693
1500540777 279056
1500540777 432634
1500540777 595381
1500540777 777489
1500540777 930842
1500540778 103240
1500540778 266093
1500540778 409995
1500540778 582333
1500540778 754930
1500540778 917508
1500540779 80546
1500540779 243050
1500540779 425699
1500540779 568832
1500540779 742094
1500540779 904543
1500540780 58844
1500540780 231496
1500540780 403739
1500540780 546971
1500540780 729663
1500540780 883015
1500540781 36405
1500540781 189892
1500540781 372191
1500540781 535352
1500540781 679026
1500540781 861159
1500540782 23637
1500540782 186928
1500540782 340335
1500540782 512844
1500540782 656141
1500540782 819826
1500540783 1992
1500540783 164418
1500540783 337824
1500540783 490958
1500540783 634469
1500540783 788056
1500540783 941269
1500540784 94413
1500540784 238185
1500540784 410530
1500540784 582781
1500540784 755138
1500540784 936900
1500540785 91145
1500540785 263383
1500540785 446036
1500540785 589338
1500540785 742903
1500540785 905858
1500540786 78605
1500540786 241606
1500540786 414349
1500540786 586664
1500540786 749939
1500540786 922346
1500540787 94850
1500540787 277321
1500540787 449685
1500540787 602947
1500540787 775821
1500540787 948078
1500540788 120181
1500540788 274453
1500540788 447117
1500540788 590519
1500540788 733803
1500540788 897056
1500540789 70570
1500540789 252921
1500540789 416172
1500540789 588472
1500540789 760944
1500540789 904376
1500540790 67193
1500540790 230207
1500540790 412670
1500540790 585042
1500540790 738193
1500540790 901081
1500540791 54430
1500540791 207752
1500540791 350970
1500540791 514268
1500540791 686521
1500540791 829728
1500540792 12354
1500540792 155675
1500540792 328921
1500540792 510670
1500540792 654247
1500540792 797375
1500540792 952024
1500540793 134330
1500540793 296458
1500540793 421647
1500540793 594343
1500540793 776669
1500540793 949089
1500540794 83506
1500540794 217738
1500540794 390096
1500540794 571734
1500540794 726150
1500540794 898323
1500540795 60713
1500540795 224088
1500540795 358510
1500540795 531077
1500540795 703702
1500540795 837570
1500540795 981222
1500540796 144180
1500540796 296964
1500540796 450964
1500540796 623572
1500540796 757713
1500540796 939172
1500540797 102694
1500540797 255825
1500540797 418399
1500540797 581789
1500540797 735078
1500540797 888588
1500540798 31960
1500540798 214224
1500540798 358514
1500540798 520852
1500540798 674385
1500540798 837833
1500540798 981178
1500540799 115363
1500540799 278952
1500540799 432211
1500540799 614505
1500540799 796137
1500540799 978743
1500540800 160900
1500540800 304431
1500540800 486639
1500540800 659133
1500540800 812380
1500540800 956008
1500540801 128180
1500540801 290886
1500540801 434182
1500540801 568450
1500540801 711806
1500540801 865307
1500540802 37640
1500540802 190972
1500540802 372769
1500540802 535869
1500540802 689030
1500540802 833025
1500540802 977075
1500540803 149286
1500540803 292637
1500540803 455691
1500540803 609496
1500540803 771748
1500540803 926094
1500540804 107529
1500540804 271095
1500540804 433433
1500540804 606638
1500540804 788316
1500540804 951634
1500540805 123866
1500540805 286476
1500540805 429929
1500540805 612413
1500540805 794649
1500540805 967091
1500540806 120320
1500540806 263933
1500540806 417144
1500540806 570562
1500540806 724002
1500540806 906335
1500540807 87673
1500540807 261002
1500540807 433540
1500540807 615253
1500540807 788524
1500540807 950938
1500540808 124139
1500540808 305755
1500540808 459739
1500540808 641560
1500540808 775754
1500540808 929043
1500540809 82659
1500540809 225771
1500540809 408349
1500540809 581523
1500540809 744057
1500540809 907355
1500540810 69653
1500540810 214147
1500540810 386600
1500540810 529674
1500540810 674225
1500540810 817453
1500540810 990981
1500540811 134456
1500540811 277759
1500540811 422143
1500540811 575334
1500540811 756816
1500540811 919297
1500540812 92803
1500540812 246247
1500540812 418371
1500540812 562677
1500540812 716208
1500540812 859207
1500540813 13714
1500540813 176170
1500540813 339768
1500540813 483182
1500540813 636324
1500540813 789628
1500540813 952136
1500540814 86360
1500540814 240651
1500540814 403358
1500540814 575538
1500540814 719072
1500540814 853281
1500540814 987515
1500540815 120778
1500540815 264417
1500540815 407689
1500540815 581136
1500540815 763491
1500540815 906850
1500540816 50122
1500540816 203309
1500540816 376760
1500540816 558523
1500540816 740889
1500540816 914300
1500540817 67745
1500540817 229930
1500540817 374360
1500540817 536642
1500540817 709979
1500540817 882439
1500540818 63801
1500540818 227383
1500540818 371334
1500540818 553932
1500540818 697294
1500540818 859783
1500540819 42179
1500540819 215489
1500540819 388080
1500540819 560454
1500540819 741918
1500540819 915057
1500540820 87621
1500540820 249976
1500540820 413403
1500540820 556737
1500540820 739145
1500540820 882509
1500540821 25808
1500540821 179378
1500540821 303550
1500540821 476133
1500540821 630303
1500540821 774303
1500540821 946291
1500540822 109784
1500540822 261953
1500540822 435484
1500540822 588561
1500540822 750988
1500540822 923490
1500540823 96814
1500540823 269034
1500540823 440791
1500540823 594961
1500540823 738356
1500540823 901562
1500540824 35171
1500540824 188559
1500540824 352147
1500540824 514274
1500540824 677803
1500540824 822127
1500540824 975328
1500540825 137731
1500540825 301249
1500540825 444536
1500540825 578896
1500540825 742001
1500540825 924627
1500540826 68113
1500540826 211357
1500540826 374855
1500540826 528335
1500540826 671560
1500540826 844826
1500540827 7035
1500540827 189530
1500540827 371935
1500540827 554493
1500540827 736861
1500540827 881089
1500540828 24611
1500540828 168017
1500540828 331322
1500540828 474664
1500540828 627862
1500540828 782144
1500540828 954439
1500540829 126109
1500540829 299557
1500540829 453179
1500540829 625463
1500540829 797854
1500540829 941328
1500540830 94086
1500540830 247991
1500540830 401370
1500540830 573542
1500540830 755012
1500540830 908428
1500540831 62727
1500540831 214943
1500540831 397643
1500540831 541857
1500540831 695248
1500540831 849436
1500540831 992689
1500540832 136201
1500540832 280657
1500540832 425088
1500540832 597434
1500540832 769993
1500540832 913198
1500540833 86399
1500540833 220002
1500540833 354270
1500540833 498583
1500540833 642933
1500540833 815325
1500540833 987552
1500540834 159229
1500540834 294331
1500540834 475742
1500540834 610018
1500540834 793029
1500540834 936237
1500540835 70501
1500540835 243724
1500540835 397052
1500540835 549334
1500540835 712786
1500540835 886227
1500540836 58602
1500540836 220828
1500540836 393409
1500540836 575807
1500540836 720136
1500540836 854114
1500540837 17574
1500540837 190236
1500540837 372572
1500540837 554977
1500540837 728081
1500540837 872850
1500540838 35120
1500540838 208069
1500540838 379633
1500540838 553080
1500540838 687669
1500540838 859816
1500540839 33292
1500540839 196575
1500540839 368259
1500540839 541358
1500540839 665590
1500540839 820221
1500540839 992522
1500540840 155166
1500540840 308523
1500540840 480631
1500540840 662447
1500540840 815733
1500540840 968974
1500540841 102456
1500540841 284535
1500540841 467106
1500540841 630536
1500540841 764978
1500540841 937573
1500540842 72505
1500540842 235021
1500540842 407502
1500540842 581248
1500540842 753274
1500540842 916327
1500540843 78952
1500540843 233315
1500540843 405505
1500540843 567886
1500540843 711393
1500540843 855740
1500540844 18457
1500540844 199791
1500540844 373135
1500540844 515584
1500540844 697946
1500540844 852009
1500540844 995479
1500540845 176749
1500540845 349788
1500540845 512818
1500540845 657119
1500540845 810428
1500540845 983888
1500540846 117014
1500540846 261347
1500540846 405907
1500540846 558088
1500540846 731553
1500540846 875939
1500540847 38193
1500540847 191617
1500540847 355094
1500540847 508157
1500540847 671812
1500540847 815925
1500540847 988314
1500540848 152217
1500540848 295236
1500540848 459075
1500540848 621051
1500540848 765159
1500540848 947451
1500540849 120915
1500540849 283407
1500540849 426929
1500540849 599985
1500540849 734423
1500540849 906855
1500540850 89163
1500540850 233370
1500540850 386906
1500540850 560579
1500540850 703830
1500540850 866965
1500540851 39418
1500540851 193809
1500540851 366434
1500540851 519623
1500540851 652927
1500540851 835496
1500540852 8855
1500540852 190164
1500540852 364018
1500540852 507064
1500540852 680220
1500540852 842718
1500540853 15165
1500540853 188385
1500540853 370039
1500540853 523249
1500540853 686507
1500540853 840220
1500540854 3296
1500540854 147812
1500540854 320022
1500540854 472424
1500540854 645817
1500540854 809132
1500540854 952611
1500540855 95840
1500540855 268421
1500540855 402642
1500540855 585387
1500540855 758639
1500540855 901498
1500540856 65410
1500540856 237585
1500540856 390732
1500540856 544492
1500540856 697442
1500540856 871210
1500540857 52490
1500540857 197190
1500540857 350153
1500540857 521600
1500540857 666123
1500540857 839303
1500540857 981695
1500540858 154500
1500540858 279378
1500540858 442099
1500540858 604621
1500540858 757733
1500540858 921465
1500540859 65370
1500540859 208631
1500540859 363204
1500540859 496699
1500540859 669837
1500540859 832497
1500540859 965442
1500540860 100070
1500540860 244627
1500540860 416381
1500540860 568930
1500540860 723434
1500540860 867107
1500540861 39264
1500540861 183345
1500540861 365356
1500540861 546750
1500540861 709926
1500540861 892103
1500540862 65232
1500540862 228772
1500540862 372049
1500540862 515558
1500540862 698239
1500540862 832408
1500540862 986716
1500540863 168064
1500540863 312446
1500540863 474967
1500540863 647425
1500540863 820842
1500540864 2270
1500540864 184564
1500540864 318757
1500540864 482181
1500540864 626537
1500540864 799039
1500540864 943165
1500540865 125772
1500540865 288975
1500540865 423317
1500540865 576659
1500540865 721302
1500540865 893357
1500540866 84957
1500540866 229149
1500540866 401939
1500540866 546310
1500540866 718587
1500540866 881033
1500540867 63353
1500540867 216609
1500540867 399017
1500540867 562336
1500540867 744562
1500540867 926898
1500540868 109471
1500540868 290995
1500540868 425238
1500540868 559667
1500540868 733057
1500540868 905468
1500540869 38779
1500540869 173217
1500540869 347202
1500540869 519096
1500540869 672440
1500540869 835614
1500540869 998929
1500540870 162368
1500540870 345033
1500540870 488127
1500540870 641602
1500540870 775674
1500540870 919779
1500540871 54219
1500540871 227537
1500540871 400359
1500540871 544322
1500540871 687832
1500540871 832194
1500540871 976544
1500540872 109671
1500540872 244013
1500540872 398456
1500540872 569794
1500540872 705046
1500540872 866978
1500540873 49855
1500540873 213179
1500540873 385869
1500540873 558348
1500540873 702241
1500540873 865830
1500540874 38332
1500540874 192424
1500540874 326754
1500540874 470229
1500540874 614505
1500540874 787017
1500540874 931277
1500540875 84548
1500540875 218824
1500540875 373200
1500540875 554880
1500540875 698958
1500540875 861405
1500540876 5590
1500540876 177353
1500540876 321236
1500540876 504009
1500540876 638346
1500540876 791663
1500540876 945715
1500540877 98482
1500540877 242590
1500540877 387121
1500540877 568778
1500540877 711921
1500540877 894143
1500540878 57901
1500540878 268590
1500540878 440635
1500540878 623233
1500540878 795358
1500540878 939592
1500540879 83227
1500540879 235346
1500540879 399066
1500540879 572324
1500540879 753611
1500540879 906889
1500540880 61676
1500540880 234020
1500540880 396385
1500540880 530851
1500540880 685034
1500540880 838469
1500540881 10587
1500540881 172205
1500540881 345640
1500540881 507894
1500540881 671156
1500540881 815550
1500540881 958897
1500540882 112227
1500540882 246643
1500540882 419766
1500540882 582661
1500540882 744715
1500540882 918224
1500540883 51620
1500540883 185743
1500540883 320324
1500540883 474711
1500540883 617663
1500540883 791305
1500540883 944952
1500540884 97017
1500540884 241209
1500540884 385605
1500540884 519303
1500540884 682569
1500540884 825776
1500540884 989179
1500540885 141602
1500540885 276703
1500540885 429125
1500540885 583586
1500540885 755845
1500540885 917438
1500540886 90774
1500540886 233941
1500540886 377539
1500540886 540977
1500540886 694347
1500540886 846746
1500540887 10316
1500540887 164443
1500540887 335996
1500540887 518247
1500540887 681484
1500540887 844777
1500540888 17428
1500540888 170695
1500540888 344208
1500540888 487565
1500540888 650825
1500540888 803334
1500540888 985765
1500540889 120392
1500540889 264529
1500540889 427833
1500540889 600062
1500540889 762775
1500540889 934979
1500540890 107252
1500540890 278823
1500540890 461212
1500540890 615655
1500540890 758773
1500540890 912446
1500540891 57041
1500540891 218992
1500540891 373482
1500540891 535880
1500540891 718233
1500540891 900941
1500540892 73021
1500540892 255288
1500540892 427920
1500540892 572234
1500540892 725761
1500540892 908032
1500540893 90576
1500540893 272740
1500540893 446130
1500540893 618761
1500540893 790986
1500540893 953517
1500540894 125933
1500540894 308253
1500540894 471445
1500540894 625922
1500540894 788509
1500540894 961061
1500540895 123302
1500540895 267437
1500540895 411673
1500540895 574219
1500540895 708541
1500540895 862015
1500540896 44396
1500540896 226763
1500540896 371086
1500540896 523424
1500540896 686759
1500540896 868973
1500540897 42554
1500540897 205030
1500540897 368371
1500540897 540410
1500540897 684341
1500540897 847552
1500540898 20649
1500540898 183230
1500540898 355681
1500540898 489938
1500540898 672406
1500540898 844925
1500540899 18237
1500540899 161672
1500540899 314921
1500540899 496431
1500540899 659805
1500540899 813356
1500540899 946373
1500540900 90834
1500540900 224927
1500540900 368580
1500540900 530696
1500540900 693299
1500540900 827751
1500540900 961925
1500540901 135959
1500540901 317124
1500540901 480326
1500540901 653545
1500540901 786948
1500540901 969385
1500540902 133001
