1500398095 674899
1500398095 841231
1500398096 6739
1500398096 193989
1500398096 344346
1500398096 526810
1500398096 697245
1500398096 843644
1500398097 19907
1500398097 164418
1500398097 354689
1500398097 501864
1500398097 654364
1500398097 844649
1500398097 988250
1500398098 131551
1500398098 274772
1500398098 457265
1500398098 625484
1500398098 786775
1500398098 930225
1500398099 77582
1500398099 252071
1500398099 422316
1500398099 571623
1500398099 737960
1500398099 892336
1500398100 71563
1500398100 223246
1500398100 378803
1500398100 524736
1500398100 680273
1500398100 845571
1500398100 997967
1500398101 178685
1500398101 351573
1500398101 533986
1500398101 714523
1500398101 880857
1500398102 27037
1500398102 174794
1500398102 343806
1500398102 490139
1500398102 640292
1500398102 820004
1500398102 997273
1500398103 152632
1500398103 325167
1500398103 461636
1500398103 638905
1500398103 812191
1500398103 956644
1500398104 143616
1500398104 296190
1500398104 448605
1500398104 623899
1500398104 785550
1500398104 935838
1500398105 89979
1500398105 273572
1500398105 435609
1500398105 602007
1500398105 786659
1500398105 941220
1500398106 112201
1500398106 300790
1500398106 441207
1500398106 592612
1500398106 748645
1500398106 912190
1500398107 93486
1500398107 276929
1500398107 450261
1500398107 601170
1500398107 753110
1500398107 902091
