1500398095 741841
1500398095 915408
1500398096 78633
1500398096 261000
1500398096 414442
1500398096 596871
1500398096 769282
1500398096 913523
1500398097 96019
1500398097 240294
1500398097 422546
1500398097 576079
1500398097 729298
1500398097 911896
1500398098 56139
1500398098 199473
1500398098 343910
1500398098 526165
1500398098 699364
1500398098 861927
1500398099 6254
1500398099 150674
1500398099 322947
1500398099 496248
1500398099 639555
1500398099 812949
1500398099 966225
1500398100 138791
1500398100 293370
1500398100 446401
1500398100 599964
1500398100 753232
1500398100 916597
1500398101 70299
1500398101 252211
1500398101 425572
1500398101 608147
1500398101 790509
1500398101 953810
1500398102 97497
1500398102 251469
1500398102 413842
1500398102 557940
1500398102 711599
1500398102 893947
1500398103 67340
1500398103 220786
1500398103 393251
1500398103 537594
1500398103 710898
1500398103 883248
1500398104 27273
1500398104 218826
1500398104 372240
1500398104 516578
1500398104 699102
1500398104 862528
1500398105 6623
1500398105 160185
1500398105 342326
1500398105 505707
1500398105 678323
1500398105 860667
1500398106 13892
1500398106 187395
1500398106 369836
1500398106 513227
1500398106 667327
1500398106 820821
1500398106 984048
1500398107 166572
1500398107 348889
1500398107 521588
1500398107 674812
1500398107 828804
1500398107 972524
