1498238364.8224618
1498238364.8224716
1498238364.8224735
1498238364.8224745
1498238364.8224754
1498238364.8224766
1498238364.8224776
1498238364.8224785
1498238364.8224797
1498238364.8224807
1498238364.8224816
1498238364.8224826
1498238364.8224838
1498238364.8224847
1498238364.8224857
1498238364.8224869
1498238364.8224876
1498238364.8224888
1498238364.8224897
1498238364.822491
1498238364.822492
1498238364.8224926
1498238364.8224938
1498238364.8224947
1498238364.8224957
1498238364.8224967
1498238364.8224978
1498238364.8224988
1498238364.8224998
1498238364.822501
1498238364.822502
1498238364.8225029
1498238364.8225036
1498238364.8225048
1498238364.8225057
1498238364.8225067
1498238364.8225079
1498238364.8225088
1498238364.8225098
1498238364.822511
1498238364.8225117
1498238364.8225126
1498238364.8225136
1498238364.8225148
1498238364.8225157
1498238364.8225167
1498238364.8225179
1498238364.8225188
1498238364.8225198
1498238364.8225205
1498238364.8225217
1498238364.8225226
1498238364.8225236
1498238364.8225248
1498238364.8225257
1498238364.8225267
1498238364.8225274
1498238364.8225286
1498238364.8225296
1498238364.8225307
1498238364.822532
1498238364.8225327
1498238364.8225336
1498238364.8225346
1498238364.8225358
1498238364.8225367
1498238364.8225377
1498238364.8225389
1498238364.8225396
1498238364.8225405
1498238364.8225415
1498238364.8225427
1498238364.8225436
1498238364.822545
1498238364.8225462
1498238364.822547
1498238364.822548
1498238364.822549
1498238364.82255
1498238364.822551
1498238364.822552
1498238364.822553
1498238364.8225539
1498238364.8225548
1498238364.822556
1498238364.8225567
1498238364.8225577
1498238364.8225586
1498238364.8225598
1498238364.822561
1498238364.822562
1498238364.8225632
1498238364.8225641
1498238364.822565
1498238364.822566
1498238364.822567
1498238364.8225698
1498238364.8225708
1498238364.8225718
1498238364.8225727
1498238364.822574
1498238364.8225749
1498238364.8225758
1498238364.8225765
1498238364.8225777
1498238364.8225787
1498238364.8225796
1498238364.8225808
1498238364.8225818
1498238364.8225827
1498238364.8225834
1498238364.8225846
1498238364.8225856
1498238364.8225865
1498238364.8225877
1498238364.8225884
1498238364.8225894
1498238364.8225904
1498238364.8225915
1498238364.8225925
1498238364.8225935
1498238364.8225944
1498238364.8225954
1498238364.8225963
1498238364.8225973
1498238364.8225985
1498238364.8225992
1498238364.8226006
1498238364.8226018
1498238364.8226027
1498238364.8226037
1498238364.8226047
1498238364.8226056
1498238364.8226066
1498238364.8226075
1498238364.8226087
1498238364.8226094
1498238364.8226104
1498238364.8226116
1498238364.8226125
1498238364.8226135
1498238364.8226144
1498238364.8226154
1498238364.8226163
1498238364.8226173
1498238364.8226185
1498238364.8226194
1498238364.8226204
1498238364.8226213
1498238364.8226228
1498238364.8226235
1498238364.8226244
1498238364.8226256
1498238364.8226266
1498238364.8226275
1498238364.8226285
1498238364.8226295
1498238364.8226304
1498238364.8226314
1498238364.8226326
1498238364.8226335
1498238364.8226342
1498238364.8226352
1498238364.8226364
1498238364.8226373
1498238364.8226383
1498238364.822639
1498238364.8226402
1498238364.822642
1498238364.8226433
1498238364.822644
1498238364.822645
1498238364.822646
1498238364.822647
1498238364.822648
1498238364.822649
1498238364.8226502
1498238364.8226511
1498238364.822652
1498238364.8226528
1498238364.822654
1498238364.822655
1498238364.822656
1498238364.8226569
1498238364.8226578
1498238364.8226588
1498238364.8226597
1498238364.822661
1498238364.8226619
1498238364.8226628
1498238364.8226638
