1500997026 222873
1500997026 395526
1500997026 482513
1500997026 625969
1500997026 712820
1500997026 799051
1500997026 885516
1500997026 971578
1500997027 57826
1500997027 317448
1500997027 528912
1500997027 615112
1500997027 701248
1500997027 787307
1500997027 874490
1500997027 960565
1500997028 46746
1500997028 132949
1500997028 219185
1500997028 306314
1500997028 392546
1500997028 478803
1500997028 565071
1500997028 651188
1500997028 738425
1500997028 824429
1500997028 910523
1500997028 996914
1500997029 83231
1500997029 179499
1500997029 265598
1500997029 351747
1500997029 437968
1500997029 668782
1500997029 754903
1500997029 841485
1500997030 215866
1500997030 302205
1500997030 388349
1500997030 475260
1500997030 561383
1500997030 647686
1500997030 734033
1500997030 820990
1500997030 907215
1500997030 994026
1500997031 79857
1500997031 166442
1500997031 252216
1500997031 339287
1500997031 425571
1500997031 511601
1500997031 597747
1500997031 685200
1500997031 771035
1500997031 857563
1500997031 942841
1500997032 30032
1500997032 115951
1500997032 202224
1500997032 288520
1500997032 374496
1500997032 461882
1500997032 548747
1500997032 634209
1500997032 720415
1500997032 807574
1500997032 893865
1500997032 980028
1500997033 66375
1500997033 152346
1500997033 240426
1500997033 508242
1500997033 594458
1500997033 680783
1500997033 767055
1500997033 854006
1500997033 940268
1500997034 26388
1500997034 112606
1500997034 199188
1500997034 285263
1500997034 372186
1500997034 459044
1500997034 544503
1500997034 630777
1500997034 716997
1500997034 939124
1500997035 24578
1500997035 188142
1500997035 274347
1500997035 379442
1500997035 466716
1500997035 552793
1500997035 638945
1500997035 725649
1500997035 811334
1500997035 898685
1500997035 984967
1500997036 70967
1500997036 157094
1500997036 243273
1500997036 330843
1500997036 416690
1500997036 503038
1500997036 590932
1500997036 675431
1500997036 762811
1500997036 848646
1500997036 934916
1500997037 21171
1500997037 251922
1500997037 597602
1500997037 683703
1500997037 866069
1500997037 952172
1500997038 58473
1500997038 144623
1500997038 230834
1500997038 317088
1500997038 442210
1500997038 528345
1500997038 702107
1500997038 787996
1500997038 874151
1500997038 979515
1500997039 66839
1500997039 220163
1500997039 556041
1500997039 671148
1500997039 757363
1500997039 843642
1500997039 930565
1500997040 16823
1500997040 103034
1500997040 189151
1500997040 275817
1500997040 362762
1500997040 448716
1500997040 534929
1500997040 621078
1500997040 707445
1500997040 794422
1500997040 880649
1500997040 966871
1500997041 53183
1500997041 140293
1500997041 226382
1500997041 312620
1500997041 398694
1500997041 495039
1500997041 581262
1500997041 667871
1500997041 754701
1500997041 840814
1500997041 927004
1500997042 13263
1500997042 99561
1500997042 186621
1500997042 272893
1500997042 359053
1500997042 541522
1500997042 627614
1500997042 742857
1500997042 829196
1500997042 916086
1500997043 2431
1500997043 175008
1500997043 405433
1500997043 491582
1500997043 578134
1500997043 665095
1500997043 751471
1500997043 837256
1500997043 924042
1500997044 9776
1500997044 101535
1500997044 393605
1500997044 480863
1500997044 739523
1500997044 825586
1500997044 912654
1500997044 998826
1500997045 84873
1500997045 171313
1500997045 258471
1500997045 344711
1500997045 468878
1500997045 555131
1500997045 642295
1500997045 728471
1500997045 815174
1500997045 901111
1500997045 987020
1500997046 74284
1500997046 160772
1500997046 247130
1500997046 333809
1500997046 419087
1500997046 506716
1500997046 592521
1500997046 678625
1500997046 764820
1500997046 851207
1500997046 938194
1500997047 24408
1500997047 110636
1500997047 196744
1500997047 283285
1500997047 370351
1500997047 456599
1500997047 542640
1500997047 629171
1500997047 715059
1500997047 802177
1500997047 888413
1500997047 974550
1500997048 60669
1500997048 147230
1500997048 234093
1500997048 320331
1500997048 406602
1500997048 492794
1500997048 579965
1500997048 666253
1500997048 752288
1500997048 838524
1500997048 924843
1500997049 11932
1500997049 98918
1500997049 184275
1500997049 270439
1500997049 519682
1500997049 615711
1500997049 701943
1500997049 788213
1500997049 875352
1500997049 961642
1500997050 47818
1500997050 134064
1500997050 220167
1500997050 307327
1500997050 393525
1500997050 479849
1500997050 566018
1500997050 652163
1500997050 739363
1500997050 825543
1500997050 911727
1500997050 998068
1500997051 84162
1500997051 171754
1500997051 258613
1500997051 343865
1500997051 429957
1500997051 612218
1500997051 699536
1500997051 785590
1500997051 871764
1500997051 957954
1500997052 44164
1500997052 131355
1500997052 217584
1500997052 303763
1500997052 389947
1500997052 476203
1500997052 563349
1500997052 649528
1500997052 735750
1500997052 821947
1500997052 975288
1500997053 100511
1500997053 186784
1500997053 272983
1500997053 360125
1500997053 446338
1500997053 532511
1500997053 618695
1500997053 704946
1500997053 792056
1500997053 945428
1500997054 31724
1500997054 214141
1500997054 396551
1500997054 482779
1500997054 569284
1500997054 675201
1500997054 809405
1500997054 895660
1500997054 981958
1500997055 68944
1500997055 318481
1500997055 461902
1500997055 549094
1500997055 635207
1500997055 855776
1500997055 942074
1500997056 28104
1500997056 115549
1500997056 201480
1500997056 287668
1500997056 373982
1500997056 556314
1500997056 710616
1500997056 796842
1500997056 883021
1500997056 969356
1500997057 55444
1500997057 142686
1500997057 237863
1500997057 325218
1500997057 411234
1500997057 497381
1500997057 583574
1500997057 669790
1500997057 756966
1500997057 843114
1500997057 929389
1500997058 14960
1500997058 101766
1500997058 188126
1500997058 274225
1500997058 360433
1500997058 447538
1500997058 533756
1500997058 619954
1500997058 706167
1500997058 792391
1500997058 879493
1500997058 965744
1500997059 51943
1500997059 435820
1500997059 522046
1500997059 637296
1500997059 790775
1500997060 127379
1500997060 386135
1500997060 616601
1500997060 702703
1500997060 789846
1500997060 905264
1500997061 48459
1500997061 259911
1500997061 490383
1500997061 576876
1500997061 662878
1500997061 749968
1500997061 836251
1500997061 922395
1500997062 8634
1500997062 94761
1500997062 181916
1500997062 268156
1500997062 354317
1500997062 440534
1500997062 526788
1500997062 613953
1500997062 700122
1500997062 786368
1500997062 872462
1500997062 958720
1500997063 45843
1500997063 132070
1500997063 218267
1500997063 304480
1500997063 390685
1500997063 477866
1500997063 650278
1500997063 736438
1500997063 822677
1500997063 909784
1500997063 996171
1500997064 82247
1500997064 168797
1500997064 254762
1500997064 342064
1500997064 428395
1500997064 515193
1500997064 600988
1500997064 688029
1500997064 774491
1500997064 860618
1500997064 946827
1500997065 32788
1500997065 120313
1500997065 206053
1500997065 292471
1500997065 378727
1500997065 464844
1500997065 552092
1500997065 638220
1500997065 724246
1500997065 810469
1500997065 897152
1500997065 983865
1500997066 70216
1500997066 156425
1500997066 242691
1500997066 329380
1500997066 416211
1500997066 502218
1500997066 588447
1500997066 674641
1500997066 867159
1500997067 116686
1500997067 673277
1500997067 760108
1500997067 846896
1500997067 932598
1500997068 18680
1500997068 105879
1500997068 191871
1500997068 278251
1500997068 364419
1500997068 450789
1500997068 537847
1500997068 624218
1500997068 710329
1500997068 796722
1500997068 882817
1500997068 969914
1500997069 55944
1500997069 555306
1500997069 794882
1500997069 882119
1500997069 967999
1500997070 54177
1500997070 140340
1500997070 226474
1500997070 313753
1500997070 400135
1500997070 736544
1500997070 899220
1500997071 44073
1500997071 254817
1500997071 379159
1500997071 522561
1500997071 609691
1500997071 840200
1500997071 926652
1500997072 12652
1500997072 98675
1500997072 184927
1500997072 387526
1500997072 501708
1500997072 665229
1500997072 751326
1500997072 838310
1500997072 924804
1500997073 11053
1500997073 97195
1500997073 184209
1500997073 270383
1500997073 356563
1500997073 442713
1500997073 529133
1500997073 616001
1500997073 702457
1500997073 788698
1500997073 874862
1500997073 960997
1500997074 48254
1500997074 134308
1500997074 220452
1500997074 306714
1500997074 392865
1500997074 479944
1500997074 566391
1500997074 652540
1500997074 738832
1500997074 824942
1500997074 912048
1500997074 998275
1500997075 84521
1500997075 170896
1500997075 257759
1500997075 343894
1500997075 430306
1500997075 516415
1500997075 602534
1500997075 689565
1500997075 776001
1500997075 958596
1500997076 111944
1500997076 198040
1500997076 284183
1500997076 371389
1500997076 457736
1500997076 543650
1500997076 726315
1500997077 13970
1500997077 119913
1500997077 206123
1500997077 292382
1500997077 378723
1500997077 494003
1500997077 580942
1500997077 667309
1500997077 753381
1500997077 839806
1500997077 945662
1500997078 31894
1500997078 118336
1500997078 204585
1500997078 290733
1500997078 396836
1500997078 483144
1500997078 569354
1500997078 838626
1500997078 923878
1500997079 201906
1500997079 288092
1500997079 375321
1500997079 509460
1500997079 719949
1500997079 893314
1500997079 979546
1500997080 65794
1500997080 152563
1500997080 334594
1500997080 421689
1500997080 507741
1500997080 594060
1500997080 680220
1500997080 766468
1500997080 853628
1500997080 939806
1500997081 25918
1500997081 112129
1500997081 198250
1500997081 285580
1500997081 371631
1500997081 457774
1500997081 544128
1500997081 630540
1500997081 717320
1500997081 812804
1500997081 938227
1500997082 24068
1500997082 235542
1500997082 321799
1500997082 408091
1500997082 772980
1500997082 888235
1500997082 974205
1500997083 118703
1500997083 204732
1500997083 310921
1500997083 397206
1500997083 636915
1500997083 732972
1500997083 896407
1500997083 982490
1500997084 68736
1500997084 155975
1500997084 318350
1500997084 405368
1500997084 491884
1500997084 577746
1500997084 664282
1500997084 750336
1500997084 837413
1500997084 952836
1500997085 154241
1500997085 298163
1500997085 384678
1500997085 470906
1500997085 595828
1500997086 76214
1500997086 161534
1500997086 248519
1500997086 334705
1500997086 421028
1500997086 507165
1500997086 680534
1500997086 911184
1500997086 997458
1500997087 83629
1500997087 169881
1500997087 314731
1500997087 400128
1500997087 486572
1500997087 572596
1500997087 660237
1500997087 745998
1500997087 900079
1500997088 5577
1500997088 119761
1500997088 206885
1500997088 312209
1500997088 398650
1500997088 484594
1500997088 571841
1500997088 658071
1500997088 744021
1500997088 830503
1500997088 916641
1500997089 3619
1500997089 119076
1500997089 205121
1500997089 396770
1500997089 484008
1500997089 589132
1500997089 676050
1500997089 761760
1500997089 848590
1500997089 934866
1500997090 21237
1500997090 107453
1500997090 241687
1500997090 327911
1500997090 415031
1500997090 501140
1500997090 587388
1500997090 673620
1500997090 760608
1500997090 846974
1500997090 933119
1500997091 19299
1500997091 105558
1500997091 192769
1500997091 278839
1500997091 365028
1500997091 451277
1500997091 537329
1500997091 624033
1500997091 709948
1500997091 797093
1500997091 883994
1500997091 969410
1500997092 55584
1500997092 141898
1500997092 229078
1500997092 315405
1500997092 401422
1500997092 487580
1500997092 573818
1500997092 660979
1500997092 747213
1500997092 833310
1500997093 16038
1500997093 112251
1500997093 198885
1500997093 284435
1500997093 370905
1500997093 457875
1500997093 544537
1500997093 630325
1500997093 716612
1500997093 822613
1500997093 908659
1500997093 995094
1500997094 81807
1500997094 187760
1500997094 292821
1500997094 378781
1500997094 465159
1500997094 551689
1500997094 637510
1500997094 724376
1500997094 810977
1500997095 69575
1500997095 155852
1500997095 243092
1500997095 329178
1500997095 415118
1500997095 501485
1500997095 587723
1500997095 674780
1500997095 760978
1500997095 847225
1500997095 933377
1500997096 19715
1500997096 106752
1500997096 192829
1500997096 279971
1500997096 365389
1500997096 451646
1500997096 538608
1500997096 625551
1500997096 711196
1500997096 797311
1500997096 884625
1500997096 970804
1500997097 57005
1500997097 143210
1500997097 229492
1500997097 316794
1500997097 402723
1500997097 488801
1500997097 575003
1500997097 661387
1500997097 749117
1500997097 834656
1500997097 920914
1500997098 7000
1500997098 93496
1500997098 180361
1500997098 267283
1500997098 352849
1500997098 439070
1500997098 525329
1500997098 612346
1500997098 698537
1500997098 785390
1500997098 871035
1500997098 957738
1500997099 44667
1500997099 130855
1500997099 216647
1500997099 302976
1500997099 390158
1500997099 477024
1500997099 562413
1500997099 648729
1500997099 734987
1500997099 822183
1500997099 908343
1500997099 994708
1500997100 80796
1500997100 166954
1500997100 253999
1500997100 340337
1500997100 541888
1500997100 628296
1500997100 714184
1500997100 801338
1500997100 887408
1500997100 973766
1500997101 59786
1500997101 252480
1500997101 395887
1500997101 636227
1500997101 722531
1500997101 837750
1500997101 933792
1500997102 125476
1500997102 212605
1500997102 298648
1500997102 384811
1500997102 471018
1500997102 557201
1500997102 644704
1500997102 730665
1500997102 816941
1500997102 903094
1500997102 989455
1500997103 76879
1500997103 162550
1500997103 249330
1500997103 334862
1500997103 421239
1500997103 508520
1500997103 594421
1500997103 699871
1500997103 786052
1500997104 64962
1500997104 151031
1500997104 353325
1500997104 439714
1500997104 525606
1500997104 611985
1500997104 698243
1500997104 785227
1500997104 871622
1500997104 957711
1500997105 139990
1500997105 226267
1500997105 312471
1500997105 399615
1500997105 485824
1500997105 572108
1500997105 658185
1500997105 745411
1500997105 831604
1500997105 917931
1500997106 4288
1500997106 90244
1500997106 177525
1500997106 263576
1500997106 349667
1500997106 435877
1500997106 521966
1500997106 609947
1500997106 695362
1500997106 781473
1500997106 868008
1500997106 954267
1500997107 41911
1500997107 127587
1500997107 213642
1500997107 415111
1500997107 530455
1500997107 770811
1500997107 857188
1500997107 981926
1500997108 173817
1500997108 442520
1500997108 684090
1500997108 960866
1500997109 48008
1500997109 278258
1500997109 364448
1500997109 709560
1500997109 834729
1500997109 920725
1500997110 7279
1500997110 141463
1500997110 295633
1500997110 554494
1500997110 641343
1500997110 967378
1500997111 54056
1500997111 140520
1500997111 227692
1500997111 466324
1500997111 552539
1500997111 640019
1500997111 725929
1500997111 812007
1500997111 898140
1500997111 984389
1500997112 72084
1500997112 157704
1500997112 714418
1500997112 801401
1500997113 89140
1500997113 280701
1500997113 675128
1500997113 885794
1500997114 39223
1500997114 125981
1500997114 231531
1500997114 317565
1500997114 403882
1500997114 489806
1500997114 577201
1500997114 663349
1500997114 749975
1500997114 835730
1500997114 922157
1500997115 9037
1500997115 95306
1500997115 181885
1500997115 268606
1500997115 353993
1500997115 440544
1500997115 526448
1500997115 614325
1500997115 700374
1500997115 786477
1500997116 25796
1500997116 112732
1500997116 247094
1500997116 333606
1500997116 419382
1500997116 505666
1500997116 592725
1500997116 678843
1500997116 765012
1500997116 957609
1500997117 43743
1500997117 379570
1500997117 505011
1500997117 590930
1500997117 677412
1500997117 763432
1500997117 850472
1500997117 936782
1500997118 22981
1500997118 109094
1500997118 195456
1500997118 281564
1500997118 368632
1500997118 454734
1500997118 541674
1500997118 627414
1500997118 713458
1500997118 800719
1500997118 886801
1500997119 88320
1500997119 174648
1500997119 260702
1500997119 348681
1500997119 434463
1500997119 520274
1500997119 606705
1500997119 692909
1500997119 779906
1500997119 866011
1500997119 952383
1500997120 38671
1500997120 124823
1500997120 211833
1500997120 422474
1500997120 577105
1500997120 730123
1500997120 816807
1500997120 950552
1500997121 36826
1500997121 239274
1500997121 325426
1500997121 738631
1500997121 824437
1500997121 910707
1500997121 996980
1500997122 83031
1500997122 170314
1500997122 256523
1500997122 342744
1500997122 428923
1500997122 515118
1500997122 602309
1500997122 688958
1500997122 774696
1500997122 861016
1500997122 947893
1500997123 34565
1500997123 120450
1500997123 206657
1500997123 292835
1500997123 379890
1500997123 466151
1500997123 552486
1500997123 638647
1500997123 724862
1500997123 811906
1500997123 898123
1500997123 984468
1500997124 70797
1500997124 263350
1500997124 378421
1500997124 646970
1500997124 829462
1500997125 40699
1500997125 127008
1500997125 213073
1500997125 299088
1500997125 385633
1500997125 473070
1500997125 559397
1500997125 645060
1500997125 731253
1500997125 818872
1500997125 905264
1500997125 990774
1500997126 76995
1500997126 163617
1500997126 250308
1500997126 336484
1500997126 422663
1500997126 509051
1500997126 595354
1500997126 682396
1500997126 768587
1500997126 854591
1500997126 940870
1500997127 27196
1500997127 114324
1500997127 200767
1500997127 286720
1500997127 372864
1500997127 459434
1500997127 546347
1500997127 633231
1500997127 718769
1500997127 804746
1500997127 891248
1500997127 978959
1500997128 64440
1500997128 150687
1500997128 237398
1500997128 322976
1500997128 410254
1500997128 496369
1500997128 582703
1500997128 668711
1500997128 755932
1500997128 842508
1500997128 928497
1500997129 14459
1500997129 100812
1500997129 187834
1500997129 274289
1500997129 360263
1500997129 446473
1500997129 532628
1500997129 620031
1500997129 706155
1500997129 792290
1500997129 878741
1500997129 965222
1500997130 52128
1500997130 138506
1500997130 224389
1500997130 310771
1500997130 397046
1500997130 483840
1500997130 570183
1500997130 656265
1500997130 742393
1500997130 829693
1500997130 915763
1500997131 2292
1500997131 88296
1500997131 174445
1500997131 261628
1500997131 347702
1500997131 434188
1500997131 520177
1500997131 606498
1500997131 693509
1500997131 779806
1500997131 866017
1500997131 952174
1500997132 38225
1500997132 125545
1500997132 211957
1500997132 297962
1500997132 385071
1500997132 470302
1500997132 557362
1500997132 643728
1500997132 730514
1500997132 816047
1500997132 902224
1500997132 989589
1500997133 75555
1500997133 162086
1500997133 248648
1500997133 334205
1500997133 421439
1500997133 507684
1500997133 593826
1500997133 679965
1500997133 767899
1500997133 853478
1500997133 939753
1500997134 26007
1500997134 112210
1500997134 199167
1500997134 285528
1500997134 372387
1500997134 457876
1500997134 544188
1500997134 631108
1500997134 718064
1500997134 803719
1500997134 889605
1500997134 975912
1500997135 63197
1500997135 149148
1500997135 235662
1500997135 321853
1500997135 408019
1500997135 495135
1500997135 581458
1500997135 667446
1500997135 753723
1500997135 839933
1500997135 927191
1500997136 13946
1500997136 99452
1500997136 185832
1500997136 273527
1500997136 359226
1500997136 445277
1500997136 532280
1500997136 617698
1500997136 704977
1500997136 791629
1500997136 877929
1500997136 963530
1500997137 49596
1500997137 136927
1500997137 223107
1500997137 309055
1500997137 395331
1500997137 481547
1500997137 568806
1500997137 655001
1500997137 741098
1500997137 827550
1500997137 914133
1500997138 767
1500997138 87021
1500997138 172994
1500997138 259366
1500997138 345494
1500997138 432763
1500997138 518735
1500997138 605168
1500997138 691226
1500997138 778306
1500997138 864658
1500997138 950834
1500997139 36936
1500997139 123257
1500997139 210629
1500997139 296837
1500997139 382699
1500997139 469199
1500997139 555316
1500997139 642380
1500997139 728714
1500997139 814829
1500997139 901046
1500997139 987339
1500997140 74320
1500997140 160702
1500997140 246698
1500997140 333653
1500997140 419239
1500997140 506597
1500997140 593038
1500997140 678725
1500997140 765045
1500997140 852752
1500997140 938211
1500997141 24561
1500997141 110657
1500997141 197219
1500997141 284037
1500997141 370186
1500997141 456425
1500997141 542735
1500997141 628673
1500997141 715980
1500997141 802133
1500997141 888441
1500997141 974822
1500997142 60859
1500997142 148103
1500997142 234344
1500997142 320359
1500997142 406501
1500997142 492905
1500997142 580061
1500997142 666384
1500997142 752319
1500997142 838645
1500997142 925567
1500997143 11886
1500997143 98034
1500997143 184192
1500997143 270446
1500997143 358440
1500997143 443895
1500997143 530004
1500997143 616285
1500997143 702373
1500997143 789705
1500997143 876632
1500997143 962115
1500997144 48471
1500997144 134380
1500997144 221676
1500997144 307674
1500997144 394737
1500997144 480236
1500997144 566427
1500997144 653476
1500997144 740649
1500997144 826774
1500997144 912205
1500997144 998610
1500997145 85573
1500997145 171720
1500997145 258031
1500997145 343979
1500997145 430360
1500997145 518023
1500997145 604124
1500997145 690067
1500997145 776138
1500997145 863371
1500997145 949436
1500997146 35716
1500997146 122058
1500997146 208216
1500997146 295415
1500997146 381473
1500997146 467607
1500997146 553777
1500997146 640107
1500997146 727198
1500997146 813319
1500997146 899556
1500997146 985712
1500997147 72266
1500997147 159154
1500997147 245293
1500997147 331553
1500997147 417763
1500997147 503954
1500997147 591125
1500997147 677882
1500997147 764029
1500997147 849901
1500997147 936001
1500997148 23243
1500997148 109491
1500997148 195625
1500997148 281756
1500997148 368722
1500997148 455209
1500997148 541472
1500997148 627431
1500997148 713686
1500997148 800873
1500997148 887051
1500997148 973254
1500997149 59525
1500997149 145736
1500997149 232823
1500997149 319321
1500997149 405274
1500997149 491427
1500997149 577609
1500997149 664942
1500997149 751732
1500997149 837338
1500997149 923624
1500997150 9676
1500997150 96921
1500997150 183071
1500997150 269914
1500997150 355448
1500997150 441613
1500997150 528869
1500997150 614866
1500997150 700950
1500997150 787826
1500997150 873670
1500997150 960479
1500997151 46804
1500997151 133266
1500997151 219340
1500997151 306699
1500997151 392730
1500997151 478987
1500997151 565767
1500997151 651529
1500997151 738632
1500997151 824576
1500997151 911678
1500997151 997221
1500997152 83377
1500997152 170652
1500997152 256643
1500997152 343335
1500997152 429048
1500997152 515143
1500997152 602503
1500997152 688707
1500997152 774900
1500997152 861512
1500997152 947324
1500997153 35532
1500997153 120669
1500997153 206775
1500997153 293234
1500997153 379314
1500997153 466300
1500997153 552585
1500997153 638974
1500997153 725045
1500997153 811074
1500997153 898335
1500997153 985171
1500997154 70934
1500997154 157144
1500997154 244111
1500997154 331411
1500997154 416510
1500997154 502831
1500997154 589082
1500997154 676212
1500997154 762234
1500997154 848511
1500997154 934595
1500997155 20986
1500997155 108153
1500997155 194301
1500997155 281323
1500997155 366540
1500997155 452793
1500997155 540038
1500997155 626198
1500997155 712983
1500997155 798686
1500997155 884861
1500997155 972085
1500997156 58281
1500997156 144622
1500997156 230765
1500997156 317754
1500997156 403949
1500997156 490328
1500997156 576298
1500997156 662585
1500997156 749692
1500997156 835897
1500997156 922164
1500997157 8353
1500997157 94947
1500997157 181749
1500997157 268014
1500997157 354196
1500997157 440387
1500997157 526379
1500997157 614048
1500997157 699888
1500997157 786078
1500997157 872112
1500997157 959099
1500997158 45610
1500997158 131774
1500997158 218278
1500997158 304325
1500997158 391290
1500997158 478160
1500997158 563710
1500997158 649931
1500997158 736038
1500997158 823621
1500997158 909557
1500997158 995870
1500997159 82277
1500997159 168064
1500997159 255442
1500997159 341499
1500997159 427782
1500997159 513946
1500997159 600589
1500997159 687461
1500997159 773501
1500997159 859833
1500997159 945763
1500997160 32083
1500997160 119378
1500997160 205451
1500997160 291658
1500997160 378088
1500997160 465017
1500997160 551088
1500997160 637488
1500997160 723590
1500997160 809925
1500997160 897067
1500997160 983323
1500997161 69419
1500997161 155588
1500997161 242029
1500997161 330201
1500997161 415222
1500997161 501199
1500997161 587466
1500997161 674016
1500997161 760978
1500997161 847148
1500997161 933211
1500997162 19370
1500997162 105566
1500997162 192809
1500997162 279312
1500997162 365380
1500997162 452055
1500997162 538623
1500997162 624770
1500997162 711063
1500997162 797430
1500997162 883526
1500997162 970441
1500997163 56857
1500997163 143358
1500997163 229265
1500997163 315592
1500997163 402472
1500997163 488877
1500997163 574968
1500997163 661195
1500997163 747627
1500997163 834751
1500997163 920929
1500997164 7170
1500997164 93970
1500997164 179415
1500997164 266757
1500997164 352770
1500997164 438976
1500997164 525235
1500997164 611324
1500997164 699400
1500997164 784611
1500997164 870748
1500997164 957093
1500997165 44315
1500997165 130410
1500997165 216725
1500997165 302889
1500997165 389095
1500997165 476076
1500997165 562589
1500997165 648652
1500997165 735314
1500997165 820986
1500997165 908089
1500997165 995303
1500997166 80619
1500997166 167192
1500997166 253363
1500997166 340354
1500997166 426645
1500997166 512688
1500997166 598853
1500997166 684980
1500997166 772272
1500997166 858247
1500997166 944670
1500997167 30779
1500997167 117755
1500997167 204027
1500997167 290973
1500997167 377360
1500997167 462811
1500997167 550092
1500997167 635971
1500997167 722212
1500997167 808469
1500997167 894831
1500997167 981852
1500997168 68072
1500997168 154253
1500997168 240449
1500997168 326667
1500997168 413836
1500997168 500252
1500997168 586234
1500997168 672432
1500997168 758574
1500997168 845950
1500997168 931979
1500997169 18189
1500997169 104589
1500997169 191505
1500997169 277634
1500997169 364201
1500997169 450301
1500997169 536286
1500997169 623445
1500997169 709572
1500997169 796662
1500997169 882159
1500997169 968334
1500997170 55477
1500997170 142278
1500997170 237845
1500997170 324010
1500997170 410310
1500997170 496451
1500997170 582825
1500997170 746189
1500997170 861374
1500997171 43635
1500997171 129908
1500997171 217702
1500997171 303288
1500997171 389534
1500997171 475754
1500997171 735371
1500997171 821543
1500997171 917828
1500997172 177319
1500997172 368992
1500997172 464988
1500997172 608469
1500997172 695968
1500997172 782383
1500997172 868460
1500997173 21684
1500997173 108580
1500997173 194489
1500997173 281698
1500997173 367049
1500997173 453256
1500997173 540416
1500997173 626628
1500997173 712775
1500997173 798993
1500997174 155045
1500997174 317131
1500997174 404130
1500997174 711258
1500997174 797336
1500997174 884456
1500997174 971227
1500997175 296399
1500997175 383465
1500997175 469651
1500997175 555870
1500997175 642256
1500997175 748095
1500997175 834633
1500997175 920615
1500997176 6807
1500997176 141331
1500997176 295444
1500997176 381824
1500997176 467857
1500997176 554074
1500997176 640488
1500997176 727455
1500997176 814402
1500997176 900162
1500997176 986161
1500997177 73074
1500997177 159290
1500997177 245770
1500997177 332026
1500997177 417964
1500997177 504319
1500997177 590614
1500997177 677824
1500997177 763877
1500997177 850114
1500997177 936660
1500997178 22545
1500997178 109583
1500997178 368373
1500997178 454344
1500997178 579581
1500997178 666388
1500997178 752738
1500997178 839078
1500997178 925447
1500997179 232228
1500997179 491775
1500997179 712304
1500997179 798409
1500997180 106180
1500997180 365866
1500997180 471181
1500997180 557306
1500997180 643398
1500997180 730524
1500997180 816665
1500997180 902720
1500997180 989230
1500997181 75508
1500997181 163181
1500997181 248516
1500997181 335121
1500997181 421434
1500997181 507097
1500997181 594330
1500997181 795859
1500997181 882130
1500997181 968447
1500997182 54721
1500997182 141638
1500997182 227656
1500997182 477483
1500997182 563781
1500997182 649986
1500997182 928763
1500997183 34376
1500997183 120913
1500997183 274163
1500997183 360432
1500997183 446711
1500997183 610083
1500997183 696189
1500997183 783497
1500997183 869544
1500997183 955789
1500997184 41896
1500997184 127927
1500997184 215406
1500997184 301341
1500997184 387776
1500997184 618304
1500997184 704427
1500997184 830066
1500997184 924973
1500997185 11950
1500997185 98391
1500997185 184599
1500997185 270848
1500997185 356824
1500997185 443976
1500997185 530393
1500997185 616406
1500997185 702673
1500997185 788773
1500997186 163743
1500997186 249936
1500997186 336170
1500997186 423123
1500997186 509227
1500997186 595638
1500997186 682125
1500997186 767836
1500997186 855251
1500997186 941438
1500997187 27719
1500997187 113826
1500997187 200314
1500997187 287100
1500997187 374160
1500997187 459778
1500997187 545764
1500997187 631799
1500997187 718921
1500997187 805708
1500997187 891453
1500997187 978063
1500997188 64997
1500997188 151210
1500997188 238893
1500997188 323690
1500997188 409698
1500997188 497001
1500997188 583098
1500997188 670126
1500997188 755540
1500997188 841660
1500997188 928843
1500997189 16040
1500997189 101122
1500997189 187499
1500997189 273752
1500997189 965327
1500997190 51380
1500997190 137604
1500997190 224821
1500997190 340686
1500997190 426398
1500997190 512501
1500997190 598879
1500997190 684864
1500997190 771858
1500997190 867238
1500997190 954984
1500997191 262226
1500997191 732335
1500997191 961886
1500997192 77154
1500997192 164104
1500997192 250226
1500997192 432632
1500997192 518886
1500997192 615733
1500997192 701242
1500997192 787595
1500997192 873865
1500997192 960792
1500997193 47221
1500997193 134144
1500997193 219388
1500997193 305777
1500997193 392994
1500997193 478946
1500997193 565202
1500997193 651528
1500997193 738307
1500997193 824762
1500997193 911052
1500997193 997272
1500997194 83420
1500997194 169738
1500997194 256748
1500997194 343079
1500997194 429318
1500997194 515365
1500997194 601698
1500997194 688682
1500997194 774952
1500997194 861728
1500997194 947235
1500997195 33521
1500997195 120772
1500997195 207137
1500997195 293267
1500997195 379624
1500997195 465619
1500997195 552911
1500997195 638977
1500997195 725828
1500997195 811263
1500997195 897588
1500997195 984638
1500997196 70953
1500997196 157211
1500997196 243300
1500997196 330358
1500997196 416526
1500997196 502953
1500997196 589086
1500997196 675397
1500997196 762252
1500997196 848487
1500997196 934557
1500997197 21472
1500997197 107226
1500997197 194438
1500997197 280506
1500997197 366696
1500997197 453029
1500997197 539321
1500997197 626382
1500997197 712470
1500997197 799065
1500997197 884913
1500997197 971134
1500997198 58199
1500997198 144704
1500997198 230738
1500997198 316879
1500997198 404023
1500997198 490337
1500997198 577288
1500997198 662615
1500997198 748816
1500997198 836287
1500997198 922239
1500997199 8564
1500997199 94488
1500997199 180862
1500997199 268163
1500997199 354176
1500997199 440377
1500997199 526514
1500997199 612946
1500997199 699904
1500997199 786174
1500997199 872646
1500997199 958549
1500997200 45247
1500997200 131107
1500997200 218064
1500997200 304302
1500997200 390575
1500997200 476605
1500997200 563834
1500997200 650501
1500997200 736263
1500997200 822490
1500997200 908830
1500997200 995940
1500997201 82354
1500997201 168345
1500997201 254610
1500997201 340877
1500997201 427977
1500997201 514026
1500997201 600380
1500997201 686507
1500997201 772556
1500997201 859667
1500997201 946222
1500997202 32992
1500997202 118510
1500997202 204791
1500997202 291716
1500997202 378004
1500997202 464261
1500997202 550967
1500997202 636815
1500997202 723759
1500997202 809991
1500997202 896180
1500997202 982346
1500997203 68547
1500997203 155493
1500997203 242063
1500997203 328190
1500997203 414451
1500997203 501433
1500997203 587887
1500997203 673823
1500997203 760048
1500997203 846710
1500997203 933370
1500997204 19574
1500997204 105774
1500997204 192040
1500997204 278269
1500997204 365555
1500997204 451710
1500997204 537937
1500997204 623911
1500997204 710274
1500997204 797291
1500997204 883624
1500997204 969848
1500997205 55863
1500997205 142321
1500997205 229212
1500997205 315413
1500997205 401903
1500997205 487953
1500997205 575094
1500997205 661665
1500997205 747421
1500997205 833759
1500997205 919963
1500997206 7807
1500997206 93791
1500997206 179466
1500997206 265910
1500997206 351971
1500997206 439106
1500997206 525535
1500997206 611571
1500997206 697850
1500997206 784079
1500997206 871640
1500997206 957224
1500997207 44037
1500997207 130086
1500997207 216134
1500997207 303750
1500997207 389276
1500997207 475426
1500997207 561779
1500997207 647940
1500997207 734924
1500997207 821290
1500997207 907450
1500997207 993555
1500997208 80654
1500997208 167020
1500997208 253146
1500997208 339422
1500997208 425615
1500997208 512925
1500997208 598868
1500997208 685046
1500997208 771337
1500997208 857646
1500997208 944764
1500997209 31042
1500997209 117178
1500997209 203341
1500997209 289543
1500997209 376641
1500997209 462784
1500997209 549236
1500997209 635398
1500997209 721435
1500997209 808691
1500997209 894868
1500997209 981203
1500997210 67279
1500997210 153647
1500997210 240520
1500997210 326847
1500997210 413279
1500997210 499374
1500997210 586435
1500997210 672670
1500997210 759051
1500997210 844978
1500997210 931640
1500997211 18339
1500997211 104400
1500997211 190689
1500997211 277069
1500997211 363338
1500997211 450367
1500997211 536554
1500997211 622697
1500997211 708989
1500997211 795162
1500997211 882383
1500997211 968718
1500997212 54835
1500997212 141225
1500997212 227275
1500997212 315255
1500997212 400768
1500997212 486953
1500997212 573192
1500997212 659426
1500997212 746172
1500997212 832632
1500997212 919168
1500997213 4812
1500997213 91996
1500997213 178139
1500997213 264541
1500997213 350921
1500997213 436936
1500997213 523981
1500997213 610173
1500997213 696390
1500997213 782435
1500997213 868827
1500997213 955965
1500997214 42608
1500997214 128440
1500997214 214987
1500997214 301036
1500997214 388684
1500997214 474281
1500997214 560593
1500997214 646646
1500997214 732736
1500997214 819904
1500997214 906125
1500997214 992362
1500997215 78607
1500997215 164826
1500997215 251950
1500997215 338163
1500997215 424200
1500997215 510641
1500997215 596603
1500997215 683994
1500997215 770079
1500997215 856426
1500997215 942665
1500997216 29563
1500997216 115832
1500997216 201975
1500997216 288327
1500997216 374483
1500997216 461677
1500997216 547732
1500997216 634105
1500997216 720155
1500997216 806414
1500997216 893408
1500997216 979743
1500997217 66045
1500997217 152187
1500997217 238668
1500997217 325677
1500997217 412056
1500997217 498096
1500997217 584165
1500997217 670531
1500997217 758238
1500997217 843956
1500997217 930098
1500997218 16015
1500997218 217634
1500997218 304646
1500997218 391156
1500997218 477517
1500997218 678939
1500997218 764849
1500997218 852181
1500997218 938214
1500997219 43590
1500997219 255089
1500997219 351308
1500997219 687086
1500997219 773357
1500997219 859532
1500997219 946630
1500997220 272526
1500997220 358623
1500997220 521940
1500997220 608127
1500997220 733427
1500997220 934827
1500997221 20980
1500997221 107883
1500997221 197207
1500997221 376911
1500997221 471923
1500997221 559123
1500997221 645460
1500997222 423339
1500997222 513192
1500997222 605550
1500997222 729841
1500997222 874335
1500997223 143197
1500997223 239102
1500997223 335138
1500997223 622713
1500997223 709099
1500997223 795404
1500997223 882290
1500997223 968565
1500997224 54713
1500997224 141079
1500997224 227333
1500997224 314505
1500997224 401201
1500997224 486709
1500997224 572814
1500997224 746534
1500997224 832443
1500997224 919248
1500997225 4947
1500997225 91110
1500997225 178174
1500997225 264575
1500997225 350737
1500997225 436959
1500997225 523485
1500997225 611046
1500997225 696458
1500997225 782636
1500997225 868879
1500997225 956009
1500997226 42214
1500997226 138610
1500997226 224645
1500997226 311100
1500997226 464949
1500997226 550464
1500997226 694867
1500997226 780987
1500997226 867057
1500997227 31216
1500997227 117677
1500997227 203912
1500997227 290723
1500997227 376345
1500997227 462571
1500997227 549668
1500997227 635768
1500997227 760088
1500997227 846779
1500997227 933717
1500997228 19619
1500997228 106501
1500997228 192095
1500997228 279822
1500997228 365488
1500997228 451644
1500997228 538008
1500997228 623946
1500997228 711479
1500997228 797545
1500997228 883400
1500997228 969952
1500997229 56034
1500997229 143262
1500997229 229451
1500997229 316243
1500997229 401918
1500997229 488059
1500997229 575203
1500997229 661552
1500997229 776833
1500997229 978259
1500997230 64220
1500997230 150746
1500997230 237800
1500997230 324073
1500997230 410053
1500997230 718096
1500997230 804088
1500997230 890294
1500997230 976319
1500997231 62654
1500997231 149609
1500997231 235994
1500997231 706852
1500997231 792301
1500997231 879582
1500997231 965807
1500997232 51799
1500997232 312029
1500997232 398335
1500997232 551011
1500997232 637191
1500997232 723401
1500997232 810461
1500997232 896645
1500997232 982803
1500997233 68938
1500997233 156080
1500997233 242556
1500997233 328696
1500997233 473019
1500997233 559259
1500997233 645456
1500997233 731577
1500997233 817631
1500997233 904758
1500997233 991237
1500997234 77122
1500997234 163452
1500997234 249741
1500997234 337024
1500997234 423119
1500997234 509278
1500997234 595374
1500997234 681628
1500997234 768983
1500997234 855088
1500997234 941274
1500997235 27379
1500997235 113943
1500997235 205271
1500997235 296227
1500997235 383302
1500997235 469490
1500997235 555576
1500997235 641839
1500997235 729046
1500997235 815296
1500997235 902175
1500997235 987955
1500997236 74716
1500997236 160826
1500997236 247364
1500997236 333431
1500997236 419763
1500997236 505879
1500997236 592929
1500997236 679412
1500997236 765288
1500997236 852301
1500997236 937854
1500997237 25120
1500997237 111136
1500997237 197329
1500997237 283529
1500997237 369923
1500997237 457046
1500997237 543117
1500997237 629289
1500997237 715453
1500997237 801813
1500997237 888789
1500997237 975128
1500997238 61322
1500997238 147442
1500997238 233715
1500997238 321316
1500997238 406992
1500997238 493296
1500997238 579682
1500997238 666599
1500997238 752643
1500997238 839253
1500997238 925213
1500997239 11447
1500997239 98556
1500997239 184908
1500997239 271063
1500997239 357091
1500997239 443570
1500997239 530589
1500997239 616975
1500997239 703024
1500997239 789224
1500997239 875560
1500997239 962625
1500997240 48935
1500997240 135615
1500997240 221359
1500997240 307477
1500997240 394544
1500997240 480663
1500997240 567698
1500997240 653520
1500997240 740387
1500997240 826574
1500997240 913453
1500997240 998971
1500997241 85766
1500997241 172937
1500997241 257413
1500997241 343703
1500997241 431480
1500997241 517125
1500997241 603447
1500997241 689962
1500997241 775738
1500997241 862762
1500997241 948984
1500997242 35340
1500997242 121573
1500997242 208559
1500997242 294726
1500997242 381069
1500997242 467429
1500997242 553738
1500997242 640701
1500997242 727010
1500997242 813033
1500997242 899216
1500997242 985461
1500997243 72700
1500997243 158842
1500997243 245126
1500997243 331359
1500997243 417511
1500997243 504669
1500997243 590935
1500997243 677076
1500997243 763146
1500997243 849835
1500997243 936812
1500997244 22836
1500997244 109003
1500997244 195430
1500997244 281427
1500997244 368405
1500997244 454804
1500997244 541038
1500997244 627096
1500997244 714796
1500997244 800475
1500997244 886988
1500997244 973270
1500997245 59280
1500997245 146990
1500997245 232532
1500997245 318756
1500997245 404867
1500997245 491237
1500997245 578686
1500997245 664349
1500997245 750621
1500997245 836974
1500997245 923199
1500997246 10237
1500997246 96445
1500997246 182576
1500997246 268713
1500997246 355098
1500997246 442105
1500997246 528827
1500997246 614666
1500997246 700859
1500997246 788000
1500997246 874220
1500997246 961000
1500997247 46507
1500997247 132674
1500997247 220194
1500997247 306213
1500997247 392374
1500997247 478524
1500997247 564802
1500997247 652352
1500997247 737963
1500997247 824258
1500997247 910558
1500997247 996979
1500997248 84010
1500997248 170229
1500997248 256333
1500997248 342485
1500997248 428808
1500997248 515777
1500997248 602132
1500997248 688140
1500997248 775093
1500997248 861523
1500997248 947641
1500997249 34093
1500997249 120128
1500997249 206433
1500997249 293620
1500997249 379725
1500997249 466167
1500997249 552212
1500997249 638456
1500997249 726216
1500997249 811703
1500997249 898029
1500997249 984468
1500997250 70458
1500997250 157575
1500997250 243781
1500997250 330004
1500997250 416159
1500997250 502441
1500997250 589573
1500997250 675642
1500997250 762138
1500997250 848175
1500997250 934388
1500997251 21431
1500997251 107962
1500997251 193885
1500997251 280102
1500997251 367220
1500997251 453538
1500997251 539613
1500997251 626123
1500997251 712331
1500997251 799026
1500997251 885263
1500997251 971465
1500997252 57770
1500997252 143913
1500997252 231170
1500997252 317796
1500997252 403528
1500997252 489700
1500997252 576101
1500997252 663139
1500997252 749516
1500997252 835632
1500997252 921608
1500997253 7846
1500997253 95146
1500997253 181463
1500997253 267534
1500997253 353778
1500997253 439839
1500997253 526964
1500997253 613521
1500997253 699558
1500997253 786633
1500997253 872774
1500997253 959092
1500997254 45219
1500997254 131514
1500997254 217606
1500997254 304905
1500997254 391141
1500997254 477222
1500997254 563483
1500997254 649795
1500997254 737141
1500997254 823141
1500997254 909166
1500997254 995634
1500997255 81665
1500997255 169849
1500997255 255061
1500997255 341421
1500997255 427565
1500997255 513662
1500997255 600948
1500997255 687039
1500997255 773370
1500997255 859454
1500997255 946240
1500997256 32636
1500997256 118861
1500997256 206012
1500997256 291393
1500997256 378240
1500997256 541311
1500997256 628245
1500997256 945070
1500997257 155700
1500997257 242767
1500997257 329470
1500997257 684310
1500997257 769832
1500997257 856973
1500997257 943269
1500997258 30112
1500997258 115636
1500997258 211921
1500997258 375142
1500997258 547581
1500997258 653742
1500997258 748993
1500997258 835960
1500997258 922401
1500997259 8609
1500997259 94809
1500997259 181028
1500997259 267950
1500997259 497735
1500997259 623005
1500997259 709069
1500997259 834422
1500997259 920612
1500997260 6711
1500997260 93680
1500997260 179150
1500997260 266349
1500997260 352464
1500997260 438742
1500997260 525022
1500997260 611149
1500997260 698325
1500997260 784531
1500997260 870699
1500997260 957299
1500997261 43818
1500997261 130380
1500997261 216361
1500997261 302624
1500997261 389576
1500997261 475143
1500997261 753700
1500997261 840070
1500997261 927110
1500997262 13434
1500997262 99581
1500997262 185875
1500997262 281981
1500997262 464480
1500997262 550426
1500997262 636703
1500997262 723803
1500997262 848146
1500997263 30674
1500997263 174990
1500997263 261310
1500997263 347390
1500997263 433502
1500997263 521025
1500997263 606963
1500997263 693144
1500997263 779293
1500997263 866487
1500997263 952539
1500997264 38924
1500997264 125127
1500997264 211316
1500997264 298540
1500997264 384758
1500997264 470826
1500997264 557002
1500997264 643351
1500997264 730465
1500997264 816707
1500997264 903056
1500997264 989199
1500997265 75515
1500997265 162767
1500997265 248565
1500997265 334885
1500997265 420976
1500997265 507287
1500997265 594700
1500997265 680526
1500997265 767422
1500997265 852975
1500997265 939445
1500997266 26344
1500997266 112473
1500997266 198669
1500997266 284669
1500997266 381019
1500997266 467295
1500997266 601806
1500997266 688969
1500997266 774958
1500997266 861163
1500997266 947370
1500997267 33598
1500997267 342125
1500997267 571852
1500997267 773371
1500997267 859576
1500997267 945669
1500997268 32792
1500997268 118847
1500997268 205335
1500997268 291689
1500997268 675494
1500997268 762496
1500997268 848803
1500997268 934911
1500997269 21174
1500997269 107290
1500997269 194270
1500997269 280570
1500997269 444204
1500997269 530334
1500997269 616525
1500997269 712809
1500997269 808838
1500997269 952143
1500997270 48855
1500997270 134789
1500997270 221019
1500997270 509374
1500997270 595599
1500997270 681836
1500997270 768127
1500997270 855181
1500997270 941355
1500997271 27659
1500997271 113918
1500997271 199886
1500997271 287190
1500997271 373302
1500997271 459514
1500997271 545674
1500997271 632821
1500997271 719137
1500997271 805434
1500997271 891627
1500997271 977725
1500997272 64978
1500997272 151597
1500997272 237156
1500997272 323391
1500997272 409667
1500997272 497601
1500997272 583069
1500997272 669748
1500997272 755451
1500997272 841618
1500997272 928789
1500997273 15074
1500997273 101311
1500997273 187409
1500997273 273687
1500997273 360898
1500997273 446928
1500997273 533250
1500997273 619375
1500997273 706369
1500997273 792967
1500997273 879151
1500997273 965126
1500997274 80393
1500997274 167251
1500997274 281906
1500997274 483509
1500997274 570966
1500997274 656935
1500997274 743394
1500997274 829254
1500997274 915542
1500997275 2689
1500997275 88700
1500997275 174877
1500997275 261110
1500997275 347342
1500997275 435035
1500997275 521303
1500997275 607399
1500997275 693302
1500997275 779373
1500997275 866582
1500997275 952728
1500997276 38997
1500997276 125415
1500997276 211238
1500997276 299282
1500997276 393631
1500997276 480867
1500997276 567522
1500997276 653082
1500997276 739370
1500997276 826734
1500997276 912870
1500997276 998937
1500997277 86815
1500997277 181542
1500997277 268027
1500997277 354070
1500997277 441506
1500997277 527353
1500997277 613307
1500997277 699614
1500997277 785717
1500997277 873110
1500997277 959435
1500997278 46077
1500997278 132212
1500997278 218353
1500997278 304995
1500997278 391214
1500997278 477241
1500997278 563635
1500997278 649863
1500997278 737026
1500997278 823116
1500997278 909343
1500997278 995450
1500997279 81677
1500997279 168792
1500997279 254998
1500997279 341253
1500997279 427593
1500997279 513756
1500997279 600921
1500997279 687018
1500997279 773213
1500997279 859376
1500997279 947364
1500997280 41805
1500997280 129603
1500997280 215151
1500997280 301977
1500997280 387728
1500997280 473718
1500997280 560859
1500997280 647096
1500997280 733595
1500997280 819680
1500997280 905805
1500997280 992935
1500997281 79111
1500997281 165311
1500997281 251609
1500997281 337702
1500997281 425126
1500997281 510911
1500997281 597997
1500997281 684148
1500997281 769624
1500997281 856959
1500997281 943144
1500997282 29238
1500997282 115514
1500997282 201832
1500997282 288787
1500997282 375119
1500997282 461505
1500997282 547472
1500997282 633662
1500997282 721083
1500997282 807278
1500997282 893294
1500997282 979410
1500997283 66673
1500997283 152600
1500997283 238956
1500997283 325366
1500997283 411440
1500997283 499151
1500997283 594001
1500997283 680957
1500997283 768291
1500997283 863646
1500997283 949967
1500997284 35978
1500997284 122309
1500997284 208351
1500997284 295336
1500997284 381722
1500997284 467926
1500997284 554160
1500997284 640177
1500997284 727476
1500997284 813564
1500997284 899812
1500997284 985874
1500997285 72257
1500997285 159409
1500997285 246665
1500997285 341921
1500997285 428094
1500997285 514381
1500997285 600452
1500997285 687672
1500997285 773989
1500997285 860089
1500997285 946120
1500997286 32475
1500997286 119610
1500997286 205673
1500997286 291726
1500997286 378163
1500997286 464427
1500997286 551433
1500997286 637511
1500997286 723782
1500997286 810890
1500997286 896341
1500997286 983440
1500997287 69835
1500997287 155858
1500997287 242043
1500997287 328179
1500997287 415568
1500997287 501863
1500997287 587995
1500997287 674165
1500997287 761155
1500997287 847518
1500997287 934474
1500997288 19751
1500997288 105946
1500997288 193215
1500997288 279514
1500997288 365792
1500997288 451876
1500997288 537985
1500997288 625175
1500997288 711593
1500997288 797853
1500997289 125244
1500997289 277747
1500997289 363848
1500997289 450011
1500997289 537100
1500997289 623464
1500997289 709686
1500997289 796103
1500997289 881959
1500997290 16444
1500997290 103608
1500997290 190370
1500997290 275971
1500997290 362207
1500997290 449452
1500997290 535506
1500997290 621827
1500997290 707830
1500997290 794091
1500997290 880989
1500997290 967287
1500997291 53536
1500997291 139784
1500997291 226137
1500997291 313526
1500997291 399332
1500997291 485475
1500997291 571711
1500997291 658072
1500997291 745854
1500997291 840560
1500997291 928385
1500997292 22810
1500997292 110038
1500997292 196900
1500997292 282792
1500997292 368925
1500997292 455121
1500997292 542031
1500997292 628250
1500997292 714386
1500997292 800900
1500997292 887097
1500997292 973954
1500997293 60068
1500997293 146628
1500997293 232525
1500997293 318768
1500997293 406085
1500997293 492123
1500997293 588277
1500997293 712946
1500997293 798959
1500997293 886119
1500997293 972169
1500997294 58462
1500997294 145243
1500997294 230917
1500997294 318001
1500997294 404192
1500997294 519629
1500997294 605510
1500997294 691881
1500997294 778294
1500997294 865408
1500997294 951352
1500997295 37422
1500997295 123737
1500997295 209766
1500997295 297107
1500997295 383243
1500997295 536682
1500997295 622893
1500997295 709987
1500997295 796452
1500997295 883275
1500997295 978793
1500997296 65252
1500997296 161108
1500997296 247584
1500997296 333341
1500997296 419796
1500997296 506920
1500997296 602165
1500997296 689474
1500997296 775648
1500997296 861829
1500997296 947893
1500997297 34164
1500997297 121795
1500997297 216826
1500997297 303820
1500997297 390631
1500997297 486139
1500997297 572309
1500997297 658598
1500997297 744819
1500997297 830895
1500997297 918067
1500997298 4445
1500997298 119470
1500997298 340209
1500997298 455389
1500997298 782221
1500997298 868530
1500997299 281367
1500997299 367414
1500997299 453733
1500997299 540000
1500997299 627144
1500997299 722353
1500997299 809304
1500997299 895373
1500997299 981654
1500997300 67725
1500997300 154008
1500997300 241413
1500997300 375597
1500997300 462099
1500997300 653409
1500997300 740514
1500997300 826734
1500997300 913043
1500997300 999161
1500997301 85234
1500997301 172351
1500997301 258689
1500997301 345573
1500997301 431080
1500997301 604354
1500997301 921384
1500997302 142347
1500997302 276271
1500997302 382367
1500997302 573839
1500997302 737825
1500997302 842293
1500997303 93300
1500997303 188104
1500997303 399377
1500997303 485484
1500997303 620088
1500997303 716116
1500997303 802451
1500997304 23121
1500997304 158155
1500997304 253483
1500997304 340609
1500997304 435889
1500997304 522991
1500997304 618384
1500997304 705475
1500997304 800743
1500997304 887913
1500997304 983143
1500997305 70153
1500997305 271607
1500997305 454078
1500997305 549376
1500997305 703657
1500997305 819161
1500997305 914797
1500997306 10349
1500997306 96491
1500997306 184270
1500997306 278998
1500997306 366211
1500997306 461320
1500997306 548464
1500997306 643936
1500997306 730933
1500997306 826140
1500997306 913341
1500997307 8535
1500997307 95698
1500997307 191007
1500997307 278730
1500997307 373793
1500997307 469802
1500997307 565712
1500997307 652078
1500997307 738297
1500997307 825322
1500997307 920591
1500997308 7819
1500997308 103040
1500997308 190617
1500997308 285340
1500997308 372608
1500997308 468005
1500997308 554978
1500997308 650346
1500997308 737437
1500997308 832804
1500997308 919735
1500997309 15001
1500997309 102054
1500997309 197522
1500997309 284656
1500997309 379863
1500997309 467010
1500997309 562256
1500997309 649335
1500997309 744815
1500997309 831802
1500997309 927281
1500997310 23429
1500997310 119482
1500997310 216022
1500997310 312002
1500997310 407381
1500997310 503888
1500997310 599761
1500997310 695901
1500997310 791090
1500997310 878275
1500997310 973505
1500997311 60503
1500997311 155918
1500997311 242934
1500997311 338200
1500997311 425404
1500997311 520690
1500997311 607961
1500997311 703136
1500997311 790212
1500997311 885532
1500997311 972708
1500997312 68003
1500997312 155064
1500997312 251018
1500997312 346567
1500997312 442740
1500997312 539024
1500997312 634880
1500997312 731128
1500997312 826726
1500997312 922859
1500997313 19147
1500997313 114371
1500997313 201495
1500997313 296569
1500997313 383877
1500997313 479192
1500997313 566261
1500997313 661749
1500997313 749023
1500997313 844671
1500997313 940216
1500997314 36407
1500997314 132453
1500997314 227940
1500997314 314926
1500997314 410171
1500997314 497452
1500997314 592790
1500997314 680067
1500997314 775041
1500997314 862265
1500997314 957417
1500997315 44641
1500997315 140148
1500997315 236149
1500997315 332393
1500997315 428409
1500997315 524797
1500997315 620055
1500997315 707164
1500997315 802448
1500997315 890129
1500997315 985422
1500997316 81075
1500997316 177333
1500997316 273223
1500997316 368464
1500997316 455672
1500997316 551306
1500997316 638389
1500997316 733468
1500997316 820522
1500997316 916475
1500997317 12025
1500997317 98247
1500997317 185513
1500997317 281235
1500997317 376804
1500997317 463808
1500997317 559996
1500997317 655373
1500997317 741681
1500997317 827970
1500997317 915085
1500997318 10577
1500997318 106660
1500997318 202757
1500997318 299316
1500997318 395000
1500997318 491212
1500997318 586646
1500997318 683134
1500997318 778989
1500997318 874564
1500997318 971091
1500997319 66653
1500997319 163088
1500997319 258978
1500997319 354287
1500997319 441468
1500997319 536695
1500997319 624266
1500997319 719210
1500997319 806389
1500997319 901508
1500997319 988806
1500997320 84080
1500997320 180293
1500997320 276432
1500997320 372675
1500997320 468744
1500997320 564134
1500997320 660290
1500997320 756648
1500997320 852808
1500997320 948015
1500997321 35077
1500997321 130405
1500997321 217654
1500997321 312841
1500997321 400046
1500997321 495827
1500997321 591340
1500997321 688150
1500997321 784024
1500997321 879957
1500997321 975261
1500997322 71579
1500997322 167709
1500997322 263757
1500997322 359075
1500997322 446069
1500997322 541673
1500997322 628848
1500997322 723928
1500997322 811321
1500997322 906388
1500997322 993379
1500997323 88791
1500997323 175889
1500997323 271137
1500997323 358397
1500997323 453639
1500997323 540766
1500997323 635950
1500997323 723204
1500997323 818522
1500997323 905503
