1499966602 375403
1499966602 711051
1499966602 893350
1499966603 46889
1499966603 229263
1499966603 402488
1499966603 555914
1499966603 719445
1499966603 881814
1499966604 45053
1499966604 199561
1499966604 371742
1499966604 535140
1499966604 707858
1499966604 860885
1499966605 34400
1499966605 216634
1499966605 389123
1499966605 533305
1499966605 705841
1499966605 879220
1499966606 61510
1499966606 234047
1499966606 387234
1499966606 560641
1499966606 742998
1499966606 915421
1499966607 78793
1499966607 252166
1499966607 434637
1499966607 606951
1499966607 779599
1499966607 942702
1499966608 116058
1499966608 269391
1499966608 451895
1499966608 624294
