1502297661 528491
1502297661 547823
1502297661 787940
1502297661 807211
1502297661 912260
1502297661 931488
1502297662 123887
1502297662 143323
1502297662 277426
1502297662 296692
1502297662 671330
1502297662 690781
1502297662 872473
1502297662 891862
1502297663 189300
1502297663 208328
1502297663 409770
1502297663 430006
1502297663 631215
1502297663 650372
1502297663 870836
1502297663 890150
1502297664 53221
1502297664 283697
1502297664 303061
1502297664 475112
1502297664 494454
1502297664 936147
1502297664 955491
1502297665 416242
1502297666 97746
1502297666 117001
1502297666 836578
1502297666 856821
1502297667 38879
1502297667 58139
1502297667 240234
1502297667 470804
1502297667 854670
1502297668 469140
1502297668 488321
1502297668 632439
1502297668 958146
1502297669 496263
1502297670 820350
1502297670 840569
1502297670 935625
1502297670 955863
1502297671 473821
1502297671 991988
1502297672 11446
1502297672 145367
1502297672 482008
1502297672 501603
1502297672 606334
1502297673 124603
1502297673 143803
1502297673 470301
1502297673 490712
1502297673 671736
1502297673 691116
1502297673 835113
1502297673 854474
1502297673 979360
1502297674 247982
1502297674 267223
1502297674 516685
1502297674 746247
1502297674 766422
1502297674 938586
1502297674 957906
1502297675 53828
1502297675 73065
1502297675 178179
1502297675 417924
1502297675 437063
1502297675 594612
1502297675 610461
1502297675 734568
1502297675 754735
1502297675 936881
1502297675 956170
1502297676 42077
1502297676 61443
1502297676 310696
1502297676 330005
1502297676 396915
1502297676 416223
1502297676 608374
1502297676 627826
1502297676 809844
1502297677 21413
1502297677 40567
1502297677 174694
1502297677 194170
1502297677 260950
1502297677 280229
1502297677 367056
1502297677 386530
1502297677 616617
1502297677 635874
1502297677 760094
1502297677 780279
1502297677 847135
1502297677 866402
1502297678 384341
1502297678 874389
1502297679 575061
1502297680 793826
1502297680 813200
1502297681 264824
1502297681 514394
1502297681 533744
1502297681 667742
1502297681 850301
1502297681 869636
1502297682 714234
1502297682 733607
1502297682 906515
1502297682 925845
1502297683 98075
1502297683 117416
1502297683 223282
1502297683 827592
1502297683 847049
1502297684 96286
1502297684 115712
1502297684 364829
1502297684 586400
1502297684 605661
1502297684 682433
1502297684 701825
1502297684 825901
1502297684 845256
1502297685 94563
1502297685 114761
1502297685 315915
1502297685 335190
1502297685 497504
1502297685 517723
1502297685 679820
1502297685 699318
1502297685 910366
1502297685 929820
1502297686 25645
1502297686 44925
1502297686 140866
1502297686 160188
1502297686 351417
1502297686 371602
1502297686 466653
1502297686 486821
1502297686 659047
1502297686 678494
1502297686 793338
1502297686 812763
1502297686 927704
1502297686 947148
1502297687 110038
1502297687 129466
1502297687 350596
1502297687 369882
1502297687 503981
1502297687 523185
1502297687 667314
1502297687 686434
1502297687 877791
1502297687 897896
1502297688 51103
1502297688 70561
1502297688 281663
1502297688 607424
1502297688 626818
1502297688 760769
1502297689 240990
1502297689 855294
1502297693 436297
1502297693 455478
1502297693 743013
1502297693 762374
1502297693 829251
1502297693 848506
1502297694 21667
1502297694 41055
1502297694 145933
1502297694 165285
1502297694 434527
1502297694 454447
1502297694 597067
1502297694 617162
1502297694 732202
1502297694 751679
1502297694 933656
1502297694 953035
1502297695 144273
1502297695 164362
1502297695 230444
1502297695 250692
1502297695 422894
1502297695 442080
1502297695 672327
1502297695 691716
1502297695 768489
1502297696 94361
1502297696 114686
1502297696 248688
1502297696 268003
1502297696 459133
1502297696 479471
1502297696 622594
1502297696 641788
1502297696 766775
1502297696 786052
1502297696 987381
1502297697 6774
1502297697 102559
1502297697 121945
1502297697 294967
1502297697 314241
1502297697 410249
1502297697 429561
1502297697 620767
1502297697 640905
1502297697 765056
1502297697 784422
1502297698 33770
1502297698 53282
1502297698 216121
1502297698 235486
1502297698 648007
1502297699 943955
1502297699 964171
1502297700 69162
1502297700 366843
1502297700 386186
1502297700 625478
1502297701 537662
1502297702 833511
1502297702 852710
1502297703 25862
1502297703 45039
1502297703 313567
1502297703 640217
1502297704 235491
1502297705 194751
1502297705 214989
1502297705 320017
1502297705 339305
1502297705 492459
1502297705 809203
1502297705 829368
1502297706 58745
1502297706 731219
1502297706 750610
1502297706 808294
1502297706 827577
1502297706 999921
1502297707 19069
1502297707 220307
1502297707 240645
1502297707 412785
1502297707 432041
1502297707 777638
1502297707 796821
1502297707 930865
1502297708 238520
1502297708 411016
1502297708 430288
1502297708 583434
1502297708 813878
1502297708 833271
1502297708 987215
1502297709 6519
1502297709 130609
1502297709 150943
1502297709 352055
1502297709 371387
1502297709 591603
1502297709 610947
1502297709 764936
1502297709 784268
1502297709 985797
1502297710 4923
1502297710 369361
1502297710 811332
1502297711 2847
1502297711 656152
1502297711 847806
1502297711 866965
1502297712 87361
1502297712 106677
1502297712 288773
1502297712 308931
1502297712 394911
1502297712 577372
1502297712 596701
1502297712 720695
1502297713 18498
1502297713 527473
1502297713 546814
1502297713 680745
1502297713 700076
1502297713 854326
1502297713 873530
1502297714 74728
1502297714 94030
1502297714 401362
1502297714 420674
1502297714 641071
1502297714 660446
1502297714 775312
1502297714 794561
1502297715 5800
1502297715 25163
1502297715 255355
1502297715 456887
1502297715 726518
1502297716 4008
1502297716 23388
1502297716 177578
1502297716 197076
1502297716 320871
1502297716 340980
1502297716 484310
1502297716 503542
1502297716 714772
1502297716 733982
1502297716 800918
1502297716 820110
1502297717 31363
1502297717 751863
1502297719 134023
1502297719 959837
1502297720 151411
1502297720 170769
1502297720 545228
1502297720 564495
1502297720 689460
1502297720 708906
1502297720 775617
1502297720 794950
1502297720 996215
1502297721 15692
1502297721 245878
1502297721 265113
1502297721 457238
1502297721 764013
1502297721 784256
1502297722 186879
1502297722 359329
1502297722 378711
1502297722 513547
1502297722 532833
1502297722 983641
1502297723 3185
1502297723 88978
1502297723 751404
1502297723 914779
1502297723 934013
1502297724 78079
1502297724 97372
1502297724 250564
1502297724 269948
1502297724 365849
1502297724 385075
1502297724 539177
1502297724 558441
1502297724 759628
1502297724 779012
1502297724 894009
1502297725 238829
1502297725 259219
1502297725 374059
1502297725 393533
1502297725 584672
1502297725 603917
1502297725 767064
1502297725 786342
1502297725 911242
1502297725 930500
1502297726 228155
1502297726 247551
1502297726 477558
1502297726 496852
1502297726 727098
1502297726 746455
1502297726 919566
1502297726 938840
1502297727 34737
1502297727 54131
1502297727 255417
1502297727 274743
1502297727 505371
1502297727 524162
1502297727 764434
1502297727 783887
1502297728 196368
1502297728 445916
1502297729 367111
1502297729 386433
1502297729 616670
1502297729 636028
1502297729 828103
1502297730 327246
1502297730 346615
1502297730 585898
1502297730 606260
1502297730 816370
1502297731 94911
1502297731 114322
1502297731 325618
1502297731 604034
1502297731 911059
1502297731 930081
1502297732 84097
1502297732 323741
1502297732 343103
1502297732 535245
1502297732 554519
1502297732 659566
1502297732 678984
1502297732 841926
1502297733 168662
1502297733 188035
1502297733 389206
1502297733 408639
1502297733 475306
1502297733 495717
1502297733 705899
1502297734 51724
1502297734 330168
1502297734 925546
1502297735 789438
1502297735 808817
1502297735 923701
1502297735 943026
1502297736 432919
1502297736 720560
1502297737 450169
1502297737 469510
1502297737 680744
1502297738 26479
1502297738 45915
1502297738 227940
1502297738 247253
1502297738 668997
1502297738 937710
1502297738 956962
1502297739 293322
1502297739 312652
1502297739 369731
1502297739 389039
1502297739 551979
1502297739 571340
1502297739 801705
1502297739 820876
1502297739 955778
1502297739 975193
1502297740 176335
1502297740 415914
1502297740 435336
1502297740 512107
1502297740 531491
1502297740 656496
1502297740 675656
1502297740 819805
1502297740 839240
1502297741 2225
1502297741 184551
1502297741 203786
1502297741 298947
1502297741 319091
1502297741 414157
1502297741 434350
1502297741 644628
1502297741 664147
1502297741 846096
1502297741 866302
1502297742 336159
1502297742 355540
1502297742 537710
1502297742 730096
1502297742 749314
1502297742 835294
1502297742 854687
1502297743 103927
1502297743 123197
1502297743 344382
1502297743 363826
1502297743 536008
1502297743 555165
1502297743 670284
1502297743 690518
1502297743 862580
1502297743 881895
1502297744 150332
1502297744 169755
1502297744 380748
1502297744 841790
1502297744 861119
1502297745 53328
1502297745 235691
1502297745 254942
1502297745 389063
1502297745 408319
1502297745 638524
1502297746 282045
1502297746 819211
1502297747 760347
1502297747 779679
1502297747 961916
1502297747 981127
1502297748 57967
1502297748 586260
1502297748 605793
1502297748 681548
1502297748 705450
1502297748 815781
1502297748 836215
1502297748 951002
1502297748 970463
1502297749 171507
1502297749 411008
1502297749 430533
1502297749 574468
1502297749 593870
1502297749 977388
1502297749 997656
1502297750 179780
1502297750 199075
1502297750 304070
1502297750 323416
1502297750 457420
1502297750 478709
1502297750 639828
1502297750 660159
1502297750 774130
1502297750 966530
1502297750 985839
1502297751 148925
1502297751 168399
1502297751 360559
1502297751 686358
1502297751 706391
1502297751 916711
1502297751 936043
1502297752 128150
1502297752 300538
1502297752 320918
1502297752 618150
1502297752 637547
1502297753 317961
1502297753 338211
1502297753 558639
1502297753 577642
1502297753 798013
1502297754 412373
1502297754 431763
1502297754 527563
1502297754 546966
1502297754 651878
1502297754 671253
1502297754 757153
1502297754 777408
1502297754 892338
1502297754 911747
1502297755 113152
1502297755 132471
1502297755 314414
1502297755 333721
1502297755 563948
1502297755 583288
1502297755 679262
1502297755 698547
1502297755 851707
1502297755 870893
1502297756 24979
1502297756 44379
1502297756 178296
1502297756 197656
1502297756 312734
1502297756 332142
1502297756 427917
1502297756 696434
1502297756 868883
1502297756 889129
1502297757 118506
1502297757 339961
1502297757 685738
1502297757 705020
1502297757 877294
1502297758 145892
1502297758 596838
1502297758 617141
1502297758 799194
1502297759 814
1502297760 556194
1502297760 575721
1502297760 642361
1502297760 661618
1502297760 910975
1502297761 131576
1502297761 582537
1502297762 216880
1502297762 236359
1502297762 332103
1502297762 638889
1502297762 658308
1502297762 898373
1502297763 109034
1502297763 512873
1502297763 532105
1502297763 685191
1502297763 905809
1502297763 926045
1502297764 146172
1502297764 357726
1502297764 376991
1502297764 472897
1502297764 492219
1502297764 674334
1502297764 693643
1502297764 817790
1502297765 106311
1502297765 125608
1502297765 249701
1502297765 269957
1502297765 739762
1502297766 383198
1502297767 92917
1502297767 113175
1502297767 228083
1502297767 247447
1502297767 486743
1502297767 506051
1502297767 727220
1502297768 24868
1502297768 44115
1502297768 245363
1502297768 264687
1502297768 389719
1502297768 581258
1502297768 600474
1502297768 773628
1502297769 90534
1502297769 262774
1502297769 282137
1502297769 464163
1502297769 483458
1502297769 665624
1502297769 685807
1502297769 935170
1502297770 270932
1502297770 290264
1502297770 510511
1502297770 529838
1502297770 712051
1502297770 875399
1502297770 894736
1502297771 105850
1502297771 125253
1502297771 336347
1502297771 355708
1502297771 566830
1502297771 873726
1502297771 893862
1502297772 75952
1502297772 296502
1502297772 315807
1502297772 556130
1502297772 575328
1502297772 699483
1502297773 35154
1502297773 54468
1502297773 169532
1502297773 188802
1502297773 370987
1502297773 390344
1502297773 525298
1502297773 544588
1502297773 707663
1502297773 727001
1502297773 880087
1502297773 899350
1502297774 14373
1502297774 33867
1502297774 206757
1502297774 226070
1502297774 408306
1502297774 427695
1502297774 628745
1502297774 648180
1502297774 849368
1502297774 869530
1502297775 22602
1502297775 41956
1502297775 234151
1502297775 253600
1502297775 406508
1502297775 425870
1502297775 492722
1502297775 511978
1502297775 742253
1502297775 761638
1502297775 953761
1502297775 973446
1502297776 117105
1502297776 136429
1502297776 356701
1502297776 816824
1502297776 837401
1502297776 952000
1502297776 971290
1502297777 134352
1502297777 153627
1502297777 402998
1502297777 422405
1502297777 518289
1502297777 537571
1502297777 642595
1502297777 950349
1502297778 103932
1502297778 122952
1502297778 276054
1502297778 295415
1502297778 410334
1502297778 688932
1502297778 708329
1502297778 775210
1502297778 795408
1502297779 15725
1502297779 34804
1502297779 265296
1502297779 284771
1502297779 533926
1502297780 52125
1502297780 72331
1502297780 234492
1502297780 254684
1502297780 388750
1502297780 599416
1502297780 619603
1502297780 839803
1502297781 731845
1502297784 977022
1502297787 126983
1502297787 943682
1502297788 279452
1502297788 298702
1502297788 519069
1502297788 538355
1502297788 615245
1502297788 634576
1502297788 787649
1502297788 807829
1502297788 922867
1502297789 594420
1502297789 613715
1502297789 844076
1502297789 863335
1502297789 949259
1502297790 256902
1502297790 439450
1502297790 459184
1502297790 621863
1502297790 641053
1502297790 833305
1502297790 852529
1502297791 101822
1502297791 121203
1502297791 332360
1502297791 351630
1502297791 428487
1502297791 668098
1502297792 22838
1502297792 43117
1502297792 158170
1502297792 713500
1502297792 733681
1502297792 982991
1502297793 260729
1502297793 281002
1502297793 463080
1502297793 482546
1502297793 654654
1502297793 961295
1502297794 153732
1502297794 172989
1502297794 326139
1502297794 346352
1502297794 835267
1502297794 854538
1502297794 940580
1502297794 960717
1502297795 65795
1502297795 85122
1502297795 190275
1502297795 411446
1502297795 430795
1502297795 593928
1502297796 332607
1502297797 71332
1502297797 90664
1502297798 290980
1502297798 310268
1502297798 521585
1502297798 799226
1502297799 404530
1502297799 423819
1502297799 567938
1502297799 587307
1502297799 721315
1502297799 740529
1502297799 874608
1502297799 893988
1502297800 57050
1502297800 76327
1502297800 258581
1502297800 277799
1502297800 469922
1502297800 489260
1502297800 719476
1502297800 738803
1502297801 103375
1502297801 122820
1502297801 314908
1502297801 334167
1502297801 497258
1502297801 516503
1502297801 823917
1502297801 843293
1502297802 6353
1502297802 225985
1502297802 245380
1502297802 465619
1502297804 155330
1502297804 174561
1502297804 414853
1502297804 434200
1502297804 654434
1502297804 673810
1502297804 914022
1502297805 211598
1502297805 230958
1502297805 403314
1502297805 422493
1502297805 614642
1502297805 998463
1502297806 535773
1502297806 554991
1502297806 689145
1502297806 709317
1502297806 862408
1502297807 73851
1502297807 93094
1502297807 160034
1502297807 179516
1502297807 351580
1502297807 370886
1502297807 572172
1502297807 591605
1502297807 831652
1502297808 158406
1502297808 407907
1502297808 427169
1502297808 523138
1502297808 542498
1502297808 666507
1502297808 858911
1502297808 878238
1502297809 89410
1502297809 108659
1502297809 204665
1502297809 502372
1502297809 790046
1502297809 809321
1502297809 924373
1502297809 943663
1502297810 192923
1502297810 212356
1502297810 308151
1502297810 327440
1502297810 576762
1502297811 47776
1502297811 67099
1502297811 268390
1502297811 287704
1502297811 844653
1502297813 34277
1502297814 551631
1502297814 571001
1502297814 647992
1502297814 667336
1502297814 743279
1502297814 763596
1502297814 868429
1502297814 887827
1502297815 49919
1502297815 70350
1502297815 309461
1502297815 328764
1502297815 520981
1502297815 540192
1502297815 636147
1502297815 655409
1502297815 779614
1502297815 799966
1502297815 885733
1502297816 77278
1502297817 191673
1502297817 211027
1502297817 421228
1502297817 441499
1502297817 651742
1502297817 805145
1502297817 825611
1502297817 940349
1502297817 959630
1502297818 111870
1502297818 323340
1502297818 342572
1502297818 438494
1502297818 457904
1502297818 620990
1502297818 640309
1502297818 793291
1502297818 812627
1502297819 14756
1502297819 34008
1502297819 168214
1502297819 187459
1502297819 436815
1502297819 456029
1502297819 973969
1502297819 993290
1502297820 310717
1502297820 330161
1502297820 722779
1502297820 742857
1502297820 896162
1502297820 915377
1502297821 145588
1502297821 164883
1502297821 250867
1502297821 270165
1502297821 481388
1502297821 500649
1502297821 615716
1502297821 635048
1502297821 837145
1502297821 856509
1502297821 990484
1502297822 9832
1502297822 181963
1502297822 202546
1502297822 288094
1502297822 308049
1502297822 489670
1502297822 777401
1502297823 439750
1502297823 459198
1502297823 565003
1502297823 584249
1502297823 795562
1502297824 121285
1502297824 140604
1502297824 370899
1502297824 390233
1502297824 544146
1502297824 563584
1502297824 687565
1502297824 928025
1502297824 947455
1502297825 186772
1502297825 207041
1502297825 628725
1502297825 648008
1502297825 734003
1502297825 754150
1502297825 849235
1502297825 868429
1502297826 50722
1502297826 329332
1502297826 348563
1502297826 550726
1502297826 570467
1502297826 972664
1502297827 155099
1502297828 470146
1502297828 489545
1502297828 595316
1502297828 614825
1502297828 834881
1502297828 854123
1502297828 950096
1502297829 132510
1502297829 151844
1502297829 363042
1502297829 382285
1502297829 487331
1502297829 506689
1502297829 573545
1502297829 593967
1502297829 823104
1502297829 843381
1502297829 967436
1502297830 140760
1502297830 160091
1502297830 332498
1502297830 351584
1502297830 707047
1502297831 187138
1502297831 206381
1502297831 436699
1502297831 455946
1502297831 522886
1502297831 734472
1502297831 753610
1502297831 877725
1502297832 118279
1502297832 645592
1502297833 183595
1502297834 729069
1502297836 293624
1502297837 291907
1502297837 311183
1502297837 416272
1502297837 435549
1502297837 665875
1502297837 686146
1502297838 501620
1502297838 520824
1502297838 942588
1502297839 432747
1502297839 644497
1502297840 623372
1502297841 909215
1502297841 928489
1502297842 139718
1502297842 159008
1502297842 341192
1502297842 360486
1502297842 456530
1502297842 667960
1502297842 687193
1502297842 926596
1502297843 215159
1502297843 234434
1502297843 387559
1502297843 666181
1502297843 685610
1502297844 60187
1502297844 482095
1502297845 125495
1502297845 144726
1502297845 288862
1502297845 308158
1502297845 480320
1502297845 499559
1502297845 729915
1502297845 749400
1502297845 960321
1502297845 979639
1502297846 180869
1502297846 200103
1502297846 613367
1502297846 632166
1502297846 833417
1502297846 852986
1502297847 255416
1502297847 275603
1502297847 707348
1502297847 726678
1502297848 129333
1502297848 148600
1502297848 494131
1502297848 513797
1502297848 580305
1502297849 3244
1502297849 22584
1502297849 185588
1502297849 464253
1502297849 838154
1502297849 857520
1502297849 982418
1502297850 270134
1502297850 289355
1502297850 529605
1502297850 549618
1502297851 95947
1502297851 115239
1502297851 182184
1502297851 201445
1502297851 402782
1502297851 421981
1502297851 508952
1502297851 528500
1502297851 652235
1502297851 671735
1502297851 806494
1502297851 825948
1502297852 65340
1502297852 84708
1502297852 180407
1502297852 199753
1502297852 314695
1502297852 333988
1502297852 564297
1502297852 583504
1502297852 765694
1502297852 786047
1502297852 880944
1502297852 901426
1502297853 361064
1502297853 380532
1502297853 505417
1502297854 254118
1502297854 561716
1502297854 581000
1502297854 782285
1502297854 802027
1502297855 176039
1502297855 195551
1502297855 866849
1502297855 886007
1502297856 49188
1502297856 68559
1502297856 432971
1502297857 315912
1502297857 335190
1502297857 527492
1502297857 546662
1502297857 613629
1502297857 632832
1502297857 699844
1502297857 863168
1502297857 882609
1502297858 45645
1502297858 64857
1502297858 247196
1502297858 267223
1502297858 496800
1502297858 516073
1502297858 612015
1502297858 631447
1502297858 708406
1502297858 986631
1502297859 6112
1502297859 216275
1502297859 236557
1502297859 408640
1502297859 428007
1502297859 668224
1502297859 687538
1502297859 926909
1502297859 946231
1502297860 138305
1502297860 157581
1502297860 253502
1502297860 272844
1502297860 771741
1502297860 791231
1502297861 21364
1502297861 40504
1502297861 241831
1502297861 262030
1502297861 635737
1502297861 655050
1502297861 818230
1502297862 115732
1502297862 538660
1502297862 557954
1502297862 749190
1502297863 75920
1502297863 440668
1502297863 460008
1502297863 661263
1502297863 834679
1502297863 854158
1502297863 939818
1502297863 959223
1502297864 333799
1502297864 353266
1502297864 419908
1502297864 439366
1502297864 621336
1502297864 640730
1502297864 803744
1502297864 823265
1502297865 24281
1502297865 44482
1502297865 158556
1502297865 495225
1502297865 773959
1502297865 793291
1502297865 984457
1502297866 3646
1502297866 195853
1502297866 215209
1502297866 349267
1502297866 560659
1502297866 580021
1502297866 675933
1502297866 695225
1502297866 762115
1502297866 781399
1502297867 21723
1502297867 40943
1502297867 271229
1502297867 290513
1502297867 539984
1502297867 559155
1502297867 702339
1502297867 722461
1502297867 837541
1502297867 856847
1502297867 932810
1502297867 953013
1502297868 182408
1502297868 201867
1502297868 374754
1502297868 394098
1502297868 480028
1502297868 499469
1502297868 700602
1502297868 720728
1502297868 873948
1502297868 893196
1502297869 37241
1502297869 56452
1502297869 171524
1502297869 190945
1502297869 430277
1502297869 450564
1502297869 670817
1502297869 690002
1502297869 824131
1502297869 843386
1502297870 25695
1502297870 45027
1502297870 295055
1502297870 314379
1502297870 429435
1502297870 668957
1502297870 688266
1502297870 755210
1502297871 245258
1502297871 264488
1502297871 360477
1502297871 379772
1502297871 581040
1502297871 600313
1502297871 763752
1502297871 782709
1502297872 3851
1502297872 23193
1502297872 118262
1502297872 541185
1502297872 560573
1502297872 656380
1502297872 675707
1502297872 838819
1502297872 858048
1502297872 992130
1502297873 11455
1502297873 155501
1502297873 318914
1502297873 338271
1502297873 529533
1502297873 549587
1502297873 692727
1502297873 712922
1502297873 923189
1502297873 942509
1502297874 134664
1502297874 298025
1502297874 778106
1502297874 960488
1502297875 603026
1502297875 623205
1502297875 814503
1502297875 833961
1502297875 967842
1502297875 988061
1502297876 179250
1502297876 198544
1502297876 678398
1502297877 494245
1502297877 974298
1502297877 993604
1502297878 137678
1502297878 425339
1502297878 857378
1502297878 876642
1502297879 10694
1502297879 30886
1502297879 203072
1502297879 222383
1502297879 366414
1502297879 692255
1502297880 57043
1502297880 76321
1502297880 153224
1502297880 969175
1502297882 841248
1502297882 860553
1502297882 927443
1502297883 119054
1502297883 138263
1502297883 292270
1502297883 560880
1502297883 580203
1502297883 676197
1502297883 695454
1502297883 934821
1502297883 954093
1502297884 194375
1502297884 213648
1502297884 395817
1502297884 415107
1502297884 655364
1502297884 674633
1502297884 875909
1502297885 154537
1502297885 173784
1502297885 375102
1502297885 557458
1502297885 576717
1502297885 768927
1502297885 788221
1502297886 132922
1502297886 449533
1502297886 469802
1502297886 602861
1502297886 623069
1502297886 852525
1502297887 351624
1502297887 371786
1502297887 514904
1502297887 534292
1502297887 620221
1502297887 640578
1502297887 869800
1502297887 890564
1502297888 100308
1502297888 119819
1502297888 292674
1502297888 580352
1502297888 599646
1502297889 3254
1502297889 22507
1502297889 98516
1502297889 406275
1502297889 425501
1502297889 598616
1502297889 617900
1502297890 135803
1502297890 155067
1502297890 366261
1502297890 385617
1502297890 519669
1502297890 778386
1502297891 220289
1502297891 450742
1502297891 728466
1502297891 748771
1502297892 151394
1502297892 170691
1502297893 92415
1502297893 111731
1502297893 302979
1502297893 323151
1502297893 562529
1502297893 581849
1502297893 667859
1502297893 688012
1502297893 860207
1502297893 879451
1502297894 166934
1502297894 666975
1502297894 686379
1502297895 88922
1502297895 453791
1502297896 1009
1502297896 20301
1502297896 163494
1502297896 183678
1502297896 345895
1502297896 643636
1502297896 960272
1502297896 980414
1502297897 56415
1502297897 75713
1502297897 200657
1502297897 219942
1502297897 286883
1502297897 632760
1502297897 652031
1502297897 718889
1502297898 7639
1502297898 26754
1502297898 150853
1502297898 170154
1502297898 400419
1502297898 563811
1502297898 583136
1502297898 832389
1502297898 851641
1502297899 5832
1502297899 24991
1502297899 149109
1502297899 169336
1502297899 322444
1502297899 341762
1502297899 513943
1502297899 534134
1502297899 658234
1502297899 677507
1502297899 840649
1502297899 860197
1502297900 234557
1502297900 253792
1502297900 503120
1502297900 522379
1502297900 714561
1502297900 733843
1502297900 838912
1502297900 858236
1502297900 973273
1502297900 992496
1502297901 107523
1502297901 127720
1502297901 338036
1502297901 357296
1502297901 511430
1502297901 530604
1502297901 664734
1502297901 684106
1502297901 914275
1502297901 933581
1502297902 77603
1502297902 96869
1502297902 289069
1502297902 308386
1502297902 375319
1502297902 394635
1502297902 499640
1502297902 518869
1502297902 692111
1502297902 711443
1502297902 816317
1502297902 836543
1502297903 46889
1502297903 66126
1502297903 296432
1502297903 613116
1502297903 632436
1502297903 853624
1502297903 872862
1502297903 977980
1502297903 997300
1502297904 218489
1502297904 237776
1502297904 582465
1502297904 928197
1502297905 753036
1502297906 492593
1502297906 511901
1502297906 732198
1502297907 20797
1502297908 29007
1502297908 48351
1502297908 470086
1502297909 7318
1502297909 26626
1502297909 112687
1502297909 132814
1502297909 362230
1502297909 381646
1502297909 563652
1502297909 775150
1502297910 802506
1502297912 69371
1502297912 223532
1502297912 243031
1502297912 454074
1502297912 473449
1502297912 568366
1502297912 588529
1502297912 798898
1502297912 819027
1502297912 943149
1502297913 115623
1502297913 135785
1502297913 202799
1502297913 221995
1502297913 433228
1502297913 452523
1502297913 547626
1502297913 826304
1502297913 845595
1502297914 27640
1502297914 306342
1502297914 325554
1502297914 546808
1502297914 566029
1502297914 633027
1502297914 652249
1502297914 719223
1502297914 738445
1502297914 948798
1502297915 141197
1502297915 352633
1502297915 372142
1502297915 516049
1502297916 331886
1502297916 351129
1502297916 456134
1502297916 475395
1502297916 927098
1502297916 946424
1502297917 99569
1502297917 118980
1502297917 311012
1502297917 330375
1502297917 550612
1502297917 569943
1502297917 762013
1502297917 782505
1502297917 877365
1502297917 896556
1502297918 136889
1502297918 156061
1502297918 261163
1502297918 280486
1502297918 376377
1502297918 540011
1502297918 559084
1502297918 971752
1502297918 991048
1502297919 211307
1502297919 230621
1502297919 393831
1502297919 413119
1502297919 557269
1502297919 576360
1502297919 691440
1502297919 710691
1502297919 864768
1502297919 883997
1502297920 114293
1502297920 133594
1502297920 305871
1502297920 325122
1502297920 804870
1502297921 64429
1502297921 83720
1502297921 313964
1502297921 333353
1502297921 438363
1502297921 716970
1502297921 736559
1502297921 832207
1502297921 851440
1502297921 928470
1502297921 947626
1502297922 33638
1502297922 379465
1502297922 399266
1502297922 532877
1502297922 696206
1502297922 715555
1502297922 830450
1502297922 849844
1502297922 907585
1502297922 926847
1502297923 70114
1502297923 90306
1502297923 320559
1502297923 607395
1502297923 627546
1502297923 866831
1502297924 87569
1502297924 106730
1502297924 298795
1502297924 318213
1502297924 395059
1502297924 414311
1502297924 510336
1502297924 529682
1502297924 606447
1502297924 625759
1502297924 865093
1502297924 884342
1502297925 9384
1502297925 28658
1502297925 124628
1502297925 143887
1502297925 288031
1502297925 613734
1502297926 803496
1502297926 823881
1502297927 44089
1502297927 63266
1502297927 562198
1502297927 581516
1502297927 754674
1502297928 4132
1502297928 291889
1502297929 59624
1502297929 78894
1502297929 405384
1502297929 424675
1502297929 780170
1502297929 799630
1502297930 38859
1502297930 58441
1502297930 461760
1502297930 481164
1502297930 902755
1502297930 922938
1502297931 172295
1502297931 191581
1502297931 441012
1502297931 460605
1502297931 652306
1502297931 862977
1502297931 882205
1502297932 103373
1502297932 122800
1502297932 304838
1502297932 583539
1502297933 72526
1502297933 764046
1502297935 319535
1502297935 338852
1502297935 491919
1502297935 511183
1502297935 693378
1502297935 712793
1502297935 904810
1502297935 924108
1502297936 326832
1502297936 749737
1502297936 970253
1502297938 573886
1502297940 436094
1502297941 155726
1502297941 175040
1502297941 280975
1502297941 300331
1502297941 721959
1502297941 875390
1502297941 895663
1502297942 57771
1502297942 77961
1502297942 279163
1502297942 489810
1502297942 510028
1502297942 633998
1502297942 883571
1502297942 902867
1502297943 104138
1502297943 124269
1502297943 229356
1502297943 449855
1502297944 822884
1502297946 186016
1502297946 208500
1502297946 339344
1502297946 521894
1502297946 541987
1502297946 637020
1502297946 656357
1502297946 810455
1502297946 829658
1502297946 934819
1502297946 954031
1502297947 49959
1502297947 69295
1502297947 318629
1502297947 338791
1502297947 424812
1502297947 444048
1502297947 578074
1502297947 597464
1502297947 789559
1502297947 808878
1502297947 991094
1502297948 10288
1502297948 221633
1502297948 461164
1502297948 758791
1502297948 778077
1502297948 979325
1502297949 229786
1502297949 383084
1502297949 402356
1502297949 507393
1502297949 526764
1502297949 661750
1502297949 681243
1502297949 911374
1502297949 930643
1502297950 102709
1502297950 391324
1502297950 640954
1502297952 23138
1502297952 42368
1502297952 243728
1502297952 262848
1502297952 435010
1502297952 455358
1502297952 704745
1502297952 934214
1502297952 954338
1502297953 145696
1502297953 769975
1502297953 789242
1502297954 529
1502297954 250042
1502297954 269364
1502297954 441585
1502297954 460852
1502297954 623960
1502297954 643285
1502297954 845365
1502297954 864703
1502297955 257417
1502297955 497872
1502297956 409937
1502297956 429217
1502297956 611342
1502297956 630656
1502297956 803823
1502297956 823052
1502297957 33390
1502297957 53557
1502297957 139482
1502297957 466231
1502297957 485522
1502297957 580623
1502297957 926272
1502297958 291155
1502297958 310457
1502297958 867444
1502297958 886718
