1502292529 872465
1502292530 170268
1502292530 352723
1502292530 429620
1502292532 973515
1502292533 31145
1502292533 88451
1502292533 145626
1502292533 203489
1502292533 260949
1502292533 318718
1502292533 385741
1502292533 442904
1502292533 501052
1502292533 971667
1502292534 172989
1502292534 403241
1502292534 460491
1502292534 710330
1502292535 334649
1502292535 401779
1502292535 468612
1502292535 804710
1502292536 217619
1502292536 284648
1502292536 351563
1502292536 466018
1502292536 774115
1502292536 984390
1502292537 89553
1502292537 790736
1502292537 848528
1502292538 674504
1502292538 798880
1502292538 903686
1502292538 960837
1502292539 537556
1502292539 777000
1502292539 833850
1502292540 208396
1502292540 314351
1502292540 371231
1502292540 447292
1502292540 505475
1502292540 640099
1502292540 705951
1502292540 898622
1502292540 955420
1502292541 13629
1502292541 70592
1502292541 666779
1502292541 867614
1502292541 924873
