1501518880 904185
1501518880 991044
1501518881 86603
1501518881 172383
1501518881 257796
1501518881 345013
1501518881 431354
1501518881 517512
1501518881 603493
1501518881 688969
1501518881 776072
1501518881 900378
1501518881 986619
1501518882 72582
1501518882 158046
1501518882 244656
1501518882 331410
1501518882 416664
1501518882 502735
1501518882 589969
1501518882 676303
1501518882 762546
1501518882 848088
1501518882 935015
1501518883 21100
1501518883 107406
1501518883 193593
1501518883 289119
1501518883 384209
1501518883 490185
1501518883 575478
1501518883 662567
1501518883 747873
1501518883 834223
1501518883 921351
1501518884 6522
1501518884 93732
1501518884 179121
1501518884 266039
1501518884 351374
1501518884 437597
1501518884 524842
1501518884 610162
1501518884 697352
1501518884 783669
1501518884 878902
1501518884 966137
1501518885 52143
1501518885 137376
1501518885 224541
1501518885 319926
1501518885 415097
1501518885 501138
1501518885 588336
1501518885 673593
1501518885 759794
1501518885 856055
1501518885 952300
1501518886 38638
1501518886 124777
1501518886 211926
1501518886 307061
1501518886 403564
1501518886 498643
1501518886 585684
1501518886 680958
1501518886 766426
1501518886 853365
1501518886 948734
1501518887 34149
1501518887 121273
1501518887 216581
1501518887 312713
1501518887 397927
1501518887 485166
1501518887 570362
1501518887 657653
1501518887 743815
1501518887 839285
1501518887 934437
1501518888 21534
1501518888 107668
1501518888 202979
1501518888 299062
1501518888 385291
1501518888 480543
1501518888 566791
1501518888 662962
1501518888 749264
1501518888 835443
1501518888 922944
1501518889 18271
1501518889 113414
1501518889 200494
1501518889 286559
1501518889 381788
1501518889 467963
1501518889 555164
1501518889 650391
1501518889 736488
1501518889 822844
1501518889 910093
1501518889 996109
1501518890 81537
1501518890 168715
1501518890 263946
1501518890 350088
1501518890 437330
1501518890 523429
1501518890 618796
1501518890 820318
1501518890 906399
1501518891 1647
1501518891 87760
1501518891 174210
1501518891 261297
1501518891 664244
1501518891 855784
1501518891 941706
1501518892 28064
1501518892 114285
1501518892 200521
1501518892 287707
1501518892 373858
1501518892 488231
1501518892 642441
1501518892 748011
1501518892 833921
1501518892 929182
1501518893 15374
1501518893 102581
1501518893 188687
1501518893 274033
1501518893 361190
1501518893 446371
1501518893 533455
1501518893 618906
1501518893 705080
1501518893 792127
1501518893 877437
1501518893 963859
1501518894 50922
1501518894 137086
1501518894 222323
1501518894 309505
1501518894 394828
1501518894 482007
1501518894 682598
1501518894 769543
1501518894 913099
1501518895 8198
1501518895 354215
1501518895 679768
1501518895 765922
1501518895 853230
1501518895 938531
1501518896 25677
1501518896 188062
1501518896 399692
1501518896 485713
1501518896 571912
1501518896 667354
1501518896 762760
1501518896 849609
1501518896 945182
1501518897 31263
1501518897 136330
1501518897 357106
1501518897 452317
1501518897 538705
1501518897 625547
1501518897 712093
1501518897 836003
1501518897 941460
1501518898 28532
1501518898 114636
1501518898 210150
1501518898 296089
1501518898 391726
1501518898 486820
1501518898 573925
1501518898 659980
1501518898 745244
1501518898 831301
1501518898 918453
1501518899 82320
1501518899 523269
1501518899 628415
1501518899 723786
1501518899 819888
1501518899 906100
1501518899 992471
1501518900 88463
1501518900 174941
1501518900 270945
1501518900 357197
1501518900 482436
1501518900 577677
1501518900 682781
1501518900 769866
1501518900 856293
1501518900 942454
1501518901 27718
1501518901 200856
1501518901 449858
1501518901 535936
1501518901 784761
1501518901 870927
1501518901 977016
1501518902 62335
1501518902 341091
1501518902 484502
1501518902 579620
1501518902 733998
1501518902 820111
1501518902 915390
1501518903 1462
1501518903 135930
1501518903 223125
1501518903 318593
1501518903 404657
1501518903 500049
1501518903 586033
1501518903 671320
1501518903 758552
1501518903 844543
1501518903 929956
1501518904 17030
1501518904 102358
1501518904 189437
1501518904 284813
1501518904 380168
1501518904 466268
1501518904 553465
1501518904 648867
1501518904 734977
1501518904 821985
1501518904 907180
1501518904 994368
1501518905 89739
1501518905 186211
1501518905 281338
1501518905 368492
1501518905 463720
1501518905 549896
1501518905 637016
1501518905 732260
1501518905 818478
1501518905 905848
1501518905 992007
1501518906 78197
1501518906 164230
1501518906 250389
1501518906 335834
1501518906 528243
1501518906 633695
1501518906 719672
1501518906 833912
1501518906 920292
1501518907 7376
1501518907 93630
1501518907 198956
1501518907 312992
1501518907 400323
1501518907 514528
1501518907 600860
1501518907 736106
1501518907 822216
1501518908 42690
1501518908 234233
1501518908 320555
1501518908 406816
1501518908 502028
1501518908 598525
1501518908 684372
1501518908 779729
1501518908 875859
1501518908 962176
1501518909 57378
1501518909 163575
1501518909 259188
1501518909 345106
1501518909 440436
1501518909 767387
1501518909 853484
1501518909 949395
1501518910 44853
1501518910 131226
1501518910 217346
1501518910 312446
1501518910 399585
1501518910 494785
1501518910 580957
1501518910 666220
1501518910 753375
1501518910 867711
1501518910 954066
1501518911 39355
1501518911 126304
1501518911 211688
1501518911 298965
1501518911 384154
1501518911 471173
1501518911 556686
1501518911 643806
1501518911 730104
1501518911 816206
1501518911 902383
1501518911 987591
1501518912 74742
1501518912 160170
1501518912 247379
1501518912 333551
1501518912 419828
1501518912 505899
1501518912 592100
1501518912 678390
1501518912 764654
1501518912 850737
1501518912 936847
1501518913 22169
1501518913 109315
1501518913 194692
1501518913 282057
1501518913 368127
1501518913 454228
1501518913 540513
1501518913 626593
1501518913 711977
1501518913 799034
1501518913 884252
1501518913 971672
1501518914 57709
1501518914 153283
1501518914 239387
1501518914 334419
1501518914 421714
1501518914 507950
1501518914 594106
1501518914 680321
1501518914 775635
1501518914 861699
1501518914 948826
1501518915 44109
1501518915 129478
1501518915 225690
1501518915 321809
1501518915 407982
1501518915 533371
1501518915 628678
1501518915 965614
1501518916 70664
1501518916 166097
1501518916 262051
1501518916 348409
1501518916 435427
1501518916 521582
1501518916 616915
1501518916 703203
1501518916 790205
1501518916 876485
1501518916 971730
1501518917 58182
1501518917 144036
1501518917 230266
1501518917 316663
1501518917 412094
1501518917 507322
1501518917 594272
1501518917 680467
1501518917 775904
1501518917 862234
1501518917 957330
1501518918 34262
1501518918 110625
1501518918 196902
1501518918 273222
1501518918 359234
1501518918 445702
1501518918 521811
1501518918 598939
1501518918 675177
1501518918 761264
1501518918 837467
1501518918 913772
1501518918 989880
1501518919 76151
1501518919 161433
1501518919 248736
1501518919 363314
1501518919 450120
1501518919 536559
1501518919 622558
1501518919 708738
1501518919 795152
1501518919 881034
1501518920 5422
1501518920 129744
1501518920 350603
1501518920 436752
1501518920 522784
1501518920 608980
1501518921 12080
1501518921 98099
1501518921 241703
1501518921 327852
1501518921 557493
1501518921 739953
1501518921 826023
1501518921 921788
1501518922 93737
1501518922 237987
1501518922 333141
1501518922 429500
1501518922 515620
1501518922 600991
1501518922 822424
1501518923 72272
1501518923 167359
1501518923 263447
1501518923 388547
1501518923 570409
1501518923 666558
1501518923 752728
1501518923 944147
1501518924 97457
1501518924 240738
1501518924 347099
1501518924 433428
1501518924 519474
1501518924 605609
1501518924 700967
1501518924 787037
1501518924 882338
1501518924 968708
1501518925 54936
1501518925 142022
1501518925 228177
1501518925 323384
1501518925 409530
1501518925 631225
1501518925 746499
1501518925 832621
1501518925 918730
1501518926 4968
1501518926 91243
1501518926 177433
1501518926 272708
1501518926 368932
1501518926 455100
1501518926 541517
1501518926 627622
1501518926 723142
1501518926 809163
1501518926 904644
1501518927 617
1501518927 86847
1501518927 173018
1501518927 259260
1501518927 354486
1501518927 441598
1501518927 527949
1501518927 614095
1501518927 700253
1501518927 786387
1501518927 881622
1501518927 967921
1501518928 55016
1501518928 150513
1501518928 245553
1501518928 336739
1501518928 457100
1501518928 543243
1501518928 686696
1501518928 772874
1501518928 878167
1501518928 964355
1501518929 40671
1501518929 126807
1501518929 261152
1501518929 346518
1501518929 433708
1501518929 509830
1501518929 596072
1501518929 682202
1501518929 768303
1501518929 853733
1501518929 940771
1501518930 26164
1501518930 113277
1501518930 199615
1501518930 285703
1501518930 448328
1501518930 534429
1501518930 620636
1501518930 715952
1501518930 860428
1501518930 946282
1501518931 32637
1501518931 118729
1501518931 473822
1501518931 704292
1501518931 790401
1501518931 876593
1501518931 962706
1501518932 68073
1501518932 154323
1501518932 240425
1501518932 326744
1501518932 412946
1501518932 498998
1501518932 584289
1501518932 671544
1501518932 757939
1501518932 872035
1501518932 959307
1501518933 45608
1501518933 131687
1501518933 217817
1501518933 304127
1501518933 390142
1501518933 476468
1501518933 562870
1501518933 648828
1501518933 735287
1501518933 821370
1501518933 907457
1501518933 993611
1501518934 79147
1501518934 166468
1501518934 252416
1501518934 338637
1501518934 472971
1501518934 559649
1501518934 645448
1501518934 759787
1501518934 895015
1501518935 441386
1501518935 585474
1501518935 690748
1501518935 777027
1501518935 872266
1501518935 959463
1501518936 54542
1501518936 150843
1501518936 246568
1501518936 342387
1501518936 428646
1501518936 514902
1501518936 620089
1501518936 706339
1501518936 830512
1501518936 916681
1501518937 3062
1501518937 185578
1501518937 281680
1501518937 376880
1501518937 463141
1501518937 550094
1501518937 635787
1501518937 722621
1501518937 808696
1501518937 894476
1501518937 990369
1501518938 85756
1501518938 172345
1501518938 268139
1501518938 363328
1501518938 450703
1501518938 536656
1501518938 632105
1501518938 718198
1501518938 804680
1501518938 899751
1501518938 986747
1501518939 73006
1501518939 168590
1501518939 254532
1501518939 340816
1501518939 435946
1501518939 522262
1501518939 618370
1501518939 704766
1501518939 791857
1501518939 878010
1501518939 973272
1501518940 60478
1501518940 146665
1501518940 241817
1501518940 329410
1501518940 415266
1501518940 510554
1501518940 597914
1501518940 692833
1501518940 780141
1501518940 866215
1501518940 961598
1501518941 47735
1501518941 134910
1501518941 221201
1501518941 316281
1501518941 403483
1501518941 489636
1501518941 585298
1501518941 671461
1501518941 757504
1501518941 852790
1501518941 938873
1501518942 25918
1501518942 121390
1501518942 216630
1501518942 312927
1501518942 399066
1501518942 494387
1501518942 580526
1501518942 695847
1501518942 781896
1501518942 859171
1501518942 944510
1501518943 30639
1501518943 118048
1501518943 194018
1501518943 280170
1501518943 367336
1501518943 453518
1501518943 539820
1501518943 626060
1501518943 712211
1501518943 798410
1501518943 884878
1501518943 970782
1501518944 57022
1501518944 143315
1501518944 229576
1501518944 315702
1501518944 401770
1501518944 487100
1501518944 574169
1501518944 660684
1501518944 746761
1501518944 833011
1501518944 919167
1501518945 5272
1501518945 90547
1501518945 177788
1501518945 264104
1501518945 350216
1501518945 436395
1501518945 522599
1501518945 608906
1501518945 695363
1501518945 781508
1501518945 867765
1501518945 953718
1501518946 40005
1501518946 126170
1501518946 221499
1501518946 316856
1501518946 403157
1501518946 499340
1501518946 594618
1501518946 687155
1501518946 795870
1501518946 882178
1501518946 968397
1501518947 54752
1501518947 140760
1501518947 227068
1501518947 313226
1501518947 399375
1501518947 485661
1501518947 580970
1501518947 667089
1501518947 754117
1501518947 840510
1501518947 926697
1501518948 13197
1501518948 98935
1501518948 194343
1501518948 289782
1501518948 375979
1501518948 471318
1501518948 557698
1501518948 653782
1501518948 749782
1501518948 845085
1501518948 941333
1501518949 46820
1501518949 132768
1501518949 219087
1501518949 305257
1501518949 391351
1501518949 477649
1501518949 563850
1501518949 649935
1501518949 736148
1501518949 822445
1501518949 908771
1501518949 994915
1501518950 81168
1501518950 167343
1501518950 253479
1501518950 339710
1501518950 425928
1501518950 512080
1501518950 598575
1501518950 684646
1501518950 770797
1501518950 857139
1501518950 943168
1501518951 29373
1501518951 115648
1501518951 202009
1501518951 287992
1501518951 374309
1501518951 460486
1501518951 546720
1501518951 633201
1501518951 719407
1501518951 805459
1501518951 891667
1501518951 977799
1501518952 63944
1501518952 150530
1501518952 236406
1501518952 322684
1501518952 946295
1501518953 368070
1501518953 454204
1501518953 549530
1501518953 635849
1501518953 722953
1501518953 809468
1501518953 895294
1501518953 981535
1501518954 67719
1501518954 154091
1501518954 240280
1501518954 326421
1501518954 421694
1501518954 700360
1501518954 786378
1501518954 872643
1501518954 986969
1501518955 112271
1501518955 217643
1501518955 505478
1501518955 629831
1501518955 715759
1501518955 801894
1501518955 907105
1501518956 21436
1501518956 108745
1501518956 194812
1501518956 281065
1501518956 367435
1501518956 462715
1501518956 655036
1501518956 779478
1501518956 865790
1501518957 77248
1501518957 163537
1501518957 345670
1501518957 450762
1501518957 537147
1501518957 623346
1501518957 709384
1501518957 795791
1501518957 930372
1501518958 16472
1501518958 217756
1501518958 333043
1501518958 419227
1501518958 505683
1501518958 669009
1501518958 831385
1501518958 917525
1501518959 243370
1501518959 445082
1501518959 531092
1501518959 617118
1501518959 703325
1501518959 789613
1501518959 875873
1501518959 962094
1501518960 48268
1501518960 134413
1501518960 220601
1501518960 306772
1501518960 393046
1501518960 479398
1501518960 565474
1501518960 651758
1501518960 738173
1501518960 824355
1501518960 920447
1501518961 6541
1501518961 92771
1501518961 178934
1501518961 274478
1501518961 370488
1501518961 456792
1501518961 542824
1501518961 629216
1501518961 725240
1501518961 820553
1501518961 915949
1501518962 2980
1501518962 89072
1501518962 184257
1501518962 280582
1501518962 366842
1501518962 462044
1501518962 558360
1501518962 644521
1501518962 739792
1501518962 836057
1501518962 922235
1501518963 17884
1501518963 103784
1501518963 199053
1501518963 295169
1501518963 391543
1501518963 477682
1501518963 572916
1501518963 659997
1501518963 746278
1501518963 832462
1501518963 927725
1501518964 24033
1501518964 110006
1501518964 206100
1501518964 291787
1501518964 387949
1501518964 474093
1501518964 569359
1501518964 656442
1501518964 751889
1501518964 847133
1501518964 943427
1501518965 39585
1501518965 134831
1501518965 230777
1501518965 327136
1501518965 422318
1501518965 508473
1501518965 595710
1501518965 682006
1501518965 777381
1501518965 863534
1501518965 949607
1501518966 35919
1501518966 122100
1501518966 217488
1501518966 313640
1501518966 399875
1501518966 486002
1501518966 581309
1501518966 667494
1501518966 753720
1501518966 840072
1501518966 926213
1501518967 21640
1501518967 117586
1501518967 213168
1501518967 309145
1501518967 395421
1501518967 481522
1501518967 567841
1501518967 654037
1501518967 740175
1501518967 835500
1501518967 930813
1501518968 17236
1501518968 103224
1501518968 198568
1501518968 284659
1501518968 379913
1501518968 476434
1501518968 562421
1501518968 657899
1501518968 753908
1501518968 839974
1501518968 935474
1501518969 30616
1501518969 117744
1501518969 213212
1501518969 299545
1501518969 395518
1501518969 481660
1501518969 576824
1501518969 664079
1501518969 759417
1501518969 845616
1501518969 941087
1501518970 37082
1501518970 132318
1501518970 219479
1501518970 305714
1501518970 401016
1501518970 497278
1501518970 583395
1501518970 679788
1501518970 765788
1501518970 861007
1501518970 957200
1501518971 43484
1501518971 138795
1501518971 235132
1501518971 321127
1501518971 407524
1501518971 503017
1501518971 599245
1501518971 685131
1501518971 771414
1501518971 867627
1501518971 962681
1501518972 49959
1501518972 136053
1501518972 231458
1501518972 317626
1501518972 412866
1501518972 500029
1501518972 595322
1501518972 691450
1501518972 786763
1501518972 873034
1501518972 969374
1501518973 55788
1501518973 150714
1501518973 237797
1501518973 333311
1501518973 419612
1501518973 505658
1501518973 601741
1501518973 697112
1501518973 793340
1501518973 888567
1501518973 974716
1501518974 61008
1501518974 156187
1501518974 243290
1501518974 329623
1501518974 415939
1501518974 502082
1501518974 588125
1501518974 674524
1501518974 770785
1501518974 856963
1501518974 953210
1501518975 48584
1501518975 144599
1501518975 230730
1501518975 316903
1501518975 403215
1501518975 498478
1501518975 585462
1501518975 680714
1501518975 767947
1501518975 854072
1501518975 949494
1501518976 35790
1501518976 131029
1501518976 218115
1501518976 304187
1501518976 390390
1501518976 486177
1501518976 581996
1501518976 668294
1501518976 773349
1501518976 868686
1501518976 956133
1501518977 51102
1501518977 146424
1501518977 242696
1501518977 328824
1501518977 415982
1501518977 502328
1501518977 588252
1501518977 683629
1501518977 778989
1501518977 875048
1501518977 961393
1501518978 57897
1501518978 143856
1501518978 240031
1501518978 326186
1501518978 412764
1501518978 498690
1501518978 584919
1501518978 680265
1501518978 766781
1501518978 890758
1501518979 82087
1501518979 312540
1501518979 408956
1501518979 495082
1501518979 600229
1501518979 686511
1501518979 773036
1501518979 848888
1501518979 936035
1501518980 41306
1501518980 155960
1501518980 233205
1501518980 453590
1501518980 539727
1501518980 616043
1501518980 702238
1501518980 778467
1501518980 855751
1501518980 941660
1501518981 26908
1501518981 113174
1501518981 190317
1501518981 276554
1501518981 362634
1501518981 448897
1501518981 535251
1501518981 621382
1501518981 707748
1501518981 793899
1501518981 880051
1501518981 966130
1501518982 52312
1501518982 138491
1501518982 224631
1501518982 310128
1501518982 397263
1501518982 483504
1501518982 569720
1501518982 655823
1501518982 742189
1501518982 828507
1501518982 914565
1501518983 732
1501518983 124981
1501518983 211232
1501518983 325587
1501518983 412188
1501518983 516901
1501518983 690542
1501518983 824954
1501518984 55392
1501518984 353117
1501518984 429163
1501518984 515681
1501518984 591967
1501518984 677712
1501518984 764084
1501518984 850092
1501518984 936533
1501518985 22534
1501518985 108907
1501518985 195092
1501518985 281197
1501518985 367499
1501518985 453634
1501518985 539916
1501518985 626172
1501518985 712391
1501518985 798616
1501518985 884719
1501518985 970917
1501518986 57087
1501518986 143312
1501518986 229914
1501518986 315746
1501518986 402128
1501518986 497412
1501518986 584543
1501518986 670713
1501518986 766127
1501518986 852242
1501518986 938547
1501518987 34743
1501518987 129962
1501518987 216011
1501518987 321535
1501518987 407493
1501518987 512744
1501518987 599024
1501518987 675322
1501518987 761525
1501518987 837581
1501518987 914745
1501518988 20130
1501518988 106288
1501518988 201520
1501518988 288635
1501518988 384046
1501518988 479430
1501518988 575654
1501518988 661630
1501518988 757152
1501518988 853194
1501518988 948549
1501518989 35713
1501518989 121826
1501518989 217144
1501518989 313462
1501518989 409448
1501518989 495657
1501518989 590893
1501518989 677356
1501518989 764518
1501518989 850740
1501518989 946837
1501518990 42206
1501518990 128382
1501518990 214457
1501518990 300672
1501518990 386998
1501518990 473282
1501518990 559465
1501518990 645579
1501518990 731773
1501518990 828328
1501518990 923423
1501518991 19375
1501518991 114705
1501518991 201994
1501518991 297350
1501518991 383703
1501518991 488592
1501518991 575933
1501518991 662008
1501518991 748104
1501518991 834423
1501518991 929796
1501518992 26028
1501518992 112194
1501518992 198371
1501518992 284637
1501518992 380708
1501518992 476179
1501518992 572296
1501518992 668562
1501518992 754744
1501518992 850750
1501518992 937221
1501518993 52280
1501518993 138570
1501518993 224793
1501518993 310992
1501518993 397091
1501518993 483295
1501518993 569686
1501518993 655802
1501518993 742026
1501518993 828138
1501518993 914416
1501518994 605
1501518994 87052
1501518994 172958
1501518994 259157
1501518994 345412
1501518994 459721
1501518994 536882
1501518994 623225
1501518994 699807
1501518994 785655
1501518994 872130
1501518994 958109
1501518995 44332
1501518995 130609
1501518995 216677
1501518995 302926
1501518995 389115
1501518995 475524
1501518995 561527
1501518995 647676
1501518995 734187
1501518995 820182
1501518995 906643
1501518995 992709
1501518996 78810
1501518996 165379
1501518996 251181
1501518996 337679
1501518996 424007
1501518996 509972
1501518996 606182
1501518996 692311
1501518996 826864
1501518997 57074
1501518997 152490
1501518997 239699
1501518997 325776
1501518997 661801
1501518997 892129
1501518997 988490
1501518998 84347
1501518998 208781
1501518998 313913
1501518998 409377
1501518998 495482
1501518998 581723
1501518998 667897
1501518998 754063
1501518998 840371
1501518998 935626
1501518999 20948
1501518999 108015
1501518999 194181
1501518999 280429
1501518999 375900
1501518999 472124
1501518999 568247
1501518999 663562
1501518999 759719
1501518999 845970
1501518999 932168
1501519000 28155
1501519000 123548
1501519000 209876
1501519000 305804
1501519000 401106
1501519000 497281
1501519000 583548
1501519000 678886
1501519000 765997
1501519000 861215
1501519000 956572
1501519001 43771
1501519001 139228
1501519001 235266
1501519001 331437
1501519001 426613
1501519001 513854
1501519001 609174
1501519001 695421
1501519001 791638
1501519001 877845
1501519001 964112
1501519002 50309
1501519002 136360
1501519002 232652
1501519002 327951
1501519002 414091
1501519002 509347
1501519002 605576
1501519002 701787
1501519002 787954
1501519002 883323
1501519002 969436
1501519003 64855
1501519003 161165
1501519003 257185
1501519003 343798
1501519003 429664
1501519003 525995
1501519003 612167
1501519003 708121
1501519003 823413
1501519003 929047
1501519004 14932
1501519004 101101
1501519004 187487
1501519004 273585
1501519004 359909
1501519004 445922
1501519004 532104
1501519004 618468
1501519004 705005
1501519004 791007
1501519004 877135
1501519004 963398
1501519005 59576
1501519005 145724
1501519005 231971
1501519005 318143
1501519005 404441
1501519005 500439
1501519005 595694
1501519005 682830
1501519005 778272
1501519005 874488
1501519005 960572
1501519006 56774
1501519006 152009
1501519006 248255
1501519006 344547
1501519006 430717
1501519006 526949
1501519006 622078
1501519006 708386
1501519006 803831
1501519006 899906
1501519006 995207
1501519007 91432
1501519007 187620
1501519007 282906
1501519007 369107
1501519007 455549
1501519007 541532
1501519007 637616
1501519007 732887
1501519007 820108
1501519007 906307
1501519008 1461
1501519008 97901
1501519008 193994
1501519008 280355
1501519008 376391
1501519008 462835
1501519008 548829
1501519008 635298
1501519008 721525
1501519008 817385
1501519008 912750
1501519009 9095
1501519009 95299
1501519009 191406
1501519009 277625
1501519009 364086
1501519009 459936
1501519009 546259
1501519009 804928
1501519009 891439
1501519010 179912
1501519010 274956
1501519010 514755
1501519010 610877
1501519010 707020
1501519010 803132
1501519010 889604
1501519010 975746
1501519011 71682
1501519011 167914
1501519011 263201
1501519011 358481
1501519011 444721
1501519011 646264
1501519011 818608
1501519012 68261
1501519012 356238
1501519012 443150
1501519012 529202
1501519012 625516
1501519012 711774
1501519012 808022
1501519012 903189
1501519012 989311
1501519013 85459
1501519013 181840
1501519013 277085
1501519013 363254
1501519013 449546
1501519013 545517
1501519013 641622
1501519013 736892
1501519013 823597
1501519013 986618
1501519014 408808
1501519014 504837
1501519014 763502
1501519014 859792
1501519014 955971
1501519015 51125
1501519015 147191
1501519015 233403
1501519015 319655
1501519015 415782
1501519015 502181
1501519015 588348
1501519015 674565
1501519015 761044
1501519015 857240
1501519015 943240
1501519016 39412
1501519016 135559
1501519016 222007
1501519016 307912
1501519016 394264
1501519016 480354
1501519016 576644
1501519016 672117
1501519016 758184
1501519016 854343
1501519016 940419
1501519017 35678
1501519017 132122
1501519017 228474
1501519017 324477
1501519017 419678
1501519017 515893
1501519017 611359
1501519017 707512
1501519017 793597
1501519017 879794
1501519017 966026
1501519018 62452
1501519018 148574
1501519018 234684
1501519018 320901
1501519018 407130
1501519018 493209
1501519018 589457
1501519018 675526
1501519018 770997
1501519018 867472
1501519018 953643
1501519019 39818
1501519019 125877
1501519019 221917
1501519019 317298
1501519019 413422
1501519019 499707
1501519019 596024
1501519019 682177
1501519019 778311
1501519019 873603
1501519019 959739
1501519020 45932
1501519020 142142
1501519020 247384
1501519020 333636
1501519020 420115
1501519020 506245
1501519020 592490
1501519020 678464
1501519020 764864
1501519020 850773
1501519020 937280
1501519021 23493
1501519021 109565
1501519021 195966
1501519021 282102
1501519021 368159
1501519021 454317
1501519021 540663
1501519021 626818
1501519021 713117
1501519021 799446
1501519021 885528
1501519021 971827
1501519022 57956
1501519022 144114
1501519022 230455
1501519022 316543
1501519022 402735
1501519022 489098
1501519022 575159
1501519022 661463
1501519022 747788
1501519022 833842
1501519022 920054
1501519023 6501
1501519023 92310
1501519023 178625
1501519023 264844
1501519023 351095
1501519023 437301
1501519023 523844
1501519023 609704
1501519023 695878
1501519023 782116
1501519023 868329
1501519023 954646
1501519024 40772
1501519024 126860
1501519024 213185
1501519024 299427
1501519024 385645
1501519024 471958
1501519024 558020
1501519024 644255
1501519024 730393
1501519024 816796
1501519024 902798
1501519024 989223
1501519025 75480
1501519025 161764
1501519025 247821
1501519025 334061
1501519025 420157
1501519025 506398
1501519025 592507
1501519025 678834
1501519025 765033
1501519025 851476
1501519025 947481
1501519026 33725
1501519026 119899
1501519026 216075
1501519026 311303
1501519026 398481
1501519026 484607
1501519026 570931
1501519026 657368
1501519026 743366
1501519026 839515
1501519026 925736
1501519027 12090
1501519027 98326
1501519027 184411
1501519027 270811
1501519027 367274
1501519027 463196
1501519027 549587
1501519027 635713
1501519027 731646
1501519027 817861
1501519027 904131
1501519028 302
1501519028 96494
1501519028 182468
1501519028 277902
1501519028 374341
1501519028 469645
1501519028 555636
1501519028 641857
1501519028 766259
1501519028 862315
1501519028 948523
1501519029 35177
1501519029 121046
1501519029 207293
1501519029 303432
1501519029 389689
1501519029 485905
1501519029 572054
1501519029 668342
1501519029 763652
1501519029 868801
1501519029 964871
1501519030 51079
1501519030 137457
1501519030 233639
1501519030 319954
1501519030 579573
1501519030 665725
1501519030 761809
1501519030 848039
1501519030 944300
1501519031 58344
1501519031 154597
1501519031 250038
1501519031 336137
1501519031 422323
1501519031 517698
1501519031 720562
1501519031 844670
1501519031 930665
1501519032 16943
1501519032 103188
1501519032 199325
1501519032 295537
1501519032 381861
1501519032 468073
1501519032 554090
1501519032 650289
1501519032 745505
1501519032 841775
1501519032 937221
1501519033 33219
1501519033 129653
1501519033 224747
1501519033 320922
1501519033 416383
1501519033 502387
1501519033 598789
1501519033 685137
1501519033 771306
1501519033 857377
1501519033 943475
1501519034 39733
1501519034 125839
1501519034 222081
1501519034 317489
1501519034 403603
1501519034 499893
1501519034 595989
1501519034 682132
1501519034 873894
1501519034 960115
1501519035 56194
1501519035 152410
1501519035 238567
1501519035 325002
1501519035 411114
1501519035 507135
1501519035 603605
1501519035 737794
1501519035 853174
1501519035 987400
1501519036 83376
1501519036 179186
1501519036 274829
1501519036 361228
1501519036 447520
1501519036 793243
1501519036 889403
1501519036 984661
1501519037 71004
1501519037 167033
1501519037 253207
1501519037 339392
1501519037 425875
1501519037 511748
1501519037 598310
1501519037 684137
1501519037 780784
1501519037 866770
1501519037 971736
1501519038 58254
1501519038 144467
1501519038 230676
1501519038 316860
1501519038 402937
1501519038 489297
1501519038 575553
1501519038 661705
1501519038 747990
1501519038 892120
1501519039 63678
1501519039 149795
1501519039 236041
1501519039 332448
1501519039 418644
1501519039 716363
1501519039 802458
1501519039 965709
1501519040 52041
1501519040 138278
1501519040 234258
1501519040 320435
1501519040 416620
1501519040 502892
1501519040 599145
1501519040 685353
1501519040 781885
1501519040 867745
1501519040 963982
1501519041 59459
1501519041 155513
1501519041 241642
1501519041 337800
1501519041 424056
1501519041 520219
1501519041 616555
1501519041 702535
1501519041 788733
1501519041 875104
1501519041 971420
1501519042 57541
1501519042 143987
1501519042 239976
1501519042 336255
1501519042 422322
1501519042 508745
1501519042 604897
1501519042 700967
1501519042 796352
1501519042 892492
1501519042 988554
1501519043 84012
1501519043 170259
1501519043 266371
1501519043 362876
1501519043 448803
1501519043 535042
1501519043 631419
1501519043 746427
1501519043 832588
1501519043 918662
1501519044 5031
1501519044 91199
1501519044 177386
1501519044 263776
1501519044 349888
1501519044 436089
1501519044 522304
1501519044 608604
1501519044 694695
1501519044 781015
1501519044 867167
1501519044 953530
1501519045 39621
1501519045 125769
1501519045 211902
1501519045 298179
1501519045 384378
1501519045 470690
1501519045 556847
1501519045 643059
1501519045 729257
1501519045 815584
1501519045 901618
1501519045 988015
1501519046 74210
1501519046 160471
1501519046 246606
1501519046 332613
1501519046 418944
1501519046 505233
1501519046 591384
1501519046 687508
1501519046 773595
1501519046 860071
1501519046 946180
1501519047 32559
1501519047 118655
1501519047 204815
1501519047 291045
1501519047 377224
1501519047 463402
1501519047 549767
1501519047 635715
1501519047 722119
1501519047 808662
1501519047 894633
1501519047 980815
1501519048 67262
1501519048 153170
1501519048 268294
1501519048 354645
1501519048 430962
1501519048 516962
1501519048 593204
1501519048 689428
1501519048 775622
1501519048 851859
1501519048 948065
1501519049 34332
1501519049 177771
1501519049 379315
1501519049 465450
1501519049 551793
1501519049 656945
1501519049 743202
1501519049 877398
1501519050 21816
1501519050 107905
1501519050 194136
1501519050 280383
1501519050 366813
1501519050 452840
1501519050 539128
1501519050 625431
1501519050 711561
1501519050 797691
1501519050 883992
1501519050 970420
1501519051 56414
1501519051 142512
1501519051 228706
1501519051 314960
1501519051 401065
1501519051 487500
1501519051 573846
1501519051 659925
1501519051 746142
1501519051 832149
1501519051 918389
1501519052 4591
1501519052 129809
1501519052 264184
1501519052 359460
1501519052 772571
1501519052 858976
1501519052 945030
1501519053 31077
1501519053 117237
1501519053 203453
1501519053 289622
1501519053 558265
1501519053 663798
1501519054 278190
1501519054 364271
1501519054 460458
1501519054 565773
1501519054 651798
1501519054 738063
1501519054 872314
1501519054 958537
1501519055 44879
1501519055 131022
1501519055 217053
1501519055 303774
1501519055 389663
1501519055 476019
1501519055 562206
1501519055 648167
1501519055 734422
1501519055 820773
1501519055 906835
1501519056 3139
1501519056 137523
1501519056 223744
1501519056 463348
1501519056 732013
1501519056 818096
1501519056 904285
1501519056 990453
1501519057 76967
1501519057 162931
1501519057 249097
1501519057 335410
1501519057 421478
1501519057 507731
1501519057 593961
1501519057 680286
1501519057 824451
1501519057 910869
1501519058 122266
1501519058 227507
1501519058 351523
1501519058 438879
1501519058 525029
1501519059 177956
1501519059 273909
1501519059 360003
1501519059 446187
1501519059 532331
1501519059 618439
1501519059 704797
1501519059 791058
1501519059 877427
1501519059 973351
1501519060 59545
1501519060 145899
1501519060 231992
1501519060 491822
1501519060 577896
1501519060 731254
1501519060 817415
1501519060 903623
1501519060 989910
1501519061 86055
1501519061 172357
1501519061 258285
1501519061 344650
1501519061 430866
1501519061 526981
1501519061 613245
1501519061 776739
1501519062 410270
1501519062 506522
1501519062 804139
1501519062 976515
1501519063 72654
1501519063 158843
1501519063 244911
1501519063 331207
1501519063 456564
1501519063 609713
1501519063 705996
1501519064 61085
1501519064 157166
1501519064 253339
1501519064 348583
1501519064 434768
1501519064 520958
1501519064 617010
1501519064 703641
1501519064 799528
1501519064 904811
1501519064 991256
1501519065 77334
1501519065 164285
1501519065 250615
1501519065 336825
1501519065 423010
1501519065 509319
1501519065 595530
1501519065 681595
1501519065 767992
1501519065 854114
1501519065 940225
1501519066 26426
1501519066 112842
1501519066 198820
1501519066 303960
1501519066 380474
1501519066 466557
1501519066 552800
1501519066 638345
1501519066 724435
1501519066 810599
1501519066 896735
1501519066 982893
1501519067 69478
1501519067 155391
1501519067 251681
1501519067 337960
1501519067 530358
1501519067 616528
1501519067 702780
1501519067 788978
1501519067 875191
1501519067 961347
1501519068 47563
1501519068 133707
1501519068 219936
1501519068 306161
1501519068 392307
1501519068 497699
1501519068 574642
1501519068 660865
1501519068 738021
1501519068 823513
1501519068 909944
1501519068 996635
1501519069 83079
1501519069 169375
1501519069 255478
1501519069 341593
1501519069 427866
1501519069 514280
1501519069 601540
1501519069 687320
1501519069 773610
1501519069 859712
1501519069 946149
1501519070 32371
1501519070 157482
1501519070 243783
1501519070 329915
1501519070 416001
1501519070 521285
1501519070 799991
1501519070 886208
1501519070 972411
1501519071 58565
1501519071 164044
1501519071 250285
1501519071 356552
1501519071 442788
1501519071 711208
1501519071 855589
1501519071 941720
1501519072 27972
1501519072 114115
1501519072 200216
1501519072 286740
1501519072 401593
1501519072 555109
1501519072 651335
1501519072 852703
1501519072 938987
1501519073 102639
1501519073 179516
1501519073 265930
1501519073 534318
1501519073 620813
1501519073 707610
1501519073 783834
1501519073 870266
1501519073 957182
1501519074 43477
1501519074 129607
1501519074 215954
1501519074 301978
1501519074 379217
1501519074 455725
1501519074 542411
1501519074 628653
1501519074 714906
1501519074 801237
1501519074 878169
1501519074 954654
1501519075 31656
1501519075 117953
1501519075 194999
1501519075 377534
1501519075 453649
1501519075 713377
1501519075 789533
1501519075 875704
1501519075 952860
1501519076 38951
1501519076 125115
1501519076 202335
1501519076 326710
1501519076 403664
1501519076 519109
1501519076 605223
1501519076 691561
1501519076 768591
1501519076 844797
1501519076 931111
1501519077 17436
1501519077 103528
1501519077 257817
1501519077 343923
1501519077 516638
1501519077 621622
1501519078 6035
1501519078 92094
1501519078 303421
1501519078 427833
1501519078 542765
1501519078 629014
1501519078 782542
1501519078 869505
1501519078 955831
1501519079 41895
1501519079 147265
1501519079 253696
1501519079 339505
1501519079 522116
1501519079 608512
1501519079 694507
1501519079 780833
1501519079 867763
1501519079 954197
1501519080 40251
1501519080 126433
1501519080 212705
1501519080 298823
1501519080 384983
1501519080 471149
1501519080 557359
1501519080 643689
1501519080 729906
1501519080 826065
1501519080 912166
1501519081 172143
1501519081 555869
1501519081 680034
1501519081 766217
1501519081 919595
1501519082 53834
1501519082 188314
1501519082 572253
1501519082 678186
1501519082 783816
1501519082 869748
1501519083 80496
1501519083 252968
1501519083 340187
1501519083 426213
1501519083 742724
1501519083 820036
1501519083 906088
1501519083 992398
1501519084 69469
1501519084 155739
1501519084 241942
1501519084 328095
1501519084 453388
1501519084 558571
1501519085 77079
1501519085 192054
1501519085 278384
1501519085 422615
1501519085 701512
1501519085 921922
1501519086 8158
1501519086 94344
1501519086 181167
1501519086 267386
1501519086 353517
1501519086 439779
1501519086 526139
1501519086 612483
1501519086 699406
1501519086 785854
1501519086 880990
1501519086 967200
1501519087 53409
1501519087 139630
1501519087 283935
1501519087 370132
1501519087 475364
1501519087 561477
1501519087 647756
1501519087 734015
1501519087 820461
1501519087 907328
1501519087 993501
1501519088 79734
1501519088 166012
1501519088 252207
1501519088 338389
1501519088 424513
1501519088 510752
1501519088 712151
1501519088 846567
1501519088 932841
1501519089 18891
1501519089 105127
1501519089 191335
1501519089 277764
1501519089 363831
1501519089 450009
1501519089 603453
1501519089 776969
1501519089 940162
1501519090 35535
1501519090 276209
1501519090 391282
1501519090 477319
1501519090 649812
1501519090 736025
1501519090 841343
1501519091 4536
1501519091 90842
1501519091 177068
1501519091 263200
1501519091 349546
1501519091 435642
1501519091 521756
1501519091 607991
1501519091 694298
1501519091 780656
1501519091 866787
1501519091 952991
1501519092 39208
1501519092 125543
1501519092 211714
1501519092 297880
1501519092 384018
1501519092 470385
1501519092 556388
1501519092 642575
1501519092 728879
1501519092 825092
1501519092 911385
1501519092 997456
1501519093 199257
1501519093 305325
1501519093 391531
1501519093 487465
1501519093 573718
1501519093 678897
1501519093 938929
1501519094 14909
1501519094 101089
1501519094 187363
1501519094 273533
1501519094 359899
1501519094 629434
1501519094 715591
1501519094 897920
1501519095 291853
1501519095 377872
1501519095 464234
1501519095 541266
1501519095 617481
1501519095 703725
1501519095 790945
1501519095 876987
1501519095 963436
1501519096 49629
1501519096 135750
1501519096 289884
1501519096 376099
1501519096 462340
1501519096 548456
1501519096 634580
1501519096 721003
1501519096 962051
1501519097 47954
1501519097 211393
1501519097 297434
1501519097 383455
1501519097 469627
1501519097 555928
1501519097 670975
1501519097 757289
1501519097 843594
1501519097 920705
1501519098 6088
1501519098 92405
1501519098 169363
1501519098 245954
1501519098 322928
1501519098 409098
1501519098 495211
1501519098 581497
1501519098 668591
1501519098 754636
1501519098 841029
1501519098 927084
1501519099 13327
1501519099 99542
1501519099 205772
1501519099 291788
1501519099 378202
1501519099 455331
1501519099 540589
1501519099 617810
1501519099 703979
1501519099 790241
1501519099 867581
1501519099 944562
1501519100 30687
1501519100 116978
1501519100 203125
1501519100 289431
1501519100 366265
1501519100 442581
1501519100 520000
1501519100 605930
1501519100 692209
1501519100 778375
1501519100 865039
1501519100 951947
1501519101 38056
1501519101 124383
1501519101 210391
1501519101 296562
1501519101 382749
1501519101 469068
1501519101 555367
1501519101 641560
1501519101 728569
1501519101 814981
1501519101 901045
1501519101 987414
1501519102 73439
1501519102 159671
1501519102 245983
1501519102 333060
1501519102 419169
1501519102 505460
1501519102 591718
1501519102 677815
1501519102 764066
1501519102 850254
1501519102 936453
1501519103 22885
1501519103 109745
1501519103 195946
1501519103 301132
1501519103 387457
1501519103 473660
1501519103 559927
1501519103 646230
1501519103 733408
1501519103 819603
1501519103 905733
1501519103 992064
1501519104 78132
1501519104 164337
1501519104 270482
1501519104 385817
1501519104 481156
1501519104 606125
1501519104 692440
1501519104 769575
1501519105 57484
1501519105 143751
1501519105 220934
1501519105 296919
1501519105 383232
1501519105 681143
1501519105 767010
1501519105 968524
1501519106 54657
1501519106 141219
1501519106 227205
1501519106 314227
1501519106 390456
1501519106 477088
1501519106 563752
1501519106 650009
1501519106 726232
1501519106 812367
1501519106 908563
1501519106 994790
1501519107 81144
1501519107 168259
1501519107 254421
1501519107 340622
1501519107 426847
1501519107 513031
1501519107 599249
1501519107 685451
1501519107 878149
1501519107 964203
1501519108 50435
1501519108 136661
1501519108 223997
1501519108 309860
1501519108 395926
1501519108 482225
1501519108 568497
1501519108 655552
1501519108 741690
1501519108 875978
1501519108 962401
1501519109 48536
1501519109 134705
1501519109 220947
1501519109 307186
1501519109 518697
1501519109 604856
1501519109 691001
1501519109 777318
1501519109 863503
1501519109 950647
1501519110 36909
1501519110 123007
1501519110 209257
1501519110 295358
1501519110 381616
1501519110 467786
1501519110 553956
1501519110 640465
1501519110 727476
1501519110 813629
1501519110 899859
1501519110 986201
1501519111 72293
1501519111 159595
1501519111 293959
1501519111 447402
1501519111 533224
1501519111 629453
1501519111 715719
1501519111 801937
1501519111 888041
1501519111 975270
1501519112 61615
1501519112 147515
1501519112 233764
1501519112 320020
1501519112 406413
1501519112 492377
1501519112 578685
1501519112 742140
1501519112 828366
1501519112 914627
1501519113 1495
1501519113 87737
1501519113 174067
1501519113 308521
1501519113 509959
1501519113 596955
1501519113 683276
1501519113 769447
1501519113 855571
1501519113 941757
1501519114 27866
1501519114 114139
1501519114 200398
1501519114 286552
1501519114 372799
1501519114 478943
1501519114 555109
1501519114 632365
1501519114 718778
1501519114 794843
1501519114 881067
1501519114 968165
1501519115 54530
1501519115 140722
1501519115 225980
1501519115 303237
1501519115 380172
1501519115 466384
1501519115 552687
1501519115 629792
1501519115 714950
1501519115 801199
1501519115 888389
1501519116 108963
1501519116 233553
1501519116 320430
1501519116 531037
1501519116 617229
1501519116 704270
1501519117 1985
1501519117 126323
1501519117 279849
1501519117 366621
1501519117 453022
1501519117 549166
1501519117 664052
1501519117 798696
1501519117 884943
1501519117 971170
1501519118 57370
1501519118 306995
1501519118 537551
1501519118 690702
1501519118 776933
1501519118 882965
1501519118 978565
1501519119 74723
1501519119 477943
1501519119 651307
1501519119 968031
1501519120 64104
1501519120 227323
1501519120 620501
1501519120 745423
1501519120 830976
1501519120 926875
1501519121 23191
1501519121 109467
1501519121 205426
1501519121 301647
1501519121 386873
1501519121 617569
1501519121 713673
1501519121 876998
1501519121 963310
1501519122 107616
1501519122 193707
1501519122 299006
1501519122 385208
1501519122 904033
1501519123 18848
1501519123 105860
1501519123 230047
1501519123 364507
1501519123 450823
1501519123 537733
1501519123 613937
1501519123 873969
1501519124 65265
1501519124 151489
1501519124 228456
1501519124 622541
1501519124 794810
1501519125 197789
1501519125 284107
1501519125 370941
1501519125 495491
1501519125 706787
1501519125 793190
1501519125 879148
1501519125 965419
1501519126 52508
1501519126 128741
1501519126 205851
1501519126 292083
1501519126 378465
1501519126 464437
1501519126 541826
1501519126 627869
1501519126 704979
1501519127 21706
1501519127 97936
1501519127 185120
1501519127 271224
1501519127 357508
1501519127 433653
1501519127 519982
1501519127 596917
1501519127 683439
1501519127 769440
1501519127 846560
1501519127 932783
1501519128 18946
1501519128 105047
1501519128 191545
1501519128 277565
1501519128 363824
1501519128 451071
1501519128 537065
1501519128 623415
1501519128 709713
1501519128 795944
1501519128 883037
1501519129 122514
1501519129 209238
1501519129 295069
1501519129 564671
1501519129 650819
1501519129 736892
1501519129 823037
1501519129 909346
1501519129 996394
1501519130 82640
1501519130 168871
1501519130 255196
1501519130 341169
1501519130 427498
1501519130 514703
1501519130 600879
1501519130 907771
1501519130 993945
1501519131 109116
1501519131 196176
1501519131 282427
1501519131 368453
1501519131 454736
1501519131 541025
1501519131 628238
1501519131 714317
1501519131 800582
1501519131 886724
1501519131 973311
1501519132 59999
1501519132 146198
1501519132 232559
1501519132 319040
1501519132 404977
1501519132 492199
1501519132 578276
1501519132 664553
1501519132 799025
1501519132 876046
1501519133 39449
1501519133 115628
1501519133 192841
1501519133 279008
1501519133 355143
1501519133 432236
1501519133 518389
1501519133 604658
1501519133 690913
1501519133 873329
1501519133 959515
1501519134 74918
1501519134 219189
1501519134 305422
1501519134 391339
1501519134 477567
1501519134 563955
1501519134 650173
1501519134 736351
1501519134 822447
1501519134 908662
1501519134 994837
1501519135 81057
1501519135 167702
1501519135 254498
1501519135 340970
1501519135 427219
1501519135 513585
1501519135 599494
1501519135 733829
1501519135 839914
1501519135 926270
1501519136 41443
1501519136 127716
1501519136 213855
1501519136 377300
1501519136 463382
1501519136 549614
1501519136 636594
1501519136 722777
1501519136 808968
1501519136 895384
1501519136 981555
1501519137 68771
1501519137 154864
1501519137 509905
1501519137 595988
1501519137 683146
1501519137 769207
1501519137 855415
1501519137 941554
1501519138 27966
1501519138 115063
1501519138 201253
1501519138 287540
1501519138 373642
1501519138 460731
1501519138 546958
1501519138 633172
1501519138 719482
1501519138 892704
1501519138 979037
1501519139 65175
1501519139 151281
1501519139 237699
1501519139 324624
1501519139 411052
1501519139 497145
1501519139 583322
1501519139 669456
1501519139 756658
1501519139 842803
1501519139 929165
1501519140 15439
1501519140 101520
1501519140 188787
1501519140 485634
1501519140 629943
1501519140 726004
1501519140 812161
1501519140 918450
1501519141 4530
1501519141 90788
1501519141 176935
1501519141 263236
1501519141 350327
1501519141 436635
1501519141 522805
1501519141 609028
1501519141 695153
1501519141 782205
1501519141 983916
1501519142 69991
1501519142 156102
1501519142 242391
1501519142 329517
1501519142 415750
1501519142 501940
1501519142 588032
1501519142 674257
1501519142 761587
1501519142 847785
1501519142 933942
1501519143 20149
1501519143 106275
1501519143 193502
1501519143 279631
1501519143 394829
1501519143 481284
1501519143 558030
1501519143 634342
1501519143 720502
1501519143 806636
1501519143 883995
1501519143 970519
1501519144 56815
1501519144 142577
1501519144 228883
1501519144 315994
1501519144 479482
1501519144 593742
1501519144 680872
1501519144 776029
1501519144 863305
1501519144 949488
1501519145 35562
1501519145 112840
1501519145 199027
1501519145 285299
1501519145 371432
1501519145 486758
1501519145 688409
1501519145 775255
1501519145 861534
1501519145 947684
1501519146 62823
1501519146 149270
1501519146 235604
1501519146 321433
1501519146 407652
1501519146 552414
1501519146 676256
1501519146 753476
1501519146 839711
1501519146 983944
1501519147 60269
1501519147 137294
1501519147 223598
1501519147 809937
1501519148 414456
1501519148 904424
1501519148 990599
1501519149 66753
1501519149 153006
1501519149 239323
1501519149 402730
1501519149 526879
1501519149 623045
1501519149 709321
1501519149 795413
1501519149 882459
1501519149 969050
1501519150 54975
1501519150 141377
1501519150 227588
1501519150 304666
1501519150 390999
1501519150 477107
1501519150 564360
1501519150 650328
1501519150 736448
1501519150 813686
1501519150 899923
1501519150 986104
1501519151 72371
1501519151 158503
1501519151 235805
1501519151 321994
1501519151 408274
1501519151 485255
1501519151 571500
1501519151 657668
1501519151 743928
1501519151 831151
1501519151 917183
1501519152 3432
1501519152 89729
1501519152 175730
1501519152 261942
1501519152 348165
1501519152 444344
1501519152 530667
1501519152 626880
1501519152 713114
1501519152 809619
1501519152 905472
1501519152 991771
1501519153 77919
1501519153 164299
1501519153 260356
1501519153 356486
1501519153 442844
1501519153 528970
1501519153 616072
1501519153 711640
1501519153 798450
1501519153 884693
1501519153 980835
1501519154 76713
1501519154 163327
1501519154 249786
1501519154 345684
1501519154 441076
1501519154 528209
1501519154 623511
1501519154 719724
1501519154 805746
1501519154 892870
1501519154 979160
1501519155 75627
1501519155 209679
1501519155 305322
1501519155 516619
1501519155 728275
1501519155 823181
1501519155 909316
1501519156 5380
1501519156 101909
1501519156 197904
1501519156 283260
1501519156 370286
1501519156 465736
1501519156 620007
1501519157 13034
1501519157 100087
1501519157 291717
1501519157 377880
1501519157 474017
1501519157 560079
1501519157 655520
1501519157 751701
1501519157 837827
1501519157 934310
1501519158 30265
1501519158 126415
1501519158 211789
1501519158 297804
1501519158 385049
1501519158 470458
1501519158 556551
1501519158 642624
1501519158 738911
1501519158 825081
1501519158 912268
1501519158 997461
1501519159 83825
1501519159 179936
1501519159 276522
1501519159 362391
1501519159 448673
1501519159 545109
1501519159 640187
1501519159 736225
1501519159 832359
1501519159 928602
1501519160 24983
1501519160 110181
1501519160 206269
1501519160 292623
1501519160 388659
1501519160 475100
1501519160 561462
1501519160 657646
1501519160 743833
1501519160 839936
1501519160 936077
1501519161 32259
1501519161 118251
1501519161 214581
1501519161 310830
1501519161 406191
1501519161 493199
1501519161 579586
1501519161 664879
1501519161 750949
1501519161 847199
1501519161 933270
1501519162 19451
1501519162 106639
1501519162 192049
1501519162 288186
1501519162 374526
1501519162 460671
1501519162 556845
1501519162 643032
1501519162 730189
1501519162 825528
1501519162 912559
1501519162 998772
1501519163 95388
1501519163 286445
1501519163 372833
1501519163 468780
1501519163 554958
1501519163 641244
1501519163 728818
1501519163 814650
1501519163 900911
1501519163 987155
1501519164 74204
1501519164 160416
1501519164 246669
1501519164 332796
1501519164 419043
1501519164 534344
1501519164 620351
1501519164 707649
1501519164 793707
1501519164 880006
1501519164 966242
1501519165 52540
1501519165 139664
1501519165 225799
1501519165 312339
1501519165 398212
1501519165 484617
1501519165 571744
1501519165 792279
1501519165 916707
1501519165 993476
1501519166 79806
1501519166 166031
1501519166 243037
1501519166 358141
1501519166 454696
1501519166 540770
1501519166 636886
1501519166 723074
1501519166 809178
1501519166 895386
1501519166 991953
1501519167 78147
1501519167 164226
1501519167 251368
1501519167 337448
1501519167 423882
1501519167 509984
1501519167 596314
1501519167 683349
1501519167 769473
1501519167 855685
1501519167 942207
1501519168 57110
1501519168 133339
1501519168 220524
1501519168 296710
1501519168 382992
1501519168 489110
1501519168 585220
1501519168 671549
1501519168 757664
1501519168 843884
1501519168 930111
1501519169 17277
1501519169 103444
1501519169 189762
1501519169 275948
1501519169 362108
1501519169 477290
1501519169 563626
1501519169 649817
1501519169 727307
1501519169 813311
1501519169 899522
1501519169 985729
1501519170 72831
1501519170 149014
1501519170 235559
1501519170 321592
1501519170 407664
1501519170 493923
1501519170 581115
1501519170 667245
1501519170 753416
1501519170 839742
1501519170 926781
1501519171 12790
1501519171 99209
1501519171 185331
1501519171 271468
1501519171 358604
1501519171 444910
1501519171 521042
1501519171 608216
1501519171 694446
1501519171 780961
1501519171 866980
1501519171 953193
1501519172 40490
1501519172 126485
1501519172 212640
1501519172 298881
1501519172 385143
1501519172 472260
1501519172 558381
1501519172 635485
1501519172 721690
1501519172 807837
1501519172 894166
1501519172 980421
1501519173 66588
1501519173 153031
1501519173 240056
1501519173 537620
1501519173 623905
1501519173 873502
1501519173 959707
1501519174 46060
1501519174 132202
1501519174 219414
1501519174 305533
1501519174 391576
1501519174 477804
1501519174 612027
1501519174 699182
1501519174 842730
1501519174 929673
1501519175 16001
1501519175 102295
1501519175 188440
1501519175 274674
1501519175 361716
1501519175 476048
1501519175 611257
1501519175 927980
1501519176 14483
1501519176 100508
1501519176 215668
1501519176 301876
1501519176 388109
1501519176 475295
1501519176 561429
1501519176 647605
1501519176 733684
1501519177 2726
1501519177 89724
1501519177 176037
1501519177 261915
1501519177 348448
1501519177 435448
1501519177 886619
1501519177 972658
1501519178 78048
1501519178 164051
1501519178 337332
1501519178 423796
1501519178 509736
