1502290490 206809
1502290490 388881
1502290490 600515
1502290490 820455
1502290490 993795
1502290491 233320
1502290491 473040
1502290491 560057
1502290491 713528
1502290491 733286
1502290491 818732
1502290491 973029
1502290491 992304
1502290492 49498
1502290492 87333
1502290492 106649
1502290492 183498
1502290492 193750
1502290492 288759
1502290492 356203
1502290492 452373
1502290492 490243
1502290492 596458
1502290492 615747
1502290492 682696
1502290492 759797
1502290492 779157
1502290492 846050
1502290492 893232
1502290493 66492
1502290493 85818
1502290493 161842
1502290493 182210
1502290493 335102
1502290493 431672
1502290493 469609
1502290493 488926
1502290493 729057
1502290493 805335
1502290493 824560
1502290493 929540
1502290494 15746
1502290494 73887
1502290494 83213
1502290494 208247
1502290494 246681
1502290494 351547
1502290494 371733
1502290494 466788
1502290494 506145
1502290494 659177
1502290494 783525
1502290494 803924
1502290494 937896
1502290494 985895
1502290495 5251
1502290495 168283
1502290495 187645
1502290495 436942
1502290495 446319
1502290495 580328
1502290495 599564
1502290495 772702
1502290495 848883
1502290495 868315
1502290495 964167
1502290496 79668
1502290496 223694
1502290496 291134
1502290496 444503
1502290496 482355
1502290496 645695
1502290496 838112
1502290496 857409
1502290497 29878
1502290497 192900
1502290497 212414
1502290497 298173
1502290497 346277
1502290497 461589
1502290497 480916
1502290497 721073
1502290497 731391
1502290497 874441
1502290497 884706
1502290498 75984
1502290498 95188
1502290498 316389
1502290498 325741
1502290498 450833
1502290498 460163
1502290498 585019
1502290498 604366
1502290498 681245
1502290498 700512
1502290498 805538
1502290498 824974
1502290498 949278
1502290498 987977
1502290499 7524
1502290499 141334
1502290499 160660
1502290499 371980
1502290499 391152
1502290499 477113
1502290499 496551
1502290499 563342
1502290499 582608
1502290499 773984
1502290499 794094
1502290499 880005
1502290499 899337
1502290500 138794
1502290500 158866
1502290500 282900
1502290500 302252
1502290500 388254
1502290500 408486
1502290500 474404
1502290500 494690
1502290500 609712
1502290500 715052
1502290500 724358
1502290500 839318
1502290500 935421
1502290500 954784
1502290501 50733
1502290501 69979
1502290501 136913
1502290501 156293
1502290501 243125
1502290501 348375
1502290501 367753
1502290501 453735
1502290501 501754
1502290501 665152
1502290501 675288
1502290501 876662
1502290501 895880
1502290502 77946
1502290502 116137
1502290502 135384
1502290502 356594
1502290502 365964
1502290502 529024
1502290502 701480
1502290502 720844
1502290502 835777
1502290502 855151
1502290502 921941
1502290502 942198
