1502286689 189162
1502286689 199719
1502286689 352435
1502286689 372158
1502286689 438736
1502286689 449277
1502286689 678314
1502286689 688853
1502286689 918782
1502286689 929278
1502286690 91373
1502286690 149241
1502286690 245462
1502286690 265984
1502286690 360698
1502286690 380433
1502286690 476193
1502286690 572616
1502286690 762730
1502286690 783474
1502286691 22274
1502286691 32829
1502286691 176210
1502286691 271805
1502286691 291495
1502286691 464217
1502286691 483929
1502286691 722845
1502286691 733425
1502286691 876214
1502286691 895864
1502286692 21229
1502286692 241049
1502286692 251564
1502286692 328202
1502286692 337807
1502286692 442562
1502286692 463122
1502286692 692079
1502286692 702666
1502286692 874484
1502286692 895062
1502286692 980629
1502286692 991074
1502286693 201192
1502286693 211816
1502286693 364584
1502286693 384212
1502286693 537202
1502286693 691178
1502286693 701603
1502286693 882979
1502286694 151369
1502286694 161974
1502286694 238658
1502286694 324634
1502286694 334366
1502286694 545762
1502286694 698571
1502286694 719155
1502286694 939040
1502286694 948650
1502286695 130611
1502286695 141131
1502286695 312924
1502286695 333522
1502286695 409122
1502286695 419706
1502286695 610567
1502286695 630172
1502286695 803241
1502286695 860161
1502286695 870811
1502286695 975467
1502286696 186809
1502286696 206540
1502286696 273045
1502286696 292709
1502286696 513517
1502286696 533201
1502286696 608755
1502286696 695929
1502286696 715577
1502286696 916458
1502286696 927093
1502286697 31739
1502286697 43180
1502286697 262454
1502286697 310904
1502286697 463951
1502286697 549925
1502286697 569626
1502286697 722565
1502286697 780391
1502286697 800092
1502286697 953051
1502286698 49035
1502286698 68672
1502286698 279487
1502286698 375732
1502286698 395790
1502286698 634350
1502286698 655895
1502286698 893930
1502286698 905304
1502286699 86910
1502286699 201566
1502286699 221337
1502286699 336015
1502286699 355564
1502286699 431138
1502286699 451740
1502286699 575448
1502286699 595090
1502286699 786896
1502286699 796551
1502286699 892275
1502286699 903073
1502286700 141737
1502286700 152389
1502286700 218026
1502286700 239282
1502286700 314371
1502286700 458408
1502286700 469149
1502286700 535589
1502286700 555268
1502286700 669946
1502286700 689733
1502286700 852550
1502286700 938564
1502286700 969131
1502286701 73561
1502286701 198056
1502286701 217828
1502286701 371184
1502286701 486211
1502286701 523769
1502286701 610052
1502286701 630659
1502286701 899346
1502286702 42243
1502286702 148249
1502286702 167983
1502286702 263697
1502286702 387822
1502286702 398461
1502286702 628961
1502286702 704477
1502286702 715156
1502286702 935094
1502286702 945668
1502286703 128860
1502286703 396618
1502286703 530445
1502286703 541697
1502286703 750870
1502286703 761514
1502286703 866165
1502286703 886677
1502286704 136211
1502286704 212688
1502286704 231732
1502286704 452643
1502286704 481186
1502286704 672862
1502286704 683444
1502286704 884335
1502286704 903948
1502286705 47652
1502286705 61351
1502286705 133930
1502286705 153528
1502286705 335371
1502286705 355794
1502286705 585537
1502286705 728565
1502286705 834467
1502286705 854147
1502286705 949724
1502286706 189248
1502286706 390768
1502286706 401492
1502286706 497059
1502286706 517371
1502286706 612435
1502286706 737177
1502286706 899874
1502286706 910611
1502286706 996037
1502286707 216619
1502286707 236288
1502286707 350878
1502286707 361643
1502286707 447122
1502286707 466785
1502286707 572574
1502286707 686742
1502286707 697259
1502286707 783358
1502286707 860037
1502286707 879627
1502286707 993671
1502286708 70543
1502286708 90276
1502286708 253162
1502286708 339177
1502286708 349854
1502286708 435575
1502286708 521552
1502286708 752664
1502286708 915542
1502286708 935248
1502286709 20708
1502286709 31292
1502286709 117232
1502286709 232223
1502286709 241960
1502286709 308390
1502286709 530050
1502286709 577692
1502286709 673480
1502286709 740327
1502286709 760093
1502286709 836515
1502286709 931855
1502286709 952369
1502286710 142593
1502286710 200494
1502286710 220145
1502286710 305959
1502286710 430950
1502286710 440634
1502286710 536482
1502286710 671227
1502286710 756799
1502286710 777350
1502286710 958723
1502286710 997314
1502286711 6932
1502286711 150739
1502286711 400211
1502286711 410815
1502286711 544689
1502286711 620678
1502286711 631324
1502286711 795414
1502286711 899358
1502286711 909930
1502286711 976412
1502286711 996390
1502286712 139756
1502286712 369432
1502286712 380014
1502286712 542763
1502286712 562462
1502286712 667050
1502286712 687624
1502286712 820601
1502286712 915727
1502286712 944716
1502286713 79036
1502286713 271418
1502286713 290398
1502286713 396222
1502286713 482057
1502286713 501902
1502286713 597585
1502286713 645355
1502286713 664849
1502286713 856199
1502286713 901294
1502286713 925565
1502286714 10422
1502286714 67616
1502286714 163476
1502286714 182878
1502286714 268983
1502286714 413945
1502286714 604568
1502286714 624998
1502286714 739742
1502286714 777060
1502286714 796360
1502286714 911366
1502286714 930856
1502286715 17745
1502286715 190337
1502286715 295298
1502286715 315646
1502286715 401608
1502286715 458673
1502286715 478295
1502286715 612447
1502286715 766197
1502286715 785639
1502286715 913432
1502286716 34833
1502286716 54221
1502286716 159073
1502286716 178705
1502286716 322458
1502286716 351792
1502286716 514852
1502286716 534308
1502286716 649648
1502286716 687263
1502286716 706631
1502286716 811871
1502286716 869666
1502286716 888935
1502286717 4254
1502286717 138673
1502286717 301781
1502286717 494101
1502286717 513631
1502286717 580283
1502286717 599646
1502286717 877882
1502286717 926096
1502286717 945420
1502286718 118024
1502286718 329410
1502286718 434320
1502286718 453639
1502286718 549746
1502286718 644785
1502286718 665067
1502286718 827474
1502286718 923448
1502286718 952657
1502286719 19601
1502286719 39059
1502286719 134892
1502286719 154260
1502286719 317244
1502286719 451742
1502286719 470808
1502286719 682038
1502286719 701297
1502286719 844477
1502286719 864713
1502286719 978892
1502286719 999246
1502286720 257681
1502286720 334596
1502286720 353924
1502286720 506949
1502286720 526510
1502286720 612385
1502286720 631591
1502286720 794713
1502286720 813920
1502286720 909859
1502286720 929339
1502286721 34251
1502286721 53791
1502286721 235708
1502286721 256049
1502286721 418549
1502286721 485303
1502286721 505441
1502286721 715771
1502286721 735872
1502286721 840976
1502286721 860303
1502286722 100482
1502286722 119825
1502286722 214881
1502286722 235317
1502286722 465354
1502286722 484841
1502286722 695007
1502286722 715096
1502286722 782090
1502286722 800816
1502286723 40682
1502286723 59432
1502286723 164112
1502286723 184772
1502286723 366955
1502286723 433672
1502286723 453523
1502286723 519826
1502286723 539594
1502286723 625312
1502286723 721317
1502286723 807517
1502286723 828019
1502286723 942021
1502286724 76210
1502286724 87502
1502286724 192220
1502286724 344831
1502286724 527334
1502286724 546906
1502286724 671753
1502286724 728579
1502286724 748556
1502286724 863250
1502286724 901984
1502286724 921670
1502286724 988175
1502286725 7770
1502286725 103656
1502286725 123416
1502286725 294953
1502286725 315531
1502286725 410757
1502286725 555868
1502286725 649784
1502286725 745949
1502286725 765711
1502286725 852117
1502286725 871835
1502286726 34517
1502286726 54133
1502286726 158848
1502286726 284135
1502286726 303824
1502286726 466523
1502286726 486535
1502286726 620617
1502286726 639751
1502286726 783368
1502286726 802974
1502286726 888460
1502286726 899141
1502286727 148027
1502286727 167806
1502286727 330471
1502286727 350146
1502286727 512849
1502286727 532660
1502286727 743376
1502286727 763061
1502286727 878402
1502286728 127194
1502286728 146972
1502286728 280640
1502286728 291042
1502286728 492040
1502286728 502541
1502286728 683522
1502286728 703178
1502286728 914015
1502286728 933995
1502286729 29320
1502286729 49018
1502286729 249960
1502286729 270344
1502286729 442191
1502286729 461817
1502286729 691752
1502286729 711477
1502286729 854255
1502286729 873996
1502286729 998507
1502286730 18238
1502286730 84693
1502286730 104420
1502286730 353374
1502286730 374660
1502286730 479158
1502286730 554757
1502286730 641901
1502286730 661549
1502286730 747237
1502286730 766871
1502286731 15841
1502286731 27096
1502286731 131207
1502286731 256288
1502286731 276665
1502286731 429005
1502286731 485821
1502286731 592013
1502286731 611747
1502286731 764424
1502286731 870639
1502286731 890343
1502286732 139294
1502286732 158922
1502286732 263859
1502286732 330775
1502286732 341406
1502286732 437179
1502286732 552183
1502286732 676564
1502286732 687132
1502286732 906951
1502286732 926642
1502286733 175695
1502286733 196054
1502286733 281145
1502286733 368014
1502286733 377779
1502286733 560109
1502286733 712896
1502286733 733439
1502286733 809046
1502286733 982395
1502286734 2040
1502286734 106737
1502286734 126454
1502286734 221970
1502286734 241707
1502286734 442652
1502286734 453070
1502286734 653907
1502286734 759254
1502286734 779824
1502286734 894404
1502286734 914612
1502286735 153026
1502286735 173900
1502286735 259258
1502286735 278927
1502286735 469822
1502286735 489522
1502286735 604083
1502286735 625479
1502286735 719325
1502286735 739016
1502286735 854284
1502286736 46050
1502286736 65718
1502286736 228436
1502286736 248110
1502286736 448987
1502286736 459589
1502286736 670449
1502286736 690086
1502286736 939055
1502286736 948639
1502286737 178650
1502286737 198315
1502286737 322875
1502286737 342644
1502286737 505310
1502286737 524973
1502286737 706826
1502286737 726481
1502286737 908248
1502286737 927894
1502286738 90754
1502286738 112388
1502286738 282997
1502286738 292708
1502286738 388287
1502286738 407939
1502286738 493598
1502286738 504198
1502286738 666942
1502286738 686577
1502286738 859029
1502286738 964579
1502286738 984276
1502286739 138414
1502286739 204160
1502286739 223842
1502286739 415580
1502286739 435392
1502286739 520865
1502286739 541440
1502286739 742313
1502286739 751976
1502286739 857562
1502286739 877227
1502286740 107108
1502286740 327712
1502286740 347380
1502286740 480986
1502286740 500691
1502286740 587273
1502286740 607253
1502286740 788628
1502286740 808260
1502286740 903876
1502286740 923574
1502286741 134456
1502286741 296863
1502286741 317475
1502286741 451177
1502286741 470838
1502286741 633524
1502286741 654907
1502286741 757838
1502286741 778360
1502286741 854059
1502286741 873703
1502286742 36428
1502286742 61386
1502286742 141883
1502286742 152314
1502286742 256997
1502286742 267563
1502286742 497447
1502286742 507122
1502286742 573666
1502286742 593402
1502286742 814211
1502286742 833960
1502286742 910434
1502286742 931414
1502286743 130969
1502286743 141864
1502286743 246150
1502286743 265888
1502286743 380385
1502286743 631501
1502286743 783397
1502286743 803138
1502286743 965764
1502286744 215344
1502286744 235060
1502286744 340608
1502286744 360260
1502286744 493992
1502286744 503674
1502286744 647557
1502286744 753523
1502286744 773204
1502286744 868328
1502286744 935958
1502286744 955597
1502286745 31477
1502286745 79318
1502286745 99013
1502286745 291157
1502286745 338791
1502286745 360160
1502286745 435764
1502286745 530533
1502286745 607416
1502286745 627115
1502286745 808924
1502286745 828696
1502286745 943329
1502286745 962883
1502286746 48436
1502286746 202751
1502286746 356159
1502286746 375945
1502286746 557623
1502286746 577379
1502286746 807188
1502286746 826841
1502286747 75778
1502286747 95536
1502286747 200128
1502286747 210875
1502286747 402488
1502286747 422702
1502286747 507750
1502286747 776351
1502286747 796080
1502286748 45028
1502286748 55581
1502286748 170234
1502286748 189952
1502286748 256685
1502286748 276479
1502286748 457931
1502286748 477843
1502286748 717551
1502286748 737135
1502286748 957139
1502286748 976797
1502286749 215697
1502286749 236357
1502286749 331162
1502286749 369926
1502286749 389624
1502286749 475270
1502286749 638589
1502286749 648257
1502286749 811695
1502286749 955301
1502286749 974986
1502286750 234587
1502286750 339154
1502286750 349735
1502286750 521555
1502286750 541322
1502286750 618052
1502286750 723018
1502286750 991687
1502286751 2250
1502286751 222135
1502286751 395530
1502286751 405128
1502286751 510735
1502286751 520370
1502286751 654225
1502286751 673800
1502286751 836577
1502286751 856216
1502286751 980831
1502286752 478
1502286752 201332
1502286752 221071
1502286752 383782
1502286752 403451
1502286752 624332
1502286752 643910
1502286752 806629
1502286752 950086
1502286752 960679
1502286753 46308
1502286753 66027
1502286753 238594
1502286753 258336
1502286753 411192
1502286753 421767
1502286753 545391
1502286753 565025
1502286753 650625
1502286753 671224
1502286753 746828
1502286753 766540
1502286753 891152
1502286753 910810
1502286754 83574
1502286754 103212
1502286754 333070
1502286754 352702
1502286754 553579
1502286754 573246
1502286754 649785
1502286754 669579
1502286754 889345
1502286754 909043
1502286755 62757
1502286755 83184
1502286755 167978
1502286755 187662
1502286755 264386
1502286755 399062
1502286755 628969
1502286755 905385
1502286755 917298
1502286756 70034
1502286756 89784
1502286756 224558
1502286756 291465
1502286756 311195
1502286756 405753
1502286756 674383
1502286756 925003
1502286756 944624
1502286757 164457
1502286757 375927
1502286757 395639
1502286757 586460
1502286757 607126
1502286757 740953
1502286757 760490
1502286757 875100
1502286757 894870
1502286758 47525
1502286758 67334
1502286758 287982
1502286758 307856
1502286758 374185
1502286758 395092
1502286758 527911
1502286758 633814
1502286758 653452
1502286758 788476
1502286758 959979
1502286759 16713
1502286759 36394
1502286759 218895
1502286759 391426
1502286759 650125
1502286759 661520
1502286759 784664
1502286759 878907
1502286759 892049
1502286759 977064
1502286760 43943
1502286760 64353
1502286760 168564
1502286760 312565
1502286760 332305
1502286760 418958
1502286760 475917
1502286760 495757
1502286760 591140
1502286760 610528
1502286760 792961
1502286760 840700
1502286760 861309
1502286761 109356
1502286761 129053
1502286761 234632
1502286761 254356
1502286761 387987
1502286761 408416
1502286761 512594
1502286761 618894
1502286761 638626
1502286761 810555
1502286761 897072
1502286761 916810
1502286762 117631
1502286762 137428
1502286762 290025
1502286762 309876
1502286762 434353
1502286762 445019
1502286762 539785
1502286762 626736
1502286762 789159
1502286762 904433
1502286762 924175
1502286763 124956
1502286763 144625
1502286763 288529
1502286763 414179
1502286763 557005
1502286763 567634
1502286763 643096
1502286763 663345
1502286763 873613
1502286764 143122
1502286764 162816
1502286764 392712
1502286764 413196
1502286764 478928
1502286764 498945
1502286764 584202
1502286764 603879
1502286764 680602
1502286764 747559
1502286764 767140
1502286764 862970
1502286764 919979
1502286764 940658
1502286765 55440
1502286765 150450
1502286765 171096
1502286765 256863
1502286765 313814
1502286765 333553
1502286765 467499
1502286765 554329
1502286765 574192
1502286765 708290
1502286765 872339
1502286765 920240
1502286766 5591
1502286766 188436
1502286766 264010
1502286766 287949
1502286766 379788
1502286766 609858
1502286766 629809
1502286766 878934
1502286766 955649
1502286766 966279
1502286767 89853
1502286767 99433
1502286767 186077
1502286767 204735
1502286767 272175
1502286767 291877
1502286767 378898
1502286767 540841
1502286767 560661
1502286767 732325
1502286767 751989
1502286767 857573
1502286767 878029
1502286768 97221
1502286768 117548
1502286768 193353
1502286768 203706
1502286768 432858
1502286768 568515
1502286768 590100
1502286768 731193
1502286768 903998
1502286768 913717
1502286769 105410
1502286769 125098
1502286769 201783
1502286769 268652
1502286769 393034
1502286769 412864
1502286769 566392
1502286769 585428
1502286769 680798
1502286769 700463
1502286769 766956
1502286769 788245
1502286769 911307
1502286769 930859
1502286770 16779
1502286770 64625
1502286770 84472
1502286770 238150
1502286770 314145
1502286770 333960
1502286770 400405
1502286770 420974
1502286770 535818
1502286770 611806
1502286770 631528
1502286770 708156
1502286770 832382
1502286770 853286
1502286770 995667
1502286771 150019
1502286771 169785
1502286771 245326
1502286771 265114
1502286771 389569
1502286771 399275
1502286771 513874
1502286771 687238
1502286771 706885
1502286771 907719
1502286771 927372
1502286772 138218
1502286772 157845
1502286772 339637
1502286772 359353
1502286772 483962
1502286772 503724
1502286772 675510
1502286772 695240
1502286772 944090
1502286772 964592
1502286773 184566
1502286773 194259
1502286773 415068
1502286773 510478
1502286773 530068
1502286773 684019
1502286773 693458
1502286773 759915
1502286773 780405
1502286773 981361
1502286773 991098
1502286774 77394
1502286774 211840
1502286774 355264
1502286774 374921
1502286774 508590
1502286774 529187
1502286774 681890
1502286774 873434
1502286774 893815
1502286774 960513
1502286774 980229
1502286775 113897
1502286775 133533
1502286775 315401
1502286775 335119
1502286775 459722
1502286775 469484
1502286775 613035
1502286775 632650
1502286775 862613
1502286775 882352
1502286776 35085
1502286776 54734
1502286776 294566
1502286776 314268
1502286776 467701
1502286776 543237
1502286776 563800
1502286776 688179
1502286776 860849
1502286776 881302
1502286776 995226
1502286777 14824
1502286777 148439
1502286777 197686
1502286777 340277
1502286777 417105
1502286777 541500
1502286777 562577
1502286777 724508
1502286777 878444
1502286777 926354
1502286777 936686
1502286778 60530
1502286778 174913
1502286778 454244
1502286778 635930
1502286778 673981
1502286778 894578
1502286778 915120
1502286779 86971
1502286779 106570
1502286779 250255
1502286779 394574
1502286779 414358
1502286779 605165
1502286779 787560
1502286779 807173
1502286780 37102
1502286780 56789
1502286780 305715
1502286780 325494
1502286780 527291
1502286780 546838
1502286780 766783
1502286780 786472
1502286780 911014
1502286780 930815
1502286781 140624
1502286781 160249
1502286781 236781
1502286781 256540
1502286781 381149
1502286781 400791
1502286781 524478
1502286781 535110
1502286781 706887
1502286781 726703
1502286781 966416
1502286781 986054
1502286782 109856
1502286782 120435
1502286782 244118
1502286782 263817
1502286782 350564
1502286782 445579
1502286782 648036
1502286782 667655
1502286782 743255
1502286782 753873
1502286782 973816
1502286782 984320
1502286783 59961
1502286783 319515
1502286783 339238
1502286783 443894
1502286783 464435
1502286783 569081
1502286783 579641
1502286783 703477
1502286783 714009
1502286783 799801
1502286783 858257
1502286784 1314
1502286784 78222
1502286784 87804
1502286784 173443
1502286784 298720
1502286784 309357
1502286784 424508
1502286784 529253
1502286784 538909
1502286784 625688
1502286784 768906
1502286784 789228
1502286784 990259
1502286784 999907
1502286785 163019
1502286785 210726
1502286785 230042
1502286785 402312
1502286785 412882
1502286785 489561
1502286785 547146
1502286785 623660
1502286785 633312
1502286785 796655
1502286785 882322
1502286785 902949
1502286786 7538
1502286786 17962
1502286786 93766
1502286786 113376
1502286786 247151
1502286786 267715
1502286786 516667
1502286786 536278
1502286786 718130
1502286786 737781
1502286786 928804
1502286786 948470
1502286787 53818
1502286787 169141
1502286787 189763
1502286787 303667
1502286787 408715
1502286787 428431
1502286787 533898
1502286787 658337
1502286787 677963
1502286787 908489
1502286788 138344
1502286788 158056
1502286788 368910
1502286788 388560
1502286788 465029
1502286788 474812
1502286788 704686
1502286788 878002
1502286788 887759
1502286788 992487
1502286789 88500
1502286789 99122
1502286789 184898
1502286789 338177
1502286789 361294
1502286789 482544
1502286789 530517
1502286789 550095
1502286789 616617
1502286789 799048
1502286789 933374
1502286789 953017
1502286790 67847
1502286790 163910
1502286790 183527
1502286790 308259
1502286790 327824
1502286790 403706
1502286790 461519
1502286790 682078
1502286790 701755
1502286790 768329
1502286790 789674
1502286790 904200
1502286791 124036
1502286791 143693
1502286791 210263
1502286791 229907
1502286791 423685
1502286791 565169
1502286791 585745
1502286791 719376
1502286791 728977
1502286791 920849
1502286791 940487
1502286792 65331
1502286792 180362
1502286792 199659
1502286792 429951
1502286792 632000
1502286792 813843
1502286792 833549
1502286793 63345
1502286793 72715
1502286793 187722
1502286793 207289
1502286793 351024
1502286793 370724
1502286793 476492
1502286793 533470
1502286793 553044
1502286793 707060
1502286793 793005
1502286793 812805
1502286793 898465
1502286793 975457
1502286793 989224
1502286794 90700
1502286794 110309
1502286794 214103
1502286794 396498
1502286794 417077
1502286794 492708
1502286794 512339
1502286794 598869
1502286794 608579
1502286794 675132
1502286794 694842
1502286794 857499
1502286795 48938
1502286795 68608
1502286795 144248
1502286795 164831
1502286795 346588
1502286795 366300
1502286795 528185
1502286795 548651
1502286795 768603
1502286795 779162
1502286795 912911
1502286795 932640
1502286796 114368
1502286796 134003
1502286796 286808
1502286796 306519
1502286796 382990
1502286796 393497
1502286796 584468
1502286796 595081
1502286796 804974
1502286796 826271
1502286796 901204
1502286796 920812
1502286797 45538
1502286797 55133
1502286797 285030
1502286797 305573
1502286797 534611
1502286797 545268
1502286797 659835
1502286797 679477
1502286797 813210
1502286797 832854
1502286798 81870
1502286798 92387
1502286798 303241
1502286798 323018
1502286798 475726
1502286798 495360
1502286798 649238
1502286798 706801
1502286798 792435
1502286798 812063
1502286798 935777
1502286798 956372
1502286799 60980
1502286799 80842
1502286799 148150
1502286799 166876
1502286799 300629
1502286799 311173
1502286799 386831
1502286799 406489
1502286799 541081
1502286799 560761
1502286799 684459
1502286799 704178
1502286799 924951
1502286799 944676
1502286800 40417
1502286800 145663
1502286800 194180
1502286800 309007
1502286800 443144
1502286800 462752
1502286800 701799
1502286800 894187
1502286800 904719
1502286801 28422
1502286801 48155
1502286801 182093
1502286801 230709
1502286801 317285
1502286801 355181
1502286801 374782
1502286801 508561
1502286801 528187
1502286801 748975
1502286802 7629
1502286802 27325
1502286802 93830
1502286802 113595
1502286802 209443
1502286802 439683
1502286802 459308
1502286802 813538
1502286803 63056
1502286803 73704
1502286803 303550
1502286803 313315
1502286803 418858
1502286803 438578
1502286803 601278
1502286803 620889
1502286803 735761
1502286803 840830
1502286803 985142
1502286804 4710
1502286804 157701
1502286804 178977
1502286804 291865
1502286804 311476
1502286804 522346
1502286804 532017
1502286804 608550
1502286804 628222
1502286804 704743
1502286804 714428
1502286804 887151
1502286804 896829
1502286805 127300
1502286805 348169
1502286805 357864
1502286805 453476
1502286805 693079
1502286805 703587
1502286805 885441
1502286805 895142
1502286806 134957
1502286806 155369
1502286806 298369
1502286806 307984
1502286806 461643
1502286806 481471
1502286806 672266
1502286806 692770
1502286806 883665
1502286806 904095
1502286807 95081
1502286807 114789
1502286807 267559
1502286807 278163
1502286807 401936
1502286807 622382
1502286807 643708
1502286807 756721
1502286807 777286
1502286807 910959
1502286807 920637
1502286808 26172
1502286808 35520
1502286808 227696
1502286808 237334
1502286808 458192
1502286808 477851
1502286808 543506
1502286808 564141
1502286808 736074
1502286808 803002
1502286808 822701
1502286809 43514
1502286809 63143
1502286809 286490
1502286809 294603
1502286809 455561
1502286809 666943
1502286809 677531
1502286809 791288
1502286809 810962
1502286810 50835
1502286810 60563
1502286810 147260
1502286810 300395
1502286810 540058
1502286810 559581
1502286810 684555
1502286810 751401
1502286810 762070
1502286810 837693
1502286810 933841
1502286810 953541
1502286811 106465
1502286811 212453
1502286811 222161
1502286811 355870
1502286811 376311
1502286811 491280
1502286811 587121
1502286811 798018
1502286811 922118
1502286811 932710
1502286812 95407
1502286812 115086
1502286812 287130
1502286812 374664
1502286812 536759
1502286812 613714
1502286812 633262
1502286812 806020
1502286812 825711
1502286812 892251
1502286812 911837
1502286813 113380
1502286813 342914
1502286813 476643
1502286813 496278
1502286813 611217
1502286813 716792
1502286813 793371
1502286813 812369
1502286813 889761
1502286814 13893
1502286814 34418
1502286814 292467
1502286814 369764
1502286814 398935
1502286814 533190
1502286814 571044
1502286814 590750
1502286814 676616
1502286814 763526
1502286814 773179
1502286814 917047
1502286815 3044
1502286815 13602
1502286815 223654
1502286815 243255
1502286815 435129
1502286815 445630
1502286815 579927
1502286815 694594
1502286815 722704
1502286816 39453
1502286816 50072
1502286816 298958
1502286816 318658
1502286816 443268
1502286816 452959
1502286816 682869
1502286816 702479
1502286816 884773
1502286816 895324
1502286817 38613
1502286817 66641
1502286817 172958
1502286817 182567
1502286817 307517
1502286817 393713
1502286817 431556
1502286817 556818
1502286817 566608
1502286817 748309
1502286817 940659
1502286817 960260
1502286818 161256
1502286818 181721
1502286818 305657
1502286818 410767
1502286818 431294
1502286818 614468
1502286818 862665
1502286818 872351
1502286818 948958
1502286818 958553
1502286819 83819
1502286819 255647
1502286819 266267
1502286819 409878
1502286819 431525
1502286819 592295
1502286819 601943
1502286819 793801
1502286819 813504
1502286819 889097
1502286819 899706
1502286820 129552
1502286820 149195
1502286820 254186
1502286820 389049
1502286820 523403
1502286820 533051
1502286820 657709
1502286820 667425
1502286820 801272
1502286820 907270
1502286820 926897
1502286821 12765
1502286821 156812
1502286821 396417
1502286821 416110
1502286821 512313
1502286821 578806
1502286821 598517
1502286821 761234
1502286821 915529
1502286821 935132
1502286822 49805
1502286822 59418
1502286822 174098
1502286822 193798
1502286822 442748
1502286822 462409
1502286822 567127
1502286822 587493
1502286822 826650
1502286822 836321
1502286823 85278
1502286823 104938
1502286823 306663
1502286823 316305
1502286823 460076
1502286823 469706
1502286823 575510
1502286823 623463
1502286823 633105
1502286823 796088
1502286823 872970
1502286823 882612
1502286824 16530
1502286824 93553
1502286824 113152
1502286824 218977
1502286824 372146
1502286824 381785
1502286824 487533
1502286824 602616
1502286824 612290
1502286824 708100
1502286824 823102
1502286824 842787
1502286824 928328
1502286824 957368
1502286825 140401
1502286825 236058
1502286825 245738
1502286825 495543
1502286825 658023
1502286825 686998
1502286825 840447
1502286825 851035
1502286826 71474
1502286826 301466
1502286826 312016
1502286826 387686
1502286826 398200
1502286826 484056
1502286826 656482
1502286826 828957
1502286826 857065
1502286826 933263
1502286827 69416
1502286827 87680
1502286827 211744
1502286827 241165
1502286827 337586
1502286827 566561
1502286827 777977
1502286827 807292
1502286827 998463
1502286828 17802
1502286828 103929
1502286828 257146
1502286828 506711
1502286828 535959
1502286828 680383
1502286828 890528
1502286828 996712
1502286829 16085
1502286829 169161
1502286829 188608
1502286829 312611
1502286829 332745
1502286829 553093
1502286829 754489
1502286829 773756
1502286829 859716
1502286829 879076
1502286829 945939
1502286829 966147
1502286830 186467
1502286830 205783
1502286830 340036
1502286830 580266
1502286830 608670
1502286830 829902
1502286830 849167
1502286831 88536
1502286831 107808
1502286831 213713
1502286831 233021
1502286831 453322
1502286831 472603
1502286831 597670
1502286831 616911
1502286831 780026
1502286831 799380
1502286831 943378
1502286831 962735
1502286832 105812
1502286832 126185
1502286832 365310
1502286832 394741
1502286832 557749
1502286832 577067
1502286832 826403
1502286832 845703
1502286833 18057
1502286833 85001
1502286833 105242
1502286833 191372
1502286833 258299
1502286833 277702
1502286833 402798
1502286833 526932
1502286833 699356
1502286833 719575
1502286833 921082
1502286834 55121
1502286834 74429
1502286834 304687
1502286834 468053
1502286834 487392
1502286834 602323
1502286834 621655
1502286834 697835
1502286834 727810
1502286834 928179
1502286834 947464
1502286835 33420
1502286835 53716
1502286835 196729
1502286835 225986
1502286835 437248
1502286835 456666
1502286835 523466
1502286835 542737
1502286835 638744
1502286835 669805
1502286835 811192
1502286835 830419
1502286836 22640
1502286836 51964
1502286836 157350
1502286836 349448
1502286836 368803
1502286836 502735
1502286836 522004
1502286836 656134
1502286836 675348
1502286836 867458
1502286836 886941
1502286837 97106
1502286837 117368
1502286837 289452
1502286837 308800
1502286837 519975
1502286837 539319
1502286837 673321
1502286837 692749
1502286837 912883
1502286837 942304
1502286838 162484
1502286838 181809
1502286838 335797
1502286838 355143
1502286838 527314
1502286838 546639
1502286838 613564
1502286838 633915
1502286838 873046
1502286838 892402
1502286838 969216
1502286838 988555
1502286839 84689
1502286839 132554
1502286839 160991
1502286839 267131
1502286839 391244
1502286839 411497
1502286839 487643
1502286839 660757
1502286839 871327
1502286839 890618
1502286839 996542
1502286840 15882
1502286840 150080
1502286840 197174
1502286840 217276
1502286840 341399
1502286840 590966
1502286840 610439
1502286840 744349
1502286840 763613
1502286840 926752
1502286840 946116
1502286841 99197
1502286841 118428
1502286841 320539
1502286841 339851
1502286841 415938
1502286841 435135
1502286841 646447
1502286841 665785
1502286841 742644
1502286841 761962
1502286841 828757
1502286841 848102
1502286841 924982
1502286841 944260
1502286842 30797
1502286842 69289
1502286842 88627
1502286842 164489
1502286842 184783
1502286842 280096
1502286842 424315
1502286842 443384
1502286842 510240
1502286842 529735
1502286842 702687
1502286842 846982
1502286842 866329
1502286843 57506
1502286843 86844
1502286843 240199
1502286843 288059
1502286843 307474
1502286843 413693
1502286843 537850
1502286843 575757
1502286843 595993
1502286843 730244
1502286843 816202
1502286843 835721
1502286844 7912
1502286844 84797
1502286844 104205
1502286844 190075
1502286844 209365
1502286844 324601
1502286844 420607
1502286844 544924
1502286844 565147
1502286844 641091
1502286844 727421
1502286844 746728
1502286844 977169
1502286845 178333
1502286845 197597
1502286845 418818
1502286845 648373
1502286845 677806
1502286845 898221
1502286846 52315
1502286846 71636
1502286846 157568
1502286846 176852
1502286846 407107
1502286846 426393
1502286846 550525
1502286846 569803
1502286846 810046
1502286846 839375
1502286847 30635
1502286847 290109
1502286847 309386
1502286847 414975
1502286847 578152
1502286847 712107
1502286847 731380
1502286847 894489
1502286847 913806
1502286848 144102
1502286848 163335
1502286848 259299
1502286848 288624
1502286848 413807
1502286848 519230
1502286848 615239
1502286848 634396
1502286848 768641
1502286848 873744
1502286848 893978
1502286848 999182
1502286849 104185
1502286849 123439
1502286849 305665
1502286849 325947
1502286849 412058
1502286849 536496
1502286849 718664
1502286849 737900
1502286849 892147
1502286849 968308
1502286849 987555
1502286850 189853
1502286850 284826
1502286850 314219
1502286850 391039
1502286850 410332
1502286850 611607
1502286850 630927
1502286850 756034
1502286850 880490
1502286851 43531
1502286851 255132
1502286851 312137
1502286851 331668
1502286851 446456
1502286851 581687
1502286851 600946
1502286851 725290
1502286851 831227
1502286851 850627
1502286851 955769
1502286852 41809
1502286852 215157
1502286852 234523
1502286852 358762
1502286852 502925
1502286852 522270
1502286852 589050
1502286852 608467
1502286852 790727
1502286852 867564
1502286852 896905
1502286853 21000
1502286853 40293
1502286853 126182
1502286853 145504
1502286853 231573
1502286853 251789
1502286853 462020
1502286853 482437
1502286853 625393
1502286853 644672
1502286853 731556
1502286853 750813
1502286853 942048
1502286853 961363
1502286854 86435
1502286854 191609
1502286854 211011
1502286854 374048
1502286854 393357
1502286854 499322
1502286854 518637
1502286854 643693
1502286854 662936
1502286854 748837
1502286854 768091
1502286854 950317
1502286854 969808
1502286855 200089
1502286855 353232
1502286855 438556
1502286855 458934
1502286855 679069
1502286855 698525
1502286855 774483
1502286855 841420
1502286855 956675
1502286855 976451
1502286856 148846
1502286856 349682
1502286856 369384
1502286856 570169
1502286856 590749
1502286856 666575
1502286856 762538
1502286856 782227
1502286856 858116
1502286856 925871
1502286856 946359
1502286857 117611
1502286857 194516
1502286857 214179
1502286857 290061
1502286857 366911
1502286857 635581
1502286857 904128
1502286857 924406
1502286858 77547
1502286858 97208
1502286858 230903
1502286858 250614
1502286858 337065
1502286858 356829
1502286858 490472
1502286858 510120
1502286858 633823
1502286858 654457
1502286858 826228
1502286858 836811
1502286859 8660
1502286859 28314
1502286859 123948
1502286859 143720
1502286859 277222
1502286859 297034
1502286859 469768
1502286859 479549
1502286859 565857
1502286859 585473
1502286859 680150
1502286859 700805
1502286859 824450
1502286859 844897
1502286860 26209
1502286860 64915
1502286860 84737
1502286860 218341
1502286860 238110
1502286860 381714
1502286860 401396
1502286860 573196
1502286860 583735
1502286860 717461
1502286860 737120
1502286860 957047
1502286860 967660
1502286861 216539
1502286861 236241
1502286861 321811
1502286861 341575
1502286861 744732
1502286861 764444
1502286861 994364
1502286862 13972
1502286862 118646
1502286862 138521
1502286862 214821
1502286862 224530
1502286862 291945
1502286862 311657
1502286862 454869
1502286862 541527
1502286862 561183
1502286862 637186
1502286862 656473
1502286862 809441
1502286862 886416
1502286862 905994
1502286863 69021
1502286863 106845
1502286863 375495
1502286863 596959
1502286863 616665
1502286863 779392
1502286863 799029
1502286863 980815
1502286864 482
1502286864 182275
1502286864 201965
1502286864 393762
1502286864 413413
1502286864 595781
1502286864 681424
1502286864 701094
1502286864 873992
1502286864 940969
1502286864 960588
1502286865 46804
1502286865 171460
1502286865 181948
1502286865 296389
1502286865 362923
1502286865 382604
1502286865 612493
1502286865 632159
1502286865 814002
1502286865 834584
1502286866 16367
1502286866 35993
1502286866 121592
1502286866 141288
1502286866 323068
1502286866 342758
1502286866 591714
1502286866 611347
1502286866 793169
1502286866 918366
1502286866 938972
1502286867 110772
1502286867 120438
1502286867 321327
1502286867 341047
1502286867 551798
1502286867 571474
1502286867 677065
1502286867 696822
1502286867 907581
1502286867 928093
1502286868 128088
1502286868 147729
1502286868 291177
1502286868 453871
1502286868 473522
1502286868 559595
1502286868 704002
1502286868 828691
1502286868 848304
1502286868 943498
1502286869 68523
1502286869 116938
1502286869 288893
1502286869 299354
1502286869 481196
1502286869 500862
1502286869 615636
1502286869 635115
1502286869 875010
1502286869 894686
1502286870 57670
1502286870 124619
1502286870 144203
1502286870 316039
1502286870 489461
1502286870 499058
1502286870 652083
1502286870 728985
1502286870 748666
1502286870 883701
1502286870 988614
1502286871 8208
1502286871 151272
1502286871 257155
1502286871 276851
1502286871 372850
1502286871 410552
1502286871 430180
1502286871 631761
1502286871 698230
1502286871 719539
1502286871 902043
1502286871 976829
1502286871 987373
1502286872 72981
1502286872 92711
1502286872 169227
1502286872 178952
1502286872 303976
1502286872 351655
1502286872 371259
1502286872 486660
1502286872 687348
1502286872 707955
1502286872 956269
1502286872 975691
1502286873 147527
1502286873 158263
1502286873 282718
1502286873 292494
1502286873 388046
1502286873 407673
1502286873 570391
1502286873 590112
1502286873 694937
1502286873 809948
1502286873 829737
1502286873 973955
1502286874 156013
1502286874 193869
1502286874 214650
1502286874 300438
1502286874 481452
1502286874 558806
1502286874 578941
1502286874 808599
1502286874 981715
1502286875 1384
1502286875 125014
1502286875 145117
1502286875 250421
1502286875 374578
1502286875 396001
1502286875 614967
1502286875 759284
1502286875 778624
1502286875 969895
1502286875 989229
1502286876 124059
1502286876 373644
1502286876 393210
1502286876 527067
1502286876 546082
1502286876 794739
1502286876 958147
1502286876 978522
1502286877 207605
1502286877 228136
1502286877 370992
1502286877 390610
1502286877 610558
1502286877 630398
1502286877 744852
1502286877 764530
1502286877 956572
1502286878 13513
1502286878 33234
1502286878 147741
1502286878 168287
1502286878 369157
1502286878 503533
1502286878 523228
1502286878 637864
1502286878 658481
1502286878 868312
1502286878 887998
1502286878 963825
1502286879 78885
1502286879 98584
1502286879 280637
1502286879 319354
1502286879 339040
1502286879 453737
1502286879 473503
1502286879 578017
1502286879 588558
1502286879 655162
1502286879 674858
1502286879 808547
1502286879 828945
1502286880 30587
1502286880 202399
1502286880 212085
1502286880 288590
1502286880 299144
1502286880 432970
1502286880 455791
1502286880 711480
1502286880 731356
1502286880 970207
1502286880 989872
1502286881 183008
1502286881 344971
1502286881 364695
1502286881 575417
1502286881 595131
1502286881 757817
1502286881 777587
1502286881 853441
1502286881 959315
1502286881 979016
1502286882 64575
1502286882 84250
1502286882 170961
1502286882 333258
1502286882 343776
1502286882 429367
1502286882 449072
1502286882 525781
1502286882 573665
1502286882 593341
1502286882 698600
1502286882 909424
1502286882 929200
1502286883 140571
1502286883 312678
1502286883 351433
1502286883 371040
1502286883 485724
1502286883 505372
1502286883 590941
1502286883 686252
1502286883 706843
1502286883 773354
1502286883 793155
1502286883 897729
1502286883 908300
1502286884 61051
1502286884 71634
1502286884 157217
1502286884 176937
1502286884 396843
1502286884 416510
1502286884 589267
1502286884 608969
1502286884 818858
1502286884 839380
1502286884 982231
1502286885 1904
1502286885 107403
1502286885 117075
1502286885 241722
1502286885 251439
1502286885 510962
1502286885 587638
1502286885 607283
1502286885 856101
1502286885 865931
1502286886 38500
1502286886 48226
1502286886 259003
1502286886 278684
1502286886 384262
1502286886 393958
1502286886 623805
1502286886 643504
1502286886 825364
1502286886 847023
1502286886 950544
1502286886 960210
1502286887 26771
1502286887 47378
1502286887 142051
1502286887 162580
1502286887 411571
1502286887 431177
1502286887 535864
1502286887 546450
1502286887 718807
1502286887 756442
1502286887 777004
1502286887 977774
1502286888 63950
1502286888 83716
1502286888 197486
1502286888 218044
1502286888 351687
1502286888 371382
1502286888 515633
1502286888 649413
1502286888 669124
1502286888 792781
1502286888 947010
1502286888 966735
1502286889 42338
1502286889 61994
1502286889 205757
1502286889 225381
1502286889 398086
1502286889 408481
1502286889 628567
1502286889 638271
1502286889 868176
1502286889 887848
1502286890 108618
1502286890 118288
1502286890 338320
1502286890 349601
1502286890 501852
1502286890 598382
1502286890 799205
1502286890 933555
1502286890 953226
1502286891 20638
1502286891 40321
1502286891 231203
1502286891 250880
1502286891 452619
1502286891 472273
1502286891 596074
1502286891 606597
1502286891 769378
1502286891 789119
1502286891 904262
1502286892 8925
1502286892 19521
1502286892 201356
1502286892 211013
1502286892 296549
1502286892 373725
1502286892 393435
1502286892 469893
1502286892 671500
1502286892 691905
1502286892 834342
1502286892 871918
1502286893 45359
1502286893 64965
1502286893 266464
1502286893 352082
1502286893 362651
1502286893 506303
1502286893 668730
1502286893 689272
1502286893 755858
1502286893 775554
1502286893 880167
1502286894 34155
1502286894 167925
1502286894 188452
1502286894 370879
1502286894 437431
1502286894 457187
1502286894 667905
1502286894 687583
1502286894 830928
1502286894 897522
1502286894 918117
1502286894 993802
1502286895 4355
1502286895 147701
1502286895 234243
1502286895 253917
1502286895 387571
1502286895 397244
1502286895 608099
1502286895 829522
1502286895 839206
1502286896 11005
1502286896 30690
1502286896 145357
1502286896 166665
1502286896 289618
1502286896 309275
1502286896 501071
1502286896 521503
1502286896 644475
1502286896 655034
1502286896 750649
1502286896 770301
1502286896 942118
1502286896 952690
1502286897 76432
1502286897 86969
1502286897 316928
1502286897 336528
1502286897 509302
1502286897 518949
1502286897 643599
1502286897 663274
1502286897 845097
1502286897 864715
1502286897 969388
1502286897 979945
1502286898 218994
1502286898 238773
1502286898 411950
1502286898 535702
1502286898 555332
1502286898 650940
1502286898 670604
1502286898 852409
1502286898 863786
1502286898 948596
1502286899 208120
1502286899 428657
1502286899 621037
1502286899 630727
1502286899 745363
1502286899 765090
1502286899 965924
1502286899 976453
1502286900 215476
1502286900 236096
1502286900 369725
1502286900 389387
1502286900 590259
1502286900 601579
1502286900 774117
1502286900 974161
1502286901 88491
1502286901 109010
1502286901 243037
1502286901 328995
1502286901 348605
1502286901 520467
1502286901 540982
1502286901 616673
1502286901 789949
1502286901 809644
1502286901 962432
1502286901 982062
1502286902 87616
1502286902 97301
1502286902 222015
1502286902 231633
1502286902 385299
1502286902 394977
1502286902 643941
1502286902 663586
1502286902 807530
1502286902 855962
1502286902 932748
1502286902 980302
1502286903 124171
1502286903 210173
1502286903 306372
1502286903 326959
1502286903 402622
1502286903 422286
1502286903 498997
1502286903 604051
1502286903 863610
1502286903 873302
1502286903 988167
1502286904 74197
1502286904 94759
1502286904 209572
1502286904 257222
1502286904 459593
1502286904 641660
1502286904 688541
1502286904 709104
1502286904 813965
1502286904 919633
1502286905 92352
1502286905 112016
1502286905 226669
1502286905 246357
1502286905 371143
1502286905 476216
1502286905 495876
1502286905 620919
1502286905 687714
1502286905 707352
1502286905 822168
1502286905 927245
1502286906 61628
1502286906 72165
1502286906 206082
1502286906 282076
1502286906 302591
1502286906 551592
1502286906 571296
1502286906 657072
1502286906 734320
1502286906 810278
1502286906 829977
1502286907 51380
1502286907 281858
1502286907 386575
1502286907 406165
1502286907 617035
1502286907 636712
1502286907 780380
1502286907 800072
1502286907 914713
1502286907 935144
1502286908 38996
1502286908 49910
1502286908 212329
1502286908 232000
1502286908 355716
1502286908 375365
1502286908 557244
1502286908 567765
1502286908 749608
1502286908 769281
1502286908 941109
1502286908 951698
1502286909 171626
1502286909 191318
1502286909 315856
1502286909 326440
1502286909 440170
1502286909 460757
1502286909 681350
1502286909 757798
1502286909 767481
1502286909 930230
1502286909 949905
1502286910 179785
1502286910 190395
1502286910 275993
1502286910 285732
1502286910 410374
1502286910 419978
1502286910 641418
1502286910 746087
1502286910 756666
1502286910 909470
1502286910 919983
1502286911 149018
1502286911 169571
1502286911 361054
1502286911 437631
1502286911 457247
1502286911 571903
1502286911 591556
1502286911 687364
1502286911 811514
1502286911 822123
1502286911 975390
1502286912 176332
1502286912 186901
1502286912 302135
1502286912 473985
1502286912 484527
1502286912 666612
1502286912 733533
1502286912 743189
1502286912 897115
1502286912 944908
1502286912 954603
1502286913 79534
1502286913 127372
1502286913 137032
1502286913 329033
1502286913 385975
1502286913 396589
1502286913 463157
1502286913 731739
1502286913 914192
1502286913 933804
1502286914 115623
1502286914 135338
1502286914 230890
1502286914 250566
1502286914 394301
1502286914 413951
1502286914 662902
1502286914 672595
1502286914 864369
1502286914 884002
1502286915 17697
1502286915 37420
1502286915 171061
1502286915 181617
1502286915 363446
1502286915 383100
1502286915 564921
1502286915 585387
1502286915 690187
1502286915 709803
1502286915 833556
1502286915 844149
1502286915 910664
1502286915 930321
1502286916 160193
1502286916 179880
1502286916 313826
1502286916 380771
1502286916 391354
1502286916 535274
1502286916 602219
1502286916 621908
1502286916 736789
1502286916 793674
1502286916 804269
1502286916 976729
1502286917 129476
1502286917 140399
1502286917 283977
1502286917 340878
1502286917 552369
1502286917 657644
1502286917 668397
1502286917 927979
1502286918 175808
1502286918 186485
1502286918 291035
1502286918 301666
1502286918 426550
1502286918 474042
1502286918 569685
1502286918 593486
1502286918 771369
1502286918 819278
1502286918 839123
1502286919 59732
1502286919 69485
1502286919 194231
1502286919 289319
1502286919 309893
1502286919 482524
1502286919 683213
1502286919 693832
1502286919 865746
1502286919 876161
1502286920 77091
1502286920 96743
1502286920 268515
1502286920 289239
1502286920 393728
1502286920 413462
1502286920 586102
1502286920 595974
1502286920 738573
1502286920 758269
1502286920 872945
1502286920 892541
1502286920 969116
1502286920 979714
1502286921 141745
1502286921 170748
1502286921 382120
1502286921 391693
1502286921 593439
1502286921 613076
1502286921 766492
1502286922 6418
1502286922 16029
1502286922 188814
1502286922 198454
1502286922 303300
1502286922 399945
1502286922 524534
1502286922 534256
1502286922 640103
1502286922 706944
1502286922 716665
1502286922 841282
1502286922 850947
1502286922 927677
1502286922 975528
1502286922 995231
1502286923 71812
1502286923 81465
1502286923 206302
1502286923 282321
1502286923 302963
1502286923 407512
1502286923 427229
1502286923 667496
1502286923 687576
1502286923 877672
1502286923 964737
1502286923 984443
1502286924 166218
1502286924 186713
1502286924 252441
1502286924 272972
1502286924 521010
1502286924 761613
1502286924 781317
1502286925 20133
1502286925 40052
1502286925 135415
1502286925 155939
1502286925 394994
1502286925 404795
1502286925 577346
1502286925 597925
1502286925 797948
1502286925 818352
1502286925 942237
1502286925 963511
1502286926 104641
1502286926 125290
1502286926 287071
1502286926 307652
1502286926 431301
1502286926 442054
1502286926 613720
1502286926 624297
1502286926 729000
1502286926 748672
1502286926 901420
1502286927 122866
1502286927 142555
1502286927 286186
1502286927 295975
1502286927 525729
1502286927 785319
1502286927 795873
1502286927 996335
1502286928 44629
1502286928 121166
1502286928 130896
1502286928 256755
1502286928 515596
1502286928 697369
1502286928 717025
1502286928 850993
1502286928 926941
1502286928 947540
1502286929 42449
1502286929 167465
1502286929 187122
1502286929 331007
1502286929 416989
1502286929 436684
1502286929 522242
1502286929 704714
1502286929 724366
1502286929 887390
1502286930 2362
1502286930 22014
1502286930 204433
1502286930 280921
1502286930 300570
1502286930 472387
1502286930 616749
1502286930 636582
1502286930 751234
1502286930 866294
1502286930 886058
1502286930 982109
1502286931 19645
1502286931 39396
1502286931 145159
1502286931 193609
1502286931 375943
1502286931 432554
1502286931 453001
1502286931 711745
1502286931 922583
1502286932 95031
1502286932 114742
1502286932 200325
1502286932 220926
1502286932 354839
1502286932 392697
1502286932 404131
1502286932 508499
1502286932 680381
1502286932 700044
1502286932 776518
1502286932 796194
1502286932 929965
1502286932 949556
1502286933 74462
1502286933 246637
1502286933 266344
1502286933 372109
1502286933 420575
1502286933 621446
1502286933 631149
1502286933 736716
1502286933 746423
1502286933 871243
1502286933 928166
1502286933 948763
1502286934 72449
1502286934 83297
1502286934 254908
1502286934 274552
1502286934 418477
1502286934 523530
1502286934 534083
1502286934 648723
1502286934 773075
1502286934 783627
1502286934 984537
1502286934 995084
1502286935 128815
1502286935 140139
1502286935 272786
1502286935 502660
1502286935 522729
1502286935 627955
1502286935 637640
1502286935 733199
1502286935 754631
1502286935 982784
1502286936 2449
1502286936 194193
1502286936 213882
1502286936 357541
1502286936 377345
1502286936 559006
1502286936 568705
1502286936 655256
1502286936 675742
1502286936 760518
1502286936 771099
1502286936 980995
1502286937 650
1502286937 77170
1502286937 87761
1502286937 211534
1502286937 222155
1502286937 288645
1502286937 308328
1502286937 490136
1502286937 509778
1502286937 662611
1502286937 673144
1502286937 854966
1502286937 874578
1502286937 970372
1502286938 37370
1502286938 56970
1502286938 171634
1502286938 191321
1502286938 402729
1502286938 450922
1502286938 603816
1502286938 670771
1502286938 690446
1502286938 834113
1502286938 853753
1502286938 997485
1502286939 230371
1502286939 362312
1502286939 381993
1502286939 601855
1502286939 621556
1502286939 784233
1502286940 23845
1502286940 44430
1502286940 168144
1502286940 187786
1502286940 340649
1502286940 361331
1502286940 590142
1502286940 612516
1502286940 840626
1502286940 860260
1502286941 51184
1502286941 70887
1502286941 195427
1502286941 215175
1502286941 348784
1502286941 359355
1502286941 425953
1502286941 445606
1502286941 627378
1502286941 647066
1502286941 857945
1502286941 877575
1502286942 40344
1502286942 59993
1502286942 164616
1502286942 185204
1502286942 251776
1502286942 271423
1502286942 357059
1502286942 366703
1502286942 529454
1502286942 549939
1502286942 683765
1502286942 703384
1502286942 789045
1502286942 808645
1502286942 913583
1502286942 961424
1502286942 982788
1502286943 125045
1502286943 201877
1502286943 451585
1502286943 471580
1502286943 566951
1502286943 633878
1502286943 653568
1502286943 749140
1502286944 1049
1502286944 65863
1502286944 85632
1502286944 200228
1502286944 219803
1502286944 286452
1502286944 306942
1502286944 401616
1502286944 421247
1502286944 487888
1502286944 507514
1502286944 670809
1502286944 919786
1502286944 940637
1502286945 121290
1502286945 142576
1502286945 236559
1502286945 256277
1502286945 506075
1502286945 516605
1502286945 678691
1502286945 754731
1502286945 908073
1502286945 928624
1502286946 100625
1502286946 167581
1502286946 188181
1502286946 294296
1502286946 417184
1502286946 513468
1502286946 534134
1502286946 686355
1502286946 733894
1502286946 755341
1502286946 965044
1502286947 88700
1502286947 281132
1502286947 301670
1502286947 377352
1502286947 387060
1502286947 616895
1502286947 636590
1502286947 732355
1502286947 847435
1502286947 952654
1502286947 973270
1502286948 78183
1502286948 183168
1502286948 289394
1502286948 309044
1502286948 509823
1502286948 586993
1502286948 606716
1502286948 769392
1502286948 789132
1502286949 38700
1502286949 249502
1502286949 269203
1502286949 421923
1502286949 441587
1502286949 633623
1502286949 690536
1502286949 710232
1502286949 874329
1502286950 84430
1502286950 104835
1502286950 229386
1502286950 304902
1502286950 324641
1502286950 411378
1502286950 478244
1502286950 497978
1502286950 671087
1502286950 795014
1502286950 814695
1502286950 967386
1502286950 987062
1502286951 140698
1502286951 332241
1502286951 343560
1502286951 533656
1502286951 553425
1502286951 802239
1502286952 23727
1502286952 43452
1502286952 196473
1502286952 282350
1502286952 302044
1502286952 455948
1502286952 531943
1502286952 552417
1502286952 638562
1502286952 705237
1502286952 724966
1502286952 829593
1502286953 108853
1502286953 184387
1502286953 376809
1502286953 396622
1502286953 530417
1502286953 626405
1502286953 646070
1502286953 790342
1502286953 894979
1502286953 915501
1502286954 20261
1502286954 40825
1502286954 116731
1502286954 209142
1502286954 269784
1502286954 289467
1502286954 366212
1502286954 549018
1502286954 634636
1502286954 654323
1502286954 730777
1502286954 750455
1502286954 970414
1502286954 981041
1502286955 229881
1502286955 402585
1502286955 422175
1502286955 517699
1502286955 538094
1502286955 622902
1502286955 642540
1502286955 815298
1502286955 825347
1502286955 930873
1502286956 26678
1502286956 46378
1502286956 199775
1502286956 384629
1502286956 458710
1502286956 478544
1502286956 650780
1502286956 823503
1502286956 843157
1502286956 928767
1502286956 949185
1502286957 92411
1502286957 150756
1502286957 264508
1502286957 284248
1502286957 456915
1502286957 466629
1502286957 715567
1502286957 736390
1502286957 802695
1502286957 822663
1502286958 4185
1502286958 23847
1502286958 119414
1502286958 139106
1502286958 368961
1502286958 388636
1502286958 608528
1502286958 628216
1502286958 716274
1502286958 839088
1502286958 850351
1502286958 983312
1502286959 3001
1502286959 251950
1502286959 272397
1502286959 396266
1502286959 415908
1502286959 597720
1502286959 617392
1502286959 712978
1502286959 733249
1502286959 914500
1502286959 934068
1502286960 163988
1502286960 184819
1502286960 260661
1502286960 298284
1502286960 318933
1502286960 403774
1502286960 518855
1502286960 540177
1502286960 692853
1502286960 845483
1502286960 865154
1502286960 979820
1502286960 999511
1502286961 76291
1502286961 124107
1502286961 143793
1502286961 296805
1502286961 382788
1502286961 641387
1502286961 766656
1502286961 786404
1502286961 987146
1502286962 7572
1502286962 217908
1502286962 277288
1502286962 352004
1502286962 371636
1502286962 564078
1502286962 793917
1502286962 814462
1502286962 899200
1502286962 919874
1502286962 985470
1502286963 5929
1502286963 148982
1502286963 254051
1502286963 274706
1502286963 446457
1502286963 457048
1502286963 668582
1502286963 763106
1502286963 784851
1502286963 925573
1502286963 946201
1502286964 50853
1502286964 70626
1502286964 319430
1502286964 341318
1502286964 511815
1502286964 531520
1502286964 732388
1502286964 751981
1502286964 952877
1502286964 972554
1502286965 183364
1502286965 202998
1502286965 384826
1502286965 405491
1502286965 577374
1502286965 596978
1502286965 730588
1502286965 750271
1502286965 999225
1502286966 19892
1502286966 201595
1502286966 221672
1502286966 306880
1502286966 326734
1502286966 498351
1502286966 521096
1502286966 680801
1502286966 701469
1502286966 835053
1502286966 854777
1502286966 978408
1502286967 179871
1502286967 199522
1502286967 333870
1502286967 524735
1502286967 545297
1502286967 727042
1502286967 995744
1502286968 15407
1502286968 187232
1502286968 206872
1502286968 312454
1502286968 322916
1502286968 388679
1502286968 409218
1502286968 571102
1502286968 591798
1502286968 696306
1502286968 721300
1502286968 935901
1502286968 946529
1502286969 99821
1502286969 281687
1502286969 301282
1502286969 367894
1502286969 387572
1502286969 540346
1502286969 560839
1502286969 809862
1502286969 829617
1502286969 982294
1502286970 1903
1502286970 78479
1502286970 88334
1502286970 155049
1502286970 175389
1502286970 347042
1502286970 357673
1502286970 500791
1502286970 511846
1502286970 654724
1502286970 664461
1502286970 855278
1502286970 875908
1502286970 961519
1502286970 981079
1502286971 211015
1502286971 230737
1502286971 450632
1502286971 575908
1502286971 596253
1502286971 700134
1502286971 710780
1502286971 815395
1502286971 835120
1502286971 922035
1502286972 54970
1502286972 75580
1502286972 170509
1502286972 306496
1502286972 506908
1502286972 527399
1502286972 622426
1502286972 698398
1502286972 708985
1502286972 832992
1502286972 958946
1502286973 101808
1502286973 216541
1502286973 226524
1502286973 418324
1502286973 466760
1502286973 610137
1502286973 782836
1502286973 984379
1502286973 994023
1502286974 70541
1502286974 81266
1502286974 175812
1502286974 301061
1502286974 310854
1502286974 569823
1502286974 580396
1502286974 762053
1502286974 905418
1502286974 916063
1502286975 49754
1502286975 71142
1502286975 280306
1502286975 300006
1502286975 491688
1502286975 511724
1502286975 597111
1502286975 617421
1502286975 712241
1502286975 737449
1502286975 808375
1502286975 828480
1502286975 894701
1502286975 915121
1502286976 28992
1502286976 48627
1502286976 268529
1502286976 289249
1502286976 441850
1502286976 461544
1502286976 691400
1502286976 711097
1502286976 930955
1502286976 952322
1502286977 161501
1502286977 172814
1502286977 295826
1502286977 316421
1502286977 411025
1502286977 422331
1502286977 507224
1502286977 527663
1502286977 756773
1502286977 776455
1502286977 843021
1502286977 864366
1502286977 939225
1502286977 958924
1502286978 35373
1502286978 207783
1502286978 419268
1502286978 582631
1502286978 602423
1502286978 842155
1502286978 861826
1502286979 91685
1502286979 111434
1502286979 331275
1502286979 503765
1502286979 514416
1502286979 667063
1502286979 677680
1502286979 916646
1502286979 936337
1502286980 195329
1502286980 205907
1502286980 425721
1502286980 445422
1502286980 656259
1502286980 665968
1502286980 761538
1502286980 772123
1502286980 982029
1502286981 1764
1502286981 203499
1502286981 223158
1502286981 433034
1502286981 452791
1502286981 644518
1502286981 655108
1502286981 769784
1502286981 779473
1502286981 942147
1502286981 961969
1502286982 124578
1502286982 135164
1502286982 384181
1502286982 404666
1502286982 653423
1502286982 728990
1502286982 749590
1502286982 854413
1502286982 940430
1502286983 64790
1502286983 85357
1502286983 189905
1502286983 209581
1502286983 305242
1502286983 314887
1502286983 518041
1502286983 689043
1502286983 737179
1502286983 756900
1502286983 881480
1502286984 121634
1502286984 371311
1502286984 504040
1502286984 524554
1502286984 639297
1502286984 648982
1502286984 888864
1502286984 898486
1502286985 23144
1502286985 281768
1502286985 292369
1502286985 445135
1502286985 464769
1502286985 608440
1502286985 620734
1502286985 685589
1502286985 705262
1502286985 848039
1502286985 868627
1502286986 41070
1502286986 300030
1502286986 319619
1502286986 558659
1502286986 569237
1502286986 664801
1502286986 684523
1502286986 760137
