1502722345 776996
1502722345 892185
1502722346 16580
1502722346 257070
1502722346 410495
1502722346 544771
1502722346 727138
1502722346 928660
1502722347 62961
1502722347 293484
1502722347 456894
1502722347 715484
1502722347 956036
1502722348 800886
1502722349 12311
1502722349 270854
1502722349 712944
1502722349 847580
1502722350 48415
1502722350 298089
1502722350 528469
1502722350 557644
1502722350 662883
1502722350 777965
1502722350 835997
1502722350 912767
1502722351 392360
1502722351 632917
1502722351 680051
1502722351 747137
1502722351 795512
1502722352 6948
1502722352 111983
1502722352 170041
1502722352 227264
1502722352 285345
1502722352 342589
1502722352 409649
1502722352 467680
1502722352 525140
1502722352 707327
1502722352 774491
1502722352 841623
1502722352 908772
1502722352 986058
1502722353 235661
1502722353 399186
1502722353 466005
1502722353 523976
1502722353 562323
1502722353 705824
1502722353 763717
1502722353 820769
1502722353 878826
1502722353 908086
1502722354 42478
1502722354 118496
1502722354 185868
1502722354 339255
1502722354 425352
1502722354 473263
1502722354 530671
1502722354 665890
1502722354 712829
1502722354 752120
1502722354 915577
1502722354 962495
1502722355 20701
1502722355 202976
1502722355 442616
1502722355 509597
1502722355 557980
1502722355 750239
1502722355 807351
1502722355 865371
1502722355 922592
1502722355 980609
1502722356 38008
1502722356 211452
1502722356 469864
1502722356 517869
1502722356 565894
1502722356 652325
1502722356 758311
1502722356 796687
1502722357 7919
1502722357 56191
1502722357 247525
1502722357 285772
1502722357 487960
1502722357 526292
1502722357 727703
1502722357 785789
1502722357 843004
1502722357 910041
1502722357 967211
1502722358 6319
1502722358 102673
1502722358 207909
1502722358 323096
1502722358 457294
1502722358 514602
1502722358 677955
1502722358 937319
1502722358 994465
1502722359 51660
1502722359 109649
1502722359 158016
1502722359 330606
1502722359 407374
1502722359 464501
1502722359 522631
1502722359 551807
1502722359 705346
1502722359 762327
1502722359 820435
1502722359 877532
1502722359 935518
1502722359 965273
1502722360 90237
1502722360 175169
1502722360 242740
1502722360 396119
1502722360 472912
1502722360 529952
1502722360 578420
1502722360 779756
1502722361 10182
1502722361 259597
1502722361 317747
1502722361 374929
1502722361 432035
1502722361 490135
1502722361 528515
1502722361 681460
1502722361 729774
1502722361 979283
1502722362 36307
1502722362 55684
1502722362 141686
1502722362 294969
1502722362 334194
1502722362 391146
1502722362 430655
1502722362 554812
1502722362 631889
