1502194624 553632
1502194624 775006
1502194624 957426
1502194625 187878
1502194625 398583
1502194625 629162
1502194625 811253
1502194625 945563
1502194626 119070
1502194626 253311
1502194626 416578
1502194626 608017
1502194626 781396
1502194627 1987
1502194627 107131
1502194627 241459
1502194627 356804
1502194627 606340
1502194627 856063
1502194628 19331
1502194628 221335
1502194628 412471
1502194628 499495
1502194628 633694
1502194628 864153
1502194628 959432
1502194629 199853
1502194629 420711
1502194629 573815
1502194629 785294
1502194629 871446
1502194630 121263
1502194630 255383
1502194630 409686
1502194630 658216
1502194630 792561
1502194630 994947
1502194631 244487
1502194631 446320
1502194631 713755
1502194631 934387
1502194632 164740
1502194632 376234
1502194632 519581
1502194632 701945
1502194632 922422
1502194633 18728
1502194633 191172
1502194633 440816
1502194633 709362
1502194633 959257
1502194634 131319
1502194634 275511
1502194634 457948
1502194634 582304
1502194634 678417
1502194634 764625
1502194634 880131
1502194635 34227
1502194635 177671
1502194635 379003
1502194635 619568
1502194635 734818
1502194635 898083
1502194636 13359
1502194636 99614
1502194636 368400
1502194636 588803
1502194636 857432
1502194637 117019
1502194637 299312
1502194637 528927
1502194637 798419
1502194637 941957
1502194638 153282
1502194638 412852
1502194638 499055
1502194638 633375
1502194638 901977
1502194639 36251
1502194639 247721
1502194639 478271
1502194639 669682
1502194639 755953
1502194639 938400
1502194640 197852
1502194640 399316
1502194640 562808
1502194640 735093
1502194640 936943
1502194641 110016
1502194641 215132
