1499343898 443752
1499343898 619453
1499343898 790737
1499343898 986238
1499343899 187069
1499343899 487681
1499343899 933182
1499343900 109153
1499343900 280446
1499343900 455929
1499343900 656280
1499343900 881675
1499343901 177604
1499343901 352983
1499343901 533844
1499343901 724609
1499343901 905254
1499343902 210727
1499343902 596416
1499343902 772048
1499343902 943394
1499343903 124030
1499343903 369718
1499343903 655146
1499343903 920838
1499343904 96899
1499343904 267048
1499343904 463012
1499343904 703699
1499343904 924319
1499343905 270231
1499343905 440857
1499343905 617001
1499343905 807495
1499343906 13174
1499343906 198695
1499343906 614619
1499343906 790715
1499343906 976135
1499343907 161912
1499343907 397508
1499343907 578523
1499343907 879314
1499343908 49970
1499343908 230625
1499343908 416131
1499343908 622366
1499343908 902647
1499343909 193604
1499343909 369896
1499343909 540581
1499343909 726143
1499343909 922178
1499343910 149632
1499343910 530609
1499343910 706585
1499343910 892864
1499343911 88258
1499343911 263909
1499343911 524297
1499343911 739846
1499343911 915518
1499343912 91272
1499343912 291986
1499343912 522980
1499343912 823827
1499343913 304522
1499343913 480244
1499343913 665765
1499343913 866735
1499343914 67531
1499343914 378316
1499343914 799240
1499343914 969612
1499343915 150177
1499343915 330651
1499343915 551159
1499343915 857051
1499343916 183170
1499343916 358932
1499343916 539523
1499343916 729645
1499343916 975167
1499343917 196496
1499343917 607348
1499343917 783317
1499343917 968937
1499343918 144228
1499343918 324840
1499343918 520671
1499343918 781094
1499343918 961407
1499343919 136763
1499343919 332110
1499343919 562980
1499343919 768766
1499343920 19630
1499343920 195215
1499343920 370802
1499343920 571786
1499343920 802744
1499343921 48369
1499343921 448789
1499343921 619891
1499343921 795283
1499343921 976176
1499343922 201606
1499343922 387430
1499343922 588008
1499343922 758748
1499343922 934780
1499343923 120446
1499343923 341610
1499343923 652552
1499343924 63566
1499343924 234383
1499343924 415437
1499343924 616234
1499343924 786970
1499343925 72949
1499343925 423646
1499343925 600034
1499343925 785798
1499343925 991540
1499343926 212747
1499343926 403561
1499343926 644415
1499343926 820146
1499343927 5681
1499343927 196462
1499343927 381878
1499343927 597527
1499343927 918493
1499343928 89359
1499343928 270263
1499343928 451452
1499343928 626859
1499343928 907994
1499343929 148654
1499343929 319408
1499343929 505515
1499343929 691433
1499343929 932581
1499343930 228824
1499343930 675014
1499343930 845871
1499343931 31572
1499343931 222382
1499343931 457721
1499343931 653282
1499343932 114256
1499343932 285252
1499343932 470667
1499343932 651566
1499343932 857516
1499343933 128758
1499343933 384246
1499343933 555314
1499343933 736184
1499343933 916787
1499343934 137706
1499343934 328617
1499343934 775006
1499343934 945735
1499343935 116445
1499343935 302118
1499343935 543253
1499343935 779497
1499343936 30492
1499343936 206303
1499343936 376892
1499343936 563380
1499343936 799738
1499343937 115540
1499343937 461846
1499343937 637754
1499343937 813674
1499343938 19776
1499343938 240304
1499343938 506233
1499343938 767232
1499343938 942948
1499343939 119298
1499343939 294972
1499343939 525540
1499343939 711710
1499343940 162487
1499343940 338321
1499343940 513852
1499343940 699978
1499343940 931287
1499343941 156820
1499343941 532908
1499343941 708883
1499343941 880013
1499343942 75682
1499343942 271621
1499343942 552603
1499343943 8539
1499343943 179351
1499343943 360401
1499343943 566541
1499343943 807084
1499343943 988207
1499343944 344289
1499343944 515819
1499343944 696650
1499343944 897576
1499343945 93183
1499343945 399241
1499343945 805294
1499343945 976768
1499343946 157350
1499343946 358700
1499343946 549844
1499343946 776295
1499343947 252494
1499343947 428440
1499343947 604648
1499343947 775831
1499343947 986716
1499343948 172314
1499343948 352792
1499343948 528908
1499343948 704668
1499343948 900114
1499343949 70795
1499343949 306386
1499343949 557045
1499343949 727989
1499343949 899315
1499343950 70213
1499343950 305738
1499343950 601504
1499343951 73003
1499343951 248618
1499343951 429391
1499343951 605338
1499343951 786591
1499343951 997457
1499343952 243432
1499343952 419647
1499343952 595848
1499343952 796986
1499343953 42743
1499343953 333242
1499343953 514310
1499343953 690091
1499343953 866205
1499343954 72331
1499343954 262732
1499343954 488503
1499343954 884765
1499343955 55308
1499343955 236173
1499343955 422217
1499343955 603396
1499343955 904401
1499343956 195417
1499343956 366344
1499343956 542954
1499343956 743460
1499343956 984837
1499343957 176151
1499343957 392398
1499343957 563545
1499343957 744576
1499343957 915981
1499343958 91532
1499343958 297662
1499343958 653983
1499343958 824875
1499343959 10640
1499343959 186235
1499343959 382098
1499343959 592915
1499343959 948948
1499343960 124548
1499343960 305635
1499343960 501769
1499343960 712846
1499343960 958585
1499343961 224425
1499343961 400823
1499343961 581860
1499343961 782635
1499343961 963614
1499343962 179793
1499343962 390524
1499343962 561285
1499343962 731992
1499343962 917368
1499343963 148615
1499343963 339495
1499343963 645657
1499343963 821401
1499343963 992539
1499343964 168690
1499343964 374273
1499343964 620151
1499343964 816344
1499343964 992196
1499343965 178227
1499343965 364551
1499343965 610674
1499343965 881539
1499343966 182265
1499343966 358578
1499343966 534045
1499343966 720230
1499343966 901401
1499343967 222782
1499343967 658565
1499343967 834709
1499343968 10994
1499343968 211980
1499343968 393270
1499343968 574382
1499343968 955681
1499343969 126850
1499343969 302596
1499343969 508462
1499343969 699402
1499343969 930575
1499343970 221646
1499343970 397361
1499343970 573195
1499343970 754141
1499343970 960474
1499343971 275843
1499343971 576763
1499343971 752706
1499343971 938567
1499343972 139481
1499343972 365087
1499343972 601228
1499343972 792263
1499343972 963274
1499343973 149695
1499343973 340538
1499343973 516041
1499343973 741854
1499343973 927505
1499343974 103355
1499343974 289327
1499343974 485503
1499343974 701411
1499343975 2465
1499343975 488926
1499343975 664815
1499343975 835792
1499343976 36689
1499343976 222854
1499343976 519043
1499343976 899879
1499343977 71075
1499343977 241891
1499343977 428077
1499343977 668930
1499343977 955082
1499343978 401075
1499343978 577307
1499343978 763280
1499343978 939708
1499343979 130679
1499343979 311566
1499343979 572584
1499343979 748131
1499343979 934590
1499343980 105421
1499343980 336172
1499343980 577240
1499343980 862912
1499343981 33947
1499343981 204612
1499343981 390733
1499343981 561938
1499343981 763246
1499343982 214242
1499343982 385260
1499343982 556078
1499343982 737373
1499343982 953570
1499343983 190428
1499343983 371157
1499343983 541914
1499343983 722970
1499343983 929102
1499343984 145343
1499343984 346461
1499343984 732504
1499343984 908370
1499343985 84068
1499343985 255298
1499343985 441359
1499343985 702615
1499343985 908488
1499343986 84763
1499343986 270814
1499343986 471399
1499343986 712328
1499343986 923269
1499343987 109046
1499343987 285095
1499343987 456530
1499343987 632066
1499343987 858081
1499343988 139004
1499343988 479987
1499343988 655988
1499343988 841745
1499343989 19213
1499343989 227448
1499343989 423425
1499343989 694430
1499343989 864839
1499343990 50419
1499343990 251446
1499343990 432604
1499343990 703855
1499343991 89824
1499343991 265473
1499343991 450955
1499343991 636845
1499343991 882581
1499343992 83276
1499343992 439112
1499343992 614795
1499343992 791146
1499343992 982032
1499343993 177683
1499343993 418855
1499343993 665107
1499343993 841256
1499343994 21964
1499343994 223047
1499343994 464035
1499343994 714991
1499343994 921146
1499343995 91958
1499343995 278547
1499343995 469618
1499343995 715397
1499343995 891239
1499343996 327391
1499343996 502899
1499343996 689642
1499343996 890732
1499343997 136079
1499343997 351409
1499343997 642282
1499343997 812930
1499343997 988876
1499343998 184296
1499343998 394669
1499343998 580621
1499343998 951373
1499343999 127350
1499343999 308149
1499343999 513591
1499343999 754486
1499344000 492
1499344000 311385
1499344000 482342
1499344000 658032
1499344000 853572
1499344001 79697
1499344001 305116
1499344001 501126
1499344001 677100
1499344001 852993
1499344002 48577
1499344002 229943
1499344002 440764
1499344002 741095
1499344002 911783
1499344003 87941
1499344003 293914
1499344003 534604
1499344003 830567
1499344004 1616
1499344004 177364
1499344004 352864
1499344004 543468
1499344004 719048
1499344004 995080
1499344005 341395
1499344005 512012
1499344005 687793
1499344005 893556
1499344006 64303
1499344006 244982
1499344006 655650
1499344006 827040
1499344006 998577
1499344007 204244
1499344007 434975
1499344007 636161
1499344008 46555
1499344008 222476
1499344008 408189
1499344008 609178
1499344008 825283
1499344009 101132
1499344009 401477
1499344009 572720
1499344009 748790
1499344009 924822
1499344010 135859
1499344010 461764
1499344010 687642
1499344010 863568
1499344011 49530
1499344011 235118
1499344011 445925
1499344011 762146
1499344012 67617
1499344012 243660
1499344012 429944
1499344012 630953
1499344012 806920
1499344012 977413
1499344013 213037
1499344013 383919
1499344013 560028
1499344013 740666
1499344013 916626
1499344014 142502
1499344014 402862
1499344014 578383
1499344014 748810
1499344014 919481
1499344015 154860
1499344015 425915
1499344015 781869
1499344015 952509
1499344016 123017
1499344016 294440
1499344016 489969
1499344016 725614
1499344017 176328
1499344017 352382
1499344017 522895
1499344017 703540
1499344017 938856
1499344018 184507
1499344018 385344
1499344018 556005
1499344018 726598
1499344018 931866
1499344019 172391
1499344019 442925
1499344019 848607
1499344020 24345
1499344020 195104
1499344020 395965
1499344020 632116
1499344020 928053
1499344021 183928
1499344021 354523
1499344021 540983
1499344021 721821
1499344021 937669
1499344022 143261
1499344022 604281
1499344022 775509
1499344022 960882
1499344023 151900
1499344023 397329
1499344023 607868
1499344023 879380
1499344024 55044
1499344024 226071
1499344024 416674
1499344024 597153
1499344024 778223
1499344024 953893
1499344025 129332
1499344025 299627
1499344025 504963
1499344025 730690
1499344025 906357
1499344026 246898
1499344026 422460
1499344026 602972
1499344026 803291
1499344026 974373
1499344027 169896
1499344027 435418
1499344027 606286
1499344027 786778
1499344027 987326
1499344028 177719
1499344028 493087
1499344028 813964
1499344028 984335
1499344029 154631
1499344029 355055
1499344029 526162
1499344029 756620
1499344030 62027
1499344030 237470
1499344030 418322
1499344030 618919
1499344030 829261
1499344031 79951
1499344031 520804
1499344031 696573
1499344031 867290
1499344032 38183
1499344032 279032
1499344032 584770
1499344032 820759
1499344032 991943
1499344033 172664
1499344033 352956
1499344033 528588
1499344033 704424
1499344033 979742
1499344034 150840
1499344034 331409
1499344034 507079
1499344034 677644
1499344034 943420
1499344035 398834
1499344035 574473
1499344035 744821
1499344035 920008
1499344036 140393
1499344036 385842
1499344036 756209
1499344036 932025
1499344037 102959
1499344037 278710
1499344037 469770
1499344037 670263
1499344037 936091
1499344038 111439
1499344038 286896
1499344038 463159
1499344038 638913
1499344038 889725
1499344039 135297
1499344039 306472
1499344039 477321
1499344039 648231
1499344039 843743
1499344040 59292
1499344040 430339
1499344040 601022
1499344040 781537
1499344040 982402
1499344041 188162
1499344041 384705
1499344041 835533
1499344042 11115
1499344042 187286
1499344042 377671
1499344042 573506
1499344042 899306
1499344043 215052
1499344043 390385
1499344043 561207
1499344043 756771
1499344043 957624
1499344044 203563
1499344044 513990
1499344044 684627
1499344044 865355
1499344045 41004
1499344045 232061
1499344045 417847
1499344045 638277
1499344045 809143
1499344045 990032
1499344046 186087
1499344046 376559
1499344046 572468
1499344046 828125
1499344047 4238
1499344047 184876
1499344047 376128
1499344047 551642
1499344047 722208
1499344048 112564
1499344048 283414
1499344048 454045
1499344048 644688
1499344048 890733
1499344049 151398
1499344049 562251
1499344049 737695
1499344049 923791
1499344050 109623
1499344050 349952
1499344050 641084
1499344051 112164
1499344051 282605
1499344051 458449
1499344051 663746
1499344051 859396
1499344052 180190
1499344052 436186
1499344052 612050
1499344052 798467
1499344052 999060
1499344053 179421
1499344053 400021
1499344053 630776
1499344053 801544
1499344053 987490
1499344054 158058
1499344054 383632
1499344054 654341
1499344055 74972
1499344055 250552
1499344055 421559
1499344055 592598
1499344055 828584
1499344056 69992
1499344056 295378
1499344056 471290
1499344056 657061
1499344056 833307
1499344057 28795
1499344057 214436
1499344057 404994
1499344057 575639
1499344057 746779
1499344057 932448
1499344058 103413
1499344058 409355
1499344058 770833
1499344058 947389
1499344059 128592
1499344059 324650
1499344059 521152
1499344059 802232
1499344060 228457
1499344060 403995
1499344060 579710
1499344060 750752
1499344060 951760
1499344061 142662
1499344061 363441
1499344061 539324
1499344061 725445
1499344061 906208
1499344062 137109
1499344062 368372
1499344062 704515
1499344062 875562
1499344063 51449
1499344063 231963
1499344063 417435
1499344063 653148
1499344063 984458
1499344064 160105
1499344064 335842
1499344064 536820
1499344064 752953
1499344064 973484
1499344065 149373
1499344065 325118
1499344065 510746
1499344065 706517
1499344065 937589
1499344066 178431
1499344066 534333
1499344066 705139
1499344066 885827
1499344067 61580
1499344067 262269
1499344067 468503
1499344067 734631
1499344067 905339
1499344068 92014
1499344068 263091
1499344068 448730
1499344068 714217
1499344069 140249
1499344069 310689
1499344069 486862
1499344069 667551
1499344069 888421
1499344070 109664
1499344070 586059
1499344070 756993
1499344070 928165
1499344071 104435
1499344071 335289
1499344071 546465
1499344071 862653
1499344072 38233
1499344072 213699
1499344072 384730
1499344072 570371
1499344072 751352
1499344073 172578
1499344073 343027
1499344073 529330
1499344073 725440
1499344073 946379
1499344074 117537
1499344074 612296
1499344074 782966
1499344074 963679
1499344075 159332
1499344075 330346
1499344075 616044
1499344076 41955
1499344076 217607
1499344076 389339
1499344076 565053
1499344076 735413
1499344076 991605
1499344077 392349
1499344077 563518
1499344077 739165
1499344077 914912
1499344078 126238
1499344078 317553
1499344078 713627
1499344078 884765
1499344079 70620
1499344079 271362
1499344079 472016
1499344079 762913
1499344080 63569
1499344080 239247
1499344080 410066
1499344080 605696
1499344080 846555
1499344081 157356
1499344081 427935
1499344081 604045
1499344081 785099
1499344081 981121
1499344082 201993
1499344082 482929
1499344082 779042
1499344082 949889
1499344083 125740
1499344083 316462
1499344083 513011
1499344083 724002
1499344084 155235
1499344084 331109
1499344084 506618
1499344084 677795
1499344084 879045
1499344085 125294
1499344085 341304
1499344085 517167
1499344085 688444
1499344085 874519
1499344086 65785
1499344086 286819
1499344086 633035
1499344086 808971
1499344086 980164
1499344087 151167
1499344087 367226
1499344087 538202
1499344087 859650
1499344088 35705
1499344088 221906
1499344088 417609
1499344088 624188
1499344088 935474
1499344089 181128
1499344089 357152
1499344089 528016
1499344089 713181
1499344089 914385
1499344090 180304
1499344090 351163
1499344090 527120
1499344090 708156
1499344090 893944
1499344091 104787
1499344091 405811
1499344091 802038
1499344091 973088
1499344092 158581
1499344092 334357
1499344092 510359
1499344092 801045
1499344093 57166
1499344093 232906
1499344093 404063
1499344093 595297
1499344093 826360
1499344094 106728
1499344094 587247
1499344094 763337
1499344094 944596
1499344095 115138
1499344095 321190
1499344095 606642
1499344095 927750
1499344096 98831
