1500901919 769055
1500901926 325889
1500901928 706268
1500901929 41546
1500901933 678163
1500901937 65955
1500901937 699413
1500901937 862826
1500901938 352214
1500901938 525266
1500901938 688511
1500901939 187878
1500901939 676974
1500901941 108101
1500901941 750383
1500901943 227761
1500901943 689077
1500901944 533590
1500901945 368596
1500901945 983148
1500901946 818887
1500901948 585010
1500901949 75213
1500901949 554163
1500901949 880757
1500901950 44137
1500901950 207519
1500901950 370793
1500901950 533522
1500901951 868193
1500901952 367365
1500901952 694080
1500901952 856591
1500901953 183391
1500901953 345887
1500901953 509109
1500901953 672357
1500901954 968177
1500901955 131408
1500901955 745912
1500901956 72837
1500901956 523631
1500901956 687161
1500901956 849535
1500901957 492190
1500901957 818661
1500901957 981894
1500901958 317983
1500901959 460450
1500901960 276076
1500901960 612019
1500901961 92044
1500901961 255505
1500901961 418869
1500901961 581364
1500901962 359137
1500901962 522297
1500901962 820324
1500901963 145826
1500901963 309210
1500901964 288723
1500901964 624066
1500901964 950985
1500901965 276571
1500901965 613244
1500901967 350203
1500901967 992659
1500901968 329214
1500901968 655215
1500901968 818597
1500901969 144345
1500901969 989196
1500901970 497408
1500901971 285119
1500901971 803183
1500901974 107461
1500901974 433321
1500901974 596563
1500901975 259224
1500901975 584785
1500901975 748174
1500901977 754911
1500901978 224650
1500901978 560724
1500901980 682315
1500901981 181512
1500901981 344767
1500901981 796038
1500901981 959056
1500901982 122487
1500901982 285040
1500901982 448235
1500901982 611642
1500901983 273302
1500901983 964587
1500901984 281327
1500901985 855020
1500901989 637436
1500901991 922800
1500901994 52714
1500901995 339338
1500901996 183423
1500901997 699083
1500901997 862425
1500901998 515562
1500901999 493738
1500902001 280036
1500902001 443159
1500902002 85810
1500902002 383382
1500902002 872527
1500902003 352526
1500902005 589630
1500902006 405510
1500902006 568696
1500902006 732033
1500902007 231259
1500902008 200562
1500902008 507114
1500902009 160626
1500902009 649585
1500902009 813182
1500902010 139828
1500902010 619145
1500902010 792535
1500902010 954730
1500902011 118052
1500902011 281494
1500902011 780515
1500902012 759842
1500902013 229926
1500902014 910591
1500902015 73129
1500902016 359715
1500902016 839934
1500902017 482179
1500902017 818988
1500902018 635093
1500902018 798480
1500902019 450889
1500902020 401122
1500902021 380052
1500902023 578010
1500902023 741463
1500902024 240658
1500902025 374042
1500902025 872894
1500902028 253471
1500902028 762759
1500902029 549569
1500902030 404423
1500902032 313908
1500902032 476892
1500902033 590484
1500902034 243189
1500902034 569842
1500902035 366527
1500902036 182424
1500902036 345971
1500902036 805969
1500902036 979224
1500902037 305045
1500902037 919211
1500902039 253388
1500902039 416614
1500902040 69280
1500902041 998560
1500902043 304550
1500902044 120382
1500902044 773099
1500902045 281897
1500902046 78693
1500902046 241145
1500902046 903718
1500902047 383667
1500902047 547235
1500902049 831437
1500902050 157926
1500902050 321558
1500902051 70085
1500902051 540089
1500902052 164566
1500902052 663771
1500902052 999414
1500902053 498828
1500902053 661968
1500902054 151111
1500902054 957818
1500902055 121232
1500902055 918042
1500902056 407277
1500902056 877297
1500902057 693879
1500902057 856787
1500902060 198770
1500902060 362176
1500902061 168991
1500902061 831539
1500902062 301243
1500902062 771228
1500902063 270503
1500902063 433858
1500902064 230666
1500902066 966964
1500902068 579513
1500902072 227466
1500902073 696171
1500902075 463038
1500902078 803376
1500902078 966736
1500902080 445221
1500902081 327856
1500902083 736796
1500902085 666004
1500902085 973666
1500902086 453672
1500902086 617086
1500902086 779349
1500902088 37217
1500902088 373071
1500902088 690567
1500902088 853034
1500902089 506540
1500902090 130112
1500902090 639320
1500902091 580280
1500902092 885099
1500902093 48489
1500902093 375284
1500902093 701012
1500902094 526780
1500902095 342926
1500902095 506066
1500902096 724779
1500902098 126116
1500902098 299371
1500902099 461009
1500902100 430160
1500902100 593535
1500902100 756868
1500902101 908596
1500902102 235240
1500902102 398549
1500902102 561954
1500902103 51100
1500902104 999368
1500902105 162801
1500902106 343346
1500902107 160585
1500902108 571377
1500902109 60589
1500902109 694130
1500902109 857568
1500902110 20679
1500902110 184237
1500902111 153232
1500902111 316658
1500902112 94367
1500902112 430273
1500902113 73495
1500902113 562660
1500902114 33581
1500902114 359651
1500902114 858705
1500902115 185218
1500902115 684500
1500902116 145580
1500902116 961207
1500902117 123826
1500902117 287081
1500902117 450534
1500902117 613218
1500902119 543147
1500902119 868948
1500902120 32367
1500902120 368227
1500902121 817509
1500902122 134034
1500902122 614114
1500902124 236839
1500902125 205979
1500902125 686209
1500902126 329495
1500902126 799605
1500902128 277733
1500902129 420478
1500902130 351536
1500902130 995005
1500902132 645585
1500902133 446368
1500902133 605847
1500902133 769401
1500902133 932600
1500902134 95923
1500902135 555146
1500902135 717682
1500902136 43579
1500902137 464760
1500902137 790502
1500902138 404578
1500902138 904832
1500902141 16459
1500902141 343160
1500902141 832472
1500902143 118358
1500902143 608492
1500902144 241807
1500902144 405055
1500902145 38702
1500902147 342773
1500902147 841968
1500902148 657590
1500902150 769713
1500902152 833429
1500902153 159787
1500902154 446684
1500902157 114834
1500902158 93847
1500902158 583254
1500902159 236566
1500902159 399880
1500902160 215689
1500902160 704881
1500902161 155768
