1502795724 930007
1502795724 985662
1502795725 43329
1502795725 100128
1502795725 158192
1502795725 215364
1502795725 273578
1502795725 330501
1502795725 389015
1502795725 446156
1502795725 503954
1502795725 561102
1502795725 618991
1502795725 676275
1502795725 734469
1502795725 791776
1502795725 849715
1502795725 906832
1502795725 964968
1502795726 22057
1502795726 79123
1502795726 137081
1502795726 194704
1502795726 252528
1502795726 309690
1502795726 368073
1502795726 425002
1502795726 483107
1502795726 540211
1502795726 598172
1502795726 655381
1502795726 713611
1502795726 770760
1502795726 828771
1502795726 885956
1502795726 944215
1502795727 1197
1502795727 58352
1502795727 116535
1502795727 173511
1502795727 231777
1502795727 288897
1502795727 346978
1502795727 404105
1502795727 462066
1502795727 519594
1502795727 577348
1502795727 634622
1502795727 692818
1502795727 749993
1502795727 807890
1502795727 864998
1502795727 923176
1502795727 980416
1502795728 37535
1502795728 95576
1502795728 153125
1502795728 210980
1502795728 268217
1502795728 326126
1502795728 383332
1502795728 441505
1502795728 498526
1502795728 556809
1502795728 613907
1502795728 671978
1502795728 729111
1502795728 787093
1502795728 844276
1502795728 902443
1502795728 959487
1502795729 16613
1502795729 74801
1502795729 131896
1502795729 189957
1502795729 247095
1502795729 305512
1502795729 362517
1502795729 420459
1502795729 477856
1502795729 535918
1502795729 593157
1502795729 650932
1502795729 708181
1502795729 766264
1502795729 823668
1502795729 881534
1502795729 938834
1502795729 996787
1502795730 53980
1502795730 112095
1502795730 169321
1502795730 226675
1502795730 284552
1502795730 341616
1502795730 399723
1502795730 456859
1502795730 515019
1502795730 572155
1502795730 630294
1502795730 687280
1502795730 745322
1502795730 802731
1502795730 860716
1502795730 917972
1502795730 976004
1502795731 33169
1502795731 91331
1502795731 148599
1502795731 205760
1502795731 263581
1502795731 320720
1502795731 378901
1502795731 436152
1502795731 494001
1502795731 551522
1502795731 609542
1502795731 666696
1502795731 724865
1502795731 781778
1502795731 839815
1502795731 897245
1502795731 955099
1502795732 12521
1502795732 70429
1502795732 127589
1502795732 184753
1502795732 243060
1502795732 300033
1502795732 357967
1502795732 415432
1502795732 473372
1502795732 530490
1502795732 588704
1502795732 646112
1502795732 704081
1502795732 761028
1502795732 819019
1502795732 876343
1502795732 934244
1502795732 991477
1502795733 49550
1502795733 106681
1502795733 164763
1502795733 222049
1502795733 279430
1502795733 337254
1502795733 394468
1502795733 452608
1502795733 509884
1502795733 567731
1502795733 624949
1502795733 683040
1502795733 740505
1502795733 798300
1502795733 855550
1502795733 913530
1502795733 970748
1502795734 28870
1502795734 85990
1502795734 144176
1502795734 201195
1502795734 258327
1502795734 316654
1502795734 373721
1502795734 431720
1502795734 488964
1502795734 547047
1502795734 604092
1502795734 662397
1502795734 719596
1502795734 777534
1502795734 834656
1502795734 892653
1502795734 950870
1502795735 7973
1502795735 75601
1502795735 132229
1502795735 190401
1502795735 248125
1502795735 305669
1502795735 362784
1502795735 420085
1502795735 480251
1502795735 545207
1502795735 602629
1502795735 660445
1502795735 720316
1502795735 784785
1502795735 842945
1502795735 900107
1502795735 958297
1502795736 15298
1502795736 73355
1502795736 130542
1502795736 188670
1502795736 245878
1502795736 303929
1502795736 361414
1502795736 419179
1502795736 476460
1502795736 534438
1502795736 594099
1502795736 658909
1502795736 716858
1502795736 774037
1502795736 832172
1502795736 889354
1502795736 946365
1502795737 4590
1502795737 61975
1502795737 119710
1502795737 176963
1502795737 235172
1502795737 292071
1502795737 350396
1502795737 407306
1502795737 467632
1502795737 532797
1502795737 589845
1502795737 647949
1502795737 705139
1502795737 763500
1502795737 820410
1502795737 878389
1502795737 935614
1502795737 993770
1502795738 50956
1502795738 117976
1502795738 185482
1502795738 253139
1502795738 319526
1502795738 386593
1502795738 453871
1502795738 520915
1502795738 588100
1502795738 655226
1502795738 723260
1502795738 790388
1502795738 857699
1502795738 924610
1502795738 991844
1502795739 59054
1502795739 126412
1502795739 193780
1502795739 260779
1502795739 327740
1502795739 395021
1502795739 462221
1502795739 529290
1502795739 596295
1502795739 663520
1502795739 730673
1502795739 797915
1502795739 864926
1502795739 932223
1502795740 4108
1502795740 66479
1502795740 134069
1502795740 200891
1502795740 268027
1502795740 335059
1502795740 402186
1502795740 469435
1502795740 536735
1502795740 603738
1502795740 671163
1502795740 738250
1502795740 805177
1502795740 872310
1502795740 940685
1502795741 7666
1502795741 74747
1502795741 141901
1502795741 209017
1502795741 276268
1502795741 343328
1502795741 410663
1502795741 477638
1502795741 545003
1502795741 611957
1502795741 679167
1502795741 746554
1502795741 813340
1502795741 880649
1502795741 947720
1502795742 14873
1502795742 82130
1502795742 149319
1502795742 217377
1502795742 284639
1502795742 351711
1502795742 418863
