1502357269 520714
1502357269 761437
1502357269 981440
1502357270 231154
1502357270 365400
1502357270 624244
1502357270 892791
1502357271 104184
1502357271 267437
1502357271 458973
1502357271 708658
1502357271 948130
1502357272 82613
1502357272 274834
1502357272 533578
1502357272 696829
1502357272 812320
1502357273 51691
1502357273 175972
1502357273 406538
1502357273 607960
1502357273 694246
1502357273 943898
1502357274 174185
1502357274 375699
1502357274 587299
1502357274 788702
1502357274 933112
1502357275 48178
1502357275 162622
1502357275 402105
1502357275 651600
1502357275 853180
1502357275 987573
1502357276 226905
1502357276 390258
1502357276 495630
1502357276 677961
1502357276 831330
1502357276 936615
1502357277 128124
1502357277 367844
1502357277 598432
1502357277 751986
1502357277 924083
1502357278 135583
1502357278 355136
1502357278 585631
1502357278 835310
1502357279 103729
1502357279 324710
1502357279 420475
1502357279 641127
1502357279 880594
1502357279 985835
1502357280 149536
1502357280 331533
1502357280 581361
1502357280 811644
1502357281 61298
1502357281 224579
1502357281 473265
1502357281 607554
1502357281 722857
1502357281 972492
1502357282 221863
1502357282 404266
1502357282 509647
1502357282 769268
1502357282 950689
1502357283 181169
1502357283 430799
1502357283 555090
1502357283 785709
1502357284 6149
1502357284 207213
1502357284 389852
1502357284 524149
1502357284 648741
1502357284 753652
1502357284 879181
1502357285 118801
1502357285 262893
1502357285 464580
1502357285 703683
1502357285 791092
1502357285 972639
1502357286 174102
1502357286 279220
1502357286 528744
1502357286 634083
1502357286 883982
1502357287 37482
