1500394214 514560
1500394214 533697
1500394214 696630
1500394214 716256
1500394214 860029
1500394214 879476
1500394215 42315
1500394215 61756
1500394215 214908
1500394215 234168
1500394215 387252
1500394215 406580
1500394215 550513
1500394215 569981
1500394215 732994
1500394215 752389
1500394215 877286
1500394215 896665
1500394216 30793
1500394216 50063
1500394216 213037
1500394216 232558
1500394216 395453
1500394216 414893
1500394216 597243
1500394216 616444
1500394216 750218
1500394216 769733
1500394216 913691
1500394216 933380
