1502207899 369762
1502207899 465965
1502207899 533083
1502207899 591187
1502207899 887942
1502207899 945991
1502207900 3252
1502207900 60377
1502207900 117529
1502207900 175655
1502207900 232778
1502207900 290851
1502207900 358019
1502207900 425177
1502207900 530470
1502207900 587624
1502207900 645663
1502207900 702885
1502207900 760970
1502207900 866223
1502207901 29545
1502207901 86694
1502207901 144946
1502207901 202035
1502207901 260088
1502207901 317395
1502207901 375314
1502207901 432469
1502207901 490598
1502207901 547841
1502207901 605843
1502207901 662986
1502207901 720174
1502207901 778260
1502207901 835530
1502207901 893573
1502207901 950678
1502207902 75905
1502207902 133068
1502207902 191160
1502207902 248316
1502207902 354523
1502207902 411808
1502207902 469774
1502207902 526991
1502207902 585135
1502207902 642213
1502207902 699455
1502207902 757439
1502207902 814625
1502207902 872782
1502207903 26164
1502207903 112314
1502207903 170378
1502207903 419957
1502207903 803777
1502207903 929120
1502207904 139580
1502207904 197807
1502207904 254851
1502207904 312868
1502207904 370112
1502207904 428134
1502207904 514374
1502207904 648679
1502207904 705870
1502207904 926338
1502207905 339303
1502207905 426507
1502207905 493552
1502207905 550716
1502207905 608922
1502207905 665993
1502207905 723153
1502207905 781229
1502207905 838413
1502207905 896490
1502207905 953687
1502207906 11705
1502207906 68990
1502207906 126994
1502207906 184150
1502207906 242269
1502207906 299523
1502207906 357503
1502207906 414677
1502207906 472710
1502207906 530037
1502207906 587282
1502207906 645180
1502207906 702383
1502207906 769609
1502207906 827593
1502207906 884754
1502207906 942903
1502207907 25
1502207907 58103
1502207907 115300
1502207907 173327
1502207907 230545
1502207907 288605
1502207907 345765
1502207907 403920
1502207907 461052
1502207907 519123
1502207907 624370
1502207907 681581
1502207907 825831
1502207907 970127
1502207908 56320
1502207908 199751
1502207908 354016
1502207908 411158
1502207908 469296
1502207908 526423
1502207908 660740
1502207908 795050
1502207908 853141
1502207908 910298
1502207909 333201
1502207909 419376
1502207909 572814
1502207909 659069
1502207909 774211
1502207909 832351
1502207909 889514
1502207909 946664
1502207910 4974
1502207910 61941
1502207910 119944
1502207910 177171
1502207910 235263
1502207910 590089
1502207910 724425
1502207910 782537
1502207910 839615
1502207910 897846
1502207910 954939
1502207911 12977
1502207911 70192
1502207911 128204
1502207911 185375
1502207911 243529
1502207911 540230
1502207911 598315
1502207911 655515
1502207911 713643
1502207911 770763
1502207911 827926
1502207911 886006
1502207911 943218
1502207912 1232
1502207912 58490
1502207912 240870
1502207912 298912
1502207912 356087
1502207912 414319
1502207912 471349
1502207912 529406
1502207912 586618
1502207912 644667
1502207912 701821
1502207912 788019
1502207912 845263
1502207912 902404
1502207912 959579
1502207913 190081
1502207913 257239
1502207913 324383
1502207913 534959
1502207913 650166
1502207913 717337
1502207913 784488
1502207913 851630
1502207913 918826
1502207914 130224
1502207914 197378
1502207914 264610
1502207914 331718
1502207914 398865
1502207914 465995
1502207914 533161
1502207914 600347
1502207914 667495
1502207914 734633
1502207914 917040
1502207914 984209
1502207915 51373
1502207915 119428
1502207915 186599
1502207915 253779
1502207915 598640
1502207915 666672
1502207915 733821
1502207915 820048
1502207916 50591
1502207916 117692
1502207916 184891
1502207916 625854
1502207916 751118
1502207917 67816
1502207917 173089
1502207917 240288
1502207917 307417
1502207917 451692
1502207917 547962
1502207917 615036
1502207917 682217
1502207917 835611
1502207917 969892
1502207918 37061
1502207918 114190
1502207918 382852
1502207918 469026
1502207918 537173
1502207918 604251
1502207918 920958
1502207918 997367
1502207919 64556
1502207919 131532
1502207919 198671
1502207919 266694
1502207919 333951
1502207919 401011
1502207919 468193
1502207919 833026
1502207920 43509
1502207920 168775
1502207920 235916
1502207920 303136
1502207920 380213
1502207920 447380
1502207920 523582
1502207920 696933
1502207920 764139
1502207920 955579
1502207921 42728
1502207921 186123
1502207921 253245
1502207921 320403
1502207921 387548
1502207921 454767
1502207921 522784
1502207921 589951
1502207921 657123
1502207921 724241
1502207921 791414
1502207921 858557
1502207921 925837
1502207921 992934
1502207922 60051
1502207922 261464
1502207922 328655
1502207922 395746
1502207922 636333
1502207922 769791
1502207922 836792
1502207923 86389
1502207923 259731
1502207923 413056
1502207923 480307
1502207923 835055
1502207923 912208
1502207923 979358
1502207924 46561
1502207924 151912
1502207924 296092
1502207924 468600
1502207924 535660
1502207924 871479
1502207924 939518
1502207925 6695
1502207925 73792
1502207925 140928
1502207925 208138
1502207925 275304
1502207925 343032
1502207925 409550
1502207925 476810
1502207925 572965
1502207925 640081
1502207925 707233
1502207925 774391
1502207925 841624
1502207925 908774
1502207925 975885
1502207926 43070
1502207926 110255
1502207926 177392
1502207926 321888
1502207926 494147
1502207926 984177
1502207927 127510
1502207927 194624
1502207927 290835
1502207927 425169
1502207927 492330
1502207927 559439
1502207927 693846
1502207927 760896
1502207927 828058
1502207927 895242
1502207927 962416
1502207928 30463
1502207928 97585
1502207928 164846
1502207928 231914
1502207928 299101
1502207928 366206
1502207928 750084
1502207928 817305
1502207929 56879
1502207929 123982
1502207929 249227
1502207929 316400
1502207929 383612
1502207929 450673
1502207929 517807
1502207929 585049
1502207929 652177
1502207929 719344
1502207929 786461
1502207929 853647
1502207929 920850
1502207929 987946
1502207930 55989
1502207930 123154
1502207930 190302
1502207930 257467
1502207930 324613
1502207930 410954
1502207930 603211
1502207930 737501
1502207930 929090
1502207931 111395
1502207931 178588
1502207931 245709
1502207931 312895
1502207931 380104
1502207931 447210
1502207931 514352
1502207931 629617
1502207931 734905
1502207931 956289
1502207932 70664
1502207932 138711
1502207932 205860
1502207932 273068
1502207932 340194
1502207932 407339
1502207932 474496
1502207932 541648
1502207932 608813
1502207932 675993
1502207932 743131
1502207932 810295
1502207932 877419
1502207932 944596
1502207933 11732
1502207933 319375
1502207933 462782
1502207933 529984
1502207933 597099
1502207933 665367
1502207933 732287
1502207933 799490
1502207933 866681
1502207933 933759
1502207934 902
1502207934 68093
1502207934 135204
1502207934 202384
1502207934 269539
1502207934 336726
1502207934 403896
1502207934 470972
1502207934 538142
1502207934 605389
1502207934 672479
1502207934 739606
1502207934 806805
1502207934 980086
1502207935 95361
1502207935 276839
1502207935 344018
1502207935 411175
1502207935 478362
1502207935 545509
1502207935 612639
1502207935 679754
1502207935 968379
1502207936 35560
1502207936 102730
1502207936 169851
1502207936 236962
1502207936 304151
1502207936 371358
1502207936 438446
1502207936 505601
1502207936 572794
1502207936 639898
1502207936 707085
1502207936 774244
1502207936 841362
1502207936 995916
1502207937 159041
1502207937 226169
1502207937 360550
1502207937 446700
1502207937 513911
1502207937 667237
1502207937 916753
1502207938 61171
1502207938 339707
1502207938 406834
1502207938 541136
1502207938 608333
1502207938 675457
1502207938 742666
1502207938 837902
1502207938 992129
1502207939 59305
1502207939 126486
1502207939 193607
1502207939 260828
1502207939 327965
1502207939 395139
1502207939 462295
1502207939 529409
1502207939 596597
1502207939 663800
1502207939 730890
1502207939 798008
1502207939 865321
1502207939 932505
1502207939 999507
1502207940 66714
1502207940 134724
1502207940 201835
1502207940 268987
1502207940 336131
1502207940 403362
1502207940 470528
1502207940 537653
1502207940 604832
1502207940 700086
1502207940 767281
1502207940 834431
1502207941 74908
1502207941 247385
1502207941 314509
1502207941 381664
1502207941 448801
1502207941 785652
1502207941 861679
1502207941 986964
1502207942 131211
1502207942 302692
1502207942 417976
1502207942 485114
1502207942 706579
1502207942 773711
1502207942 927069
1502207943 23365
1502207943 90470
1502207943 157690
1502207943 242977
1502207943 387221
1502207943 454328
1502207943 521462
1502207943 588668
1502207943 655822
1502207943 847337
1502207943 914454
1502207944 144922
1502207944 308314
1502207944 452580
1502207944 519716
1502207944 624994
1502207944 692171
1502207944 836467
1502207944 922701
1502207944 989851
1502207945 95133
1502207945 497995
1502207945 565159
1502207945 632361
1502207945 699540
1502207945 766638
1502207945 833816
1502207945 901872
1502207945 968999
1502207946 36131
1502207946 103357
1502207946 170503
1502207946 323830
1502207946 410065
1502207946 477209
1502207946 544425
1502207946 611580
1502207946 678720
1502207946 745863
1502207946 842032
1502207946 909195
1502207947 34406
1502207947 216840
1502207947 312139
1502207947 379307
1502207947 446425
1502207947 513599
1502207947 580801
1502207947 706009
1502207947 773156
1502207947 849408
1502207947 916522
1502207947 983664
1502207948 108032
1502207948 175207
1502207948 243266
1502207948 310382
1502207948 396615
1502207948 492789
1502207948 559939
1502207948 683353
1502207948 827660
1502207948 894845
1502207948 961958
1502207949 29139
1502207949 96313
1502207949 163468
1502207949 230579
1502207949 297788
1502207949 365802
1502207949 432982
1502207949 538231
1502207949 615404
1502207949 682521
1502207949 749649
1502207949 816846
1502207949 883976
1502207949 951125
1502207950 18279
1502207950 85466
1502207950 152603
1502207950 219763
1502207950 286873
1502207950 354094
1502207950 421231
1502207950 488366
1502207950 555514
1502207950 737927
1502207950 834132
1502207950 901306
1502207951 6560
1502207951 111833
1502207951 275178
1502207951 342386
1502207951 409517
1502207951 707130
1502207952 14936
1502207952 178151
1502207952 245340
1502207952 312479
1502207952 379795
1502207952 474995
1502207952 552034
1502207952 638288
1502207952 810754
1502207953 79357
1502207953 290802
1502207953 357910
1502207953 425047
1502207953 588378
1502207953 866141
1502207954 87615
1502207954 528618
1502207954 595780
1502207954 662881
1502207954 730018
1502207954 826195
1502207954 951472
1502207955 18625
1502207955 85816
1502207955 152960
1502207955 220214
1502207955 287264
1502207955 440595
1502207955 574958
1502207955 757407
1502207955 929949
1502207956 15995
1502207956 84031
1502207956 237432
1502207956 448827
1502207956 563306
1502207956 640372
1502207956 948021
1502207957 63203
1502207957 168502
1502207957 340943
1502207957 475313
1502207957 542460
1502207957 609630
1502207957 677731
1502207957 744781
1502207957 811946
1502207957 879111
1502207957 946273
1502207958 13429
1502207958 128701
1502207958 195772
1502207958 263003
1502207958 330211
1502207958 483502
1502207958 550689
1502207958 617801
1502207958 848268
1502207958 915493
1502207958 982650
1502207959 107844
1502207959 232164
1502207959 482027
1502207959 606153
1502207959 759444
1502207959 826568
1502207959 990013
1502207960 105182
1502207960 172330
1502207960 239556
1502207960 469973
1502207960 547257
1502207960 614327
1502207960 776773
1502207960 844871
1502207960 912036
1502207961 84409
1502207961 209616
1502207961 276730
1502207961 343890
1502207961 411138
1502207961 526386
1502207961 708750
1502207961 775919
1502207961 843066
1502207961 958374
1502207962 25959
1502207962 92710
1502207962 159774
1502207962 226983
1502207962 370367
1502207962 438456
1502207962 505547
1502207962 572842
1502207962 640151
1502207962 711340
1502207962 775113
1502207962 841361
1502207962 908511
1502207962 975728
1502207963 110022
1502207963 177116
1502207963 244223
1502207963 762391
1502207963 829563
1502207963 896718
1502207963 963894
1502207964 31047
1502207964 98277
1502207964 165373
1502207964 338666
1502207964 453920
1502207964 540167
1502207964 607323
1502207964 693516
1502207964 875923
1502207964 943087
1502207965 269763
1502207965 605551
1502207965 720798
1502207965 788055
1502207965 855195
1502207966 181820
1502207966 248999
1502207966 316135
1502207966 393228
1502207966 460432
1502207966 584734
1502207966 651884
1502207966 719048
1502207966 786225
1502207966 853393
1502207967 131985
1502207967 304387
1502207967 371597
1502207967 438713
1502207967 563041
1502207967 707296
1502207967 774463
1502207967 841636
1502207967 908793
1502207967 975893
1502207968 43090
1502207968 110245
1502207968 177429
1502207968 244572
1502207968 311709
1502207968 378914
1502207968 446052
1502207968 513198
1502207968 580328
1502207968 647635
1502207968 714651
1502207968 781798
1502207968 848963
1502207968 916072
1502207968 983298
1502207969 53085
1502207969 118499
1502207969 185699
1502207969 252848
1502207969 319976
1502207969 387110
1502207969 598606
1502207969 847284
1502207970 1526
1502207970 68670
1502207970 481641
1502207970 768348
1502207970 835526
1502207971 85106
1502207971 200315
1502207971 276556
1502207971 536077
1502207971 603247
1502207971 689491
1502207971 756773
1502207971 823755
1502207971 890907
1502207971 958977
1502207972 26249
1502207972 93308
1502207972 160461
1502207972 227569
1502207972 294762
1502207972 419194
1502207972 697721
1502207972 793857
1502207972 918214
1502207973 62533
1502207973 129616
1502207973 196807
1502207973 264043
1502207973 523518
1502207973 657842
1502207973 753279
1502207973 821165
1502207973 888360
1502207973 955530
1502207974 22707
1502207974 205048
1502207974 272208
1502207974 387433
1502207974 454569
1502207974 521753
1502207974 588903
1502207974 656065
1502207974 723204
1502207974 790384
1502207974 857502
1502207974 953733
1502207975 20889
1502207975 164286
1502207975 231396
1502207975 298597
1502207975 367521
1502207975 433787
1502207975 500975
1502207975 568141
1502207975 635303
1502207975 702419
1502207975 769668
1502207975 836730
1502207975 903902
1502207975 971034
1502207976 115318
1502207976 354915
1502207976 431149
1502207976 546405
1502207976 613515
1502207976 680706
1502207976 747858
1502207976 815008
1502207976 883181
1502207976 950249
1502207977 17501
1502207977 84570
1502207977 151687
1502207977 372253
1502207977 468470
1502207977 573665
1502207977 640830
1502207977 707964
1502207977 775152
1502207977 842274
1502207978 62847
1502207978 168099
1502207978 312375
1502207978 388631
1502207978 465738
1502207978 743422
1502207978 820585
1502207978 887716
1502207978 954914
1502207979 22052
1502207979 89227
1502207979 165439
1502207979 232565
1502207979 299743
1502207979 366990
1502207979 434949
1502207979 502144
1502207979 569277
1502207979 636475
1502207979 703594
1502207979 770771
1502207979 837964
1502207979 905130
1502207979 972231
1502207980 39443
1502207980 106538
1502207980 173684
1502207980 240832
1502207980 308002
1502207980 375126
1502207980 442485
1502207980 509490
1502207980 576554
1502207980 960537
1502207981 28537
1502207981 95677
1502207981 162863
1502207981 230040
1502207981 297206
1502207981 364356
1502207981 431581
1502207981 498611
1502207981 565832
1502207981 632963
1502207981 700253
1502207981 767246
1502207981 834383
1502207981 901586
1502207981 968736
1502207982 36003
1502207982 102999
1502207982 170218
1502207982 237310
1502207982 362600
1502207982 429802
1502207982 496867
1502207982 564049
1502207982 631324
1502207982 698539
1502207982 765488
1502207982 832697
1502207982 899824
1502207982 967443
1502207983 34201
1502207983 102150
1502207983 169374
1502207983 236508
1502207983 303699
1502207983 370968
1502207983 438017
1502207983 505230
1502207983 572298
1502207983 639604
1502207983 966148
1502207984 61541
1502207984 157750
1502207984 311023
1502207984 416251
1502207984 483451
1502207984 598643
1502207984 723836
1502207984 886418
1502207984 953561
1502207985 20692
1502207985 87814
1502207985 154938
1502207985 232059
1502207985 500700
1502207985 567880
1502207985 635053
1502207986 182226
1502207986 249485
1502207986 316643
1502207986 383697
1502207986 451010
1502207986 518100
1502207986 585180
1502207986 681413
1502207986 969035
1502207987 36329
1502207987 103328
1502207987 171477
1502207987 237697
1502207987 305752
1502207987 381985
1502207987 497230
1502207987 679621
1502207988 15443
1502207988 293984
1502207988 495551
1502207988 562650
1502207988 697009
1502207988 793146
1502207988 860286
1502207988 927433
1502207988 994587
1502207989 90762
1502207989 166987
1502207989 287020
1502207989 359654
1502207989 426857
1502207989 580125
1502207989 743500
1502207990 20962
1502207990 98090
1502207990 165231
1502207990 241495
1502207990 308640
1502207990 375815
1502207990 443950
1502207990 530099
1502207990 597220
1502207990 664419
1502207990 798741
1502207990 865845
1502207990 932969
1502207991 221
1502207991 423082
1502207991 490192
1502207991 557432
1502207991 624556
1502207991 748834
1502207991 815981
1502207991 883205
1502207991 950341
1502207992 75561
1502207992 171779
1502207992 343240
1502207992 756267
1502207992 871528
1502207992 938659
1502207993 44834
1502207993 495804
1502207993 687292
1502207993 755328
1502207993 822484
1502207994 62101
1502207994 129275
1502207994 273498
1502207994 340705
1502207994 407847
1502207994 474998
1502207994 542151
1502207994 609317
1502207994 676717
1502207994 743636
1502207994 849799
1502207994 926117
1502207995 31325
1502207995 99351
1502207995 175583
1502207995 281736
1502207995 348905
1502207995 416046
1502207995 483231
1502207995 550367
1502207995 617519
1502207995 684707
1502207995 751904
1502207995 819169
1502207995 886120
1502207995 953330
1502207996 395233
1502207996 721063
1502207996 808160
1502207996 951517
1502207997 18701
1502207997 85886
1502207997 172291
1502207997 422571
1502207997 604989
1502207997 748331
1502207997 988837
1502207998 56005
1502207998 152147
1502207998 410840
1502207998 603241
1502207998 880858
1502207999 35157
1502207999 102507
1502207999 169500
1502207999 236777
1502207999 303857
1502207999 370973
1502207999 438081
1502207999 505286
1502207999 572475
1502207999 639605
1502207999 706803
1502207999 773882
1502207999 841338
1502207999 908365
1502207999 975409
1502208000 177687
1502208000 350194
1502208000 551662
1502208000 647836
1502208000 714930
1502208000 782216
1502208000 849277
1502208000 916422
1502208001 21721
1502208001 88867
1502208001 156017
1502208001 223189
1502208001 290306
1502208001 358395
1502208001 434628
1502208001 501749
1502208001 597923
1502208001 665215
1502208001 732369
1502208001 799427
1502208001 866623
1502208001 933835
1502208002 986
1502208002 68102
1502208002 135273
1502208002 202306
1502208002 279489
1502208002 346676
1502208002 413810
1502208002 480981
1502208002 548084
1502208002 615405
1502208002 682428
1502208002 749551
1502208002 941976
1502208003 9139
1502208003 210546
1502208003 277718
1502208003 344881
1502208003 412059
1502208003 479282
1502208003 546348
1502208003 613574
1502208003 795982
1502208003 863976
1502208003 931111
1502208004 237892
1502208004 305014
1502208004 372182
1502208004 458396
1502208004 640787
1502208004 881401
1502208005 5623
1502208005 72741
1502208005 139946
1502208005 207120
1502208005 389555
1502208005 457557
1502208005 697116
1502208005 764292
1502208005 831450
1502208005 917651
1502208005 984824
1502208006 91006
1502208006 215371
1502208006 340520
1502208006 407691
1502208006 474918
1502208007 22158
1502208007 89270
1502208007 156392
1502208007 280806
1502208007 347880
1502208007 415047
1502208007 483087
1502208007 617444
1502208007 684567
1502208007 751704
1502208007 818895
1502208007 886003
1502208007 953168
1502208008 20328
1502208008 87507
1502208008 279920
1502208008 385133
1502208008 509464
1502208008 576645
1502208008 701868
1502208008 769012
1502208008 836152
1502208008 903355
1502208008 970548
1502208009 123845
1502208009 192002
1502208009 517732
1502208009 642014
1502208009 776396
1502208009 843543
1502208009 911549
1502208009 978746
1502208010 113018
1502208010 189250
1502208010 256406
1502208010 323607
1502208010 390744
1502208010 612126
1502208010 688363
1502208010 755529
1502208010 822706
1502208010 890759
1502208010 996052
1502208011 63167
1502208011 130356
1502208011 197491
1502208011 264637
1502208011 331775
1502208011 399011
1502208011 466100
1502208011 533299
1502208011 600423
1502208011 667591
1502208011 734728
1502208011 801895
1502208011 869937
1502208011 937121
1502208012 4251
1502208012 147647
1502208012 214840
1502208012 281990
1502208012 397166
1502208012 464419
1502208012 560610
1502208012 627748
1502208012 829204
1502208012 906338
1502208012 973508
1502208013 40646
1502208013 107759
1502208013 174958
1502208013 242113
1502208013 309232
1502208013 376372
1502208013 443613
1502208013 510699
1502208013 577886
1502208013 646028
1502208013 713098
1502208013 780216
1502208013 847365
1502208013 914519
1502208013 981697
1502208014 48853
1502208014 115985
1502208014 183209
1502208014 250372
1502208014 336516
1502208014 441841
1502208014 509878
1502208014 854711
1502208015 114249
1502208015 191380
1502208015 257659
1502208015 324817
1502208015 469123
1502208015 536218
1502208015 603469
1502208015 670564
1502208015 737720
1502208015 804872
1502208015 871960
1502208015 939230
1502208016 45416
1502208016 112488
1502208016 179721
1502208016 380247
1502208016 610723
1502208016 677884
1502208016 745058
1502208016 812197
1502208016 927493
1502208016 994610
1502208017 245167
1502208017 513684
1502208017 619008
1502208017 878521
1502208017 945679
1502208018 12886
1502208018 80014
1502208018 147190
1502208018 252400
1502208018 405825
1502208018 655342
1502208018 722484
1502208018 789711
1502208018 857749
1502208018 963153
1502208019 49206
1502208019 126303
1502208019 231670
1502208019 298771
1502208019 366008
1502208019 433210
1502208019 539275
1502208019 797935
1502208020 9297
1502208020 76452
1502208020 143896
1502208020 277948
1502208020 355093
1502208020 642773
1502208020 883306
1502208020 950405
1502208021 17553
1502208021 449530
1502208021 516657
1502208021 583855
1502208021 651181
1502208021 718160
1502208021 890541
1502208022 140191
1502208022 630192
1502208023 33104
1502208023 100442
1502208023 186540
1502208023 475106
1502208023 551326
1502208023 619401
1502208023 686521
1502208023 753752
1502208023 820872
1502208023 888015
1502208023 955193
1502208024 22294
1502208024 89507
1502208024 156646
1502208024 396170
1502208024 463318
1502208024 559527
1502208024 636690
1502208024 703848
1502208024 771010
1502208024 838129
1502208024 905340
1502208024 972434
1502208025 39607
1502208025 106801
1502208025 183888
1502208025 337281
1502208025 557789
1502208025 663987
1502208025 798322
1502208025 865465
1502208025 961667
1502208026 28773
1502208026 124981
1502208026 192148
1502208026 259294
1502208026 326460
1502208026 393633
1502208026 460757
1502208026 527993
1502208026 595083
1502208026 662226
1502208026 729419
1502208026 796540
1502208026 863729
1502208026 930856
1502208026 998569
1502208027 65141
1502208027 536151
1502208027 603331
1502208027 670473
1502208027 823802
1502208027 920083
1502208027 987203
1502208028 111548
1502208028 274858
1502208028 342030
1502208028 409132
1502208028 476382
1502208028 543632
1502208028 610616
1502208028 677759
1502208028 822090
1502208028 889488
1502208028 966502
1502208029 129798
1502208029 196880
1502208029 264029
1502208029 331178
1502208029 398465
1502208029 465501
1502208029 532671
1502208029 599840
1502208029 667006
1502208029 734176
1502208029 801307
1502208029 868411
1502208029 935613
1502208030 2842
1502208030 69996
1502208030 137082
1502208030 204237
1502208030 271547
1502208030 338593
1502208030 405714
1502208030 473838
1502208030 540958
1502208030 608090
1502208030 675218
1502208030 742428
1502208030 809566
1502208030 877248
1502208030 943816
1502208031 10948
1502208031 97408
1502208031 164474
1502208031 241635
1502208031 308660
1502208031 375789
1502208031 442938
1502208031 510272
1502208031 577243
1502208031 644416
1502208031 711564
1502208031 778850
1502208031 845898
1502208031 913030
1502208031 980181
1502208032 47329
1502208032 248755
1502208032 316039
1502208032 537395
1502208032 604626
1502208032 671721
1502208032 738901
1502208033 26549
1502208033 103660
1502208033 208974
1502208033 276112
1502208033 343259
1502208033 410407
1502208033 630940
1502208033 698048
1502208033 765278
1502208033 832407
1502208033 899579
1502208033 966723
1502208034 33847
1502208034 101073
1502208034 169062
1502208034 236218
1502208034 379620
1502208034 494859
1502208034 591070
1502208034 974938
1502208035 100194
1502208035 167493
1502208035 234511
1502208035 301676
1502208035 368839
1502208035 435984
1502208035 503155
1502208035 570321
1502208035 723682
1502208036 30451
1502208036 97525
1502208036 452610
1502208036 538624
1502208036 605700
1502208036 672917
1502208036 740051
1502208036 903411
1502208037 37774
1502208037 104891
1502208037 171979
1502208037 239165
1502208037 306421
1502208037 373475
1502208037 460551
1502208037 613931
1502208037 758291
1502208037 825410
1502208038 45881
1502208038 113093
1502208038 180344
1502208038 247416
1502208038 314539
1502208038 381746
1502208038 448873
1502208038 516051
1502208038 583165
1502208038 650358
1502208038 717514
1502208038 785571
1502208038 852680
1502208038 919853
1502208038 987009
1502208039 54125
1502208039 121336
1502208039 188457
1502208039 255606
1502208039 322803
1502208039 389897
1502208039 457114
1502208039 524251
1502208039 591440
1502208039 658536
1502208039 725742
1502208039 792974
1502208039 860031
1502208039 956216
1502208040 23356
1502208040 100491
1502208040 263869
1502208040 340221
1502208040 417216
1502208040 484376
1502208040 551513
1502208040 618720
1502208040 685814
1502208040 752996
1502208041 12616
1502208041 79692
1502208041 146926
1502208041 214182
1502208041 281237
1502208041 351452
1502208041 415491
1502208041 482618
1502208041 549835
1502208041 616990
1502208041 684147
1502208041 751252
1502208041 990861
1502208042 202302
1502208042 269419
1502208042 403938
1502208042 490056
1502208042 557165
1502208043 66188
1502208043 133351
1502208043 200553
1502208043 267801
1502208043 431016
1502208043 498203
1502208043 565346
1502208043 699662
1502208043 786104
1502208043 892024
1502208044 208867
1502208044 275958
1502208044 343178
1502208044 410298
1502208044 487464
1502208044 554661
1502208044 621668
1502208044 688870
1502208044 756027
1502208044 823163
1502208044 890309
1502208044 963895
1502208045 24745
1502208045 91863
1502208045 169089
1502208045 236333
1502208045 773299
1502208045 840418
1502208045 907671
1502208046 60952
1502208046 128154
1502208046 464835
1502208046 531922
1502208046 599118
1502208046 666288
1502208046 733418
1502208046 867698
1502208047 98361
1502208047 251609
1502208047 318926
1502208047 433975
1502208047 606472
1502208047 712589
1502208047 779764
1502208047 846957
1502208047 914106
1502208047 981262
1502208048 48488
1502208048 144570
1502208048 212043
1502208048 278932
1502208048 346053
1502208048 566608
1502208048 902455
1502208048 988579
1502208049 142834
1502208049 209961
1502208049 276214
1502208049 449612
1502208049 516754
1502208049 718149
1502208049 785347
1502208049 881640
1502208049 948718
1502208050 198239
1502208050 265435
1502208050 332587
1502208050 399744
1502208050 466966
1502208050 592155
1502208050 659258
1502208050 726424
1502208050 908823
1502208051 186523
1502208051 273643
1502208051 340779
1502208051 407965
1502208051 513515
1502208051 580385
1502208051 647560
1502208051 714746
1502208051 781807
1502208051 925283
1502208051 992357
1502208052 145881
1502208052 242011
1502208052 327296
1502208052 394425
1502208052 462846
1502208052 529644
1502208052 596881
1502208052 664210
1502208052 731150
1502208052 798261
1502208052 865426
1502208052 932566
1502208052 999725
1502208053 66916
1502208053 134017
1502208053 201199
1502208053 268318
1502208053 335521
1502208053 402685
1502208053 469861
1502208053 536920
1502208053 604131
1502208053 671268
1502208053 738411
1502208053 806529
1502208053 873688
1502208053 940840
1502208054 7972
1502208054 75175
1502208054 142284
1502208054 209543
1502208054 276570
1502208054 343725
1502208054 410917
1502208054 478018
1502208054 545188
1502208054 612330
1502208054 679591
1502208054 746691
1502208054 813871
1502208054 881071
1502208054 948234
1502208055 15281
1502208055 82451
1502208055 150514
1502208055 217735
1502208055 284821
1502208055 351975
1502208055 419090
1502208055 486329
1502208055 601527
1502208055 677839
1502208055 764894
1502208055 832019
1502208055 899223
1502208056 4440
1502208056 148757
1502208056 331133
1502208056 484563
1502208056 551680
1502208056 696047
1502208056 868381
1502208057 147004
1502208057 243180
1502208057 358463
1502208057 444669
1502208057 511823
1502208057 579001
1502208057 646159
1502208057 713299
1502208057 780454
1502208057 847579
1502208057 914792
1502208057 981911
1502208058 49088
1502208058 116236
1502208058 183407
1502208058 250533
1502208058 317709
1502208058 384917
1502208058 520051
1502208058 663507
1502208058 769615
1502208058 836739
1502208059 124441
1502208059 191633
1502208059 316819
1502208059 584592
1502208059 690746
1502208059 767016
1502208059 940345
1502208060 266152
1502208060 334220
1502208060 401312
1502208060 486649
1502208060 554773
1502208060 726199
1502208060 793394
1502208061 129141
1502208061 388695
1502208061 455841
1502208061 523041
1502208061 791598
1502208061 993071
1502208062 80211
1502208062 175474
1502208062 328854
1502208062 483199
1502208062 578458
1502208062 645541
1502208062 712756
1502208062 780814
1502208062 847912
1502208063 49394
1502208063 116604
1502208063 269996
1502208063 423342
1502208063 490450
1502208063 557667
1502208063 624867
1502208063 692020
1502208063 759343
1502208063 827094
1502208063 913338
1502208063 980495
1502208064 47647
1502208064 123902
1502208064 191199
1502208064 259172
1502208064 326258
1502208064 393380
1502208064 460602
1502208064 527767
1502208064 594921
1502208064 700180
1502208064 796340
1502208064 940654
1502208065 7757
1502208065 74936
1502208065 142090
1502208065 305452
1502208065 372573
1502208065 439763
1502208065 545012
1502208065 698390
1502208065 841803
1502208065 908959
1502208065 996059
1502208066 63181
1502208066 206641
1502208066 274288
1502208066 389036
1502208066 456175
1502208066 533319
1502208066 600439
1502208066 705738
1502208066 811894
1502208066 879026
1502208067 22443
1502208067 90505
1502208067 157660
1502208067 291966
1502208067 387279
1502208067 455337
1502208067 541555
1502208067 608663
1502208067 675855
1502208067 743003
1502208067 810157
1502208067 877331
1502208067 944465
1502208068 11612
1502208068 78820
1502208068 145919
1502208068 213089
1502208068 280272
1502208068 347416
1502208068 414645
1502208068 481700
1502208068 548881
1502208068 616921
1502208068 684072
1502208068 751254
1502208068 818343
1502208068 885541
1502208068 952693
1502208069 19863
1502208069 87008
1502208069 336584
1502208069 403713
1502208069 480926
1502208069 663293
1502208069 730353
1502208069 806638
1502208069 950956
1502208070 114296
1502208070 181457
1502208070 248574
1502208070 315805
1502208070 382928
1502208070 450040
1502208070 517256
1502208070 584389
1502208070 651540
1502208070 718712
1502208070 785872
1502208070 862972
1502208070 930130
1502208070 997311
1502208071 217815
1502208071 362136
1502208071 429223
1502208071 496437
1502208071 563594
1502208071 630763
1502208071 697876
1502208071 765013
1502208071 832222
1502208071 928371
1502208072 168875
1502208072 485647
1502208072 581796
1502208072 648952
1502208073 32851
1502208073 243369
1502208073 338669
1502208073 502011
1502208073 617252
1502208073 770636
1502208073 837752
1502208074 269785
1502208074 576496
1502208074 720742
1502208074 787936
1502208074 855137
1502208074 922244
1502208074 989432
1502208075 180958
1502208075 248137
1502208075 315220
1502208075 382448
1502208075 449563
1502208075 517659
1502208075 584854
1502208075 651997
1502208075 719173
1502208075 786192
1502208075 853321
1502208075 920467
1502208075 987677
1502208076 54801
1502208076 121983
1502208076 189116
1502208076 256313
1502208076 323470
1502208076 390727
1502208076 457713
1502208076 524968
1502208076 592089
1502208076 659240
1502208076 726392
1502208076 793540
1502208076 860698
1502208076 928726
1502208076 995887
1502208077 216454
1502208077 283561
1502208077 350682
1502208077 417922
1502208077 533178
1502208077 600386
1502208077 667453
1502208077 734671
1502208077 801708
1502208077 868943
1502208077 936067
1502208078 3247
1502208078 70360
1502208078 137609
1502208078 445154
1502208078 512280
1502208078 579472
1502208078 646638
1502208078 713750
1502208078 780923
1502208078 925200
1502208078 992388
1502208079 328126
1502208079 395269
1502208079 568631
1502208079 644856
1502208079 721141
1502208079 798250
1502208079 865335
1502208079 932510
1502208079 999682
1502208080 297353
1502208080 527869
1502208080 595004
1502208080 719387
1502208080 805550
1502208080 872860
1502208081 227566
1502208081 294691
1502208081 371821
1502208081 516170
1502208081 784766
1502208082 130530
1502208082 206901
1502208082 274349
1502208082 456319
1502208082 523437
1502208082 590599
1502208082 657809
1502208082 840194
1502208082 927303
1502208083 70688
1502208083 185907
1502208083 253079
1502208083 359277
1502208083 435478
1502208083 569924
1502208083 810281
1502208084 88928
1502208084 156114
1502208084 395623
1502208084 462837
1502208084 636127
1502208084 703296
1502208084 770418
1502208084 837595
1502208084 904739
1502208084 971910
1502208085 39056
1502208085 106236
1502208085 173369
1502208085 240513
1502208085 307653
1502208085 374864
1502208085 442002
1502208085 509108
1502208085 576290
1502208085 643470
1502208085 710690
1502208085 777766
1502208085 845020
1502208085 912985
1502208086 75470
1502208086 161659
1502208086 228804
1502208086 295919
1502208086 373062
1502208086 459269
1502208086 526429
1502208086 593616
1502208086 660773
1502208086 727947
1502208086 795060
1502208086 862211
1502208086 929406
1502208086 996553
1502208087 63643
1502208087 130862
1502208087 198029
1502208087 266036
1502208087 333207
1502208087 438503
1502208087 505674
1502208087 572830
1502208087 639947
1502208087 707198
1502208087 841804
1502208087 908576
1502208087 975685
1502208088 62837
1502208088 158329
1502208088 225229
1502208088 292487
1502208088 359621
1502208088 426778
1502208088 493892
1502208088 561060
1502208088 628234
1502208088 695488
1502208088 762547
1502208088 829724
1502208088 896866
1502208088 964101
1502208089 31140
1502208089 99305
1502208089 166354
1502208089 233537
1502208089 300780
1502208089 367961
1502208089 435013
1502208089 502397
1502208089 607402
1502208089 761047
1502208089 828857
1502208089 896012
1502208089 963258
1502208090 30283
1502208090 97489
1502208090 164637
1502208090 231757
1502208090 298942
1502208090 366148
1502208090 433281
1502208090 500421
1502208090 567553
1502208090 634755
1502208090 701887
1502208090 826304
1502208091 412433
1502208091 575770
1502208091 853535
1502208092 54979
1502208092 123041
1502208092 190159
1502208092 257307
1502208092 324511
1502208092 391618
1502208092 458777
1502208092 525929
1502208092 593068
1502208092 660253
1502208092 727414
1502208092 794533
1502208092 861763
1502208092 928879
1502208092 996023
1502208093 63156
1502208093 130432
1502208093 207452
1502208093 274641
1502208093 370828
1502208093 476100
1502208093 744739
1502208093 888997
1502208094 52336
1502208094 119542
1502208094 243901
1502208094 369104
1502208094 436231
1502208094 503366
1502208094 589579
1502208094 656722
1502208094 762911
1502208094 830084
1502208094 897220
1502208094 964394
1502208095 50576
1502208095 117784
1502208095 184935
1502208095 310137
1502208095 377422
1502208095 482553
1502208095 722328
1502208095 790199
1502208095 857364
1502208095 924508
1502208095 991696
1502208096 58830
1502208096 125982
1502208096 193119
1502208096 308415
1502208096 375521
1502208096 442742
1502208096 509877
1502208096 577016
1502208096 644158
1502208096 711362
1502208096 864736
1502208096 951881
1502208097 18958
1502208097 86103
1502208097 153315
1502208097 220443
1502208097 287596
1502208097 354767
1502208097 421937
1502208097 719528
1502208097 786728
1502208097 853944
1502208097 921013
1502208098 65369
1502208098 199624
1502208098 275865
1502208098 343037
1502208098 411122
1502208098 478269
1502208098 545394
1502208098 612523
1502208098 679733
1502208098 755978
1502208098 871180
1502208098 967392
1502208099 53559
1502208099 120824
1502208099 187920
1502208099 255075
1502208099 322196
1502208099 390267
1502208099 476556
1502208099 543643
1502208099 869410
1502208099 936583
1502208100 3785
1502208100 70884
1502208100 138022
1502208100 205198
1502208100 272420
1502208100 339535
1502208100 406697
1502208100 474787
1502208100 550978
1502208100 618153
1502208100 810544
1502208101 318717
1502208101 385855
1502208101 453914
1502208101 521065
1502208101 607311
1502208101 674455
1502208101 741562
1502208101 808786
1502208101 875961
1502208101 943051
1502208102 10217
1502208102 77378
1502208102 144537
1502208102 211713
1502208102 278821
1502208102 345997
1502208102 413187
1502208102 595586
1502208102 672781
1502208102 865266
1502208102 932320
1502208102 999384
1502208103 66690
1502208103 133699
1502208103 200837
1502208103 268033
1502208103 335233
1502208103 402368
1502208103 469520
1502208103 536600
1502208103 603776
1502208103 671014
1502208103 738082
1502208103 805566
1502208103 872400
1502208103 959571
1502208104 132003
1502208104 199137
1502208104 333410
1502208104 400659
1502208104 467756
1502208104 717332
1502208104 813478
1502208104 899709
1502208104 966867
1502208105 34019
1502208105 101246
1502208105 168338
1502208105 456046
1502208105 686494
1502208105 782683
1502208105 917021
1502208106 3249
1502208106 70407
1502208106 185654
1502208106 252807
1502208106 387113
1502208106 579484
1502208106 925236
1502208106 992442
1502208107 59586
1502208107 270126
1502208107 338192
1502208107 567747
1502208107 702074
1502208107 769207
1502208107 836401
1502208107 903538
1502208107 970659
1502208108 39001
1502208108 105908
1502208108 173057
1502208108 240248
1502208108 307391
1502208108 374531
1502208108 479835
1502208108 546916
1502208108 614114
1502208108 681307
1502208108 748399
1502208108 815584
1502208108 882726
1502208108 949935
1502208109 17958
1502208109 85097
1502208109 152229
1502208109 219468
1502208109 286569
1502208109 353739
1502208109 420886
1502208109 488052
1502208109 555193
1502208109 622350
1502208109 689511
1502208109 756713
1502208109 823823
1502208109 890996
1502208109 958113
1502208110 25292
1502208110 322968
1502208110 390084
1502208110 457283
1502208110 524439
1502208110 591573
1502208110 754947
1502208110 937353
1502208111 147919
1502208111 244047
1502208111 417379
1502208111 493611
1502208111 560723
1502208111 627932
1502208111 695106
1502208111 762220
1502208111 830286
1502208111 897440
1502208111 964667
1502208112 31749
1502208112 98920
1502208112 166165
1502208112 415623
1502208112 482843
1502208112 549907
1502208112 617104
1502208112 684258
1502208112 751417
1502208112 818546
1502208113 10940
1502208113 164291
1502208113 298633
1502208113 442887
1502208113 586318
1502208113 730603
1502208113 873967
1502208113 941171
1502208114 8331
1502208114 75514
1502208114 142561
1502208114 210674
1502208114 277844
1502208114 345067
1502208114 412180
1502208114 526511
1502208114 661731
1502208114 882200
1502208114 949350
1502208115 45607
1502208115 121803
1502208115 208122
1502208115 496676
1502208115 572811
1502208115 813317
1502208115 946729
1502208116 72101
1502208116 158166
1502208116 225335
1502208116 705423
1502208116 772549
1502208116 839722
1502208116 906901
1502208116 974008
1502208117 89354
1502208117 156445
1502208117 223583
1502208117 290720
1502208117 357880
1502208117 425035
1502208117 493101
1502208117 560312
1502208117 627434
1502208118 49446
1502208118 116576
1502208118 183672
1502208118 250866
1502208118 318038
1502208118 385194
1502208118 452352
1502208118 519499
1502208118 586669
1502208118 653828
1502208118 721828
1502208118 788956
1502208118 856157
1502208118 923307
1502208118 990454
1502208119 69422
1502208119 133862
1502208119 249117
1502208119 316254
1502208119 383472
1502208119 450623
1502208119 517748
1502208119 921626
1502208119 988709
1502208120 104026
1502208120 171140
1502208120 295440
1502208120 631281
1502208120 698526
1502208120 765575
1502208120 928898
1502208121 35097
1502208121 102212
1502208121 293786
1502208121 360889
1502208121 534257
1502208121 706649
1502208121 870019
1502208121 937147
1502208122 4246
1502208122 71475
1502208122 195773
1502208122 262936
1502208122 474415
1502208122 541617
1502208122 608652
1502208122 714947
1502208122 877296
1502208123 59751
1502208123 127781
1502208123 396397
1502208123 559714
1502208123 627111
1502208123 694085
1502208123 761221
1502208123 837465
1502208123 904691
1502208123 971762
1502208124 58910
1502208124 375658
1502208124 499915
1502208124 567108
1502208124 835933
1502208124 921966
1502208124 989977
1502208125 66313
1502208125 133418
1502208125 229504
1502208125 296673
1502208125 363989
1502208125 431038
1502208125 498185
1502208125 565300
1502208125 632513
1502208125 699649
1502208125 766783
1502208125 833911
1502208126 26452
1502208126 121646
1502208126 188773
1502208126 295061
1502208126 362228
1502208126 429267
1502208126 678828
1502208126 745986
1502208126 813093
1502208126 966595
1502208127 455732
1502208127 648020
1502208127 715201
1502208127 782362
1502208128 109027
1502208128 214292
1502208128 281467
1502208128 348600
1502208128 415758
1502208128 482992
1502208128 550135
1502208128 646285
1502208128 713456
1502208128 780572
1502208128 847808
1502208128 934006
1502208129 308743
1502208129 375943
1502208129 443068
1502208129 510237
1502208129 577367
1502208129 644558
1502208129 711708
1502208129 778827
1502208130 181799
1502208130 248941
1502208130 364418
1502208130 584709
1502208130 651856
1502208130 834240
1502208130 901380
1502208131 73858
1502208131 160064
1502208131 419615
1502208131 486785
1502208131 553968
1502208131 621086
1502208131 688360
1502208131 755464
1502208131 822597
1502208131 889785
1502208131 957033
1502208132 24131
1502208132 91307
1502208132 159299
1502208132 226375
1502208132 293549
1502208132 360679
1502208132 465979
1502208132 533138
1502208132 600224
1502208132 667574
1502208132 734572
1502208132 801791
1502208132 868855
1502208132 936068
1502208133 3221
1502208133 70358
1502208133 147552
1502208133 214823
1502208133 281849
1502208133 349023
1502208133 426072
1502208133 522259
1502208133 589521
1502208133 713805
1502208133 780939
1502208133 848039
1502208133 915292
1502208134 1498
1502208134 68660
1502208134 193844
1502208134 318229
1502208134 385380
1502208134 510587
1502208134 577668
1502208134 644907
1502208134 712027
1502208134 779192
1502208134 961671
1502208135 114925
1502208135 183066
1502208135 250244
1502208135 317441
1502208135 460935
1502208135 527945
1502208135 595147
1502208135 787460
1502208135 854607
1502208135 921718
1502208135 988932
1502208136 56178
1502208136 123172
1502208136 190348
1502208136 257737
1502208136 324677
1502208136 391795
1502208136 459498
1502208136 527036
1502208136 594190
1502208136 661337
1502208136 737519
1502208136 804711
1502208136 871956
1502208136 968104
1502208137 159534
1502208137 226721
1502208137 293892
1502208137 360997
1502208137 429050
1502208137 697704
1502208137 764864
1502208137 899145
1502208138 33507
1502208138 110647
1502208138 177746
1502208138 244941
1502208138 312138
1502208138 379278
1502208138 446423
1502208138 513732
1502208138 696241
1502208138 762414
1502208138 906705
1502208139 127073
1502208139 194186
1502208139 261370
1502208139 328499
1502208139 395762
1502208139 461902
1502208139 529010
1502208139 596239
1502208139 702390
1502208139 778603
1502208139 846651
1502208139 961022
1502208140 134345
1502208140 451043
1502208140 623464
1502208140 700581
1502208140 767805
1502208140 834902
1502208140 902079
1502208141 113603
1502208141 180692
1502208141 247804
1502208141 315015
1502208141 382134
1502208141 477446
1502208141 573681
1502208141 640807
1502208141 708120
1502208141 775170
1502208141 842427
1502208142 14803
1502208142 331411
1502208142 399483
1502208142 466668
1502208142 533823
1502208142 600914
1502208142 668049
1502208142 735282
1502208142 802439
1502208142 869551
1502208142 936665
1502208143 3870
1502208143 71023
1502208143 167341
1502208143 234378
1502208143 301536
1502208143 368776
1502208143 435978
1502208143 503029
1502208143 589214
1502208143 925825
1502208143 993058
1502208144 155491
1502208144 453114
1502208144 635530
1502208144 702725
1502208144 769919
1502208144 837108
1502208145 57510
1502208145 133783
1502208145 200924
1502208145 268051
1502208145 335227
1502208145 402353
1502208145 642877
1502208145 710014
1502208145 777192
1502208145 959574
1502208146 45785
1502208146 131999
1502208146 199211
1502208146 477762
1502208146 563949
1502208146 698292
1502208146 765417
1502208146 832606
1502208146 899748
1502208147 360778
1502208147 427942
1502208147 495176
1502208147 562230
1502208147 629410
1502208147 696522
1502208147 763713
1502208147 830849
1502208147 898036
1502208147 965198
1502208148 33429
1502208148 100408
1502208148 167671
1502208148 234824
1502208148 301856
1502208148 368989
1502208148 436195
1502208148 502496
1502208148 588614
1502208148 655756
1502208149 49621
1502208149 116776
1502208149 183947
1502208149 472520
1502208149 586898
1502208149 789212
1502208149 856419
1502208149 923558
1502208150 66945
1502208150 134123
1502208150 354645
1502208150 421755
1502208150 488929
1502208150 556151
1502208150 633219
1502208150 700378
1502208150 767510
1502208150 834684
1502208150 901975
1502208150 968999
1502208151 94223
1502208151 161397
1502208151 228531
1502208151 295666
1502208151 660486
1502208151 813885
1502208151 881009
1502208152 159679
1502208152 226769
1502208152 332960
1502208152 400175
1502208152 467251
1502208152 534438
1502208152 601581
1502208152 668727
1502208152 735884
1502208152 803050
1502208152 870213
1502208152 937371
1502208153 4521
1502208153 71685
1502208153 138852
1502208153 205964
1502208153 273101
1502208153 340336
1502208153 474613
1502208153 676068
1502208153 743269
1502208153 811273
1502208153 878457
1502208153 945603
1502208154 12734
1502208154 108021
1502208154 175185
1502208154 243267
1502208154 310436
1502208154 453781
1502208154 549974
1502208154 617134
1502208154 684290
1502208154 751462
1502208154 818623
1502208154 885769
1502208154 952900
1502208155 20071
1502208155 87224
1502208155 154390
1502208155 222470
1502208155 539178
1502208155 606340
1502208155 673533
1502208155 749702
1502208155 816898
1502208155 894020
1502208155 961128
1502208156 623624
1502208156 719795
1502208156 786976
1502208156 854123
1502208156 998425
1502208157 276071
1502208157 363283
1502208157 554698
1502208157 708096
1502208157 938620
1502208158 131005
1502208158 207210
1502208158 457660
1502208158 524857
1502208158 620124
1502208158 726336
1502208158 859708
1502208159 119261
1502208159 195534
1502208159 503150
1502208159 599338
1502208159 666478
1502208159 733655
1502208159 800768
1502208159 867934
1502208159 992428
1502208160 59428
1502208160 126538
1502208160 193751
1502208160 260878
1502208160 328909
1502208160 396040
1502208160 463284
1502208160 530408
1502208160 597565
1502208160 664732
1502208160 731868
1502208160 828091
1502208160 914292
1502208161 279119
1502208161 346278
1502208161 422460
1502208161 633962
1502208161 720163
1502208161 787339
1502208161 854462
1502208161 922529
1502208161 989698
1502208162 56803
1502208162 123984
1502208162 191172
1502208162 258323
1502208162 325469
1502208162 392588
1502208162 459722
1502208162 526927
1502208162 594079
1502208162 661214
1502208162 757420
1502208162 824570
1502208163 36034
1502208163 103166
1502208163 208425
1502208163 496151
1502208163 563256
1502208163 630410
1502208163 698516
1502208163 765663
1502208163 832829
1502208163 899931
1502208163 967156
1502208164 34286
1502208164 101415
1502208164 168572
1502208164 235770
1502208164 302907
1502208164 370001
1502208164 666882
1502208164 734869
1502208164 888251
1502208164 955429
1502208165 51563
1502208165 118823
1502208165 185962
1502208165 253051
1502208165 320187
1502208165 473587
1502208165 540761
1502208165 607894
1502208165 675036
1502208165 837497
1502208165 904651
1502208165 972693
1502208166 39804
1502208166 107034
1502208166 231320
1502208166 298460
1502208166 365661
1502208166 432825
1502208166 529021
1502208166 596171
1502208166 787657
1502208166 854809
1502208166 921956
1502208167 546301
1502208167 728717
1502208167 795892
1502208168 54498
1502208168 362134
1502208168 429289
1502208168 611703
1502208168 678947
1502208168 746012
1502208168 813162
1502208168 880310
1502208168 947484
1502208169 14629
1502208169 81784
1502208169 148919
1502208169 216259
1502208169 283277
1502208169 350438
1502208169 417579
1502208169 484756
1502208169 551936
1502208169 619224
1502208169 687300
1502208169 754295
1502208169 821457
1502208169 974765
1502208170 41935
1502208170 195317
1502208170 320542
1502208170 560191
1502208170 627354
1502208170 713483
1502208170 781518
1502208170 848657
1502208170 915819
1502208170 983037
1502208171 50143
1502208171 117285
1502208171 184503
1502208171 251650
1502208171 318778
1502208171 404976
1502208171 472149
1502208171 539345
1502208171 606504
1502208171 702665
1502208172 76605
1502208172 374200
1502208172 461296
1502208172 528490
1502208172 633751
1502208172 797095
1502208172 864297
1502208173 200028
1502208173 411506
1502208173 545835
1502208173 747270
1502208173 939673
1502208174 63940
1502208174 189223
1502208174 256354
1502208174 390675
1502208174 573089
1502208174 726456
1502208174 850733
1502208174 917930
1502208174 985116
1502208175 52254
1502208175 119401
1502208175 186544
1502208175 253732
1502208175 320858
1502208175 388002
1502208175 456114
1502208175 523245
1502208175 590423
1502208175 657536
1502208175 724701
1502208175 791871
1502208175 858983
1502208175 926232
1502208175 993349
1502208176 60462
1502208176 127657
1502208176 194818
1502208176 261917
1502208176 339094
1502208176 530582
1502208176 597773
1502208176 664942
1502208176 732944
1502208176 800106
1502208176 867289
1502208176 934440
1502208177 10621
1502208177 231190
1502208177 413565
1502208177 864620
1502208178 258411
1502208178 325625
1502208178 392782
1502208178 556105
1502208178 843779
1502208179 7124
1502208179 74279
1502208179 141394
1502208179 554362
1502208179 621554
1502208179 688664
1502208179 755856
1502208179 823040
1502208179 976342
1502208180 43478
1502208180 120602
1502208180 206916
1502208180 513620
1502208180 667004
1502208180 734116
1502208180 830314
1502208181 157008
1502208181 281308
1502208181 424726
1502208181 491950
1502208181 789564
1502208181 856709
1502208182 154386
1502208182 327768
1502208182 394878
1502208182 462004
1502208182 529127
1502208182 596318
1502208182 663499
1502208182 730650
1502208182 797875
1502208182 864932
1502208182 932120
1502208182 999256
1502208183 66484
1502208183 364067
1502208183 431202
1502208183 498374
1502208183 565547
1502208183 718921
1502208184 314220
1502208184 410382
1502208184 477522
1502208184 669962
1502208184 871394
1502208184 938770
1502208185 5799
1502208185 72867
1502208185 140400
1502208185 207218
1502208185 274328
1502208185 341585
1502208185 466795
1502208185 533895
1502208185 706303
1502208185 773476
1502208185 898836
1502208185 965844
1502208186 32997
1502208186 320717
1502208186 387928
1502208186 541344
1502208186 608361
1502208186 675556
1502208186 742670
1502208186 809829
1502208186 915110
1502208187 69460
1502208187 136569
1502208187 203701
1502208187 270946
1502208187 386129
1502208187 453306
1502208187 520385
1502208187 587570
1502208188 9590
1502208188 231012
1502208188 298136
1502208188 643946
1502208188 758319
1502208188 826715
1502208188 893598
1502208188 960609
1502208189 27773
1502208189 94984
1502208189 162125
1502208189 229640
1502208189 296386
1502208189 420753
1502208189 487875
1502208189 555021
1502208189 680388
1502208189 757393
1502208189 900801
1502208190 304637
1502208190 371741
1502208190 477104
1502208190 544166
1502208190 611400
1502208190 678513
1502208190 745633
1502208190 812772
1502208190 880009
1502208190 947201
1502208191 14335
1502208191 81445
1502208191 148699
1502208191 216629
1502208191 283787
1502208191 350954
1502208191 418127
1502208191 485251
1502208191 638672
1502208191 801049
1502208191 868247
1502208192 60766
1502208192 320231
1502208192 569747
1502208192 636910
1502208192 704143
1502208192 771274
1502208192 838430
1502208192 905544
1502208192 972663
1502208193 39905
1502208193 106987
1502208193 174122
1502208193 241264
1502208193 308497
1502208193 375657
1502208193 442854
1502208193 509903
1502208193 577068
1502208193 644245
1502208193 731372
1502208193 989997
1502208194 57185
1502208194 124291
1502208194 191543
1502208194 258857
1502208194 325783
1502208194 393873
1502208194 489152
1502208194 556379
1502208194 633451
1502208194 738775
1502208194 805909
1502208194 872991
1502208194 941131
1502208195 8256
1502208195 103561
1502208195 344040
1502208195 602810
1502208195 689888
1502208195 757054
1502208195 929375
1502208195 996524
1502208196 399362
1502208196 466496
1502208196 533674
1502208196 600836
1502208196 716084
1502208196 879435
1502208196 946598
1502208197 13763
1502208197 80935
1502208197 148035
