1502357191 623900
1502357191 835176
1502357192 94537
1502357192 363282
1502357192 631832
1502357192 871485
1502357193 102138
1502357193 361577
1502357193 504914
1502357193 745354
1502357193 898673
1502357194 70380
1502357194 300693
1502357194 435120
1502357194 674600
1502357194 790011
1502357194 876170
1502357195 10510
1502357195 135706
1502357195 394417
1502357195 721045
1502357195 865536
1502357195 960771
1502357196 94995
1502357196 296236
1502357196 382523
1502357196 535794
1502357196 766375
1502357197 15958
1502357197 332803
1502357197 447986
1502357197 716730
1502357197 898980
1502357198 157737
1502357198 369175
1502357198 618594
1502357198 811084
1502357199 79549
1502357199 280393
1502357199 434472
1502357199 587819
1502357199 846866
1502357200 28937
1502357200 163254
1502357200 316523
1502357200 509014
1502357200 643170
1502357200 758440
1502357201 8223
1502357201 228658
1502357201 411011
1502357201 554319
1502357201 755782
1502357201 861016
1502357201 947271
1502357202 110614
1502357202 312312
1502357202 523476
1502357202 648000
1502357202 782333
1502357202 954628
1502357203 204284
1502357203 319433
1502357203 578976
1502357203 684519
1502357203 875835
1502357204 20116
1502357204 163340
1502357204 278790
1502357204 490287
1502357204 748843
1502357205 8558
1502357205 161813
1502357205 315199
1502357205 401223
1502357205 660795
1502357205 852402
1502357206 5690
1502357206 140202
1502357206 303328
1502357206 418637
1502357206 504663
1502357206 668152
1502357206 783350
1502357207 2945
1502357207 89193
1502357207 223405
1502357207 473178
1502357207 655487
1502357207 770771
1502357207 953477
1502357208 106535
1502357208 346278
1502357208 528465
1502357208 643656
1502357208 835111
1502357209 65726
