1501147711 837436
1501147711 903547
1501147711 970557
1501147712 38452
1501147712 134519
1501147712 200825
1501147712 489604
1501147712 556740
1501147712 652124
1501147712 719126
1501147712 786358
1501147712 853464
1501147712 920623
1501147712 988096
1501147713 209478
1501147713 304551
1501147713 371810
1501147713 438818
1501147713 506031
1501147713 573255
1501147713 640267
1501147713 707345
1501147713 919051
1501147713 986283
1501147714 53277
1501147714 120418
1501147714 187616
1501147714 254690
1501147714 321765
1501147714 388919
1501147714 456249
1501147714 523352
1501147714 590364
1501147714 657565
1501147714 724598
1501147714 791783
1501147714 860352
1501147714 926170
1501147714 993299
1501147715 60434
1501147715 127680
1501147715 194849
1501147715 261957
1501147715 329143
1501147715 396402
1501147715 464415
1501147715 531567
1501147715 598703
1501147715 665803
1501147715 953711
1501147716 20692
1501147716 423742
1501147716 490919
1501147716 558798
1501147716 625967
1501147716 693355
1501147716 759452
1501147716 826590
1501147716 893626
1501147716 960809
1501147717 162557
1501147717 239487
1501147717 412034
1501147717 479100
1501147717 575375
1501147717 642253
1501147717 709525
1501147717 776728
1501147718 26548
1501147718 93619
1501147718 161598
1501147718 285060
1501147718 804200
1501147718 956492
1501147719 23851
1501147719 90805
1501147719 157858
1501147719 225086
1501147719 293122
1501147719 360277
1501147719 427341
1501147719 494599
1501147719 599852
1501147719 666960
1501147719 916965
1501147720 70252
1501147720 262803
1501147720 328675
1501147720 395859
1501147720 463048
1501147720 712885
1501147720 780913
1501147720 847150
1501147720 914105
1501147720 981167
1501147721 183752
1501147721 249819
1501147721 335997
1501147721 778236
1501147721 845197
1501147721 912241
1501147721 979354
1501147722 181039
1501147722 248083
1501147722 315206
1501147722 382307
1501147722 449449
1501147722 517486
1501147722 584766
1501147722 862674
1501147722 928744
1501147722 995982
1501147723 63064
1501147723 197331
1501147723 264633
1501147723 399760
1501147723 485219
1501147723 552055
1501147723 619218
1501147723 686420
1501147723 763476
1501147723 830683
1501147723 897893
1501147724 262923
1501147724 435230
1501147724 684703
1501147724 877285
1501147725 242038
1501147725 347460
1501147725 529607
1501147725 596776
1501147725 682952
1501147725 750230
1501147725 818151
1501147725 894395
1501147725 961409
1501147726 28649
1501147726 95706
1501147726 162906
1501147726 230064
1501147726 297244
1501147726 365213
1501147726 432750
1501147726 498655
1501147726 565884
1501147726 681112
1501147726 806415
1501147726 921669
1501147726 988932
1501147727 151377
1501147727 275707
1501147727 342671
1501147727 583277
1501147727 650368
1501147727 717409
1501147727 784753
1501147727 851741
1501147727 996112
1501147728 130443
1501147728 235671
1501147728 379332
1501147728 571561
1501147728 638527
1501147728 811398
1501147729 70923
1501147729 138002
1501147729 406438
1501147729 473492
1501147729 540710
1501147729 607929
1501147729 675329
1501147729 742971
1501147729 810159
1501147729 886553
1501147729 963569
1501147730 127078
1501147730 222468
1501147730 288428
1501147730 354742
1501147730 460943
1501147730 527869
1501147730 585151
1501147730 680426
1501147730 738514
1501147730 795751
1501147730 959196
1501147731 141723
1501147731 198768
1501147731 353403
1501147731 438358
1501147731 496341
1501147731 553601
1501147731 611702
1501147731 668786
1501147731 726934
1501147731 783106
1501147731 860354
1501147731 917447
1501147731 975504
1501147732 32653
1501147732 90747
1501147732 254209
1501147732 369458
1501147732 426641
1501147732 493690
1501147732 551897
1501147732 609005
1501147732 667002
1501147732 724118
1501147732 782121
1501147732 954775
1501147733 40983
1501147733 242667
1501147733 387150
1501147733 492114
1501147733 549273
1501147733 607342
1501147733 683416
1501147733 750758
1501147733 807863
1501147733 865794
1501147733 923081
1501147733 981059
1501147734 38144
1501147734 240993
1501147734 306931
1501147734 518525
1501147734 614693
1501147734 777977
1501147734 833986
1501147734 959558
1501147735 26547
1501147735 93672
1501147735 160912
1501147735 295159
1501147735 410524
1501147735 506654
1501147735 573698
1501147735 679142
1501147735 746126
1501147735 813314
1501147735 949012
1501147736 44200
1501147736 140053
1501147736 207625
1501147736 274415
1501147736 380580
1501147736 447865
1501147736 552047
1501147736 619116
1501147736 686378
1501147736 878912
1501147737 32214
1501147737 119539
1501147737 185916
1501147737 301100
1501147737 367998
1501147737 435003
1501147737 502247
1501147737 569445
1501147737 665617
1501147737 732798
1501147737 799899
1501147737 867047
1501147737 944221
1501147738 11483
1501147738 78561
1501147738 146012
1501147738 212821
1501147738 280018
1501147738 347247
1501147738 414617
1501147738 481688
1501147738 558674
1501147738 634908
1501147738 701987
1501147738 769153
1501147738 837152
1501147738 904267
1501147739 66870
1501147739 162890
1501147739 230067
1501147739 326379
1501147739 393325
1501147739 518603
1501147739 585917
1501147739 652963
1501147739 719980
1501147739 787272
1501147739 854385
1501147739 921656
1501147739 988765
1501147740 55910
1501147740 257538
1501147740 526281
1501147740 593251
1501147740 660401
1501147740 728654
1501147740 794792
1501147740 861819
1501147740 928848
1501147740 996406
1501147741 63555
1501147741 130426
1501147741 197460
1501147741 265641
1501147741 332660
1501147741 399831
1501147741 467164
1501147741 534520
1501147741 600468
1501147741 667603
1501147741 735086
1501147742 13671
1501147742 80491
1501147742 175850
1501147742 242941
1501147742 310266
1501147742 377353
1501147742 444435
1501147742 512319
1501147742 579545
1501147742 655763
1501147742 723139
1501147742 790147
1501147742 857349
1501147742 924422
1501147742 991836
1501147743 59021
1501147743 126772
1501147743 193982
1501147743 261223
1501147743 328273
1501147743 404601
1501147743 491711
1501147743 885109
1501147743 952025
1501147744 106420
1501147744 172544
1501147744 239770
1501147744 326731
1501147744 392935
1501147744 460138
1501147744 527369
1501147744 604410
1501147744 671451
1501147744 738610
1501147744 805727
1501147744 872869
1501147744 940112
1501147745 7353
1501147745 74316
1501147745 141513
1501147745 208798
1501147745 275899
1501147745 343326
1501147745 468372
1501147745 727277
1501147745 814080
1501147745 881262
1501147745 948381
1501147746 15630
1501147746 82659
1501147746 149846
1501147746 217060
1501147746 284219
1501147746 351290
1501147746 418442
1501147746 485584
1501147746 552840
1501147746 619906
1501147746 687018
1501147746 850317
1501147746 966022
1501147747 61871
1501147747 128925
1501147747 273425
1501147747 339729
1501147747 406795
1501147747 656423
1501147747 723402
1501147747 790668
1501147747 857656
1501147747 925136
1501147748 12037
1501147748 79370
1501147748 271064
1501147748 337082
1501147748 405102
1501147748 471318
1501147748 538445
1501147748 624638
1501147748 691684
1501147748 758951
1501147748 855335
1501147748 922289
1501147749 18485
1501147749 152781
1501147749 219930
1501147749 287205
1501147749 354264
1501147749 450469
1501147749 709375
1501147749 968113
1501147750 63385
1501147750 150127
1501147750 216471
1501147750 283718
1501147750 350742
1501147750 417829
1501147750 485102
1501147750 658568
1501147750 820825
1501147750 888172
1501147750 955108
1501147751 22197
1501147751 89298
1501147751 156406
1501147751 233934
1501147751 512163
1501147751 616698
1501147751 683741
1501147751 760893
1501147751 828082
1501147751 895337
1501147751 962408
1501147752 29339
1501147752 96654
1501147752 163809
1501147752 231022
1501147752 299109
1501147752 365181
1501147752 432400
1501147752 499607
1501147752 566968
1501147752 633938
1501147752 701176
1501147752 768256
1501147752 835438
1501147752 902585
1501147752 998926
1501147753 239397
1501147753 305397
1501147753 391672
1501147753 775858
1501147753 968221
1501147754 323145
1501147754 400079
1501147754 467179
1501147754 592339
1501147754 658759
1501147754 783874
1501147754 849991
1501147754 916406
1501147754 993388
1501147755 224056
1501147755 291219
1501147755 358200
1501147755 425528
1501147755 492566
1501147755 559645
1501147755 704195
1501147755 818359
1501147755 875415
1501147755 933474
1501147756 9839
1501147756 67997
1501147756 125083
1501147756 183250
1501147756 307454
1501147756 461958
1501147756 701618
1501147756 864078
1501147756 922018
1501147756 979114
1501147757 112511
1501147757 170611
1501147757 226934
1501147757 284869
1501147757 341911
1501147757 400485
1501147757 457457
1501147757 648955
1501147757 725041
1501147757 907736
1501147758 41001
1501147758 108018
1501147758 175201
1501147758 310251
1501147758 453775
1501147758 608030
1501147758 693369
1501147758 779812
1501147758 846860
1501147759 1308
1501147759 163554
1501147759 230531
1501147759 297818
1501147759 509482
1501147759 576403
1501147759 643542
1501147759 710580
1501147759 777659
1501147759 913196
1501147760 277396
1501147760 421626
1501147760 526695
1501147760 593878
1501147760 660922
1501147760 824328
1501147760 890500
1501147760 957481
1501147761 44615
1501147761 111761
1501147761 179009
1501147761 245295
1501147761 389669
1501147761 456020
1501147761 600209
1501147761 744464
1501147761 810671
1501147761 877869
1501147761 945108
1501147762 41026
1501147762 108218
1501147762 175704
1501147762 242613
1501147762 309697
1501147762 376968
1501147762 444188
1501147762 511184
1501147762 578443
1501147762 645519
1501147762 712567
1501147762 780642
1501147762 847829
1501147762 914215
1501147763 417
1501147763 67504
1501147763 230966
1501147763 375561
1501147763 461349
1501147763 527672
1501147763 593883
1501147763 699478
1501147763 757435
1501147764 170540
1501147764 275533
1501147764 428849
1501147764 592255
1501147764 649288
1501147764 967076
1501147765 33381
1501147765 148521
1501147765 282838
1501147765 340819
1501147765 542588
1501147765 599457
1501147765 695682
1501147765 751912
1501147765 867139
1501147765 925223
1501147765 982374
1501147766 40316
1501147766 97591
1501147766 155686
1501147766 212823
1501147766 347229
1501147766 424322
1501147766 491545
1501147766 625910
1501147766 683913
1501147766 740351
1501147766 798151
1501147766 855458
1501147766 960828
1501147767 27813
1501147767 162256
1501147767 229350
1501147767 296502
1501147767 363779
1501147767 498064
1501147767 565152
1501147767 747604
1501147767 834699
1501147768 160056
1501147768 226782
1501147768 293091
1501147768 360193
1501147768 716076
1501147768 811332
1501147768 878339
1501147768 945459
1501147769 12648
1501147769 79786
1501147769 147035
1501147769 213831
1501147769 281213
1501147769 349166
1501147769 416271
1501147769 483407
1501147769 550785
1501147769 617030
1501147769 684131
1501147769 751296
1501147769 818274
1501147769 885507
1501147769 952545
1501147770 19956
1501147770 86894
1501147770 336948
1501147770 442083
1501147770 633473
1501147770 699673
1501147770 766861
1501147770 834007
1501147770 901052
1501147770 988319
1501147771 208213
1501147771 275258
1501147771 429388
1501147771 505552
1501147771 572688
1501147771 639782
1501147771 707052
1501147771 774041
1501147771 841204
1501147771 908296
1501147772 42863
1501147772 426990
1501147772 619399
1501147772 686577
1501147772 753578
1501147772 819719
1501147772 886819
1501147772 954718
1501147773 59199
1501147773 261001
1501147773 904401
1501147773 971498
1501147774 133716
1501147774 508680
1501147774 603933
1501147774 748110
1501147774 815161
1501147774 881360
1501147774 939467
1501147775 5765
1501147775 303611
1501147775 360692
1501147775 466283
1501147775 628428
1501147775 723556
1501147775 790777
1501147775 982284
1501147776 48502
1501147776 144682
1501147776 211871
1501147776 356235
1501147776 422417
1501147776 489445
1501147776 585649
1501147776 835576
1501147776 921702
1501147776 988749
1501147777 56799
1501147777 162018
1501147777 228308
1501147777 295353
1501147777 381493
1501147777 448723
1501147777 737487
1501147777 919306
1501147778 34173
1501147778 167533
1501147778 234608
1501147778 359814
1501147778 599821
1501147778 666817
1501147778 830188
1501147779 588866
1501147779 655003
1501147779 722170
1501147779 809026
1501147779 875430
1501147779 942642
1501147780 154407
1501147780 221529
1501147780 287598
1501147780 354632
1501147780 421815
1501147780 489006
1501147780 556189
1501147780 623214
1501147780 690369
1501147780 757717
1501147780 824803
1501147781 170707
1501147781 237026
1501147781 381329
1501147781 573016
1501147781 639770
1501147781 783326
1501147781 907354
1501147781 973577
1501147782 31626
1501147782 127790
1501147782 194175
1501147782 252172
1501147782 309343
1501147782 385566
1501147782 442732
1501147782 500006
1501147782 556984
1501147782 623337
1501147782 700566
1501147782 766817
1501147782 929995
1501147783 217852
1501147783 284939
1501147783 352004
1501147783 420027
1501147783 486315
1501147783 658845
1501147783 726805
1501147783 803219
1501147783 869411
1501147783 975699
1501147784 100157
1501147784 214273
1501147784 291378
1501147784 377604
1501147784 444698
1501147784 511981
1501147784 579345
1501147784 646390
1501147784 714356
1501147784 780517
1501147784 847715
1501147784 914679
1501147784 982029
1501147785 49156
1501147785 117143
1501147785 183471
1501147785 250527
1501147785 317805
1501147785 384860
1501147785 451939
1501147785 519156
1501147785 586290
1501147785 653377
1501147785 720610
1501147785 787783
1501147785 855945
1501147785 999481
1501147786 180815
1501147786 247929
1501147786 316034
1501147786 382273
1501147786 488187
1501147786 660938
1501147786 728089
1501147786 795149
1501147787 44832
1501147787 111911
1501147787 227161
1501147787 294299
1501147787 361488
1501147787 428789
1501147787 505692
1501147787 591958
1501147787 784380
1501147787 928020
1501147787 994932
1501147788 61089
1501147788 128207
1501147788 214299
1501147788 320816
1501147788 387066
1501147788 453971
1501147788 636766
1501147788 828264
1501147788 895457
1501147789 9728
1501147789 77661
1501147789 143892
1501147789 210795
1501147789 278015
1501147789 345193
1501147789 412338
1501147789 470545
1501147789 536583
1501147789 594845
1501147789 660958
1501147789 719122
1501147789 776192
1501147789 832436
1501147789 890659
1501147789 947809
1501147790 341939
1501147790 398986
1501147790 494150
1501147790 686483
1501147790 850206
1501147791 185727
1501147791 251921
1501147791 319058
1501147791 386365
1501147791 607693
1501147791 673874
1501147791 741154
1501147791 828041
1501147791 894242
1501147791 961437
1501147792 28634
1501147792 95784
1501147792 230218
1501147792 297287
1501147792 393623
1501147792 460553
1501147792 527738
1501147792 844703
1501147792 921993
1501147793 16948
1501147793 113442
1501147793 246717
1501147793 323852
1501147793 544496
1501147793 610520
1501147793 706763
1501147793 918221
1501147793 985445
1501147794 52500
1501147794 157660
1501147794 225741
1501147794 291936
1501147794 532749
1501147794 599928
1501147794 666921
1501147794 781183
1501147794 887343
1501147794 953610
1501147795 39968
1501147795 222412
1501147795 433953
1501147795 500913
1501147795 567194
1501147795 634385
1501147795 701534
1501147795 768635
1501147795 836577
1501147795 902933
1501147795 969885
1501147796 37182
1501147796 104294
1501147796 171370
1501147796 238518
1501147796 305780
1501147796 372767
1501147796 441025
1501147796 507169
1501147796 574420
1501147796 641526
1501147796 815134
1501147796 881259
1501147797 102729
1501147797 169014
1501147797 236251
1501147797 303358
1501147797 369459
1501147797 533061
1501147797 811587
1501147797 878589
1501147797 944867
1501147798 50963
1501147798 299671
1501147798 433850
1501147798 500907
1501147798 568145
1501147798 635284
1501147798 693301
1501147798 759562
1501147798 816818
1501147798 874929
1501147798 932099
1501147798 990201
1501147799 47273
1501147799 105372
1501147799 162582
1501147799 220603
1501147799 277648
1501147799 451191
1501147799 527515
1501147799 719009
1501147799 929713
1501147800 35643
1501147800 189229
1501147800 246174
1501147800 361483
1501147800 418544
1501147800 763680
1501147800 858858
1501147801 540668
1501147801 607794
1501147801 674617
1501147801 741052
1501147801 990613
1501147802 240150
1501147802 403710
1501147802 489983
1501147802 768340
1501147802 969846
1501147803 37006
1501147803 104029
1501147803 342729
1501147803 409825
1501147803 476953
1501147803 544073
1501147803 745702
1501147803 909023
1501147804 53296
1501147804 293201
1501147804 417138
1501147804 484311
1501147804 599603
1501147804 695672
1501147804 762881
1501147804 829940
1501147805 22383
1501147805 155818
1501147805 242043
1501147805 472797
1501147805 539743
1501147805 606977
1501147805 857545
1501147805 933713
1501147806 746
1501147806 163359
1501147806 229493
1501147806 296569
1501147806 363641
1501147806 430818
1501147806 498031
1501147806 565192
1501147806 719559
1501147807 74695
1501147807 140671
1501147807 207932
1501147807 275145
1501147807 428283
1501147807 494563
1501147807 561992
1501147807 647860
1501147807 801357
1501147807 916591
1501147808 2733
1501147808 68887
1501147808 165107
1501147808 232175
1501147808 298423
1501147808 356585
1501147808 422807
1501147808 480871
1501147808 566204
1501147808 624189
1501147808 681355
1501147808 739496
1501147808 796683
1501147809 122645
1501147809 275909
1501147809 448348
1501147809 514591
1501147809 581765
1501147809 716788
1501147809 783325
1501147809 850210
1501147809 917551
1501147809 984546
1501147810 51749
1501147810 118991
1501147810 340182
1501147810 407470
1501147810 531838
1501147810 684406
1501147810 752518
1501147810 818608
1501147810 885527
1501147810 953613
1501147811 19827
1501147811 87243
1501147811 212276
1501147811 288574
1501147811 354911
1501147811 421906
1501147811 489103
1501147811 556417
1501147811 623663
1501147811 690783
1501147811 758102
1501147811 825015
1501147811 893081
1501147811 959436
1501147812 26741
1501147812 93619
1501147812 200158
1501147812 305175
1501147812 438597
1501147812 525563
1501147812 639866
1501147812 707080
1501147813 44087
1501147813 149342
1501147813 225369
1501147813 359543
1501147813 427649
1501147813 542111
1501147813 609349
1501147813 714363
1501147813 782480
1501147813 848787
1501147813 915900
1501147813 983088
1501147814 60108
1501147814 127213
1501147814 194471
1501147814 261768
1501147814 328843
1501147814 395957
1501147814 645669
1501147814 809201
1501147814 972382
1501147815 38589
1501147815 133680
1501147815 201082
1501147815 268116
1501147815 334313
1501147815 392782
1501147815 459597
1501147815 516659
1501147815 574208
1501147815 746398
1501147816 351240
1501147816 408036
1501147816 466017
1501147816 580448
1501147816 743722
1501147816 801669
1501147817 31448
1501147817 108615
1501147817 174968
1501147817 242836
1501147817 347945
1501147817 452435
1501147817 519543
1501147817 586996
1501147817 951905
1501147818 19005
1501147818 182253
1501147818 267390
1501147818 334487
1501147818 411810
1501147818 477860
1501147818 574009
1501147818 641596
1501147818 765592
1501147818 890862
1501147819 44289
1501147819 217088
1501147819 283860
1501147819 437422
1501147819 513480
1501147819 580642
1501147819 725014
1501147819 974456
1501147820 128000
1501147820 203926
1501147820 329521
1501147820 559899
1501147820 627063
1501147820 694135
1501147820 760380
1501147820 827536
1501147820 895719
1501147821 250559
1501147821 471213
1501147821 538190
1501147821 864009
1501147821 931139
1501147821 998252
1501147822 64476
1501147822 131455
1501147822 199463
1501147822 419407
1501147822 486552
1501147822 880896
1501147822 995584
1501147823 62181
1501147823 148955
1501147823 215123
1501147823 282292
1501147823 368572
1501147823 425547
1501147823 598272
1501147823 655290
1501147823 952228
1501147824 67428
1501147824 287991
1501147824 393126
1501147824 479327
1501147824 546310
1501147824 931544
1501147825 152044
1501147825 219063
1501147825 286111
1501147825 372224
1501147825 717175
1501147825 783666
1501147825 927732
1501147825 994855
1501147826 61815
1501147826 129136
1501147826 254436
1501147826 456072
1501147826 523157
1501147826 590252
1501147826 714639
1501147827 126773
1501147827 193728
1501147827 261001
1501147827 327924
1501147827 471378
1501147827 537490
1501147827 604637
1501147827 671926
1501147827 749233
1501147827 816005
1501147827 882375
1501147827 949632
1501147828 16623
1501147828 161136
1501147828 314603
1501147828 380741
1501147828 486859
1501147828 687367
1501147828 754309
1501147828 821591
1501147828 994211
1501147829 61199
1501147829 118416
1501147829 175496
1501147829 232781
1501147829 481627
1501147829 846920
1501147829 913719
1501147829 980694
1501147830 47761
1501147830 114877
1501147830 181082
1501147830 248225
1501147830 613396
1501147830 728590
1501147830 795820
1501147830 862825
1501147830 929816
1501147830 996125
1501147831 130540
1501147831 236583
1501147831 302778
1501147831 369974
1501147831 438017
1501147831 504363
1501147831 734930
1501147831 984611
1501147832 224158
1501147832 396562
1501147832 463758
1501147832 530855
1501147832 597760
1501147832 664073
1501147832 731259
1501147832 808351
1501147832 874643
1501147832 941799
1501147833 9106
1501147833 77042
1501147833 143227
1501147833 297552
1501147833 786823
1501147833 853876
1501147833 920113
1501147834 324000
1501147834 390103
1501147834 457160
1501147834 523523
1501147834 590590
1501147834 657770
1501147834 743931
1501147835 71077
1501147835 166930
1501147835 233078
1501147835 310206
1501147835 444615
1501147835 511763
1501147835 578903
1501147835 664954
1501147835 838825
1501147835 973022
1501147836 40254
1501147836 107312
1501147836 174310
1501147836 240555
1501147836 307791
1501147836 375856
1501147836 442177
1501147836 510077
1501147836 951456
1501147837 37646
1501147837 210132
1501147837 603946
1501147837 670778
1501147837 737299
1501147837 977499
1501147838 43820
1501147838 110922
1501147838 177811
1501147838 245022
1501147838 312339
1501147838 379800
1501147838 446911
1501147838 513860
1501147838 579994
1501147838 638053
1501147838 695463
1501147838 752398
1501147838 809609
1501147838 866669
1501147838 932956
1501147839 19233
1501147839 77337
1501147839 143639
1501147839 307181
1501147839 402233
1501147839 498434
1501147839 565498
1501147839 863501
1501147839 939773
1501147840 6986
1501147840 74064
1501147840 141029
1501147840 208027
1501147840 274304
1501147840 341400
1501147840 408741
1501147840 476729
1501147840 543032
1501147840 611008
1501147840 677542
1501147840 744243
1501147840 811421
1501147840 878649
1501147840 946917
1501147841 13025
1501147841 292083
1501147841 358832
1501147841 425184
1501147841 579539
1501147841 646565
1501147841 712749
1501147841 780832
1501147841 847144
1501147842 20439
1501147842 87462
1501147842 153759
1501147842 220963
1501147842 288113
1501147842 355336
1501147842 692042
1501147842 845404
1501147842 959768
1501147843 26840
1501147843 468071
1501147843 535156
1501147843 650285
1501147843 716479
1501147843 783714
1501147843 889909
1501147843 956084
1501147844 23195
1501147844 91435
1501147844 177421
1501147844 243775
1501147844 378183
1501147844 445286
1501147844 512418
1501147844 578714
1501147844 636590
1501147844 896367
1501147844 963475
1501147845 29772
1501147845 87759
1501147845 193144
1501147845 250188
1501147845 345413
1501147845 672744
1501147845 777513
1501147845 834706
1501147845 901790
1501147845 967973
1501147846 35361
1501147846 103215
1501147846 400129
1501147846 467269
1501147846 534425
1501147846 600630
1501147846 668668
1501147846 735042
1501147846 801998
1501147846 869862
1501147846 936188
1501147847 3437
1501147847 70666
1501147847 176884
1501147847 243319
1501147847 416885
1501147847 560129
1501147847 637020
1501147847 742277
1501147847 866828
1501147848 29991
1501147848 375029
1501147848 442170
1501147848 509212
1501147848 576515
1501147848 701180
1501147848 796829
1501147848 959309
1501147849 26401
1501147849 94328
1501147849 160697
1501147849 227849
1501147849 295805
1501147849 362214
1501147849 429339
1501147849 496546
1501147849 564443
1501147849 630963
1501147849 696980
1501147849 764116
1501147849 831299
1501147849 898578
1501147849 965717
1501147850 32781
1501147850 138171
1501147850 357444
1501147850 473065
1501147850 539944
1501147850 597230
1501147850 655213
1501147850 712292
1501147850 769541
1501147850 826701
1501147850 883824
1501147850 960056
1501147851 26361
1501147851 93475
1501147851 160770
1501147851 218694
1501147851 285930
1501147851 352132
1501147851 419297
1501147851 486480
1501147851 553687
1501147851 620829
1501147851 947906
1501147852 207423
1501147852 274282
1501147852 340500
1501147852 408575
1501147852 474897
1501147852 610100
1501147852 696281
1501147852 762592
1501147852 897762
1501147852 965279
1501147853 32147
1501147853 99386
1501147853 175555
1501147853 318784
1501147853 473174
1501147853 914404
1501147854 365457
1501147854 432586
1501147854 499656
1501147854 604845
1501147854 681017
1501147854 758140
1501147854 825408
1501147854 959623
1501147855 208533
1501147855 275514
1501147855 342859
1501147855 408949
1501147855 611379
1501147855 716416
1501147855 792650
1501147855 946201
1501147856 176740
1501147856 243829
1501147856 311009
1501147856 502370
1501147856 569510
1501147856 674743
1501147856 742056
1501147856 876098
1501147856 942346
1501147857 19581
1501147857 85863
1501147857 240466
1501147857 307375
1501147857 796744
1501147857 979215
1501147858 46204
1501147858 113206
1501147858 180532
1501147858 247618
1501147858 314690
1501147858 381818
1501147858 448251
1501147858 516221
1501147858 592729
1501147859 254883
1501147859 532751
1501147859 599840
1501147859 753260
1501147859 839767
1501147859 983560
1501147860 88981
1501147860 155946
1501147860 366637
1501147860 616360
1501147860 683307
1501147860 912883
1501147861 48161
1501147861 201497
1501147861 325882
1501147861 488431
1501147861 565537
1501147861 805103
1501147861 920249
1501147861 987254
1501147862 149898
1501147862 226156
1501147862 302192
1501147862 667181
1501147862 782394
1501147863 2988
1501147863 89183
1501147863 156241
1501147863 223306
1501147863 289568
1501147863 356663
1501147863 424902
1501147863 596562
1501147863 664405
1501147863 731567
1501147863 798713
1501147863 865910
1501147863 933063
1501147864 162595
1501147864 384010
1501147864 672036
1501147864 739102
1501147864 883162
1501147864 997538
1501147865 65578
1501147865 132903
1501147865 199866
1501147865 286074
1501147865 353219
1501147865 420364
1501147865 506818
1501147865 573735
1501147865 649966
1501147865 716246
1501147865 783296
1501147865 851452
1501147865 918593
1501147866 4870
1501147866 158160
1501147866 281653
1501147866 503203
1501147866 685671
1501147866 752971
1501147866 887132
1501147866 954340
1501147867 21173
1501147867 87542
1501147867 154697
1501147867 221791
1501147867 289765
1501147867 644865
1501147867 731050
1501147867 865301
1501147868 27970
1501147868 94845
1501147868 305957
1501147868 372706
1501147868 458894
1501147868 573961
1501147868 688286
1501147868 890808
1501147868 957862
1501147869 25073
1501147869 92229
1501147869 168380
1501147869 235638
1501147869 446251
1501147869 811202
1501147869 878265
1501147869 945346
1501147870 69841
1501147870 136838
1501147870 203668
1501147870 395799
1501147870 616021
1501147870 712639
1501147870 788130
1501147870 855512
1501147870 941788
1501147871 8931
1501147871 75994
1501147871 162249
1501147871 286520
1501147871 343994
1501147871 400830
1501147871 660600
1501147871 717403
1501147871 852112
1501147871 948167
1501147872 177841
1501147872 244840
1501147872 321181
1501147872 388339
1501147872 455335
1501147872 521573
1501147872 589758
1501147872 656859
1501147872 925710
1501147872 992541
1501147873 280252
1501147873 385445
1501147873 529018
1501147873 596058
1501147873 662398
1501147873 730397
1501147873 902891
1501147874 56316
1501147874 123442
1501147874 190476
1501147874 257772
1501147874 324863
1501147874 391992
1501147874 459242
1501147874 526245
1501147874 593441
1501147874 660716
1501147874 852698
1501147874 919449
1501147874 986463
1501147875 53585
1501147875 120707
1501147875 456843
1501147875 523837
1501147875 591116
1501147875 658102
1501147875 725187
1501147875 792291
1501147875 859423
1501147875 926647
1501147875 993684
1501147876 60850
1501147876 126931
1501147876 195216
1501147876 262161
1501147876 473175
1501147876 540328
1501147876 607318
1501147876 674363
1501147876 740724
1501147876 807926
1501147876 874776
1501147876 941065
1501147877 8405
1501147877 75681
1501147877 142723
1501147877 210217
1501147877 276987
1501147877 344031
1501147877 410340
1501147877 477461
1501147877 545960
1501147877 612743
1501147877 679906
1501147877 747023
1501147877 814042
1501147877 880299
1501147877 947539
1501147878 14629
1501147878 82923
1501147878 149906
1501147878 216025
1501147878 284180
1501147878 350662
1501147878 504076
1501147878 734840
1501147878 801699
1501147878 868744
1501147878 935965
1501147879 2819
1501147879 69229
1501147879 136323
1501147879 202866
1501147879 346158
1501147879 441630
1501147879 594966
1501147879 700034
1501147879 844345
1501147880 36109
1501147880 93936
1501147880 160923
1501147880 218127
1501147880 285222
1501147880 534113
1501147880 754643
1501147880 821735
1501147880 888893
1501147881 4200
1501147881 99480
1501147881 445418
1501147881 512362
1501147881 579679
1501147881 646747
1501147881 742937
1501147881 915249
1501147881 982307
1501147882 87988
1501147882 154720
1501147882 221891
1501147882 356427
1501147882 423692
1501147882 547806
1501147882 614829
1501147882 787448
1501147882 911985
1501147883 151557
1501147883 256702
1501147883 323734
1501147883 419872
1501147883 486960
1501147883 601372
1501147883 890217
1501147884 101531
1501147884 168438
1501147884 350325
1501147884 503842
1501147884 570868
1501147884 637721
1501147884 704894
1501147884 887462
1501147884 954457
1501147885 116949
1501147885 184022
1501147885 251443
1501147885 328307
1501147885 394678
1501147885 519053
1501147885 585956
1501147885 653179
1501147885 720257
1501147885 786558
1501147885 853825
1501147886 180887
1501147886 276226
1501147886 382276
1501147886 497085
1501147886 563375
1501147886 630718
1501147886 697679
1501147886 764766
1501147886 831118
1501147886 927261
1501147886 985516
1501147887 71801
1501147887 647223
1501147887 704231
1501147887 762198
1501147887 819434
1501147887 876447
1501147887 933653
1501147887 999935
1501147888 67937
1501147888 134304
1501147888 201397
1501147888 269438
1501147888 335768
1501147888 403890
1501147888 470992
1501147888 538022
1501147888 604284
1501147888 672357
1501147888 738644
1501147888 806653
1501147888 873078
1501147888 940181
1501147889 8083
1501147889 74360
1501147889 141701
1501147889 209581
1501147889 276036
1501147889 343944
1501147889 411073
1501147889 564580
1501147889 804364
1501147889 871350
1501147890 130095
1501147890 379691
1501147890 494808
1501147890 561787
1501147890 859037
1501147891 41373
1501147891 108436
1501147891 175430
1501147891 329028
1501147891 540288
1501147891 616391
1501147891 731768
1501147891 798891
1501147891 962437
1501147892 201992
1501147892 269141
1501147892 336138
1501147892 403282
1501147892 527638
1501147892 844481
1501147892 920522
1501147892 987724
1501147893 55793
1501147893 122956
1501147893 190084
1501147893 257073
1501147893 410345
1501147893 476802
1501147893 543867
1501147893 650073
1501147893 717240
1501147893 784337
1501147893 879685
1501147893 946989
1501147894 14049
1501147894 90271
1501147894 157415
1501147894 224642
1501147894 291838
1501147894 483441
1501147894 695008
1501147894 761936
1501147894 828990
1501147894 896236
1501147894 963239
1501147895 29533
1501147895 96778
1501147895 163744
1501147895 288031
1501147895 355332
1501147895 422455
1501147895 489603
1501147895 556754
1501147895 624065
1501147895 691087
1501147895 758237
1501147895 825442
1501147895 892590
1501147895 960044
1501147896 26853
1501147896 94022
1501147896 170244
1501147896 237471
1501147896 304534
1501147896 371720
1501147896 439053
1501147896 506083
1501147896 573231
1501147896 640396
1501147896 707500
1501147896 774730
1501147896 841873
1501147896 909158
1501147897 52561
1501147897 119692
1501147897 186706
1501147897 253935
1501147897 417347
1501147897 637662
1501147897 704873
1501147897 771972
1501147897 839130
1501147897 925366
1501147898 49633
1501147898 289356
1501147898 356505
1501147898 423519
1501147898 586148
1501147898 710662
1501147898 854904
1501147898 922004
1501147899 75311
1501147899 449164
1501147899 766161
1501147899 890333
1501147899 957419
1501147900 24429
1501147900 91616
1501147900 158834
1501147900 225883
1501147900 293248
1501147900 360307
1501147900 427679
1501147900 552098
1501147900 618921
1501147900 887706
1501147900 955056
1501147901 21941
1501147901 185522
1501147901 252391
1501147901 319392
1501147901 607211
1501147901 674320
1501147901 913824
1501147902 29170
1501147902 96432
1501147902 163504
1501147902 239638
1501147902 306986
1501147902 546403
1501147902 613594
1501147902 708781
1501147902 863207
1501147902 930200
1501147903 6434
1501147903 73596
1501147903 275600
1501147903 409697
1501147903 543901
1501147903 659053
1501147903 726140
1501147903 793323
1501147903 908704
1501147904 51827
1501147904 417037
1501147904 484089
1501147904 551174
1501147904 618324
1501147904 704653
1501147904 771782
1501147904 838783
1501147904 992369
1501147905 59338
1501147905 251017
1501147905 376037
1501147905 443276
1501147905 510441
1501147905 731256
1501147905 990569
1501147906 66650
1501147906 287257
1501147906 354437
1501147906 421320
1501147906 488702
1501147906 718234
1501147906 824496
1501147906 891484
1501147907 6588
1501147907 73014
1501147907 284873
1501147907 351724
1501147907 438044
1501147907 505312
1501147907 572066
1501147907 639390
1501147907 706299
1501147907 772547
1501147907 840732
1501147907 908003
1501147907 975141
1501147908 42486
1501147908 109367
1501147908 185669
1501147908 252880
1501147908 320092
1501147908 387175
1501147908 454263
1501147908 530519
1501147908 635759
1501147908 703064
1501147908 769982
1501147908 837191
1501147908 904285
1501147908 971416
1501147909 38622
1501147909 105871
1501147909 172910
1501147909 240108
1501147909 307355
1501147909 374443
1501147909 441689
1501147909 508762
1501147909 575923
1501147909 643191
1501147909 710198
1501147909 777349
1501147909 844694
1501147909 911763
1501147909 978741
1501147910 45928
1501147910 113120
1501147910 180246
1501147910 247467
1501147910 314536
1501147910 707609
1501147910 832022
1501147910 899246
1501147910 966106
1501147911 33419
1501147911 100531
1501147911 167773
1501147911 234821
1501147911 301988
1501147911 464466
1501147911 531687
1501147911 637016
1501147911 704028
1501147911 771152
1501147911 838420
1501147911 905552
1501147911 972575
1501147912 39817
1501147912 107053
1501147912 174292
1501147912 308697
1501147912 394890
1501147912 462003
1501147912 529167
1501147912 596094
1501147912 663256
1501147912 730331
1501147912 806673
1501147912 873883
1501147912 941055
1501147913 8201
1501147913 75216
1501147913 142221
1501147913 372142
1501147913 449218
1501147913 525289
1501147913 861541
1501147914 72881
1501147914 293473
1501147914 379532
1501147914 532904
1501147914 965011
1501147915 32058
1501147915 99123
1501147915 166230
1501147915 233519
1501147915 310678
1501147915 453946
1501147915 520910
1501147915 587995
1501147915 655296
1501147915 722422
1501147915 885340
1501147915 952153
1501147916 19442
1501147916 211853
1501147916 374358
1501147916 518802
1501147916 671805
1501147916 738933
1501147916 835101
1501147916 903085
1501147916 969401
1501147917 36529
1501147917 103617
1501147917 170842
1501147917 238055
1501147917 305158
1501147917 429539
1501147917 515818
1501147917 679567
1501147917 794432
1501147917 880679
1501147917 947595
1501147918 101109
1501147918 216332
1501147918 350572
1501147918 475043
1501147918 542149
1501147918 676444
1501147919 31616
1501147919 223647
1501147919 308778
1501147919 463354
1501147919 530339
1501147919 597420
1501147919 712911
1501147919 780024
1501147919 847157
1501147919 914260
1501147919 981474
1501147920 48488
1501147920 115966
1501147920 182768
1501147920 259020
1501147920 326072
1501147920 393313
1501147920 460556
1501147920 527864
1501147920 594895
1501147920 825478
1501147920 892591
1501147920 959700
1501147921 26780
1501147921 94016
1501147921 161156
1501147921 228433
1501147921 295572
1501147921 545117
1501147921 641356
1501147921 756681
1501147921 987048
1501147922 54210
1501147922 121360
1501147922 197427
1501147922 341195
1501147922 542698
1501147922 609618
1501147922 753032
1501147922 820029
1501147923 11812
1501147923 78904
1501147923 145984
1501147923 213076
1501147923 299195
1501147923 366364
1501147923 442617
1501147923 509764
1501147923 576800
1501147923 644017
1501147923 711171
1501147923 778300
1501147923 845472
1501147923 912604
1501147923 979937
1501147924 47256
1501147924 114246
1501147924 248637
1501147924 315692
1501147924 382725
1501147924 449971
1501147924 708960
1501147924 775692
1501147924 843011
1501147924 909997
1501147924 977062
1501147925 44334
1501147925 111332
1501147925 178569
1501147925 245798
1501147925 313004
1501147925 380030
1501147925 447438
1501147925 514445
1501147925 581609
1501147925 648731
1501147925 715823
1501147925 888480
1501147926 32903
1501147926 100423
1501147926 282718
1501147926 455056
1501147926 521994
1501147926 925220
1501147926 991932
1501147927 59152
1501147927 126243
1501147927 212419
1501147927 279568
1501147927 346692
1501147927 413837
1501147927 490181
1501147927 557154
1501147927 748730
1501147927 921264
1501147928 26336
1501147928 516538
1501147928 621812
1501147928 766423
1501147928 833122
1501147928 900381
1501147928 967702
1501147929 178096
1501147929 398721
1501147929 543017
1501147929 609993
1501147929 677060
1501147929 744126
1501147930 22234
1501147930 358221
1501147930 464101
1501147930 675532
1501147930 829037
1501147930 896068
1501147931 40391
1501147931 107484
1501147931 173758
1501147931 240789
1501147931 337122
1501147931 404209
1501147931 499573
1501147931 566471
1501147931 633717
1501147931 700763
1501147931 767911
1501147931 854124
1501147932 7657
1501147932 74870
1501147932 141983
1501147932 209128
1501147932 324320
1501147932 497008
1501147932 593184
1501147932 708341
1501147932 832723
1501147932 899805
1501147933 24042
1501147933 263840
1501147933 513445
1501147933 647557
1501147933 858182
1501147933 935248
1501147934 40669
1501147934 145797
1501147934 241907
1501147934 309010
1501147934 433205
1501147934 616294
1501147934 721173
1501147934 826315
1501147934 893430
1501147934 961013
1501147935 354717
1501147935 421885
1501147935 488939
1501147935 556267
1501147935 623167
1501147935 690133
1501147935 757437
1501147935 824626
1501147935 910742
1501147935 977926
1501147936 45026
1501147936 112299
1501147936 255701
1501147936 325464
1501147936 447207
1501147936 543592
1501147936 610509
1501147936 696523
1501147936 763910
1501147936 830925
1501147936 898276
1501147937 176882
1501147937 339436
1501147937 531794
1501147937 598970
1501147937 665787
1501147937 781259
1501147937 848236
1501147937 915475
1501147938 59066
1501147938 126051
1501147938 193262
1501147938 260308
1501147938 337456
1501147938 404759
1501147938 471868
1501147938 538920
1501147938 615086
1501147938 682227
1501147938 825913
1501147939 75190
1501147939 526647
1501147939 593622
1501147939 688741
1501147939 755837
1501147940 293480
1501147940 360523
1501147940 427573
1501147940 552997
1501147940 668145
1501147940 792381
1501147941 100236
1501147941 224565
1501147941 291738
1501147941 455107
1501147941 522862
1501147941 589129
1501147941 656197
1501147941 723417
1501147941 790654
1501147941 857713
1501147941 924814
1501147941 992916
1501147942 59122
1501147942 126392
1501147942 193388
1501147942 260475
1501147942 327906
1501147942 394977
1501147942 462022
1501147942 529203
1501147942 596425
1501147942 663421
1501147942 730884
1501147942 797742
1501147942 865022
1501147942 932238
1501147942 999300
1501147943 66438
1501147943 133678
1501147943 200767
1501147943 267952
1501147943 335087
1501147943 402289
1501147943 469395
1501147943 536432
1501147943 603641
1501147943 670958
1501147943 737869
1501147943 805190
1501147943 872257
1501147944 103081
1501147944 390870
1501147944 457928
1501147944 524918
1501147944 592018
1501147944 716367
1501147944 908795
1501147944 976033
1501147945 43119
1501147945 110179
1501147945 177253
1501147945 244473
1501147945 387755
1501147945 704533
1501147945 819906
1501147945 982332
1501147946 59451
1501147946 126575
1501147946 193666
1501147946 270049
1501147946 337114
1501147946 404237
1501147946 471587
1501147946 538706
1501147946 605816
1501147946 673241
1501147946 740385
1501147946 807300
1501147946 874400
1501147946 941530
1501147947 8664
1501147947 75913
1501147947 143135
1501147947 210169
1501147947 277276
1501147947 344466
1501147947 411618
1501147947 478759
1501147947 545905
1501147947 613073
1501147947 680342
1501147947 747347
1501147947 814589
1501147947 882238
1501147947 948855
1501147948 16208
1501147948 83230
1501147948 150246
1501147948 226474
1501147948 293712
1501147948 360867
1501147948 428123
1501147948 571457
1501147948 648619
1501147948 715697
1501147948 898167
1501147948 993338
1501147949 80052
1501147949 146782
1501147949 213904
1501147949 502014
1501147949 780248
1501147949 992025
1501147950 59099
1501147950 126097
1501147950 193236
1501147950 260345
1501147950 327521
1501147950 394953
1501147950 672661
1501147950 739438
1501147950 844924
1501147950 911842
1501147950 978949
1501147951 46302
1501147951 113284
1501147951 180488
1501147951 247530
1501147951 314753
1501147951 381892
1501147951 449086
1501147951 516134
1501147951 583597
1501147951 650730
1501147951 717601
1501147951 784951
1501147951 852036
1501147951 976639
1501147952 43415
1501147952 110697
1501147952 667274
1501147952 734291
1501147953 32249
1501147953 243486
1501147953 368148
1501147953 434839
1501147953 915078
1501147954 126597
1501147954 193564
1501147954 260613
1501147954 376227
1501147954 481183
1501147954 721832
1501147954 788785
1501147954 855877
1501147954 923212
1501147954 990266
1501147955 57339
1501147955 124500
1501147955 191619
1501147955 258927
1501147955 325898
1501147955 393110
1501147955 460377
1501147955 613634
1501147955 680635
1501147955 747947
1501147955 815161
1501147955 882382
1501147955 949325
1501147956 16686
1501147956 102858
1501147956 169969
1501147956 237095
1501147956 304395
1501147956 390566
1501147956 543909
1501147956 640165
1501147956 745282
1501147956 812225
1501147956 917487
1501147956 984658
1501147957 119199
1501147957 243857
1501147957 320655
1501147957 532423
1501147957 675469
1501147957 876969
1501147957 944182
1501147958 11191
1501147958 78263
1501147958 145573
1501147958 212742
1501147958 279804
1501147958 347084
1501147958 414241
1501147958 481414
1501147958 548636
1501147958 615660
1501147958 682732
1501147958 749931
1501147958 999644
1501147959 123988
1501147959 191067
1501147959 258260
1501147959 325437
1501147959 555985
1501147959 623059
1501147959 891848
1501147959 977960
1501147960 45128
1501147960 151257
1501147960 217447
1501147960 370878
1501147960 447913
1501147960 534045
1501147960 678371
1501147960 745663
1501147960 812742
1501147960 879927
1501147960 947029
1501147961 14115
1501147961 81443
1501147961 148566
1501147961 427288
1501147961 532540
1501147961 763151
1501147961 830062
1501147961 897304
1501147961 964426
1501147962 31591
1501147962 98772
1501147962 165882
1501147962 233115
1501147962 300160
1501147962 396416
1501147962 463494
1501147962 530675
1501147962 655025
1501147962 722270
1501147962 789226
1501147963 951
1501147963 326820
1501147963 393701
1501147963 528174
1501147963 595312
1501147963 777473
1501147963 863931
1501147963 998108
1501147964 65131
1501147964 161661
1501147964 228569
1501147964 295870
1501147964 612444
1501147964 795030
1501147964 862034
1501147964 929135
1501147965 25462
1501147965 92583
1501147965 207951
1501147965 275107
1501147965 342241
1501147965 409295
1501147965 476502
1501147965 543628
1501147965 610740
1501147965 677810
1501147965 745103
1501147965 812263
1501147965 879406
1501147965 946434
1501147966 13706
1501147966 80817
1501147966 147967
1501147966 215175
1501147966 282142
1501147966 349539
1501147966 416638
1501147966 483720
1501147966 550743
1501147966 666091
1501147966 733176
1501147966 905898
1501147967 98162
1501147967 165318
1501147967 241540
1501147967 434228
1501147967 606611
1501147967 673586
1501147967 740828
1501147967 807894
1501147967 874977
1501147967 942058
1501147968 76651
1501147968 143687
1501147968 210875
1501147968 278123
1501147968 345039
1501147968 412318
1501147968 527703
1501147968 613585
1501147968 718794
1501147968 786030
1501147968 853097
1501147968 920357
1501147969 121988
1501147969 188986
1501147969 256134
1501147969 323305
1501147969 572951
1501147969 639991
1501147969 707170
1501147969 774417
1501147969 879605
1501147969 946793
1501147970 14032
1501147970 81265
1501147970 254452
1501147970 321654
1501147970 388646
1501147970 551322
1501147970 724566
1501147970 848762
1501147970 915962
1501147970 983211
1501147971 251949
1501147971 444196
1501147971 511485
1501147971 578428
1501147971 732203
1501147971 798969
1501147971 866139
1501147971 933311
1501147972 660
1501147972 67672
1501147972 134823
1501147972 201811
1501147972 269088
1501147972 336301
1501147972 403365
1501147972 470593
1501147972 537594
1501147972 604909
1501147972 672158
1501147972 758124
1501147972 969710
1501147973 55951
1501147973 152071
1501147973 305777
1501147973 449846
1501147973 574243
1501147973 689352
1501147973 785609
1501147973 852583
1501147974 265019
1501147974 332081
1501147974 399130
1501147974 523504
1501147974 590564
1501147974 724839
1501147974 850073
1501147974 917178
1501147975 60419
1501147975 127675
1501147975 223940
1501147975 291157
1501147975 598015
1501147975 962703
1501147976 29697
1501147976 346690
1501147976 442814
1501147976 529068
1501147976 596080
1501147976 663306
1501147976 730369
1501147977 86446
1501147977 153389
1501147977 220483
1501147977 287706
1501147977 354877
1501147977 421938
1501147977 489118
1501147977 556159
1501147977 623302
1501147977 709636
1501147977 853827
1501147978 179914
1501147978 247084
1501147978 314045
1501147978 381366
1501147978 477629
1501147978 544423
1501147978 697806
1501147978 775109
1501147978 861085
1501147978 947506
1501147979 341454
1501147979 408523
1501147979 494730
1501147979 561928
1501147979 628977
1501147979 696071
1501147979 763333
1501147979 830356
1501147979 897416
1501147979 974807
1501147980 41813
1501147980 252532
1501147980 319832
1501147980 386769
1501147980 636368
1501147980 703485
1501147980 770651
1501147980 847698
1501147980 914922
1501147981 212553
1501147981 288852
1501147981 356087
1501147981 711931
1501147981 778996
1501147981 846012
1501147981 922351
1501147981 989425
1501147982 56435
1501147982 123640
1501147982 190712
1501147982 257902
1501147982 325094
1501147982 392294
1501147982 459660
1501147982 545586
1501147982 612672
1501147982 679954
1501147982 814317
1501147982 881527
1501147982 948674
1501147983 15753
1501147983 294653
1501147983 726433
1501147983 928001
1501147984 273672
1501147984 590642
1501147984 657544
1501147984 724767
1501147984 791932
1501147984 858976
1501147984 926087
1501147984 993266
1501147985 60380
1501147985 127591
1501147985 194659
1501147985 261816
1501147985 588614
1501147985 760990
1501147986 49901
1501147986 116883
1501147986 289293
1501147986 423512
1501147986 528689
1501147986 595857
1501147986 663117
1501147986 730249
1501147986 797329
1501147986 864410
1501147986 931602
1501147987 75103
1501147987 200254
1501147987 834030
1501147988 16364
