1501147711 852230
1501147711 919133
1501147711 986003
1501147712 53148
1501147712 149347
1501147712 216329
1501147712 505161
1501147712 572844
1501147712 667718
1501147712 734735
1501147712 802871
1501147712 870123
1501147712 937029
1501147713 4413
1501147713 224904
1501147713 320973
1501147713 387618
1501147713 454349
1501147713 521523
1501147713 589123
1501147713 655963
1501147713 722908
1501147713 934930
1501147714 1649
1501147714 68863
1501147714 135876
1501147714 203519
1501147714 270111
1501147714 337402
1501147714 404439
1501147714 472036
1501147714 539768
1501147714 605972
1501147714 673421
1501147714 740200
1501147714 807436
1501147714 874717
1501147714 942287
1501147715 8910
1501147715 76120
1501147715 144175
1501147715 210772
1501147715 277424
1501147715 344677
1501147715 412183
1501147715 479048
1501147715 546205
1501147715 613239
1501147715 680942
1501147715 969809
1501147716 36205
1501147716 439298
1501147716 506401
1501147716 573399
1501147716 640693
1501147716 707979
1501147716 775101
1501147716 842079
1501147716 909205
1501147716 976473
1501147717 179116
1501147717 255164
1501147717 428193
1501147717 494640
1501147717 590708
1501147717 657826
1501147717 725148
1501147717 792365
1501147718 42019
1501147718 109077
1501147718 176360
1501147718 301466
1501147718 819849
1501147718 973010
1501147719 40113
1501147719 107183
1501147719 174551
1501147719 241437
1501147719 308661
1501147719 375810
1501147719 443012
1501147719 510125
1501147719 616350
1501147719 683452
1501147719 933402
1501147720 86601
1501147720 278849
1501147720 346113
1501147720 413158
1501147720 480256
1501147720 730171
1501147720 797414
1501147720 864483
1501147720 931562
1501147720 998649
1501147721 200171
1501147721 267412
1501147721 354184
1501147721 795649
1501147721 862549
1501147721 929588
1501147721 996808
1501147722 198222
1501147722 265419
1501147722 332643
1501147722 400594
1501147722 467779
1501147722 534924
1501147722 602037
1501147722 880143
1501147722 947017
1501147723 14155
1501147723 81314
1501147723 216419
1501147723 282666
1501147723 417141
1501147723 503304
1501147723 570450
1501147723 637475
1501147723 704725
1501147723 781687
1501147723 849190
1501147723 916286
1501147724 281131
1501147724 453369
1501147724 703108
1501147724 895593
1501147725 260321
1501147725 365637
1501147725 548099
1501147725 614947
1501147725 701171
1501147725 768425
1501147725 835534
1501147725 912613
1501147725 979706
1501147726 47091
1501147726 113996
1501147726 181171
1501147726 248644
1501147726 315604
1501147726 382802
1501147726 449824
1501147726 517183
1501147726 584426
1501147726 699660
1501147726 823906
1501147726 939171
1501147727 6210
1501147727 169464
1501147727 294133
1501147727 361254
1501147727 600584
1501147727 667597
1501147727 735668
1501147727 802959
1501147727 869927
1501147728 13574
1501147728 147878
1501147728 253908
1501147728 397280
1501147728 589628
1501147728 656998
1501147728 829417
1501147729 89273
1501147729 156196
1501147729 424683
1501147729 491847
1501147729 559022
1501147729 626191
1501147729 693218
1501147729 760580
1501147729 827622
1501147729 904745
1501147729 981019
1501147730 144443
1501147730 240644
1501147730 307337
1501147730 366220
1501147730 480578
1501147730 538067
1501147730 595556
1501147730 691563
1501147730 749670
1501147730 806712
1501147730 970650
1501147731 152560
1501147731 209893
1501147731 364506
1501147731 450330
1501147731 507465
1501147731 565496
1501147731 622710
1501147731 680691
1501147731 738029
1501147731 796057
1501147731 872125
1501147731 930640
1501147731 987316
1501147732 45338
1501147732 102545
1501147732 266180
1501147732 381389
1501147732 439499
1501147732 506514
1501147732 563725
1501147732 621735
1501147732 679263
1501147732 735940
1501147732 794085
1501147732 966704
1501147733 53707
1501147733 255393
1501147733 398789
1501147733 504925
1501147733 561902
1501147733 620233
1501147733 696773
1501147733 763546
1501147733 821512
1501147733 878580
1501147733 936549
1501147733 993953
1501147734 51926
1501147734 253618
1501147734 321807
1501147734 532266
1501147734 627489
1501147734 790674
1501147734 848805
1501147734 973203
1501147735 40328
1501147735 107540
1501147735 174698
1501147735 309878
1501147735 425021
1501147735 520497
1501147735 587883
1501147735 693610
1501147735 760872
1501147735 828009
1501147735 962593
1501147736 58646
1501147736 154267
1501147736 221988
1501147736 289195
1501147736 394857
1501147736 461464
1501147736 567264
1501147736 633869
1501147736 701022
1501147736 893723
1501147737 46880
1501147737 134006
1501147737 201478
1501147737 316498
1501147737 383586
1501147737 450571
1501147737 518469
1501147737 585127
1501147737 681251
1501147737 748268
1501147737 815423
1501147737 883089
1501147737 958818
1501147738 26154
1501147738 93061
1501147738 160278
1501147738 228447
1501147738 295611
1501147738 362642
1501147738 430353
1501147738 497576
1501147738 573284
1501147738 650378
1501147738 717718
1501147738 784546
1501147738 852269
1501147738 918948
1501147739 82420
1501147739 178953
1501147739 245617
1501147739 341902
1501147739 409420
1501147739 533186
1501147739 600944
1501147739 667474
1501147739 734727
1501147739 801734
1501147739 869008
1501147739 937240
1501147740 4353
1501147740 71523
1501147740 273349
1501147740 541835
1501147740 608809
1501147740 675968
1501147740 743614
1501147740 810672
1501147740 877395
1501147740 944913
1501147741 11784
1501147741 79241
1501147741 145946
1501147741 213092
1501147741 280371
1501147741 347302
1501147741 414454
1501147741 481762
1501147741 548942
1501147741 616998
1501147741 683648
1501147741 750854
1501147742 28988
1501147742 96073
1501147742 192252
1501147742 259311
1501147742 326570
1501147742 393740
1501147742 460790
1501147742 528355
1501147742 595217
1501147742 672246
1501147742 739532
1501147742 806704
1501147742 873897
1501147742 940995
1501147743 8299
1501147743 75307
1501147743 142422
1501147743 209591
1501147743 276885
1501147743 343965
1501147743 421071
1501147743 507537
1501147743 902186
1501147743 968574
1501147744 121892
1501147744 188997
1501147744 256289
1501147744 342423
1501147744 409397
1501147744 476527
1501147744 543639
1501147744 620853
1501147744 688032
1501147744 755162
1501147744 822151
1501147744 889358
1501147744 956718
1501147745 23812
1501147745 90887
1501147745 158077
1501147745 225261
1501147745 292439
1501147745 360660
1501147745 484851
1501147745 744606
1501147745 830520
1501147745 897244
1501147745 964006
1501147746 31586
1501147746 98292
1501147746 165485
1501147746 232950
1501147746 299703
1501147746 366866
1501147746 434019
1501147746 502122
1501147746 569303
1501147746 635798
1501147746 702521
1501147746 866392
1501147746 981317
1501147747 76582
1501147747 144131
1501147747 288181
1501147747 355865
1501147747 422225
1501147747 671962
1501147747 739134
1501147747 806260
1501147747 873336
1501147747 940400
1501147748 27643
1501147748 95099
1501147748 286577
1501147748 353629
1501147748 420716
1501147748 487954
1501147748 554915
1501147748 642129
1501147748 709064
1501147748 776219
1501147748 872402
1501147748 939585
1501147749 34961
1501147749 170176
1501147749 237214
1501147749 304446
1501147749 371727
1501147749 467205
1501147749 726733
1501147749 986273
1501147750 81457
1501147750 168940
1501147750 234741
1501147750 301893
1501147750 368961
1501147750 436351
1501147750 503362
1501147750 676760
1501147750 839161
1501147750 906154
1501147750 973302
1501147751 40539
1501147751 107610
1501147751 174729
1501147751 252035
1501147751 529589
1501147751 634948
1501147751 702044
1501147751 779115
1501147751 846303
1501147751 913482
1501147751 980619
1501147752 47822
1501147752 114941
1501147752 182047
1501147752 249269
1501147752 316379
1501147752 383577
1501147752 450776
1501147752 517922
1501147752 585182
1501147752 652147
1501147752 719362
1501147752 786415
1501147752 853811
1501147752 920915
1501147753 17070
1501147753 256658
1501147753 323703
1501147753 409896
1501147753 794021
1501147753 986584
1501147754 341398
1501147754 418142
1501147754 485341
1501147754 610066
1501147754 676945
1501147754 802309
1501147754 869123
1501147754 926826
1501147755 12223
1501147755 242914
1501147755 310032
1501147755 377008
1501147755 444464
1501147755 512259
1501147755 569764
1501147755 722746
1501147755 829374
1501147755 886928
1501147755 944784
1501147756 20785
1501147756 78884
1501147756 136472
1501147756 194516
1501147756 318637
1501147756 472498
1501147756 712632
1501147756 875297
1501147756 932970
1501147756 990129
1501147757 125300
1501147757 125344
1501147757 182470
1501147757 239752
1501147757 297642
1501147757 355486
1501147757 413035
1501147757 470284
1501147757 662729
1501147757 739783
1501147757 922628
1501147758 56334
1501147758 123542
1501147758 190793
1501147758 324950
1501147758 469227
1501147758 622960
1501147758 709829
1501147758 795119
1501147758 862396
1501147759 16107
1501147759 179529
1501147759 246139
1501147759 313217
1501147759 524839
1501147759 591969
1501147759 659175
1501147759 726254
1501147759 793283
1501147759 927896
1501147760 292873
1501147760 437220
1501147760 542136
1501147760 609179
1501147760 676902
1501147760 839883
1501147760 907085
1501147760 974022
1501147761 60340
1501147761 127334
1501147761 195490
1501147761 262634
1501147761 406125
1501147761 473374
1501147761 617708
1501147761 761752
1501147761 829111
1501147761 896096
1501147761 963278
1501147762 59285
1501147762 126483
1501147762 193702
1501147762 261358
1501147762 328155
1501147762 395155
1501147762 462395
1501147762 529401
1501147762 596574
1501147762 663770
1501147762 730982
1501147762 798111
1501147762 864969
1501147762 932539
1501147763 18620
1501147763 85740
1501147763 249245
1501147763 393520
1501147763 479734
1501147763 546587
1501147763 604095
1501147763 710292
1501147763 776960
1501147764 190171
1501147764 285790
1501147764 440029
1501147764 603378
1501147764 660244
1501147764 986851
1501147765 44437
1501147765 159501
1501147765 294434
1501147765 351948
1501147765 553681
1501147765 610455
1501147765 706758
1501147765 764730
1501147765 879848
1501147765 937151
1501147765 994803
1501147766 52290
1501147766 109542
1501147766 167663
1501147766 224844
1501147766 359192
1501147766 436351
1501147766 503554
1501147766 637757
1501147766 695924
1501147766 752967
1501147766 811044
1501147766 868596
1501147766 974647
1501147767 41943
1501147767 176465
1501147767 243114
1501147767 310454
1501147767 377506
1501147767 511768
1501147767 578931
1501147767 761709
1501147767 847497
1501147768 174384
1501147768 241571
1501147768 309051
1501147768 375732
1501147768 730877
1501147768 827467
1501147768 893933
1501147768 961199
1501147769 28231
1501147769 95343
1501147769 162605
1501147769 229549
1501147769 297042
1501147769 363778
1501147769 430876
1501147769 498386
1501147769 565149
1501147769 632292
1501147769 699621
1501147769 767627
1501147769 834791
1501147769 901972
1501147769 968979
1501147770 35826
1501147770 102464
1501147770 352521
1501147770 458766
1501147770 650154
1501147770 717165
1501147770 784202
1501147770 852596
1501147770 920291
1501147771 5418
1501147771 226274
1501147771 293477
1501147771 446638
1501147771 522924
1501147771 590203
1501147771 657135
1501147771 724286
1501147771 791470
1501147771 858691
1501147771 926623
1501147772 61032
1501147772 445060
1501147772 636623
1501147772 703752
1501147772 770917
1501147772 837857
1501147772 904925
1501147772 972184
1501147773 77424
1501147773 279312
1501147773 922754
1501147773 989749
1501147774 152678
1501147774 527760
1501147774 622469
1501147774 766955
1501147774 834073
1501147774 892375
1501147774 959131
1501147775 16725
1501147775 315341
1501147775 372542
1501147775 477909
1501147775 641297
1501147775 737845
1501147775 805046
1501147775 996050
1501147776 63032
1501147776 159426
1501147776 226640
1501147776 370889
1501147776 437971
1501147776 505059
1501147776 601188
1501147776 851298
1501147776 937228
1501147777 4342
1501147777 71418
1501147777 176618
1501147777 243642
1501147777 311015
1501147777 398023
1501147777 465046
1501147777 752916
1501147777 935374
1501147778 50749
1501147778 184940
1501147778 252308
1501147778 376558
1501147778 617028
1501147778 684085
1501147778 847746
1501147779 605342
1501147779 672386
1501147779 739832
1501147779 826653
1501147779 893729
1501147779 960885
1501147780 171453
1501147780 238791
1501147780 306746
1501147780 372964
1501147780 440072
1501147780 507256
1501147780 574484
1501147780 641451
1501147780 708651
1501147780 775820
1501147780 842862
1501147781 189213
1501147781 256029
1501147781 399615
1501147781 591954
1501147781 658158
1501147781 802167
1501147781 926186
1501147781 984494
1501147782 51230
1501147782 146574
1501147782 205199
1501147782 262238
1501147782 320288
1501147782 396476
1501147782 454578
1501147782 511735
1501147782 570070
1501147782 637648
1501147782 714261
1501147782 781423
1501147782 944366
1501147783 233351
1501147783 301341
1501147783 366666
1501147783 433979
1501147783 501291
1501147783 673422
1501147783 740708
1501147783 817822
1501147783 884935
1501147783 991306
1501147784 115520
1501147784 230661
1501147784 308053
1501147784 394049
1501147784 461220
1501147784 528482
1501147784 595674
1501147784 662739
1501147784 729732
1501147784 796961
1501147784 864158
1501147784 931251
1501147784 998417
1501147785 65662
1501147785 132678
1501147785 199843
1501147785 267923
1501147785 335081
1501147785 402305
1501147785 469374
1501147785 536515
1501147785 603671
1501147785 671250
1501147785 737916
1501147785 805223
1501147785 872909
1501147786 16660
1501147786 198166
1501147786 265514
1501147786 332428
1501147786 399676
1501147786 505740
1501147786 678044
1501147786 745396
1501147786 812394
1501147787 62211
1501147787 129356
1501147787 244613
1501147787 311780
1501147787 378947
1501147787 446082
1501147787 523093
1501147787 609332
1501147787 801852
1501147787 945272
1501147788 12204
1501147788 79292
1501147788 146601
1501147788 232864
1501147788 338084
1501147788 406172
1501147788 472581
1501147788 654964
1501147788 847390
1501147788 914795
1501147789 29296
1501147789 96800
1501147789 163467
1501147789 230575
1501147789 297812
1501147789 364888
1501147789 422611
1501147789 489391
1501147789 547618
1501147789 614468
1501147789 671919
1501147789 730049
1501147789 787234
1501147789 845326
1501147789 902765
1501147789 960688
1501147790 353982
1501147790 411873
1501147790 507898
1501147790 699281
1501147790 863143
1501147791 198605
1501147791 266174
1501147791 332750
1501147791 400005
1501147791 621447
1501147791 688598
1501147791 755702
1501147791 841811
1501147791 909115
1501147791 976244
1501147792 43808
1501147792 110418
1501147792 244846
1501147792 312122
1501147792 408131
1501147792 475288
1501147792 542572
1501147792 859569
1501147792 936379
1501147793 32551
1501147793 127821
1501147793 263216
1501147793 340291
1501147793 559832
1501147793 627933
1501147793 723531
1501147793 934681
1501147794 2044
1501147794 69052
1501147794 174055
1501147794 241237
1501147794 308282
1501147794 549320
1501147794 616454
1501147794 683574
1501147794 798506
1501147794 903656
1501147794 970845
1501147795 57298
1501147795 239727
1501147795 451239
1501147795 518335
1501147795 585385
1501147795 652493
1501147795 719657
1501147795 786843
1501147795 853938
1501147795 920967
1501147795 988294
1501147796 55483
1501147796 122447
1501147796 189525
1501147796 256739
1501147796 324002
1501147796 391174
1501147796 458354
1501147796 525556
1501147796 592807
1501147796 659816
1501147796 833361
1501147796 899547
1501147797 121002
1501147797 188344
1501147797 255317
1501147797 322268
1501147797 389130
1501147797 552673
1501147797 830809
1501147797 897865
1501147797 964653
1501147798 69417
1501147798 319211
1501147798 453680
1501147798 520845
1501147798 587784
1501147798 645404
1501147798 712195
1501147798 770700
1501147798 828276
1501147798 885972
1501147798 943105
1501147799 1292
1501147799 59009
1501147799 116310
1501147799 173521
1501147799 230683
1501147799 289166
1501147799 461323
1501147799 538348
1501147799 731027
1501147799 941451
1501147800 47784
1501147800 201096
1501147800 257994
1501147800 373490
1501147800 431435
1501147800 777418
1501147800 872519
1501147801 554427
1501147801 622779
1501147801 689449
1501147801 756563
1501147802 5898
1501147802 255926
1501147802 419789
1501147802 505204
1501147802 784117
1501147802 985414
1501147803 52544
1501147803 119599
1501147803 359173
1501147803 426198
1501147803 493354
1501147803 560539
1501147803 762945
1501147803 925384
1501147804 69668
1501147804 309450
1501147804 434614
1501147804 501672
1501147804 616889
1501147804 713176
1501147804 780141
1501147804 847323
1501147805 38779
1501147805 173087
1501147805 260217
1501147805 489905
1501147805 557288
1501147805 625145
1501147805 875012
1501147805 951036
1501147806 18249
1501147806 181681
1501147806 248716
1501147806 315907
1501147806 382084
1501147806 449107
1501147806 516212
1501147806 583472
1501147806 737841
1501147807 92691
1501147807 159836
1501147807 227127
1501147807 294047
1501147807 447428
1501147807 514155
1501147807 580860
1501147807 666682
1501147807 820163
1501147807 935653
1501147808 21697
1501147808 88821
1501147808 183945
1501147808 251011
1501147808 309616
1501147808 376219
1501147808 434044
1501147808 491786
1501147808 578157
1501147808 636294
1501147808 693860
1501147808 751449
1501147808 808549
1501147809 135559
1501147809 288887
1501147809 461251
1501147809 528379
1501147809 595887
1501147809 730803
1501147809 798190
1501147809 864802
1501147809 932227
1501147809 999221
1501147810 66901
1501147810 133985
1501147810 354191
1501147810 421204
1501147810 546546
1501147810 699999
1501147810 767361
1501147810 834036
1501147810 901104
1501147810 968272
1501147811 35791
1501147811 103083
1501147811 227912
1501147811 304126
1501147811 371300
1501147811 439361
1501147811 506504
1501147811 573757
1501147811 640901
1501147811 707835
1501147811 775195
1501147811 842343
1501147811 909687
1501147811 976699
1501147812 43900
1501147812 111228
1501147812 216426
1501147812 322364
1501147812 456821
1501147812 542913
1501147812 658325
1501147812 725328
1501147813 61538
1501147813 167698
1501147813 243671
1501147813 377885
1501147813 444964
1501147813 560228
1501147813 627477
1501147813 732684
1501147813 799958
1501147813 867000
1501147813 934087
1501147814 1295
1501147814 78393
1501147814 145611
1501147814 212855
1501147814 280039
1501147814 347124
1501147814 414246
1501147814 664055
1501147814 827336
1501147814 990454
1501147815 57732
1501147815 152594
1501147815 219793
1501147815 286905
1501147815 345333
1501147815 412267
1501147815 469683
1501147815 527783
1501147815 584965
1501147815 758783
1501147816 362883
1501147816 420970
1501147816 478208
1501147816 593129
1501147816 756773
1501147816 813917
1501147817 44146
1501147817 121316
1501147817 188478
1501147817 256043
1501147817 361511
1501147817 467253
1501147817 534106
1501147817 601286
1501147817 966720
1501147818 33448
1501147818 197169
1501147818 283263
1501147818 349897
1501147818 426432
1501147818 493299
1501147818 590046
1501147818 657460
1501147818 781980
1501147818 906431
1501147819 60809
1501147819 233451
1501147819 300475
1501147819 453810
1501147819 530919
1501147819 598102
1501147819 742315
1501147819 991993
1501147820 145272
1501147820 222242
1501147820 346725
1501147820 577250
1501147820 644444
1501147820 711502
1501147820 778718
1501147820 845821
1501147820 912949
1501147821 268846
1501147821 489327
1501147821 556400
1501147821 883281
1501147821 950249
1501147822 17442
1501147822 84127
1501147822 151423
1501147822 217986
1501147822 439046
1501147822 506064
1501147822 899760
1501147823 14545
1501147823 72862
1501147823 168574
1501147823 226205
1501147823 293280
1501147823 379418
1501147823 437660
1501147823 609977
1501147823 668316
1501147823 966141
1501147824 80328
1501147824 301573
1501147824 406844
1501147824 493201
1501147824 560092
1501147824 945497
1501147825 165678
1501147825 232859
1501147825 299911
1501147825 386123
1501147825 731890
1501147825 798900
1501147825 943759
1501147826 10318
1501147826 77592
1501147826 144589
1501147826 269011
1501147826 471595
1501147826 538793
1501147826 605960
1501147826 730123
1501147827 143116
1501147827 210137
1501147827 277333
1501147827 344347
1501147827 487978
1501147827 555933
1501147827 622971
1501147827 690443
1501147827 766505
1501147827 833430
1501147827 900660
1501147827 967832
1501147828 35177
1501147828 179326
1501147828 332845
1501147828 399475
1501147828 505938
1501147828 707117
1501147828 774199
1501147828 841411
1501147829 13750
1501147829 72277
1501147829 129361
1501147829 187425
1501147829 244493
1501147829 494892
1501147829 859515
1501147829 926308
1501147829 993384
1501147830 60570
1501147830 127664
1501147830 194773
1501147830 262303
1501147830 627070
1501147830 742140
1501147830 809462
1501147830 877124
1501147830 943559
1501147831 11529
1501147831 145958
1501147831 251252
1501147831 318350
1501147831 385467
1501147831 453119
1501147831 519723
1501147831 750334
1501147832 129
1501147832 241453
1501147832 413024
1501147832 479998
1501147832 547367
1501147832 614300
1501147832 681480
1501147832 748566
1501147832 825744
1501147832 892920
1501147832 960161
1501147833 27267
1501147833 94314
1501147833 161489
1501147833 314979
1501147833 805148
1501147833 872324
1501147833 939302
1501147834 342243
1501147834 409266
1501147834 476598
1501147834 543185
1501147834 610354
1501147834 677416
1501147834 763710
1501147835 90013
1501147835 186186
1501147835 252918
1501147835 329342
1501147835 463475
1501147835 530550
1501147835 597654
1501147835 683953
1501147835 857876
1501147835 992150
1501147836 59331
1501147836 126406
1501147836 193541
1501147836 260286
1501147836 327454
1501147836 395774
1501147836 461817
1501147836 529417
1501147836 970611
1501147837 56784
1501147837 229337
1501147837 622929
1501147837 689969
1501147837 756786
1501147837 997540
1501147838 63366
1501147838 130447
1501147838 197585
1501147838 264758
1501147838 331958
1501147838 399484
1501147838 466531
1501147838 533565
1501147838 591034
1501147838 649043
1501147838 706219
1501147838 764229
1501147838 821584
1501147838 879465
1501147838 946560
1501147839 33002
1501147839 90967
1501147839 158305
1501147839 320793
1501147839 417472
1501147839 513114
1501147839 580128
1501147839 878849
1501147839 955161
1501147840 22412
1501147840 89356
1501147840 157975
1501147840 223611
1501147840 290699
1501147840 357889
1501147840 425157
1501147840 492265
1501147840 559430
1501147840 626444
1501147840 694051
1501147840 760834
1501147840 827905
1501147840 895177
1501147840 962244
1501147841 29439
1501147841 308099
1501147841 375518
1501147841 442727
1501147841 595916
1501147841 663167
1501147841 730239
1501147841 797315
1501147841 864396
1501147842 37846
1501147842 104866
1501147842 172225
1501147842 239279
1501147842 306356
1501147842 373312
1501147842 709447
1501147842 863799
1501147842 978083
1501147843 46061
1501147843 487406
1501147843 554715
1501147843 669391
1501147843 736116
1501147843 803378
1501147843 909415
1501147843 975818
1501147844 43188
1501147844 110677
1501147844 195850
1501147844 262688
1501147844 397890
1501147844 464956
1501147844 532397
1501147844 589589
1501147844 647646
1501147844 916110
1501147844 983235
1501147845 40726
1501147845 98742
1501147845 204066
1501147845 262445
1501147845 357355
1501147845 684367
1501147845 789477
1501147845 847559
1501147845 914791
1501147845 981741
1501147846 48902
1501147846 116172
1501147846 413842
1501147846 480929
1501147846 548038
1501147846 615151
1501147846 682300
1501147846 749430
1501147846 816628
1501147846 883865
1501147846 950877
1501147847 19486
1501147847 86030
1501147847 191530
1501147847 258781
1501147847 431274
1501147847 575577
1501147847 652598
1501147847 758126
1501147847 883156
1501147848 45594
1501147848 391681
1501147848 458580
1501147848 525673
1501147848 593126
1501147848 718180
1501147848 813309
1501147848 977074
1501147849 43732
1501147849 110924
1501147849 178139
1501147849 246173
1501147849 313225
1501147849 380464
1501147849 447714
1501147849 514738
1501147849 581803
1501147849 648925
1501147849 716195
1501147849 783427
1501147849 850696
1501147849 917705
1501147849 984669
1501147850 52039
1501147850 158129
1501147850 367784
1501147850 492730
1501147850 550046
1501147850 608058
1501147850 665317
1501147850 723385
1501147850 780447
1501147850 838704
1501147850 895759
1501147850 973041
1501147851 40169
1501147851 107540
1501147851 174290
1501147851 232337
1501147851 299700
1501147851 366823
1501147851 434102
1501147851 501200
1501147851 568725
1501147851 635448
1501147851 962413
1501147852 221051
1501147852 288087
1501147852 355063
1501147852 422890
1501147852 489439
1501147852 624107
1501147852 711008
1501147852 778046
1501147852 912516
1501147852 979625
1501147853 46797
1501147853 113992
1501147853 191024
1501147853 334437
1501147853 488701
1501147853 930612
1501147854 381009
1501147854 448213
1501147854 515156
1501147854 621285
1501147854 697418
1501147854 774616
1501147854 841774
1501147854 976088
1501147855 225698
1501147855 292988
1501147855 360099
1501147855 427252
1501147855 629634
1501147855 733843
1501147855 811061
1501147855 964371
1501147856 195090
1501147856 262146
1501147856 329192
1501147856 521556
1501147856 588676
1501147856 693922
1501147856 761071
1501147856 894602
1501147856 961246
1501147857 38824
1501147857 105444
1501147857 259496
1501147857 327030
1501147857 816092
1501147857 998203
1501147858 65285
1501147858 132459
1501147858 199673
1501147858 267010
1501147858 334068
1501147858 401922
1501147858 468125
1501147858 535529
1501147858 611698
1501147859 274079
1501147859 552304
1501147859 619028
1501147859 772298
1501147859 858605
1501147860 2150
1501147860 107947
1501147860 175109
1501147860 385546
1501147860 635567
1501147860 702445
1501147860 932570
1501147861 67612
1501147861 220703
1501147861 345010
1501147861 507588
1501147861 584744
1501147861 824278
1501147861 938293
1501147862 5657
1501147862 169263
1501147862 245259
1501147862 321953
1501147862 686460
1501147862 801724
1501147863 22188
1501147863 108480
1501147863 175257
1501147863 242469
1501147863 309405
1501147863 376673
1501147863 444006
1501147863 616071
1501147863 683690
1501147863 750876
1501147863 817978
1501147863 885027
1501147863 952219
1501147864 182321
1501147864 403217
1501147864 691418
1501147864 758362
1501147864 902359
1501147865 17289
1501147865 84868
1501147865 151987
1501147865 219143
1501147865 305425
1501147865 372467
1501147865 439562
1501147865 525884
1501147865 592952
1501147865 669143
1501147865 735969
1501147865 803249
1501147865 870848
1501147865 937832
1501147866 24017
1501147866 177348
1501147866 301378
1501147866 522374
1501147866 705068
1501147866 772221
1501147866 906375
1501147866 973316
1501147867 40365
1501147867 107297
1501147867 174348
1501147867 241489
1501147867 309163
1501147867 664386
1501147867 750025
1501147867 885288
1501147868 47036
1501147868 114111
1501147868 324974
1501147868 391920
1501147868 477952
1501147868 593138
1501147868 707897
1501147868 910125
1501147868 977271
1501147869 44372
1501147869 111392
1501147869 187366
1501147869 254696
1501147869 465701
1501147869 830571
1501147869 897510
1501147869 964805
1501147870 89018
1501147870 155920
1501147870 222111
1501147870 414831
1501147870 635320
1501147870 731066
1501147870 807173
1501147870 875243
1501147870 961428
1501147871 28496
1501147871 95606
1501147871 181855
1501147871 297539
1501147871 354702
1501147871 412621
1501147871 672729
1501147871 729271
1501147871 863687
1501147871 959947
1501147872 190591
1501147872 257680
1501147872 333932
1501147872 401178
1501147872 469002
1501147872 536262
1501147872 603963
1501147872 670583
1501147872 939342
1501147873 6372
1501147873 294070
1501147873 400295
1501147873 544120
1501147873 611153
1501147873 677825
1501147873 745093
1501147873 918695
1501147874 72123
1501147874 138961
1501147874 205974
1501147874 273216
1501147874 340284
1501147874 407567
1501147874 475175
1501147874 542719
1501147874 609877
1501147874 677124
1501147874 868829
1501147874 935858
1501147875 2910
1501147875 70132
1501147875 137141
1501147875 474129
1501147875 541213
1501147875 607969
1501147875 674584
1501147875 741636
1501147875 808711
1501147875 875938
1501147875 943944
1501147876 11104
1501147876 78105
1501147876 145118
1501147876 212520
1501147876 279876
1501147876 491521
1501147876 558457
1501147876 625639
1501147876 692745
1501147876 759872
1501147876 827113
1501147876 893825
1501147876 960785
1501147877 28098
1501147877 94726
1501147877 161890
1501147877 229140
1501147877 296175
1501147877 363411
1501147877 429995
1501147877 497164
1501147877 564768
1501147877 631919
1501147877 699061
1501147877 766219
1501147877 833243
1501147877 899992
1501147877 967269
1501147878 34434
1501147878 101796
1501147878 169111
1501147878 235852
1501147878 303354
1501147878 369642
1501147878 524101
1501147878 753624
1501147878 820845
1501147878 887879
1501147878 955122
1501147879 21413
1501147879 89052
1501147879 156141
1501147879 213578
1501147879 358089
1501147879 454220
1501147879 607781
1501147879 713533
1501147879 856285
1501147880 48581
1501147880 106681
1501147880 172845
1501147880 230857
1501147880 298014
1501147880 547987
1501147880 768596
1501147880 835646
1501147880 902665
1501147881 17908
1501147881 113968
1501147881 459934
1501147881 527035
1501147881 594460
1501147881 661342
1501147881 757456
1501147881 929877
1501147881 997009
1501147882 103404
1501147882 170350
1501147882 237422
1501147882 371959
1501147882 439077
1501147882 563437
1501147882 638703
1501147882 803877
1501147882 928746
1501147883 168882
1501147883 274001
1501147883 341225
1501147883 437259
1501147883 504329
1501147883 619905
1501147883 907593
1501147884 118862
1501147884 186011
1501147884 368643
1501147884 521913
1501147884 589087
1501147884 656149
1501147884 723311
1501147884 905716
1501147884 972829
1501147885 136024
1501147885 203367
1501147885 270368
1501147885 346557
1501147885 413669
1501147885 538055
1501147885 605173
1501147885 672239
1501147885 739519
1501147885 806263
1501147885 872944
1501147886 200015
1501147886 295056
1501147886 401300
1501147886 516422
1501147886 583104
1501147886 650541
1501147886 717346
1501147886 784493
1501147886 842092
1501147886 938303
1501147887 5170
1501147887 91372
1501147887 659214
1501147887 716126
1501147887 773233
1501147887 831242
1501147887 888356
1501147887 946549
1501147888 13592
1501147888 80840
1501147888 147961
1501147888 215130
1501147888 282419
1501147888 349518
1501147888 416571
1501147888 483691
1501147888 550991
1501147888 618068
1501147888 685187
1501147888 752269
1501147888 820451
1501147888 887683
1501147888 954726
1501147889 21935
1501147889 89097
1501147889 156183
1501147889 223395
1501147889 290621
1501147889 357626
1501147889 424971
1501147889 578350
1501147889 818968
1501147889 886019
1501147890 144691
1501147890 394367
1501147890 509519
1501147890 576649
1501147890 874474
1501147891 56788
1501147891 124089
1501147891 190980
1501147891 345300
1501147891 555943
1501147891 632483
1501147891 747383
1501147891 814423
1501147891 977985
1501147892 217470
1501147892 284612
1501147892 351763
1501147892 419352
1501147892 544559
1501147892 860860
1501147892 937013
1501147893 4725
1501147893 71400
1501147893 138347
1501147893 205610
1501147893 272718
1501147893 426025
1501147893 494156
1501147893 561209
1501147893 666422
1501147893 733558
1501147893 800932
1501147893 897437
1501147893 964194
1501147894 31349
1501147894 107621
1501147894 174763
1501147894 241901
1501147894 308997
1501147894 501589
1501147894 712146
1501147894 779519
1501147894 846550
1501147894 913601
1501147894 981597
1501147895 48830
1501147895 115923
1501147895 183934
1501147895 307393
1501147895 374414
1501147895 441633
1501147895 508794
1501147895 576146
1501147895 643095
1501147895 710279
1501147895 777534
1501147895 844592
1501147895 911937
1501147895 978887
1501147896 46100
1501147896 120492
1501147896 189453
1501147896 256505
1501147896 323671
1501147896 391127
1501147896 457988
1501147896 525080
1501147896 592352
1501147896 659738
1501147896 726689
1501147896 793911
1501147896 861087
1501147896 928118
1501147897 71747
1501147897 139154
1501147897 205796
1501147897 273219
1501147897 435575
1501147897 656763
1501147897 724014
1501147897 791187
1501147897 858403
1501147897 944595
1501147898 68902
1501147898 308543
1501147898 375708
1501147898 442831
1501147898 605219
1501147898 729671
1501147898 874150
1501147898 941139
1501147899 94592
1501147899 468625
1501147899 785156
1501147899 909632
1501147899 976556
1501147900 43682
1501147900 110817
1501147900 178061
1501147900 245089
1501147900 312131
1501147900 380304
1501147900 446850
1501147900 571146
1501147900 638362
1501147900 906869
1501147900 974215
1501147901 41221
1501147901 204550
1501147901 271440
1501147901 338624
1501147901 626552
1501147901 693276
1501147901 933201
1501147902 48510
1501147902 115730
1501147902 182428
1501147902 259381
1501147902 326014
1501147902 565557
1501147902 632635
1501147902 728545
1501147902 882212
1501147902 949421
1501147903 25690
1501147903 92684
1501147903 294693
1501147903 428900
1501147903 563682
1501147903 678420
1501147903 745392
1501147903 812511
1501147903 927764
1501147904 71757
1501147904 436298
1501147904 503190
1501147904 570381
1501147904 637489
1501147904 723761
1501147904 790883
1501147904 858279
1501147905 11263
1501147905 78549
1501147905 270460
1501147905 395337
1501147905 462247
1501147905 529465
1501147905 750299
1501147906 9742
1501147906 85860
1501147906 306336
1501147906 373600
1501147906 440654
1501147906 507901
1501147906 738064
1501147906 843883
1501147906 911601
1501147907 25812
1501147907 92984
1501147907 304214
1501147907 370886
1501147907 457146
1501147907 524277
1501147907 591226
1501147907 658384
1501147907 725394
1501147907 792296
1501147907 860234
1501147907 927182
1501147907 994235
1501147908 61524
1501147908 128659
1501147908 204860
1501147908 272883
1501147908 339277
1501147908 406198
1501147908 473467
1501147908 549598
1501147908 654989
1501147908 722037
1501147908 789200
1501147908 856310
1501147908 923568
1501147908 990634
1501147909 58743
1501147909 125073
1501147909 192057
1501147909 259472
1501147909 326711
1501147909 393639
1501147909 460732
1501147909 527944
1501147909 594987
1501147909 662261
1501147909 729428
1501147909 796361
1501147909 863645
1501147909 930578
1501147909 998001
1501147910 65178
1501147910 132213
1501147910 199346
1501147910 266686
1501147910 333800
1501147910 726910
1501147910 851326
1501147910 918469
1501147910 985263
1501147911 52637
1501147911 119730
1501147911 187087
1501147911 253963
1501147911 321157
1501147911 483591
1501147911 551021
1501147911 656089
1501147911 723275
1501147911 790341
1501147911 857678
1501147911 924715
1501147911 991875
1501147912 59107
1501147912 126143
1501147912 193432
1501147912 327782
1501147912 414031
1501147912 481121
1501147912 548142
1501147912 615482
1501147912 682378
1501147912 749608
1501147912 826014
1501147912 893886
1501147912 960073
1501147913 27167
1501147913 94460
1501147913 161320
1501147913 391065
1501147913 474655
1501147913 544395
1501147913 880547
1501147914 91966
1501147914 312734
1501147914 398946
1501147914 552018
1501147914 984232
1501147915 51216
1501147915 118225
1501147915 185316
1501147915 252467
1501147915 329471
1501147915 473181
1501147915 540209
1501147915 607454
1501147915 674367
1501147915 741605
1501147915 905227
1501147915 971627
1501147916 38576
1501147916 231219
1501147916 393352
1501147916 537754
1501147916 691055
1501147916 758090
1501147916 854224
1501147916 921212
1501147916 988381
1501147917 55630
1501147917 122940
1501147917 190089
1501147917 257381
1501147917 324331
1501147917 448750
1501147917 535012
1501147917 698436
1501147917 813771
1501147917 899869
1501147917 966764
1501147918 120206
1501147918 235465
1501147918 369921
1501147918 494312
1501147918 561270
1501147918 695639
1501147919 50655
1501147919 242856
1501147919 328583
1501147919 482426
1501147919 549563
1501147919 616916
1501147919 732125
1501147919 799312
1501147919 866308
1501147919 933241
1501147920 805
1501147920 67688
1501147920 134835
1501147920 202003
1501147920 278273
1501147920 345244
1501147920 412598
1501147920 479711
1501147920 546764
1501147920 614023
1501147920 844600
1501147920 911605
1501147920 978915
1501147921 45963
1501147921 113083
1501147921 180467
1501147921 247472
1501147921 314621
1501147921 564335
1501147921 660532
1501147921 775695
1501147922 6245
1501147922 73353
1501147922 140463
1501147922 216506
1501147922 360144
1501147922 561742
1501147922 628988
1501147922 773075
1501147922 839151
1501147923 30915
1501147923 97851
1501147923 165094
1501147923 232114
1501147923 318453
1501147923 385537
1501147923 461990
1501147923 528955
1501147923 596049
1501147923 663398
1501147923 730371
1501147923 797392
1501147923 864525
1501147923 931836
1501147923 998992
1501147924 66306
1501147924 133368
1501147924 267695
1501147924 334822
1501147924 401780
1501147924 469087
1501147924 728879
1501147924 794848
1501147924 862092
1501147924 929215
1501147924 996333
1501147925 63351
1501147925 130471
1501147925 197818
1501147925 265200
1501147925 332171
1501147925 399387
1501147925 466527
1501147925 533637
1501147925 600726
1501147925 667869
1501147925 735146
1501147925 907523
1501147926 51983
1501147926 119409
1501147926 301609
1501147926 474278
1501147926 541172
1501147926 944092
1501147927 11393
1501147927 78303
1501147927 145446
1501147927 231499
1501147927 298968
1501147927 365817
1501147927 433119
1501147927 509088
1501147927 576446
1501147927 768000
1501147927 940590
1501147928 45610
1501147928 534833
1501147928 640966
1501147928 785472
1501147928 852396
1501147928 919617
1501147928 987323
1501147929 197316
1501147929 417769
1501147929 561983
1501147929 628993
1501147929 696413
1501147929 763240
1501147930 41480
1501147930 378272
1501147930 484066
1501147930 693703
1501147930 847296
1501147930 915279
1501147931 58479
1501147931 125585
1501147931 192814
1501147931 259908
1501147931 356055
1501147931 423156
1501147931 518577
1501147931 585725
1501147931 652852
1501147931 719885
1501147931 787215
1501147931 873284
1501147932 26799
1501147932 93864
1501147932 161164
1501147932 228333
1501147932 343559
1501147932 516195
1501147932 612284
1501147932 727782
1501147932 851856
1501147932 918912
1501147933 43158
1501147933 282859
1501147933 532756
1501147933 666712
1501147933 877671
1501147933 954731
1501147934 59821
1501147934 164815
1501147934 261032
1501147934 328150
1501147934 452716
1501147934 635035
1501147934 740152
1501147934 845680
1501147934 912989
1501147934 979935
1501147935 373976
1501147935 441234
1501147935 508051
1501147935 575123
1501147935 642318
1501147935 710316
1501147935 776597
1501147935 843759
1501147935 929930
1501147935 997293
1501147936 64505
1501147936 131739
1501147936 274908
1501147936 341918
1501147936 466377
1501147936 562615
1501147936 629700
1501147936 715822
1501147936 782941
1501147936 850231
1501147936 917455
1501147937 196289
1501147937 358747
1501147937 551751
1501147937 618203
1501147937 684979
1501147937 800471
1501147937 867520
1501147937 934703
1501147938 78209
1501147938 145200
1501147938 212426
1501147938 279532
1501147938 356647
1501147938 423793
1501147938 491209
1501147938 558129
1501147938 634406
1501147938 701449
1501147938 844969
1501147939 94508
1501147939 545764
1501147939 613143
1501147939 708437
1501147939 775586
1501147940 314009
1501147940 381003
1501147940 448111
1501147940 572990
1501147940 687574
1501147940 811647
1501147941 119414
1501147941 244344
1501147941 310636
1501147941 474126
1501147941 541265
1501147941 608535
1501147941 675490
1501147941 742691
1501147941 809885
1501147941 877795
1501147941 943986
1501147942 12012
1501147942 78298
1501147942 145349
1501147942 212475
1501147942 279863
1501147942 347050
1501147942 413989
1501147942 481047
1501147942 548656
1501147942 615464
1501147942 682648
1501147942 749835
1501147942 816820
1501147942 884191
1501147942 951181
1501147943 18595
1501147943 85623
1501147943 152797
1501147943 219939
1501147943 287069
1501147943 354268
1501147943 421493
1501147943 488401
1501147943 555654
1501147943 622825
1501147943 689909
1501147943 757283
1501147943 824450
1501147943 891655
1501147944 122212
1501147944 409868
1501147944 477740
1501147944 544163
1501147944 611223
1501147944 736357
1501147944 927811
1501147944 995130
1501147945 62273
1501147945 129355
1501147945 196638
1501147945 263528
1501147945 406990
1501147945 723799
1501147945 839182
1501147946 1747
1501147946 79447
1501147946 145883
1501147946 213148
1501147946 289137
1501147946 356295
1501147946 423608
1501147946 490672
1501147946 557985
1501147946 625194
1501147946 692329
1501147946 759369
1501147946 826422
1501147946 893549
1501147946 961605
1501147947 28738
1501147947 95007
1501147947 162237
1501147947 229352
1501147947 296629
1501147947 363536
1501147947 430886
1501147947 498033
1501147947 565117
1501147947 632254
1501147947 699452
1501147947 766442
1501147947 833794
1501147947 901795
1501147947 968344
1501147948 35378
1501147948 102450
1501147948 169482
1501147948 245772
1501147948 313060
1501147948 380256
1501147948 447243
1501147948 590740
1501147948 667981
1501147948 734871
1501147948 917363
1501147949 12745
1501147949 99054
1501147949 165972
1501147949 233158
1501147949 521968
1501147949 799476
1501147950 11220
1501147950 78130
1501147950 145249
1501147950 212401
1501147950 279582
1501147950 346662
1501147950 413709
1501147950 692675
1501147950 758672
1501147950 863851
1501147950 931233
1501147950 998415
1501147951 65401
1501147951 132479
1501147951 199646
1501147951 266706
1501147951 333935
1501147951 401262
1501147951 468208
1501147951 535257
1501147951 602604
1501147951 669768
1501147951 737071
1501147951 803980
1501147951 871099
1501147951 995362
1501147952 62545
1501147952 129722
1501147952 687414
1501147952 753657
1501147953 51539
1501147953 262801
1501147953 387781
1501147953 453989
1501147953 934043
1501147954 145721
1501147954 212697
1501147954 279762
1501147954 395020
1501147954 500258
1501147954 741247
1501147954 808054
1501147954 875087
1501147954 942263
1501147955 9522
1501147955 76701
1501147955 143962
1501147955 210805
1501147955 277975
1501147955 345459
1501147955 412301
1501147955 479492
1501147955 632793
1501147955 699928
1501147955 767087
1501147955 834296
1501147955 901409
1501147955 968584
1501147956 35658
1501147956 121885
1501147956 189184
1501147956 256561
1501147956 323578
1501147956 409610
1501147956 563074
1501147956 659375
1501147956 764501
1501147956 831523
1501147956 936539
1501147957 3859
1501147957 138316
1501147957 263717
1501147957 340235
1501147957 551259
1501147957 694616
1501147957 896117
1501147957 963393
1501147958 30398
1501147958 97592
1501147958 164662
1501147958 231939
1501147958 299363
1501147958 366219
1501147958 434256
1501147958 500554
1501147958 567712
1501147958 634951
1501147958 702181
1501147958 769131
1501147959 18826
1501147959 143237
1501147959 210474
1501147959 277445
1501147959 344872
1501147959 574998
1501147959 642182
1501147959 911202
1501147959 997274
1501147960 64291
1501147960 169356
1501147960 236600
1501147960 390181
1501147960 467197
1501147960 553227
1501147960 697599
1501147960 764970
1501147960 832067
1501147960 899077
1501147960 966170
1501147961 33499
1501147961 100685
1501147961 167811
1501147961 446746
1501147961 551753
1501147961 782277
1501147961 849470
1501147961 916422
1501147961 983532
1501147962 50718
1501147962 117887
1501147962 185033
1501147962 252228
1501147962 319481
1501147962 415470
1501147962 482593
1501147962 549981
1501147962 674090
1501147962 741451
1501147962 808460
1501147963 20147
1501147963 346674
1501147963 413297
1501147963 547339
1501147963 614389
1501147963 796866
1501147963 882949
1501147964 17218
1501147964 84499
1501147964 180600
1501147964 247745
1501147964 314944
1501147964 631758
1501147964 814225
1501147964 881139
1501147964 948250
1501147965 43671
1501147965 110860
1501147965 226163
1501147965 293266
1501147965 360325
1501147965 428407
1501147965 494714
1501147965 562944
1501147965 629812
1501147965 696998
1501147965 764172
1501147965 831511
1501147965 898419
1501147965 965991
1501147966 32808
1501147966 99984
1501147966 167044
1501147966 234256
1501147966 301409
1501147966 368474
1501147966 435813
1501147966 502793
1501147966 569986
1501147966 685367
1501147966 752440
1501147966 925414
1501147967 117883
1501147967 184564
1501147967 260677
1501147967 453403
1501147967 625625
1501147967 692695
1501147967 759794
1501147967 827069
1501147967 894109
1501147967 961415
1501147968 95784
1501147968 162938
1501147968 229914
1501147968 297044
1501147968 364241
1501147968 431493
1501147968 546503
1501147968 632846
1501147968 739015
1501147968 805206
1501147968 872316
1501147968 939564
1501147969 141119
1501147969 209091
1501147969 275344
1501147969 342577
1501147969 592222
1501147969 659193
1501147969 726141
1501147969 793360
1501147969 898836
1501147969 965989
1501147970 33082
1501147970 100214
1501147970 273595
1501147970 340722
1501147970 407839
1501147970 571292
1501147970 744012
1501147970 868095
1501147970 935207
1501147971 2270
1501147971 272089
1501147971 463694
1501147971 530570
1501147971 597509
1501147971 750938
1501147971 818130
1501147971 885306
1501147971 952512
1501147972 19569
1501147972 86920
1501147972 153946
1501147972 220866
1501147972 288081
1501147972 355288
1501147972 422611
1501147972 489573
1501147972 556940
1501147972 624440
1501147972 691233
1501147972 777268
1501147972 989075
1501147973 75157
1501147973 171370
1501147973 324797
1501147973 469040
1501147973 593493
1501147973 708529
1501147973 804628
1501147973 871809
1501147974 285231
1501147974 352064
1501147974 419237
1501147974 543331
1501147974 609608
1501147974 743661
1501147974 869180
1501147974 936234
1501147975 79771
1501147975 146836
1501147975 243095
1501147975 310292
1501147975 618178
1501147975 981846
1501147976 48931
1501147976 365816
1501147976 461957
1501147976 548149
1501147976 615371
1501147976 682391
1501147976 749665
1501147977 105503
1501147977 172573
1501147977 239686
1501147977 306941
1501147977 374331
1501147977 441993
1501147977 508190
1501147977 575246
1501147977 642652
1501147977 729037
1501147977 873001
1501147978 199833
1501147978 267035
1501147978 334187
1501147978 401177
1501147978 496497
1501147978 563554
1501147978 717014
1501147978 794159
1501147978 880423
1501147978 966769
1501147979 360723
1501147979 427796
1501147979 513810
1501147979 580977
1501147979 648108
1501147979 715266
1501147979 782243
1501147979 849485
1501147979 916733
1501147979 993809
1501147980 61027
1501147980 272648
1501147980 339900
1501147980 406015
1501147980 656391
1501147980 723665
1501147980 790067
1501147980 866955
1501147980 934722
1501147981 231871
1501147981 307969
1501147981 376179
1501147981 730912
1501147981 798172
1501147981 865160
1501147981 941551
1501147982 8577
1501147982 75572
1501147982 142792
1501147982 209996
1501147982 276983
1501147982 344190
1501147982 411446
1501147982 478898
1501147982 564624
1501147982 631879
1501147982 699150
1501147982 833461
1501147982 900623
1501147982 968055
1501147983 35126
1501147983 313717
1501147983 745993
1501147983 947058
1501147984 293100
1501147984 610007
1501147984 676751
1501147984 743802
1501147984 811089
1501147984 878137
1501147984 945236
1501147985 12483
1501147985 79478
1501147985 146732
1501147985 213887
1501147985 281029
1501147985 608119
1501147985 780282
1501147986 69078
1501147986 136110
1501147986 308677
1501147986 442971
1501147986 547889
1501147986 615137
1501147986 682186
1501147986 750236
1501147986 816594
1501147986 883644
1501147986 950864
1501147987 95108
1501147987 219376
1501147987 853215
1501147988 35932
