1502377549 273128
1502377549 436773
1502377549 494561
1502377549 551769
1502377549 666982
1502377549 725007
1502377549 804355
1502377549 915466
1502377550 51791
1502377550 118569
1502377550 198839
1502377550 267444
1502377550 632357
1502377550 761818
1502377550 818829
1502377551 78294
1502377551 154442
1502377551 625560
1502377551 721605
1502377551 782780
1502377551 845941
1502377551 990399
1502377552 57477
1502377552 124490
1502377552 405362
1502377552 532186
1502377552 594740
1502377552 662251
1502377552 729070
1502377552 921441
1502377552 989041
1502377553 56856
1502377553 126215
1502377553 194191
1502377553 281853
1502377553 343921
1502377553 411383
1502377553 478577
1502377553 545828
1502377553 628788
1502377553 688607
1502377553 756991
1502377553 823778
1502377553 894148
1502377553 962536
1502377554 31093
1502377554 333593
1502377554 659424
1502377554 812316
1502377554 909003
1502377554 982092
1502377555 52549
1502377555 120853
1502377555 188222
1502377555 263206
1502377555 330567
1502377555 397554
1502377555 610320
1502377555 798164
1502377555 882660
1502377556 79589
1502377556 514248
1502377556 636171
1502377556 723460
1502377556 789448
1502377556 866345
1502377556 939430
1502377557 1113
1502377557 70561
1502377557 125738
1502377557 194753
1502377557 259835
1502377557 326965
1502377557 394442
1502377557 461332
1502377557 518709
1502377557 644073
1502377557 740264
1502377557 810532
1502377557 941762
1502377558 8756
1502377558 75667
1502377558 143777
1502377558 210447
1502377558 267630
1502377558 330334
1502377558 413493
1502377558 480248
1502377558 843816
1502377558 998148
1502377559 133594
1502377559 323676
1502377559 439075
1502377559 506786
1502377559 573192
1502377559 783899
1502377560 159807
1502377560 230304
1502377560 302181
1502377560 377112
1502377560 484602
1502377560 600014
1502377560 667117
1502377560 791586
1502377560 964596
1502377561 119151
1502377561 188914
1502377561 311367
1502377561 377576
1502377561 522215
1502377561 602598
1502377561 693496
1502377561 761270
1502377561 875847
1502377561 942957
1502377562 10093
1502377562 116260
1502377562 194123
1502377562 260010
1502377562 365842
1502377562 538491
1502377562 605516
1502377562 682757
1502377562 759873
1502377562 933817
1502377562 999625
1502377563 66484
1502377563 162815
1502377563 248025
1502377563 354153
1502377563 422149
1502377563 491258
1502377563 558324
1502377563 624058
1502377563 691611
1502377563 767599
1502377563 834527
1502377563 905037
1502377564 44810
1502377564 140814
1502377564 208247
1502377564 275473
1502377564 342401
1502377564 409670
1502377564 476843
1502377564 543983
1502377564 611382
1502377564 681676
1502377564 746609
1502377564 813373
1502377564 890885
1502377564 957126
1502377565 25956
1502377565 91479
1502377565 206789
1502377565 475808
