1502717650 731805
1502717650 789856
1502717650 847107
1502717650 905110
1502717650 962381
1502717651 20366
1502717651 77552
1502717651 135791
1502717651 192981
1502717651 251806
1502717651 308118
1502717651 365213
1502717651 423488
1502717651 480610
1502717651 538706
1502717651 595737
1502717651 653778
1502717651 710882
1502717651 769058
1502717651 826368
1502717651 884370
1502717651 941659
1502717651 999812
1502717652 56976
1502717652 114850
1502717652 172226
1502717652 230276
1502717652 297412
1502717652 364475
1502717652 431804
1502717652 498765
1502717652 555882
1502717652 614044
1502717652 681296
1502717652 748333
1502717652 815378
1502717652 872585
1502717652 931027
1502717652 997920
1502717653 65078
1502717653 132135
1502717653 190197
1502717653 257424
1502717653 323582
1502717653 391024
1502717653 457944
1502717653 525100
1502717653 592244
1502717653 659169
1502717653 726270
1502717653 793401
1502717653 861001
1502717653 928194
1502717653 995215
1502717654 62540
1502717654 129410
1502717654 196689
1502717654 263859
1502717654 331149
1502717654 398056
1502717654 465217
1502717654 532483
1502717654 599563
1502717654 666422
1502717654 733555
1502717654 801125
1502717654 867889
1502717654 935209
1502717655 2233
1502717655 69385
1502717655 137518
1502717655 204686
1502717655 271773
1502717655 338976
1502717655 406051
1502717655 473184
1502717655 540462
1502717655 607125
1502717655 673745
1502717655 741018
1502717655 808079
1502717655 875274
1502717655 942418
1502717656 9505
1502717656 76640
1502717656 144742
1502717656 211916
1502717656 279048
1502717656 346322
1502717656 413401
1502717656 470945
1502717656 537730
1502717656 596328
1502717656 653942
1502717656 711391
1502717656 768717
1502717656 826681
1502717656 883724
1502717656 941881
1502717656 999028
1502717657 57153
1502717657 114274
1502717657 172256
1502717657 229472
1502717657 287646
1502717657 344751
1502717657 402791
1502717657 460102
1502717657 527307
1502717657 585400
1502717657 642430
1502717657 699555
1502717657 757865
1502717657 814986
1502717657 872995
1502717657 930216
1502717657 988358
1502717658 45406
1502717658 102593
1502717658 160609
1502717658 217799
1502717658 275901
1502717658 333056
1502717658 391195
1502717658 448286
1502717658 506366
1502717658 563547
1502717658 621631
1502717658 678784
1502717658 736924
1502717658 794025
1502717658 852061
1502717658 909306
1502717658 967365
1502717659 24607
1502717659 82641
1502717659 139915
1502717659 197004
1502717659 255046
1502717659 312240
1502717659 370545
1502717659 427617
1502717659 485578
1502717659 542727
1502717659 600785
1502717659 657970
1502717659 716051
1502717659 773190
1502717659 831396
1502717659 888519
1502717659 946713
1502717660 3808
1502717660 61847
1502717660 117172
1502717660 174286
1502717660 232363
1502717660 289573
1502717660 347675
1502717660 404889
1502717660 462900
1502717660 520143
1502717660 578183
1502717660 635545
1502717660 693462
1502717660 750760
1502717660 808707
1502717660 865929
1502717660 923914
1502717660 981091
1502717661 39317
1502717661 96333
1502717661 154613
1502717661 211630
1502717661 269664
1502717661 326935
1502717661 385018
1502717661 442139
1502717661 499219
1502717661 557354
1502717661 614509
1502717661 672660
1502717661 729922
1502717661 787831
1502717661 845061
1502717661 903200
1502717661 960280
1502717662 18344
1502717662 75587
1502717662 133601
1502717662 190758
1502717662 248848
1502717662 306161
1502717662 364156
1502717662 421361
1502717662 479467
1502717662 536616
1502717662 594667
1502717662 661773
1502717662 729039
1502717662 796126
1502717662 863197
1502717662 930416
1502717662 997610
1502717663 64852
1502717663 131985
1502717663 199264
1502717663 266179
1502717663 324230
1502717663 391659
1502717663 458634
1502717663 525778
1502717663 593025
1502717663 660101
1502717663 727237
1502717663 794345
1502717663 861597
1502717663 928660
1502717663 995869
1502717664 62952
1502717664 130102
1502717664 197345
1502717664 264446
1502717664 331643
1502717664 398764
1502717664 465884
1502717664 533102
1502717664 600298
1502717664 667506
1502717664 734569
1502717664 801619
1502717664 868959
1502717664 936080
1502717665 3227
1502717665 70341
1502717665 137691
1502717665 204853
1502717665 271803
1502717665 339118
1502717665 406232
1502717665 473392
1502717665 540577
1502717665 607594
1502717665 674769
1502717665 741885
1502717665 809037
1502717665 876092
1502717665 943088
1502717666 10233
1502717666 77726
1502717666 145267
1502717666 211649
1502717666 278833
1502717666 345945
1502717666 413110
1502717666 480253
1502717666 547855
1502717666 614629
1502717666 681748
1502717666 748875
1502717666 816159
1502717666 883656
1502717666 950482
1502717667 17558
1502717667 85755
1502717667 152702
1502717667 219878
1502717667 287106
1502717667 354408
1502717667 421328
1502717667 487917
1502717667 555060
1502717667 622055
1502717667 689219
1502717667 756674
1502717667 823408
1502717667 890666
1502717667 957709
1502717668 24843
1502717668 92058
1502717668 160117
1502717668 227232
1502717668 294460
1502717668 361639
1502717668 428729
1502717668 486535
1502717668 553002
1502717668 620114
1502717668 687336
1502717668 755465
1502717668 822553
1502717668 889878
1502717668 947226
1502717669 14048
1502717669 81336
1502717669 148783
1502717669 215666
1502717669 282711
1502717669 349822
1502717669 417058
1502717669 484317
1502717669 541761
1502717669 608437
1502717669 675684
1502717669 742978
1502717669 810031
1502717669 877063
1502717669 944317
1502717670 11457
1502717670 78646
1502717670 145758
1502717670 213050
1502717670 280905
1502717670 348049
1502717670 415207
1502717670 482530
1502717670 548990
1502717670 615776
1502717670 682935
1502717670 750114
1502717670 817291
1502717670 884452
1502717670 952465
1502717671 19750
1502717671 86809
1502717671 153943
1502717671 220555
1502717671 287335
1502717671 354558
1502717671 421657
1502717671 480187
1502717671 537175
1502717671 595393
1502717671 652591
1502717671 710706
1502717671 767731
1502717671 825762
1502717671 892676
1502717671 959847
1502717672 17268
1502717672 75428
1502717672 142210
1502717672 209796
1502717672 266854
1502717672 325098
1502717672 391799
1502717672 458930
1502717672 526205
1502717672 583693
1502717672 641720
1502717672 698843
1502717672 756960
1502717672 814106
1502717672 872213
1502717672 939158
1502717672 996517
1502717673 54844
1502717673 121391
1502717673 188608
1502717673 245956
1502717673 304338
1502717673 361271
1502717673 419471
1502717673 476703
1502717673 534640
1502717673 601452
1502717673 658976
1502717673 716990
1502717673 783930
1502717673 841548
1502717673 899495
1502717673 966278
1502717674 23859
1502717674 81908
1502717674 139117
1502717674 197164
1502717674 254245
1502717674 312411
1502717674 369561
1502717674 427778
1502717674 484843
1502717674 542901
1502717674 600007
1502717674 658155
1502717674 715283
1502717674 773469
1502717674 830493
1502717674 888667
1502717674 945885
1502717675 3093
1502717675 61101
1502717675 118347
1502717675 176389
1502717675 233481
1502717675 291585
1502717675 348829
1502717675 406838
1502717675 464027
1502717675 522112
1502717675 579261
1502717675 637235
1502717675 694754
1502717675 752662
1502717675 809782
1502717675 867890
1502717675 925169
1502717675 983150
1502717676 40324
1502717676 98332
1502717676 155514
1502717676 213546
1502717676 270849
1502717676 328828
1502717676 385931
1502717676 444039
1502717676 501217
1502717676 559326
1502717676 616476
1502717676 674564
1502717676 731724
1502717676 788950
1502717676 847067
1502717676 904244
1502717676 962249
1502717677 19498
1502717677 77614
1502717677 134739
1502717677 192790
1502717677 250078
1502717677 307975
1502717677 365224
1502717677 423235
1502717677 480380
1502717677 538531
1502717677 595682
1502717677 653806
1502717677 711121
1502717677 768959
1502717677 826306
1502717677 884279
1502717677 941567
1502717677 999536
1502717678 56655
1502717678 114722
1502717678 171971
1502717678 239091
1502717678 306262
1502717678 373476
1502717678 440631
1502717678 507854
1502717678 574959
1502717678 633008
1502717678 700165
1502717678 767282
1502717678 834341
1502717678 901478
1502717678 968679
1502717679 35895
1502717679 103145
1502717679 170226
1502717679 237374
1502717679 304463
1502717679 371619
1502717679 438780
1502717679 506098
1502717679 573114
1502717679 640261
1502717679 707450
1502717679 774663
1502717679 841944
1502717679 908990
1502717679 976121
1502717680 43268
1502717680 110581
1502717680 177555
1502717680 244610
1502717680 311841
1502717680 379032
1502717680 446156
1502717680 513378
1502717680 580532
1502717680 647753
1502717680 714976
1502717680 781960
1502717680 849076
1502717680 916290
1502717680 983391
1502717681 50508
1502717681 117744
1502717681 184940
1502717681 252088
1502717681 319240
1502717681 386322
1502717681 453519
1502717681 520693
1502717681 587822
1502717681 654955
1502717681 722183
1502717681 789247
1502717681 856411
1502717681 923687
1502717681 990688
1502717682 57872
1502717682 125151
1502717682 192284
1502717682 259397
1502717682 326521
1502717682 393793
1502717682 460903
1502717682 528065
1502717682 595117
1502717682 662474
1502717682 729483
1502717682 796618
1502717682 863772
1502717682 930932
1502717682 998047
1502717683 65236
1502717683 132644
1502717683 199496
1502717683 266805
1502717683 333806
1502717683 401108
1502717683 468191
1502717683 535366
1502717683 602497
1502717897 356522
1502717897 653925
1502717897 712128
1502717897 769256
1502717897 827374
1502717897 884753
1502717898 672241
1502717898 729473
1502717899 27089
1502717899 323869
1502717899 622510
1502717899 919108
1502717899 977258
1502717900 34457
1502717900 92505
1502717900 149731
1502717901 425607
1502717901 483695
1502717901 540965
1502717901 848512
1502717902 395171
1502717902 701852
1502717902 758752
1502717902 816878
1502717902 874117
1502717902 932131
1502717902 989478
1502717903 47501
1502717903 104615
1502717903 162645
1502717903 219779
1502717903 277780
1502717904 554704
1502717904 861456
1502717905 169049
1502717905 236263
1502717905 303351
1502717905 370542
1502717905 437961
1502717905 504836
1502717905 572140
1502717906 118413
1502717906 185444
1502717906 732796
1502717907 520546
1502717907 827367
1502717907 894305
1502717907 961522
1502717908 28578
1502717908 95785
1502717908 163062
1502717908 230064
1502717908 536792
1502717908 604804
1502717908 672002
1502717908 739145
1502717908 806331
1502717908 873459
1502717909 909987
1502717909 976109
1502717910 43531
1502717910 110493
1502717910 177627
1502717910 244736
1502717912 1983
1502717912 308382
1502717912 855655
1502717912 912854
1502717913 220879
1502717913 277572
1502717913 335618
1502717913 883079
1502717913 950093
1502717914 736948
1502717915 523826
1502717915 591830
1502717915 897899
1502717915 964789
1502717916 32239
1502717916 339569
1502717916 886865
1502717916 953951
1502717917 21125
1502717917 88246
1502717917 395031
1502717917 462172
1502717917 529274
1502717917 596701
1502717918 383340
1502717919 659787
1502717919 965969
1502717920 33108
1502717920 100192
1502717920 887170
1502717920 954330
1502717921 21377
1502717921 88500
1502717921 875391
1502717921 942436
1502717922 249248
1502717922 316317
1502717922 383446
1502717922 450580
1502717922 517841
1502717922 824500
1502717923 131331
1502717923 199349
1502717923 506569
1502717924 781976
1502717924 849216
1502717925 875666
1502717925 942697
1502717926 10265
1502717926 317673
1502717926 624322
1502717926 691437
1502717926 758489
1502717926 816635
1502717926 884307
1502717927 190935
1502717927 737813
1502717928 285013
1502717928 832201
1502717928 899690
1502717929 445640
1502717929 513688
1502717929 581009
1502717929 648040
1502717929 715509
1502717930 751473
1502717930 818863
1502717930 886317
1502717931 192653
1502717931 259701
1502717931 326817
1502717931 394130
1502717932 430127
1502717932 497265
1502717932 804335
1502717932 871494
1502717932 938625
1502717933 236327
1502717933 534036
1502717933 831837
1502717933 888791
1502717933 946861
1502717934 3968
1502717934 302691
1502717934 360184
1502717934 656518
1502717934 714599
1502717935 12260
1502717935 69327
1502717935 127412
1502717935 184644
1502717935 242693
1502717935 299840
1502717935 357922
1502717935 664784
1502717935 732192
1502717935 799126
1502717935 866424
1502717935 934241
1502717936 1643
1502717936 68597
1502717936 135922
1502717936 442521
1502717936 509667
1502717936 576758
1502717936 643902
1502717936 711091
1502717936 778394
1502717936 845964
1502717937 152173
1502717937 219274
1502717937 526876
1502717937 594057
1502717937 662366
1502717937 728275
1502717937 795555
1502717938 102348
1502717938 409950
1502717938 477162
1502717940 233082
1502717940 779779
1502717940 846556
1502717941 154442
1502717941 461152
1502717941 768995
1502717941 835778
1502717941 902878
1502717941 970115
1502717942 37732
1502717942 104386
1502717942 171559
1502717942 239119
1502717942 786011
1502717942 853165
1502717942 920243
1502717943 227058
1502717943 294173
1502717943 361000
1502717943 907910
1502717943 974808
1502717944 281509
1502717944 348680
1502717944 415771
1502717944 963055
1502717945 269744
1502717945 336902
1502717945 643597
1502717945 701631
1502717945 768864
1502717945 836085
1502717946 143625
1502717946 210996
1502717946 517777
1502717946 584626
1502717946 651841
1502717946 718995
1502717947 26569
1502717947 93786
1502717947 161230
1502717947 228070
1502717947 295158
1502717947 602905
1502717947 670058
1502717948 216418
1502717948 283512
1502717948 350841
1502717948 417816
1502717949 205699
1502717949 512460
1502717949 819960
1502717950 127620
1502717950 674807
1502717950 741964
1502717950 809050
1502717952 325631
1502717952 392357
1502717952 699179
1502717952 767023
1502717952 824774
1502717953 371602
1502717953 438750
1502717953 497010
1502717953 794020
1502717953 860768
1502717954 158688
1502717954 695922
1502717955 2377
1502717955 69533
1502717955 855968
1502717956 642255
1502717956 949294
1502717957 16485
1502717958 292444
1502717959 329646
1502717959 876892
1502717959 943999
1502717960 11579
1502717960 78169
1502717960 145312
1502717960 452282
1502717960 519565
1502717960 586514
1502717960 653753
1502717960 960491
1502717961 28846
1502717961 95530
1502717961 162585
1502717961 230288
1502717961 777025
1502717962 74854
1502717962 132207
1502717962 190141
1502717962 487764
1502717962 785476
1502717963 83087
1502717963 140227
1502717963 677690
1502717963 735789
1502717963 792679
1502717963 850879
1502717963 908019
1502717963 966085
1502717964 263770
1502717964 320869
1502717964 379036
1502717964 436102
1502717964 494248
1502717965 281141
1502717965 578625
1502717965 876317
1502717965 934366
1502717966 232243
1502717966 529721
1502717966 586963
1502717966 644908
1502717966 702185
1502717966 760245
1502717967 786669
1502717967 844751
1502717967 901934
1502717967 960051
1502717968 17077
1502717968 324842
1502717968 382014
1502717968 440062
1502717968 746795
1502717968 804899
1502717968 862089
1502717968 920195
1502717969 706920
1502717970 493703
1502717971 40934
1502717971 588191
1502717971 895067
1502717971 953216
1502717972 259785
1502717972 317751
1502717972 624493
1502717974 381514
1502717974 448682
1502717974 994984
1502717975 62134
1502717975 368942
1502717975 436082
1502717975 503088
1502717975 570293
1502717975 637496
1502717975 704942
1502717975 771815
1502717976 78587
1502717976 145713
1502717976 212835
1502717976 520485
1502717976 587711
1502717976 654884
1502717976 961593
1502717977 268370
1502717977 335395
1502717977 642233
1502717978 189443
1502717978 496050
1502717979 43757
1502717979 351520
1502717980 386426
1502717980 453559
1502717980 760333
1502717980 827492
1502717980 895463
1502717980 962550
1502717982 479362
1502717982 545967
1502717982 613192
1502717983 889396
1502717983 956541
1502717984 743386
1502717986 499405
1502717986 566503
1502717986 633721
1502717986 700824
1502717987 7936
1502717987 315188
1502717987 382354
1502717987 449770
1502717987 516648
1502717987 583828
1502717988 130187
1502717988 676462
1502717988 983249
1502717989 41164
1502717989 338033
1502717989 396101
1502717989 693970
1502717990 241013
1502717990 298131
1502717992 295558
1502717992 353605
1502717992 410896
1502717992 958122
1502717993 16154
1502717993 322850
1502717993 381024
1502717993 687646
1502717993 745758
1502717993 802911
1502717993 860954
1502717993 918177
1502717993 976206
1502717994 33413
1502717994 91458
1502717994 877707
1502717995 665100
1502717995 971890
1502717996 29876
1502717996 87031
1502717996 394733
1502717996 451867
1502717996 509961
1502717996 567136
1502717996 625285
1502717996 682437
1502717996 740414
1502717996 807777
1502717996 874803
1502717996 941967
1502717997 489234
1502717997 556318
1502717998 103553
1502717998 170740
1502717998 477505
1502717998 544684
1502717998 612026
1502717998 678825
1502717998 746431
1502717998 813137
1502717998 880373
1502717999 187222
1502717999 254315
1502717999 321470
1502717999 629068
1502717999 696323
1502718000 482984
1502718001 30383
1502718001 576561
1502718001 643977
1502718001 710831
1502718001 778009
1502718001 845199
1502718002 631149
1502718002 698313
1502718002 765388
1502718003 802749
1502718004 839284
1502718005 625867
1502718005 693000
1502718005 760146
1502718005 827243
1502718005 894427
1502718005 961551
1502718006 268353
1502718006 335587
1502718006 643194
1502718006 710541
1502718006 777433
1502718006 844579
1502718006 911781
1502718006 978897
1502718007 46359
1502718007 113212
1502718007 180487
1502718007 247342
1502718008 763808
1502718008 830811
1502718008 897967
1502718009 445616
1502718009 743157
1502718010 50553
1502718010 108130
1502718010 174862
1502718010 242098
1502718010 309517
1502718010 376344
1502718010 434617
1502718010 491891
1502718010 549969
1502718011 336708
1502718011 394967
1502718011 692636
1502718011 749715
1502718011 807773
1502718012 105417
1502718012 403137
1502718012 460204
1502718012 518502
1502718012 816175
1502718013 112745
1502718013 410382
1502718014 437707
1502718014 495641
1502718014 793539
1502718015 91063
1502718015 149181
1502718015 206637
1502718015 264504
1502718015 321594
1502718015 379620
1502718015 677306
1502718016 224570
1502718016 521416
1502718016 579595
1502718017 126691
1502718017 183858
1502718018 451745
1502718018 508763
1502718018 566856
1502718018 623977
1502718018 682105
1502718018 739264
1502718019 46891
1502718019 104155
1502718019 891738
1502718020 198502
1502718020 256632
1502718020 563510
1502718020 630615
1502718021 666959
1502718022 703235
1502718022 771367
1502718022 838572
1502718022 905473
1502718022 971849
1502718023 38932
1502718023 106129
1502718023 413809
1502718023 480986
1502718023 548075
1502718023 615235
1502718023 683082
1502718023 749493
1502718023 816746
1502718023 883829
1502718023 951107
1502718024 18615
1502718024 85339
1502718024 622747
1502718025 160808
1502718025 217926
1502718025 756070
1502718025 813174
1502718025 871241
1502718025 928529
1502718025 986571
1502718026 43709
1502718026 101785
1502718026 158942
1502718026 456842
1502718026 513782
1502718026 572014
1502718026 629099
1502718026 687188
1502718026 994031
1502718027 52007
1502718027 109144
1502718027 168159
1502718027 226474
1502718028 12152
1502718028 70429
1502718028 376943
1502718028 434112
1502718030 430661
1502718030 488898
1502718031 36005
1502718031 103076
1502718031 170218
1502718032 926274
1502718033 233863
1502718034 20739
1502718034 88755
1502718034 395521
1502718034 462607
1502718034 529772
1502718034 596918
1502718035 384709
1502718035 931119
1502718036 238709
1502718036 305703
1502718037 343277
1502718037 410239
1502718037 717048
1502718037 784234
1502718037 851797
1502718038 158016
1502718038 464911
1502718038 532578
1502718038 839541
1502718038 906995
1502718039 214328
1502718040 1718
1502718040 307882
1502718040 375073
1502718040 682138
1502718040 989411
1502718041 56634
1502718041 123893
1502718041 190817
1502718041 258021
1502718041 564773
1502718041 631852
1502718041 699055
1502718041 766483
1502718042 73007
1502718042 140050
1502718042 207075
1502718042 514060
1502718042 581110
1502718042 648336
1502718042 715526
1502718042 782650
1502718042 849732
1502718042 917322
1502718042 984099
1502718043 51322
1502718043 838057
1502718043 905187
1502718043 972666
1502718044 279665
1502718044 346855
1502718044 653900
1502718044 960952
1502718045 507785
1502718045 814652
1502718045 881732
1502718045 948820
1502718046 16079
1502718046 322721
1502718046 390413
1502718046 697607
1502718046 764707
1502718047 71451
1502718047 858272
1502718047 925384
1502718047 993105
1502718048 59681
1502718048 126851
1502718048 193991
1502718048 261477
1502718048 567930
1502718048 635097
1502718048 702718
1502718048 769378
1502718048 836776
1502718048 903743
1502718048 970768
1502718049 37907
1502718049 345646
1502718049 892951
1502718049 959981
1502718050 27130
1502718050 94475
1502718050 400750
1502718050 467860
1502718051 15100
1502718051 562468
1502718052 100786
1502718052 158021
1502718052 696144
1502718052 754173
1502718052 811385
1502718053 348596
1502718053 406711
1502718054 193570
1502718054 490285
1502718054 548467
1502718054 605479
1502718055 143573
1502718055 200817
1502718055 257943
1502718055 555696
1502718055 613756
1502718055 670885
1502718056 457683
1502718056 515770
1502718057 303515
1502718057 849826
1502718058 877195
1502718058 934259
1502718059 231923
1502718059 289098
1502718059 347177
1502718059 404326
1502718059 462422
1502718060 250231
1502718060 307512
1502718060 365367
1502718060 422559
1502718060 480690
1502718060 787415
1502718060 845397
1502718060 902660
1502718061 210643
1502718061 267430
1502718061 325424
1502718061 382895
1502718061 440739
1502718061 497977
1502718061 555945
1502718061 613199
1502718061 671281
1502718061 730758
1502718062 36064
1502718062 93515
1502718062 160362
1502718062 218521
1502718062 285635
1502718062 353039
1502718062 422244
1502718062 487449
1502718062 554241
1502718062 861084
1502718062 929119
1502718062 996473
1502718063 543490
1502718063 610532
1502718064 637034
1502718064 705093
1502718065 12035
1502718065 78979
1502718065 146099
1502718065 452838
1502718066 239716
1502718066 306868
1502718066 373973
1502718066 441170
1502718066 508299
1502718066 575465
1502718066 882216
1502718066 949586
1502718067 16440
1502718067 323194
1502718067 390365
1502718067 937595
1502718068 3756
1502718068 70956
1502718068 377697
1502718068 444933
1502718068 512043
1502718069 59279
1502718069 126494
1502718069 194531
1502718069 261641
1502718069 328889
1502718070 115691
1502718070 182744
1502718070 489499
1502718070 556695
1502718070 863750
1502718070 930582
1502718071 238498
1502718071 305410
1502718071 372576
1502718071 679215
1502718071 985663
1502718072 44054
1502718073 81141
1502718073 387849
1502718073 455174
1502718074 482621
1502718074 549440
1502718075 584996
1502718075 651961
1502718075 710390
1502718075 767526
1502718075 825724
1502718075 882819
1502718076 420983
1502718076 478189
1502718076 543199
1502718076 603275
1502718076 660549
1502718076 718585
1502718077 25269
1502718077 332963
1502718077 390343
1502718077 697769
1502718078 4529
1502718078 62559
1502718078 369283
1502718078 676989
1502718078 734379
1502718079 42007
1502718079 99015
1502718079 406718
1502718079 713376
1502718079 771519
1502718080 558319
1502718080 625497
1502718080 693435
1502718080 760640
1502718082 27502
1502718082 84748
1502718082 382506
1502718082 440378
1502718082 497522
1502718083 48753
1502718083 115861
1502718083 182680
1502718083 489564
1502718083 797131
1502718083 864330
1502718084 411565
1502718084 478678
1502718084 545777
1502718084 852808
1502718085 159654
1502718085 227407
1502718085 294268
1502718085 840846
1502718085 908017
1502718086 215583
1502718086 282727
1502718086 349916
1502718087 136739
1502718087 203985
1502718087 270736
1502718087 337907
1502718087 646424
1502718087 703029
1502718087 760986
1502718087 818194
1502718087 876267
1502718088 413710
1502718088 471658
1502718088 528830
1502718091 495587
1502718092 42756
1502718092 99888
1502718092 157875
1502718092 215023
1502718092 273135
1502718092 330422
1502718092 388515
1502718092 446505
1502718092 503624
1502718092 560874
1502718092 618937
1502718092 676083
1502718092 734195
1502718093 281422
1502718093 339480
1502718093 396678
1502718093 453886
1502718093 511878
1502718093 569053
1502718093 876926
1502718093 933985
1502718093 992210
1502718094 59126
1502718094 126374
1502718094 193663
1502718094 260755
1502718094 327821
1502718094 394875
1502718094 457830
1502718094 514665
1502718095 51934
1502718095 349582
1502718095 407604
1502718095 464786
1502718096 12187
1502718096 309717
1502718096 607381
1502718097 154747
1502718097 461452
1502718097 519377
1502718097 576630
1502718097 634682
1502718097 932319
1502718097 989557
1502718098 47555
1502718098 354303
1502718099 142096
1502718099 199386
1502718099 506956
1502718100 53233
1502718100 111287
1502718100 168483
1502718100 715858
1502718101 742108
1502718101 800109
1502718101 857212
1502718101 915450
1502718101 972544
1502718102 999836
1502718103 57861
1502718103 115418
1502718103 173145
1502718103 960048
1502718104 18105
1502718104 75203
1502718104 382936
1502718104 441051
1502718104 746951
1502718104 804941
1502718104 862027
1502718105 410346
1502718105 477579
1502718105 544416
1502718105 611766
1502718105 678921
1502718105 745946
1502718105 813016
1502718105 880207
1502718105 947383
1502718106 255193
1502718106 561793
1502718106 629232
1502718107 176293
1502718107 243343
1502718107 550157
1502718107 617320
1502718107 924154
1502718108 711695
1502718110 227414
1502718110 294276
1502718110 361449
1502718110 668268
1502718110 974303
1502718111 41585
1502718111 109379
1502718111 416107
1502718111 724237
1502718111 790849
1502718111 857959
1502718112 405364
1502718112 472133
1502718113 507901
1502718113 815464
1502718113 882737
1502718114 429811
1502718114 497050
1502718114 563282
1502718114 630646
1502718114 697626
1502718114 764629
1502718116 41642
1502718116 108503
1502718116 175003
1502718116 961792
1502718117 29291
1502718117 96121
1502718117 643396
1502718117 710680
1502718117 777584
1502718118 84357
1502718118 151615
1502718118 218611
1502718118 285825
1502718118 352946
1502718118 420058
1502718118 487514
1502718118 554399
1502718118 621599
1502718118 689101
1502718118 755948
1502718118 823112
1502718118 890247
1502718118 957685
1502718119 24487
1502718119 91649
1502718120 128088
1502718120 195163
1502718120 501862
1502718120 569188
1502718121 355975
1502718121 663476
1502718121 970291
1502718122 37400
1502718122 344744
1502718122 651820
1502718122 719051
1502718122 786130
1502718122 853186
1502718122 920415
1502718122 987645
1502718123 54659
1502718123 361541
1502718123 429874
1502718123 736256
1502718123 803364
1502718123 870766
1502718123 937657
1502718124 4820
1502718124 71930
1502718124 139359
1502718124 206257
1502718124 273459
1502718124 820772
1502718125 127435
1502718125 194728
1502718125 262164
1502718125 568513
1502718125 635657
1502718126 182035
1502718126 488713
1502718127 276449
1502718127 822807
1502718127 890022
1502718128 197592
1502718128 264696
1502718128 571573
1502718129 358276
1502718129 665924
1502718129 972813
1502718130 39736
1502718130 347450
1502718130 414574
1502718130 722173
1502718130 789387
1502718130 856541
1502718131 402821
1502718131 950027
1502718132 17227
1502718132 84461
1502718132 151552
1502718132 218815
1502718132 765910
1502718132 833043
1502718132 900284
1502718132 967348
1502718133 34590
1502718133 101682
1502718133 168869
1502718133 235953
1502718133 303429
1502718133 611007
1502718133 677911
1502718133 745110
1502718133 812261
1502718133 880031
1502718134 426297
1502718134 493508
1502718134 560571
1502718134 627753
1502718136 134555
1502718136 201447
1502718136 259797
1502718136 316899
1502718137 824326
1502718137 882444
1502718137 939604
1502718138 487115
1502718138 543921
1502718138 601929
1502718138 660062
1502718139 206413
1502718139 993210
1502718140 50511
1502718141 76728
1502718141 133925
1502718141 192033
1502718141 249167
1502718141 307309
1502718141 854551
1502718141 911715
1502718141 969808
1502718142 26944
1502718142 324646
1502718142 381763
1502718142 439790
1502718142 746599
1502718143 44539
1502718143 101327
1502718143 168409
1502718143 226768
1502718143 284724
1502718143 341952
1502718143 399971
1502718143 696760
1502718144 484147
1502718144 541630
1502718144 599734
1502718144 656926
1502718144 714967
1502718144 772121
1502718145 69701
1502718145 367417
1502718145 434851
1502718145 491726
1502718145 550064
1502718145 607118
1502718145 665189
1502718145 722310
1502718146 19944
1502718146 317656
1502718146 374889
1502718146 432840
1502718146 490031
1502718146 787702
1502718146 844835
1502718148 111713
1502718148 168906
1502718148 227052
1502718148 284205
1502718148 342196
1502718148 399411
1502718148 457414
1502718148 994758
1502718149 52897
1502718149 110013
1502718149 407664
1502718149 954857
1502718150 21985
1502718150 89188
1502718150 395900
1502718150 463127
1502718150 770940
1502718151 78431
1502718151 145476
1502718151 452289
1502718152 175
1502718152 546673
1502718152 853483
1502718152 920577
1502718152 987730
1502718153 54974
1502718153 122351
1502718153 669540
1502718154 216561
1502718154 283722
1502718154 350625
1502718154 418092
1502718154 484898
1502718154 553247
1502718154 860052
1502718154 926793
1502718155 473440
1502718156 749964
1502718157 297745
1502718157 595236
1502718157 652337
1502718158 190555
1502718158 734097
1502718158 802420
1502718158 869391
1502718158 936393
1502718159 483712
1502718160 31006
1502718160 98047
1502718160 165235
1502718160 232387
1502718160 540442
1502718161 87227
1502718161 154502
1502718161 221595
1502718161 289133
1502718161 355879
1502718161 422977
1502718161 729851
1502718161 797377
1502718161 864302
1502718161 931020
1502718161 997445
1502718162 64545
1502718162 131714
1502718163 168121
1502718163 955348
1502718164 22143
1502718164 89258
1502718164 156540
1502718164 223636
1502718164 290761
1502718164 598720
1502718164 665534
1502718164 732665
1502718165 279117
1502718165 820737
1502718165 877959
1502718165 935963
1502718166 233561
1502718166 290922
1502718166 348992
1502718166 406200
1502718167 193809
1502718167 251016
1502718167 309044
1502718167 366255
1502718167 424510
1502718167 721930
1502718167 779129
1502718167 837221
1502718168 134116
1502718168 191970
1502718168 489823
1502718168 546899
1502718169 334701
1502718169 392705
1502718169 449960
1502718169 997420
1502718170 544237
1502718170 601433
1502718171 139732
1502718171 196927
1502718171 744057
1502718172 281293
1502718172 338423
1502718172 636150
1502718172 694105
1502718172 751430
1502718172 809337
1502718172 866595
1502718173 164287
1502718173 222433
1502718173 279531
1502718173 337526
1502718173 394682
1502718174 181586
1502718174 238742
1502718174 536558
1502718174 834090
1502718174 892113
1502718174 949267
1502718175 246860
1502718175 304978
1502718175 602724
1502718175 659793
1502718175 717117
1502718175 775105
1502718176 72847
1502718176 130841
1502718176 427603
1502718176 485711
1502718177 32894
1502718177 90032
1502718177 387756
1502718177 935088
1502718178 241788
1502718178 299737
1502718178 356883
1502718178 655432
1502718179 202720
1502718179 259882
1502718179 807081
1502718179 864281
1502718180 411472
1502718180 958899
1502718181 16871
1502718181 803786
1502718181 861612
1502718181 928870
1502718182 714977
1502718182 772921
1502718182 829913
1502718182 888264
1502718182 945256
1502718183 3317
1502718183 550863
1502718183 607611
1502718183 665748
1502718183 722955
1502718184 270201
1502718184 577813
1502718184 645072
1502718185 191472
1502718185 258741
1502718185 325597
1502718186 112488
1502718186 659720
1502718186 967353
1502718187 34604
1502718187 582098
1502718188 128981
1502718188 186986
1502718188 244157
1502718188 302282
1502718188 849395
1502718188 906601
1502718189 694361
1502718189 751594
1502718191 28454
1502718191 86499
1502718191 632732
1502718191 690954
1502718191 748086
1502718191 806142
1502718191 863282
1502718191 921359
1502718191 979374
1502718192 46631
1502718192 113673
1502718192 170949
1502718192 229139
1502718192 296040
1502718192 363322
1502718192 430491
1502718192 497594
1502718192 554685
1502718192 612912
1502718192 679986
1502718192 747110
1502718193 53992
1502718193 601113
1502718193 668276
1502718193 735372
1502718193 802695
1502718193 859910
1502718193 917787
1502718193 975159
1502718194 33661
1502718194 90350
1502718194 148671
1502718194 206193
1502718194 263873
1502718194 321205
1502718194 379290
1502718194 436404
1502718194 494568
1502718194 552422
1502718194 609648
1502718194 667968
1502718194 724961
1502718194 783229
1502718194 840244
1502718194 898346
1502718194 955462
1502718195 13373
1502718195 70377
