1502205537 277446
1502205537 354368
1502205537 430619
1502205537 632141
1502205537 719151
1502205537 795397
1502205537 958764
1502205538 35950
1502205538 112040
1502205538 208199
1502205538 409686
1502205538 486952
1502205538 688446
1502205538 889770
1502205539 91235
1502205539 495088
1502205539 657596
1502205539 734721
1502205539 811881
1502205539 888090
1502205539 965172
1502205540 42412
1502205540 118525
1502205540 195784
1502205540 271995
1502205540 349061
1502205540 426261
1502205540 502405
1502205540 579621
1502205540 656644
1502205540 732855
1502205540 810109
1502205540 887180
1502205540 963468
1502205541 203896
1502205541 280100
1502205541 366436
1502205541 625910
1502205541 703093
1502205541 789449
1502205541 980863
1502205542 57884
1502205542 135026
1502205542 211338
1502205542 288388
1502205542 365558
1502205542 441860
1502205542 518819
1502205542 596089
1502205542 672354
1502205542 749475
1502205542 825764
1502205542 902691
1502205543 152273
1502205543 229555
1502205543 305821
1502205543 449982
1502205543 527200
1502205543 603519
1502205543 776741
1502205543 901032
1502205544 7275
1502205544 83449
1502205544 381185
1502205544 458246
1502205544 534600
1502205544 851211
1502205545 168831
1502205545 245009
1502205545 322244
1502205545 408412
1502205545 485579
1502205545 561776
1502205545 638892
1502205545 716037
1502205545 792269
1502205545 869411
1502205545 945623
1502205546 22838
1502205546 99904
1502205546 176170
1502205546 253284
1502205546 329585
1502205546 406731
1502205546 483770
1502205546 560044
1502205546 637121
1502205546 714368
1502205546 790629
1502205546 867717
1502205546 943904
1502205547 21086
1502205547 98255
1502205547 174363
1502205547 251563
1502205547 327832
1502205547 405076
1502205547 481126
1502205547 558236
1502205547 635334
1502205547 711653
1502205547 788781
1502205547 865063
1502205547 942160
1502205548 19260
1502205548 95464
1502205548 172725
1502205548 249843
1502205548 325953
1502205548 403087
1502205548 479369
1502205548 604691
1502205548 681738
1502205548 757988
1502205548 834159
1502205548 911286
1502205548 988453
1502205549 64732
1502205549 170880
1502205549 381458
1502205549 458555
1502205549 535715
1502205549 640057
1502205549 928873
1502205550 33976
1502205550 120146
1502205550 197330
1502205550 274948
1502205550 350687
1502205550 427838
1502205550 504073
1502205550 581381
1502205550 658292
1502205550 984194
1502205551 61376
1502205551 138370
1502205551 301692
1502205551 416039
1502205551 493217
1502205551 570400
1502205551 646557
1502205551 723846
1502205551 868022
1502205551 944238
1502205552 21540
1502205552 98916
1502205552 193923
1502205552 280258
1502205552 367138
1502205552 453367
1502205552 539585
1502205552 808187
1502205552 894687
1502205552 981534
1502205553 67712
1502205553 153933
1502205553 240163
1502205553 326421
1502205553 413525
1502205553 499893
1502205553 585860
1502205553 672185
1502205553 758361
1502205553 960748
1502205554 66014
1502205554 152345
1502205554 238508
1502205554 325578
1502205554 411755
1502205554 498014
1502205554 584154
1502205554 670427
1502205554 757511
1502205554 843778
1502205554 929999
1502205555 16273
1502205555 102353
1502205555 189617
1502205555 275925
1502205555 362226
1502205555 448387
1502205555 534439
1502205555 621510
1502205555 707711
1502205555 797729
1502205555 880317
1502205555 966328
1502205556 62527
1502205556 139661
1502205556 216768
1502205556 302861
1502205556 504545
1502205556 580664
1502205556 657794
1502205557 13605
1502205557 89752
1502205557 166953
1502205557 243155
1502205557 320345
1502205557 397350
1502205557 473691
1502205557 569872
1502205557 695019
1502205557 771357
1502205557 848477
1502205557 924776
1502205558 1820
1502205558 78995
1502205558 155198
1502205558 232366
1502205558 309515
1502205558 385702
1502205558 462831
1502205558 539123
1502205558 616256
1502205558 693327
1502205558 769602
1502205558 846688
1502205558 961996
1502205559 48227
1502205559 125375
1502205559 201555
1502205559 278700
1502205559 355830
1502205559 432142
1502205559 509173
1502205559 586317
1502205559 662577
1502205559 739702
1502205559 815942
1502205559 893080
1502205559 970235
1502205560 46465
1502205560 123598
1502205560 200788
1502205560 277108
1502205560 354055
1502205560 430298
1502205560 536381
1502205560 612686
1502205560 689869
1502205560 776190
1502205560 853258
1502205560 930360
1502205561 6566
1502205561 83736
1502205561 159955
1502205561 246103
1502205561 323392
1502205561 400418
1502205561 476766
1502205561 557705
1502205561 707169
1502205561 784286
1502205561 861439
1502205562 149097
1502205562 225458
1502205562 562087
1502205562 657347
1502205562 734481
1502205562 810713
1502205562 916908
1502205562 993061
1502205563 339076
1502205563 415959
1502205563 492443
1502205563 569463
1502205563 646491
1502205563 723129
1502205564 423392
1502205564 500577
1502205564 577662
1502205564 769135
1502205564 846348
1502205564 923332
1502205564 999705
1502205565 76712
1502205565 152951
1502205565 230112
1502205565 307294
1502205565 383536
1502205565 460664
1502205565 537766
1502205565 613956
1502205565 691074
1502205565 767405
1502205565 844474
1502205565 921609
1502205566 123093
1502205566 199382
1502205566 343696
1502205566 612448
1502205566 689463
1502205566 766520
1502205567 111355
1502205567 188667
1502205567 322829
1502205567 524333
1502205567 783862
1502205567 860128
1502205567 937163
1502205568 13454
1502205568 90537
1502205568 166810
1502205568 243908
1502205568 320314
1502205568 397441
1502205568 474439
1502205568 550660
1502205568 627824
1502205568 704037
1502205568 781172
1502205568 858377
1502205568 983085
1502205569 89159
1502205569 165123
1502205569 328453
1502205569 443616
1502205569 548941
1502205569 626043
1502205569 703122
1502205569 865649
1502205569 942690
1502205570 68016
1502205570 183393
1502205570 346239
1502205570 499967
1502205570 854829
1502205571 66298
1502205571 142489
1502205571 219520
1502205571 402024
1502205571 651651
1502205571 766948
1502205571 872287
1502205572 73549
1502205572 150688
1502205572 226953
1502205572 303993
1502205572 381334
1502205572 457477
1502205572 534542
1502205572 649819
1502205572 726144
1502205572 803212
1502205572 918460
1502205573 33721
1502205573 225223
1502205573 302557
1502205573 379493
1502205573 551902
1502205573 629212
1502205573 782530
1502205573 858815
1502205573 945984
1502205574 22302
1502205574 99275
1502205574 176294
1502205574 252522
1502205574 329688
1502205574 406051
1502205574 483004
1502205574 560077
1502205574 636351
1502205574 713460
1502205574 789728
1502205574 867193
1502205574 943169
1502205575 20222
1502205575 97355
1502205575 173550
1502205575 250836
1502205575 327892
1502205575 404166
1502205575 481350
1502205575 558387
1502205575 634627
1502205575 711764
1502205575 787979
1502205575 865242
1502205575 942307
1502205576 18547
1502205576 287139
1502205576 364336
1502205576 576040
1502205576 651891
1502205577 45834
1502205577 238226
1502205577 314415
1502205577 391587
1502205577 496961
1502205577 574049
1502205577 651169
1502205577 727377
1502205577 804549
1502205577 880698
1502205577 957978
1502205578 35082
1502205578 111335
1502205578 188546
1502205578 265487
1502205578 341870
1502205578 418897
1502205578 543203
1502205578 840856
1502205578 917955
1502205578 995073
1502205579 71404
1502205579 148752
1502205579 224732
1502205579 301777
1502205579 379017
1502205579 484244
1502205579 560807
1502205579 675717
1502205579 752823
1502205579 829964
1502205580 252037
1502205580 329155
1502205580 405467
1502205580 482576
1502205580 559769
1502205580 635924
1502205580 713343
1502205580 789346
1502205580 866484
1502205580 943725
1502205581 19782
1502205581 96901
1502205581 174042
1502205581 250413
1502205581 518940
1502205581 768524
1502205581 864734
1502205581 941817
1502205582 18381
1502205582 95204
1502205582 172388
1502205582 470003
1502205582 862945
1502205582 940017
1502205583 16245
1502205583 112416
1502205583 189682
1502205583 265822
1502205583 343065
1502205583 420551
1502205583 496413
1502205583 573551
1502205583 688815
1502205583 765051
1502205583 842148
1502205583 918346
1502205583 995704
1502205584 71709
1502205584 148852
1502205584 226080
1502205584 619005
1502205584 706076
1502205584 782393
1502205584 861823
1502205584 944800
1502205585 21924
1502205585 99001
1502205585 175195
1502205585 252378
1502205585 329725
1502205585 405702
1502205585 482930
1502205585 569578
1502205585 722555
1502205585 799758
1502205585 875887
1502205585 952946
1502205586 29267
1502205586 106426
1502205586 183467
1502205586 259698
1502205586 336894
1502205586 414160
1502205586 519202
1502205586 845074
1502205586 950433
1502205587 27445
1502205587 104597
1502205587 209867
1502205587 287011
1502205587 363149
1502205587 440309
1502205587 516526
1502205587 593778
1502205587 670894
1502205587 747036
1502205587 824202
1502205587 929477
1502205588 6588
1502205588 83855
1502205588 160177
1502205588 237179
1502205588 313407
1502205588 390558
1502205588 467896
1502205588 582888
1502205588 659270
1502205588 736288
1502205588 812569
1502205589 33954
1502205589 350616
1502205589 427780
1502205589 571245
1502205589 648312
1502205589 724601
1502205589 868834
1502205590 185570
1502205590 262621
1502205590 338944
1502205590 521280
1502205590 665596
1502205590 925211
1502205591 164793
1502205591 241978
1502205591 376159
1502205591 453402
1502205591 529638
1502205591 606844
1502205591 682952
1502205591 760048
1502205591 837291
1502205591 913522
1502205591 990692
1502205592 67707
1502205592 144110
1502205592 221161
1502205592 298173
1502205592 374503
1502205592 451588
1502205592 527802
1502205592 604975
1502205592 682146
1502205592 758393
1502205592 835512
1502205592 912732
1502205593 517009
1502205593 632256
1502205593 709394
1502205593 785636
1502205593 862919
1502205593 939034
1502205594 16143
1502205594 371129
1502205594 486603
1502205594 563403
1502205594 640443
1502205594 716971
1502205594 842034
1502205594 918526
1502205594 995343
1502205595 72468
1502205595 148659
1502205595 235062
1502205595 312096
1502205595 465453
1502205595 542474
1502205595 619710
1502205595 936348
1502205596 22480
1502205596 117868
1502205596 195014
1502205596 272248
1502205596 348454
1502205596 425650
1502205596 502768
1502205596 578949
1502205596 656030
1502205596 732336
1502205596 809720
1502205596 886710
1502205596 962752
1502205597 40043
1502205597 117122
1502205597 193362
1502205597 270466
1502205597 346726
1502205597 423829
1502205597 500965
1502205597 577286
1502205597 654350
1502205597 731443
1502205597 807690
1502205597 884806
1502205598 86278
1502205598 163458
1502205598 239732
1502205598 316795
1502205598 461034
1502205598 537570
1502205598 633554
1502205598 719763
1502205598 815970
1502205598 902109
1502205598 988345
1502205599 64516
1502205599 141674
1502205599 218942
1502205599 305049
1502205599 382640
1502205599 468452
1502205599 554631
1502205599 631777
1502205599 718078
1502205599 804332
1502205599 919623
1502205600 274286
1502205600 351414
1502205600 514688
1502205600 600940
1502205600 773443
1502205600 850514
1502205601 225676
1502205601 311592
1502205601 397812
1502205601 570204
1502205601 695544
1502205601 781668
1502205601 867908
1502205601 974136
1502205602 60378
1502205602 146501
1502205602 232694
1502205602 339082
1502205602 549391
1502205602 626939
1502205602 712714
1502205602 799886
1502205602 886084
1502205603 77602
1502205603 163733
1502205603 251085
1502205603 337137
1502205603 423260
1502205603 509522
1502205603 663778
1502205603 749986
1502205603 836275
1502205603 922428
1502205604 8798
1502205604 95943
1502205604 268272
1502205604 479753
1502205604 632994
1502205604 719317
1502205604 805999
1502205604 891684
1502205604 978947
1502205605 65026
1502205605 218382
1502205605 304529
1502205605 391642
1502205605 477852
1502205605 564130
1502205605 669420
1502205605 890823
1502205606 245686
1502205606 332017
1502205606 495194
1502205606 581532
1502205606 667587
1502205606 753844
1502205606 840133
1502205606 927127
1502205607 13400
1502205607 118637
1502205607 204855
1502205607 435398
1502205607 521584
1502205607 608786
1502205607 694934
1502205607 781135
1502205607 896457
1502205608 1649
1502205608 88833
1502205608 194050
1502205608 280273
1502205608 366472
1502205608 481680
1502205608 567959
1502205608 655272
1502205608 741288
1502205609 87695
1502205609 173975
1502205609 432853
1502205609 519000
1502205609 605204
1502205609 691396
1502205609 777667
1502205609 864847
1502205609 951016
1502205610 94374
1502205610 181700
1502205610 440093
1502205610 911212
1502205611 141693
1502205611 227814
1502205611 352284
1502205611 640855
1502205611 832483
1502205611 938367
1502205612 24656
1502205612 322239
1502205612 408547
1502205612 494686
1502205612 580908
1502205612 667160
1502205612 744266
1502205612 830534
1502205612 917722
1502205612 993807
1502205613 80051
1502205613 167151
1502205613 253420
1502205613 329619
1502205613 406826
1502205613 483943
1502205613 560095
1502205613 637223
1502205613 714354
1502205613 790592
1502205613 867786
1502205613 944293
1502205614 21250
1502205614 98256
1502205614 174580
1502205614 257243
1502205614 328730
1502205614 405046
1502205614 482357
1502205614 558536
1502205614 635518
1502205614 712668
1502205614 789029
1502205614 865996
1502205614 943206
1502205615 19410
1502205615 96489
1502205615 172741
1502205615 633789
1502205615 710958
1502205615 807040
1502205615 941495
1502205616 17750
1502205616 133217
1502205616 306337
1502205616 392564
1502205616 545820
1502205616 680215
1502205617 103071
1502205617 189264
1502205617 323555
1502205617 400725
1502205617 486948
1502205617 583141
1502205617 659711
1502205617 755635
1502205617 832667
1502205617 909039
1502205618 15072
1502205618 91346
1502205618 168426
1502205618 244788
1502205618 321946
1502205618 398042
1502205618 475325
1502205618 551337
1502205618 628525
1502205618 705737
1502205618 781963
1502205618 859178
1502205618 955280
1502205619 31665
1502205619 108598
1502205619 185839
1502205619 262017
1502205619 339144
1502205619 415329
1502205619 492494
1502205619 569713
1502205619 645946
1502205619 809394
1502205619 924513
1502205620 87866
1502205620 164063
1502205620 241195
1502205620 318328
1502205620 394492
1502205620 471898
1502205620 595972
1502205620 673207
1502205620 750214
1502205620 826538
1502205620 903701
1502205621 210377
1502205621 287462
1502205621 364640
1502205621 441009
1502205621 518125
1502205621 595141
1502205621 671410
1502205621 748581
1502205622 7168
1502205622 84345
1502205622 161464
1502205622 304911
1502205622 602512
1502205622 685129
1502205622 775772
1502205622 852094
1502205622 929156
1502205623 6379
1502205623 92582
1502205623 178691
1502205623 255892
1502205623 342172
1502205623 428227
1502205623 514531
1502205623 600734
1502205623 687845
1502205623 774333
1502205623 860322
1502205623 946571
1502205624 33650
1502205624 119844
1502205624 206160
1502205624 292230
1502205624 378463
1502205624 465590
1502205624 551757
1502205624 637951
1502205624 724187
1502205624 810447
1502205624 897611
1502205624 983781
1502205625 70017
1502205625 156214
1502205625 242409
1502205625 329483
1502205625 415715
1502205625 501985
1502205625 588264
1502205625 674366
1502205625 761623
1502205625 847715
1502205625 933967
1502205626 20172
1502205626 107305
1502205626 193585
1502205626 279681
1502205626 365822
1502205626 471253
1502205626 586409
1502205626 682620
1502205626 768875
1502205627 9245
1502205627 162724
1502205627 287831
1502205627 374073
1502205627 460325
1502205627 546550
1502205627 633714
1502205627 720013
1502205627 806127
1502205627 892285
1502205627 978475
1502205628 65689
1502205628 152145
1502205628 238090
1502205628 324406
1502205628 410630
1502205628 497845
1502205628 583855
1502205628 670133
1502205628 756479
1502205628 842774
1502205628 938200
1502205629 63413
1502205629 169238
1502205629 649224
1502205629 735425
1502205629 821729
1502205630 119355
1502205630 205568
1502205630 292721
1502205630 378895
1502205630 465104
1502205630 551228
1502205630 637548
1502205630 724611
1502205630 810762
1502205630 897121
1502205630 983249
1502205631 69527
1502205631 156732
1502205631 242949
1502205631 329194
1502205631 415213
1502205631 501443
1502205631 588548
1502205631 674896
1502205631 762157
1502205631 847286
1502205631 933456
1502205632 20654
1502205632 107339
1502205632 193002
1502205632 346435
1502205632 711209
1502205632 817349
1502205632 903607
1502205633 134397
1502205633 220274
1502205633 306501
1502205633 392696
1502205633 479868
1502205633 566073
1502205633 652294
1502205633 738592
1502205633 824761
1502205633 911782
1502205633 998356
1502205634 84821
1502205634 170442
1502205634 256664
1502205634 343839
1502205634 430595
1502205634 516753
1502205634 602673
1502205634 689137
1502205634 775758
1502205634 861977
1502205634 948203
1502205635 34420
1502205635 121536
1502205635 207686
1502205635 293891
1502205635 380211
1502205635 466353
1502205635 553483
1502205635 639706
1502205635 725919
1502205635 812067
1502205635 898373
1502205635 985496
1502205636 71661
1502205636 157844
1502205636 246940
1502205636 330362
1502205636 417465
1502205636 503654
1502205636 589881
1502205636 676083
1502205636 762325
1502205636 849520
1502205636 935585
1502205637 21876
1502205637 107972
1502205637 194265
1502205637 281375
1502205637 367536
1502205637 453893
1502205637 540016
1502205637 627021
1502205637 703382
1502205637 789530
1502205638 30055
1502205638 106289
1502205638 193488
1502205638 269666
1502205638 355906
1502205638 432986
1502205638 519089
1502205638 606267
1502205638 740636
1502205638 816926
1502205638 903139
1502205638 980168
1502205639 66341
1502205639 152576
1502205639 239778
1502205639 315937
1502205639 403135
1502205639 920435
1502205640 6556
1502205640 93742
1502205640 352409
1502205640 438693
1502205640 525770
1502205640 601922
1502205640 688122
1502205640 775269
1502205640 851517
1502205640 937855
1502205641 25002
1502205641 101085
1502205641 188216
1502205641 274394
1502205641 446815
1502205641 523851
1502205641 878807
1502205642 157421
1502205642 234706
1502205642 310836
1502205642 387941
1502205642 464106
1502205642 541311
1502205642 618521
1502205642 704589
1502205642 781787
1502205642 858059
1502205642 935141
1502205643 50368
1502205643 136571
1502205643 251838
1502205643 328081
1502205643 405511
1502205643 481437
1502205643 568524
1502205643 644799
1502205643 731884
1502205643 818250
1502205643 894273
1502205643 981465
1502205644 57680
1502205644 134765
1502205644 211078
1502205644 298169
1502205644 374378
1502205644 451543
1502205644 528930
1502205644 604918
1502205644 682028
1502205644 758347
1502205644 835451
1502205644 912514
1502205644 988790
1502205645 65937
1502205645 143080
1502205645 219264
1502205645 296406
1502205645 372677
1502205645 449717
1502205645 536011
1502205645 613392
1502205645 690294
1502205645 766749
1502205645 843657
1502205645 919949
1502205646 265661
1502205646 554291
1502205646 630513
1502205646 919139
1502205646 995386
1502205647 72410
1502205647 148626
1502205647 225759
1502205647 351019
1502205647 466259
1502205647 571509
1502205647 686758
1502205647 763495
1502205647 955480
1502205648 98815
1502205648 233179
1502205648 310587
1502205648 386707
1502205648 463762
1502205648 540067
1502205648 616992
1502205648 694433
1502205648 789558
1502205648 866768
1502205648 943716
1502205649 19940
1502205649 97094
1502205649 174187
1502205649 250430
1502205649 327694
1502205649 404669
1502205649 480974
1502205649 816699
1502205649 893856
1502205649 971028
1502205650 47267
1502205650 124305
1502205650 201590
1502205650 277882
1502205650 354887
1502205650 431166
1502205650 516019
1502205650 594419
1502205650 671526
1502205650 748719
1502205650 824920
1502205650 921113
1502205651 17313
1502205651 93554
1502205651 170767
1502205651 247897
1502205651 324025
1502205651 401234
1502205651 478407
1502205651 555010
1502205651 977478
1502205652 53681
1502205652 130892
1502205652 322338
1502205652 399593
1502205652 571930
1502205652 649112
1502205652 726138
1502205652 802513
1502205652 879555
1502205652 956728
1502205653 91040
1502205653 263393
1502205653 340614
1502205653 417048
1502205653 493931
1502205653 848813
1502205653 974139
1502205654 60196
1502205654 290888
1502205654 396029
1502205654 473172
1502205654 550168
1502205654 626458
1502205654 703695
1502205654 780772
1502205654 857041
1502205654 982345
1502205655 125825
1502205655 202766
1502205655 279882
1502205655 433235
1502205655 510465
1502205655 586874
1502205655 663805
1502205655 740149
1502205655 875196
1502205656 172887
1502205656 335735
1502205656 412524
1502205656 489691
1502205656 566131
1502205656 642953
1502205656 719212
1502205656 796424
1502205656 988000
1502205657 65127
1502205657 141226
1502205657 218631
1502205657 294551
1502205657 409737
1502205657 487330
1502205657 563230
1502205657 640222
1502205657 716607
1502205657 793670
1502205657 927937
1502205658 14160
1502205658 91279
1502205658 168435
1502205658 244648
1502205658 321840
1502205658 465229
1502205658 542391
1502205658 618545
1502205658 697998
1502205658 772887
1502205658 849083
1502205658 926398
1502205659 3422
1502205659 79626
1502205659 156896
1502205659 320241
1502205659 425315
1502205659 501851
1502205659 578773
1502205659 655047
1502205659 732089
1502205659 809218
1502205659 962620
1502205660 39924
1502205660 115959
1502205660 193234
1502205660 269388
1502205660 346829
1502205660 422764
1502205660 500183
1502205660 576941
1502205660 653256
1502205660 855546
1502205660 970048
1502205661 47136
1502205661 124608
1502205661 229524
1502205661 325772
1502205661 421929
1502205661 508307
1502205661 594655
1502205661 680669
1502205661 814832
1502205661 901951
1502205662 17265
1502205662 103603
1502205662 544491
1502205662 631823
1502205662 717905
1502205662 804030
1502205662 890477
1502205662 976561
1502205663 63464
1502205663 149728
1502205663 235991
1502205663 322580
1502205663 408422
1502205663 495514
1502205663 590745
1502205663 668065
1502205663 754326
1502205663 840429
1502205663 917603
1502205664 90018
1502205664 435828
1502205664 522033
1502205664 609204
1502205664 685285
1502205664 771639
1502205664 953938
1502205665 40964
1502205665 117291
1502205665 204401
1502205665 309623
1502205665 386749
1502205665 472974
1502205665 549292
1502205665 626254
1502205665 703600
1502205665 779690
1502205665 857062
1502205665 933900
1502205666 10207
1502205666 87387
1502205666 163616
1502205666 240727
1502205666 317845
1502205666 394547
1502205666 471321
1502205666 548533
1502205666 624772
1502205666 701762
1502205666 777976
1502205666 855204
1502205666 932216
1502205667 18518
1502205667 104744
1502205667 181808
1502205667 258007
1502205667 412469
1502205667 488552
1502205667 565696
1502205667 642759
1502205667 719018
1502205667 863403
1502205668 285376
1502205668 448656
1502205668 534953
1502205668 611956
1502205668 784477
1502205668 861625
1502205668 938626
1502205669 73316
1502205669 303460
1502205669 379786
1502205669 830772
1502205669 917028
1502205669 994182
1502205670 71266
1502205670 147557
1502205670 224614
1502205670 300928
1502205670 378096
1502205670 551329
1502205670 646723
1502205670 723919
1502205670 973371
1502205671 136749
1502205671 212986
1502205671 290088
1502205671 367126
1502205671 443587
1502205671 520574
1502205671 597809
1502205671 674074
1502205671 751156
1502205671 827253
1502205671 904409
1502205671 981661
1502205672 57912
1502205672 134959
1502205672 489957
1502205672 566891
1502205672 643091
1502205672 720248
1502205672 797504
1502205672 873636
1502205672 950766
1502205673 28039
1502205673 104467
1502205673 181884
1502205673 257741
1502205673 401899
1502205673 478972
1502205673 555201
1502205673 632321
1502205673 920128
1502205673 997180
1502205674 198643
1502205674 275710
1502205674 351922
1502205674 429121
1502205674 506282
1502205674 630684
1502205674 890289
1502205674 966470
1502205675 43508
1502205675 120738
1502205675 196868
1502205675 274048
1502205675 351267
1502205675 523653
1502205675 600739
1502205675 705945
1502205675 831295
1502205676 13639
1502205676 89962
1502205676 330364
1502205676 406498
1502205676 492775
1502205676 589124
1502205676 666136
1502205676 742263
1502205676 819882
1502205676 896717
1502205676 972907
1502205677 50107
1502205677 127254
1502205677 203485
1502205677 280625
1502205677 357711
1502205677 433833
1502205677 511134
1502205677 587261
1502205677 664414
1502205677 741623
1502205677 856726
1502205677 972011
1502205678 48183
1502205678 125394
1502205678 201558
1502205678 278787
1502205678 710891
1502205679 180871
1502205679 344155
1502205679 815213
1502205679 930381
1502205680 6659
1502205680 208093
1502205680 285264
1502205680 362374
1502205680 467682
1502205680 573031
1502205680 746231
1502205680 822658
1502205680 899698
1502205680 976766
1502205681 53001
1502205681 130099
1502205681 206460
1502205681 283468
1502205681 360640
1502205681 436892
1502205681 514090
1502205681 591068
1502205681 667527
1502205681 744677
1502205681 821663
1502205681 897807
1502205681 975157
1502205682 51269
1502205682 128411
1502205682 204559
1502205682 281676
1502205682 358273
1502205682 435139
1502205682 512308
1502205682 588450
1502205682 722763
1502205682 800058
1502205682 876209
1502205682 953340
1502205683 30366
1502205683 106824
1502205683 183896
1502205683 260232
1502205683 337235
1502205683 414319
1502205683 490515
1502205683 567741
1502205683 644805
1502205683 721115
1502205683 798208
1502205683 874556
1502205683 951729
1502205684 56874
1502205684 153076
1502205684 230189
1502205684 306456
1502205684 383567
1502205684 460651
1502205684 537022
1502205684 614036
1502205684 691207
1502205684 767439
1502205684 844556
1502205684 921631
1502205684 998002
1502205685 142256
1502205685 218468
1502205685 391798
1502205685 516172
1502205685 593218
1502205685 670546
1502205685 746765
1502205686 63256
1502205686 233634
1502205686 371086
1502205686 534288
1502205686 687631
1502205686 764792
1502205686 840992
1502205686 918196
1502205686 994556
1502205687 71568
1502205687 148601
1502205687 224968
1502205687 302132
1502205687 379256
1502205687 455468
1502205687 532574
1502205687 608828
1502205687 685808
1502205687 763132
1502205687 839387
1502205687 916624
1502205687 992779
1502205688 89090
1502205688 405643
1502205688 482772
1502205688 559913
1502205688 636146
1502205688 713240
1502205688 789684
1502205688 866575
1502205688 943669
1502205689 19958
1502205689 97180
1502205689 174209
1502205689 250770
1502205689 327568
1502205689 404677
1502205689 480942
1502205689 596394
1502205689 673394
1502205689 749524
1502205689 826769
1502205689 903924
1502205689 980151
1502205690 57266
1502205690 133512
1502205690 287788
1502205690 383036
1502205690 460160
1502205690 537385
1502205690 613626
1502205690 690724
1502205690 766874
1502205690 872234
1502205690 949329
1502205691 54676
1502205691 169804
1502205691 381309
1502205691 457552
1502205691 534702
1502205691 610892
1502205691 922007
1502205692 14836
1502205692 105610
1502205692 187253
1502205692 273386
1502205692 359763
1502205692 446732
1502205692 533023
1502205692 619287
1502205692 705407
1502205692 791573
1502205692 878662
1502205692 964885
1502205693 51584
1502205693 137420
1502205693 223543
1502205693 310700
1502205693 397205
1502205693 483075
1502205693 569423
1502205693 656457
1502205693 742550
1502205693 828908
1502205693 915122
1502205694 1317
1502205694 88404
1502205694 174625
1502205694 260870
1502205694 347149
1502205694 433418
1502205694 520410
1502205694 606553
1502205694 692749
1502205694 778956
1502205694 865245
1502205694 951362
1502205695 37686
1502205695 124768
1502205695 211016
1502205695 297155
1502205695 383390
1502205695 470611
1502205695 556721
1502205695 643220
1502205695 720036
1502205695 806361
1502205695 882579
1502205695 969676
1502205696 85002
1502205696 190250
1502205696 372572
1502205696 449726
1502205696 526006
1502205696 842681
1502205696 919762
1502205696 996063
1502205697 83189
1502205697 169550
1502205697 246699
1502205697 341864
1502205697 417948
1502205697 505268
1502205697 581419
1502205697 667589
1502205697 811886
1502205698 119466
1502205698 205712
1502205698 291939
1502205698 378152
1502205698 589624
1502205698 713963
1502205698 804334
1502205698 887290
1502205699 78703
1502205699 252110
1502205699 328288
1502205699 415388
1502205699 568837
1502205699 645869
1502205699 732226
1502205699 808442
1502205699 895515
1502205699 981720
1502205700 68040
1502205700 145093
1502205700 231267
1502205700 307539
1502205700 394618
1502205700 480923
1502205700 557122
1502205700 787622
1502205700 874705
1502205700 950954
1502205701 57117
1502205701 143241
1502205701 229597
1502205701 306696
1502205701 382905
1502205701 460124
1502205701 536394
1502205701 623453
1502205701 699667
1502205701 786848
1502205701 872878
1502205701 959143
1502205702 36303
1502205702 122540
1502205702 218748
1502205702 304954
1502205702 698053
1502205702 794245
1502205702 880271
1502205702 967582
1502205703 43615
1502205703 130918
1502205703 217021
1502205703 293564
1502205703 380297
1502205703 456615
1502205703 533694
1502205703 610164
1502205703 697026
1502205703 773283
1502205703 860413
1502205703 946544
1502205704 22835
1502205704 110035
1502205704 196211
1502205704 272422
1502205704 359525
1502205704 445702
1502205704 521947
1502205704 609082
1502205704 685336
1502205704 762437
1502205704 839577
1502205704 925816
1502205705 2041
1502205705 79247
1502205705 156228
1502205705 232538
1502205705 309679
1502205705 386769
1502205705 473010
1502205705 559256
1502205705 636340
1502205705 722656
1502205705 798842
1502205705 876063
1502205705 953135
1502205706 29452
1502205706 106486
1502205706 183643
1502205706 269817
1502205706 346069
1502205706 433235
1502205706 509471
1502205706 586581
1502205706 672929
1502205706 749868
1502205706 826423
1502205706 903210
1502205706 980342
1502205707 56652
1502205707 133766
1502205707 210009
1502205707 287182
1502205707 364201
1502205707 440501
1502205707 517716
1502205707 594781
1502205707 671017
1502205707 748154
1502205707 824609
1502205707 901517
1502205707 978646
1502205708 54954
1502205708 131979
1502205708 209216
1502205708 285347
1502205708 362483
1502205708 438774
1502205708 515834
1502205708 593034
1502205708 669305
1502205708 746363
1502205708 823496
1502205708 899875
1502205708 976883
1502205709 53928
1502205709 130265
1502205709 207442
1502205709 283662
1502205709 360734
1502205709 437932
1502205709 514186
1502205709 591348
1502205709 668401
1502205709 744591
1502205709 821756
1502205709 898000
1502205709 975198
1502205710 52374
1502205710 128510
1502205710 205647
1502205710 282964
1502205710 359141
1502205710 436137
1502205710 512550
1502205710 589510
1502205710 666717
1502205710 743077
1502205710 820080
1502205710 897165
1502205710 973392
1502205711 50514
1502205711 126753
1502205711 203908
1502205711 281041
1502205711 357471
1502205711 434426
1502205711 511595
1502205711 587786
1502205711 664922
1502205711 742093
1502205711 818323
1502205711 895451
1502205711 971588
1502205712 48753
1502205712 125875
1502205712 202082
1502205712 279286
1502205712 356380
1502205712 432603
1502205712 509716
1502205712 585955
1502205712 969900
1502205713 123198
1502205713 229428
1502205713 324740
1502205713 459016
1502205713 550761
1502205713 622384
1502205713 699599
1502205713 775879
1502205713 852879
1502205713 930128
1502205714 6371
1502205714 188771
1502205714 265860
1502205714 342997
1502205714 477321
1502205714 563517
1502205714 649883
1502205714 735945
1502205714 822165
1502205714 909225
1502205714 995425
1502205715 81683
1502205715 167890
1502205715 254125
1502205715 341158
1502205715 427412
1502205715 513640
1502205715 599805
1502205715 687143
1502205715 773220
1502205715 859410
1502205715 945605
1502205716 31849
1502205716 118949
1502205716 205259
1502205716 291692
1502205716 377565
1502205716 463886
1502205716 551085
1502205716 637319
1502205716 723330
1502205716 809589
1502205716 895902
1502205716 982884
1502205717 69089
1502205717 155260
1502205717 241640
1502205717 327758
1502205717 414867
1502205717 501007
1502205717 587268
1502205717 673527
1502205717 759930
1502205717 846825
1502205717 933067
1502205718 19310
1502205718 105538
1502205718 192574
1502205718 278825
1502205718 364998
1502205718 451316
1502205718 537461
1502205718 624552
1502205718 710817
1502205718 797021
1502205718 883201
1502205718 969400
1502205719 56468
1502205719 142743
1502205719 228989
1502205719 315160
1502205719 401392
1502205719 488515
1502205719 574698
1502205719 660937
1502205719 805209
1502205719 891465
1502205719 977627
1502205720 63860
1502205720 150945
1502205720 237121
1502205720 323327
1502205720 486754
1502205720 572911
1502205720 765341
1502205720 841698
1502205720 927818
1502205721 15007
1502205721 101177
1502205721 177309
1502205721 264488
1502205721 340710
1502205721 426938
1502205721 514019
1502205721 590254
1502205721 677529
1502205721 763592
1502205721 839822
1502205721 926957
1502205722 13297
1502205722 89339
1502205722 176539
1502205722 262761
1502205722 339024
1502205722 426071
1502205722 502321
1502205722 588696
1502205722 675605
1502205722 751890
1502205722 839021
1502205722 925156
1502205723 1524
1502205723 88648
1502205723 174707
1502205723 261022
1502205723 338210
1502205723 548664
1502205723 625799
1502205723 837294
1502205723 932584
1502205724 9672
1502205724 86827
1502205724 269192
1502205724 508917
1502205724 595030
1502205724 672246
1502205724 796442
1502205724 882654
1502205725 7974
1502205725 180332
1502205725 285618
1502205725 400837
1502205725 487062
1502205725 573418
1502205725 660489
1502205725 746769
1502205725 822888
1502205725 919257
1502205726 5681
1502205726 92412
1502205726 168801
1502205726 351001
1502205726 466322
1502205726 552587
1502205726 639632
1502205726 715839
1502205726 802300
1502205726 889198
1502205726 965517
1502205727 51625
1502205727 139214
1502205727 224958
1502205727 301182
1502205727 388438
1502205727 464563
1502205727 551667
1502205727 637913
1502205727 714109
1502205727 801257
1502205727 887492
1502205727 973667
1502205728 50759
1502205728 136964
1502205728 213366
1502205728 300300
1502205728 386583
1502205728 463713
1502205728 549900
1502205728 636099
1502205728 722298
1502205728 799511
1502205728 885669
1502205728 962787
1502205729 49170
1502205729 125308
1502205729 212410
1502205729 298607
1502205729 384869
1502205729 461921
1502205729 538177
1502205729 615342
1502205729 692433
1502205729 768893
1502205729 845830
1502205729 922066
1502205730 18323
1502205730 95526
1502205730 623654
1502205730 699847
1502205730 776922
1502205730 968506
1502205731 103586
1502205731 179963
1502205731 275978
1502205731 353205
1502205731 429395
1502205731 515637
1502205731 592730
1502205731 928588
1502205732 140075
1502205732 351479
1502205732 427655
1502205732 504901
1502205732 581905
1502205732 658201
1502205732 735796
1502205732 821600
1502205733 33028
1502205733 109512
1502205733 186378
1502205733 263453
1502205733 339718
1502205733 416933
1502205733 493974
1502205733 570184
1502205733 647330
1502205733 925950
1502205734 2249
1502205734 88546
1502205734 213740
1502205734 290890
1502205734 367103
1502205734 444184
1502205734 521335
1502205734 597703
1502205734 682419
1502205734 760986
1502205734 837988
1502205734 914210
1502205734 991519
1502205735 67849
1502205735 144781
1502205735 221936
1502205735 298155
1502205735 375256
1502205735 452530
1502205735 528662
1502205735 605688
1502205735 683030
1502205735 759140
1502205735 836388
1502205735 912552
1502205735 989597
1502205736 66722
1502205736 142922
1502205736 220213
1502205736 297272
1502205736 373686
1502205736 450700
1502205736 526880
1502205736 604019
1502205736 681201
1502205736 757552
1502205736 834568
1502205736 911577
1502205736 987949
1502205737 65043
1502205737 141314
1502205737 218403
1502205737 295635
1502205737 419889
1502205737 794654
1502205737 929071
1502205738 44200
1502205738 216588
1502205738 350958
1502205738 428134
1502205738 514338
1502205738 591354
1502205738 667673
1502205738 783078
1502205738 889281
1502205738 965395
1502205739 42650
1502205739 118728
1502205739 195892
1502205739 273033
1502205739 349282
1502205739 426419
1502205739 503451
1502205739 608897
1502205739 762147
1502205739 839214
1502205739 934558
1502205740 11836
1502205740 88820
1502205740 309298
1502205740 529928
1502205740 636082
1502205740 779515
1502205740 856516
1502205740 933664
1502205741 29099
1502205741 106321
1502205741 221338
1502205741 345854
1502205741 432901
1502205741 509012
1502205741 624335
1502205741 701516
1502205741 778619
1502205741 854930
1502205741 941124
1502205742 18253
1502205742 95341
1502205742 171529
1502205742 257768
1502205742 334899
1502205742 412068
1502205742 488411
1502205742 565503
1502205742 641626
1502205742 718838
1502205742 795020
1502205742 872174
1502205742 949380
1502205743 25659
1502205743 102710
1502205743 178940
1502205743 255965
1502205743 332309
1502205743 409478
1502205743 486636
1502205743 562685
1502205743 639840
1502205743 716095
1502205743 793348
1502205743 908500
1502205743 985624
1502205744 62009
1502205744 139067
1502205744 216267
1502205744 292353
1502205744 369628
1502205744 445782
1502205744 522940
1502205744 599011
1502205744 685433
1502205744 762481
1502205744 839672
1502205744 915898
1502205744 993023
1502205745 70132
1502205745 146475
1502205745 223563
1502205745 299708
1502205745 376850
1502205745 453089
1502205745 530317
1502205745 606524
1502205745 683638
1502205745 759804
1502205745 837068
1502205745 913300
1502205745 990322
1502205746 66829
1502205746 143668
1502205746 220919
1502205746 297035
1502205746 374241
1502205746 450499
1502205746 527664
1502205746 603911
1502205746 681064
1502205746 757149
1502205746 834297
1502205746 910579
1502205746 987648
1502205747 64885
1502205747 141125
1502205747 218241
1502205747 294518
1502205747 371571
1502205747 448679
1502205747 524949
1502205747 602011
1502205747 688340
1502205747 765432
1502205747 841727
1502205747 918709
1502205747 995027
1502205748 72317
1502205748 149361
1502205748 225585
1502205748 302684
1502205748 379071
1502205748 456091
1502205748 532257
1502205748 609534
1502205748 686483
1502205748 762839
1502205748 840046
1502205748 916148
1502205749 165808
1502205749 252935
1502205749 348231
1502205749 425345
1502205749 502514
1502205749 578663
1502205749 752001
1502205749 828322
1502205749 905496
1502205749 981587
1502205750 58623
1502205750 442618
1502205750 519708
1502205750 595897
1502205750 673077
1502205750 749274
1502205750 826483
1502205750 902700
1502205750 998951
1502205751 258468
1502205751 642353
1502205751 719566
1502205752 26206
1502205752 103336
1502205752 276384
1502205752 566099
1502205752 861047
1502205752 996711
1502205753 72575
1502205753 178757
1502205753 293032
1502205753 466346
1502205753 590761
1502205753 686980
1502205753 850222
1502205753 927409
1502205754 3648
1502205754 137968
1502205754 215079
1502205754 560851
1502205754 829404
1502205755 213345
1502205755 290525
1502205755 424796
1502205755 501112
1502205755 578147
1502205755 655315
1502205755 731538
1502205755 981083
1502205756 58091
1502205756 134424
1502205756 211631
1502205756 288777
1502205756 364934
1502205756 442056
1502205756 518359
1502205756 595326
1502205756 671655
1502205756 748785
1502205756 825074
1502205756 902295
1502205756 988380
1502205757 65655
1502205757 142683
1502205757 218944
1502205757 296161
1502205757 372277
1502205757 449474
1502205757 526519
1502205757 602774
1502205757 679879
1502205757 756154
1502205757 833311
1502205757 910371
1502205757 986621
1502205758 63836
1502205758 140043
1502205758 217150
1502205758 293485
1502205758 370519
1502205758 448202
1502205758 543005
1502205758 630206
1502205758 716535
1502205758 802544
1502205758 889154
1502205758 974876
1502205759 61980
1502205759 148331
1502205759 234450
1502205759 320745
1502205759 407130
1502205759 493989
1502205759 580228
1502205759 666413
1502205759 752658
1502205760 453202
1502205760 540355
1502205760 626523
1502205760 914276
1502205761 1307
1502205761 87661
1502205761 173844
1502205761 259969
1502205761 528665
1502205761 624831
1502205761 807160
1502205761 893509
1502205761 979704
1502205762 171982
1502205762 258331
1502205762 344470
1502205762 431690
1502205762 517882
1502205762 604072
1502205762 748375
1502205762 834547
1502205762 920828
1502205763 7091
1502205763 94072
1502205763 371807
1502205763 458866
1502205763 765634
1502205763 851963
1502205763 938067
1502205764 25164
1502205764 111535
1502205764 197730
1502205764 283894
1502205764 369985
1502205764 457171
1502205764 543330
1502205764 629578
1502205764 715840
1502205764 803346
1502205764 889218
1502205764 975461
1502205765 186829
1502205765 273042
1502205765 361107
1502205765 445549
1502205765 532560
1502205765 618894
1502205765 704987
1502205765 791275
1502205765 877372
1502205765 964520
1502205766 50721
1502205766 156100
1502205766 242208
1502205766 329343
1502205766 415557
1502205766 501863
1502205766 587970
1502205766 674359
1502205766 761417
1502205766 847574
1502205766 933773
1502205767 19999
1502205767 106217
1502205767 193449
1502205767 279646
1502205767 365888
1502205767 469080
1502205767 558310
1502205767 644363
1502205767 730542
1502205767 816770
1502205768 28190
1502205768 114318
1502205768 200633
1502205768 287701
1502205768 421161
1502205768 756992
1502205768 920204
1502205769 6447
1502205769 93680
1502205769 179783
1502205769 266195
1502205769 352600
1502205769 438490
1502205769 525622
1502205769 611819
1502205769 698052
1502205769 784297
1502205769 870562
1502205769 957600
1502205770 43753
1502205770 129954
1502205770 207169
1502205770 331775
1502205770 465861
1502205770 542892
1502205770 620022
1502205770 696233
1502205770 773448
1502205770 849617
1502205770 926808
1502205771 3917
1502205771 119082
1502205771 195328
1502205771 272573
1502205771 348741
1502205771 425924
1502205771 560225
1502205771 694438
1502205771 876931
1502205771 954064
1502205772 31165
1502205772 107452
1502205772 184483
1502205772 260748
1502205772 337866
1502205772 415069
1502205772 501214
1502205772 578350
1502205772 654607
1502205772 731828
1502205772 808115
1502205772 885186
1502205772 962233
1502205773 38520
1502205773 115701
1502205773 192786
1502205773 269167
1502205773 346054
1502205773 422409
1502205773 711014
1502205773 787203
1502205773 998620
1502205774 142938
1502205774 315274
1502205774 392441
1502205774 565007
1502205774 690338
1502205774 766440
1502205774 843514
1502205774 920891
1502205774 996952
1502205775 74149
1502205775 151260
1502205775 227399
1502205775 304669
1502205775 380926
1502205775 458007
1502205775 535022
1502205775 611388
1502205775 688418
1502205776 15088
1502205776 91382
1502205776 177617
1502205776 254653
1502205776 379893
1502205776 562354
1502205776 657574
1502205776 744669
1502205776 869099
1502205776 974435
1502205777 272024
1502205777 349154
1502205777 426406
1502205777 502517
1502205777 579676
1502205777 752094
1502205777 906319
1502205777 982608
1502205778 59728
1502205778 135957
1502205778 213163
1502205778 292469
1502205778 376363
1502205778 453580
1502205778 548871
1502205778 626154
1502205778 703137
1502205778 779387
1502205778 856702
1502205778 932721
1502205779 9905
1502205779 87101
1502205779 163311
1502205779 240545
1502205779 316859
1502205779 393853
1502205779 470901
1502205779 547302
1502205779 624255
1502205779 700452
1502205779 796705
1502205779 941022
1502205780 123384
1502205780 199602
1502205780 314959
1502205780 391994
1502205780 497500
1502205780 660765
1502205780 910271
1502205781 197958
1502205781 275029
1502205781 352090
1502205781 428461
1502205781 505686
1502205781 581958
1502205781 793119
1502205782 81843
1502205782 168013
1502205782 244158
1502205782 551938
1502205782 686151
1502205782 887709
1502205782 964854
1502205783 42180
1502205783 118197
1502205783 194500
1502205783 276406
1502205783 358124
1502205783 435216
1502205783 550088
1502205783 626305
1502205783 703866
1502205783 780644
1502205783 867037
1502205783 972161
1502205784 49495
1502205784 126423
1502205784 260639
1502205784 404156
1502205784 481343
1502205784 557587
1502205784 634579
1502205784 711843
1502205784 836403
1502205784 913433
1502205784 990349
1502205785 66508
1502205785 143880
1502205785 220118
1502205785 297128
1502205785 374210
1502205785 450410
1502205785 527730
1502205785 604787
1502205785 680955
1502205785 758013
1502205785 844372
1502205785 921567
1502205785 997784
1502205786 74940
1502205786 152151
1502205786 228450
1502205786 305396
1502205786 391647
1502205786 468854
1502205786 545020
1502205786 622577
1502205786 698503
1502205786 785404
1502205786 861972
1502205786 939152
1502205787 15952
1502205787 92084
1502205787 284549
1502205787 389974
1502205787 466959
1502205787 543107
1502205787 620354
1502205787 697480
1502205787 773597
1502205788 100597
1502205788 177563
1502205788 253859
1502205788 330896
1502205788 407076
1502205788 484236
1502205788 561413
1502205788 637792
1502205788 725379
1502205788 801071
1502205788 877133
1502205788 954303
1502205789 31758
1502205789 126768
1502205789 261058
1502205789 424369
1502205789 731092
1502205789 817367
1502205789 894527
1502205790 135053
1502205790 240281
1502205790 317436
1502205790 470773
1502205790 796581
1502205790 902730
1502205790 978982
1502205791 190489
1502205791 267637
1502205791 343764
1502205791 526204
1502205791 603570
1502205791 680612
1502205791 756729
1502205791 833819
1502205791 939314
1502205792 16655
1502205792 150637
1502205792 275699
1502205792 352173
1502205792 438179
1502205792 515415
1502205792 592491
1502205792 716892
1502205792 794039
1502205792 870161
1502205792 947339
1502205793 24592
1502205793 105564
1502205793 186996
1502205793 322099
1502205793 494547
1502205793 667079
1502205793 744095
1502205793 821290
1502205793 897597
1502205793 974768
1502205794 50885
1502205794 127908
1502205794 205220
1502205794 281467
1502205794 358556
1502205794 435589
1502205794 511920
1502205794 589123
1502205794 665185
1502205794 743192
1502205794 819684
1502205794 895776
1502205794 973226
1502205795 49271
1502205795 126252
1502205795 203431
1502205795 279883
1502205795 385836
1502205795 510194
1502205795 894092
1502205796 38307
1502205796 355013
1502205796 432238
1502205796 508475
1502205796 585515
1502205796 661960
1502205796 738824
1502205796 825492
1502205796 901320
1502205796 978404
1502205797 54776
1502205797 132116
1502205797 209193
1502205797 333503
1502205797 582943
1502205797 784312
1502205797 985770
1502205798 62875
1502205798 140219
1502205798 322670
1502205798 408780
1502205798 725663
1502205798 897928
1502205798 974964
1502205799 51148
1502205799 128443
1502205799 426033
1502205799 502275
1502205799 579517
1502205799 655558
1502205799 732754
1502205799 809844
1502205799 886116
1502205799 963182
1502205800 40555
1502205800 116667
1502205800 194082
1502205800 270943
1502205800 348897
1502205800 433613
1502205800 510419
1502205800 586761
1502205800 663835
1502205800 740100
1502205800 817234
1502205800 894394
1502205800 970619
1502205801 47718
1502205801 182012
1502205801 259190
1502205801 335651
1502205801 412492
1502205801 584852
1502205801 672141
1502205801 748264
1502205801 825483
1502205801 901921
1502205801 997901
1502205802 75023
1502205802 152232
1502205802 237495
1502205802 314693
1502205802 438824
1502205802 535114
1502205802 726685
1502205802 803826
1502205803 15212
1502205803 101550
1502205803 178534
1502205803 254763
1502205803 360927
1502205803 514362
1502205803 638910
1502205803 715767
1502205803 792858
1502205803 869087
1502205803 946249
1502205804 23461
1502205804 109868
1502205804 195788
1502205804 272111
1502205804 349178
1502205804 425381
1502205804 502533
1502205804 579767
1502205804 655966
1502205804 733150
1502205804 809343
1502205804 886414
1502205804 963599
1502205805 39872
1502205805 117087
1502205805 194111
1502205805 270424
1502205805 347522
1502205805 423724
1502205805 500901
1502205805 692532
1502205805 788503
1502205805 865727
1502205805 961112
1502205806 95572
1502205806 172618
1502205806 249528
1502205806 325770
1502205806 421996
1502205806 585354
1502205806 709737
1502205806 786726
1502205806 863905
1502205806 940259
1502205807 55402
1502205807 353061
1502205807 448339
1502205807 525533
1502205807 602656
1502205807 678892
1502205807 785038
1502205807 861284
1502205807 957489
1502205808 360455
1502205808 475662
1502205808 552733
1502205808 630051
1502205808 706248
1502205808 802543
1502205808 879508
1502205808 965689
1502205809 42019
1502205809 119018
1502205809 196146
1502205809 272470
1502205809 349644
1502205809 426688
1502205809 531958
1502205809 609179
1502205810 146415
1502205810 223683
1502205810 299721
1502205810 377146
1502205810 453073
1502205810 530206
1502205810 607508
1502205810 683638
1502205810 760952
1502205810 837888
1502205810 914121
1502205810 991857
1502205811 68342
1502205811 144594
1502205811 221786
1502205811 298030
1502205811 375081
1502205811 452260
1502205811 528495
1502205811 605615
1502205811 681832
1502205811 777983
1502205811 855275
1502205811 979521
1502205812 55732
1502205812 574869
1502205812 661108
1502205812 747303
1502205812 833665
1502205812 919715
1502205813 6864
1502205813 93035
1502205813 179523
1502205813 265672
1502205813 351728
1502205813 438818
1502205813 524971
1502205813 611375
1502205813 697460
1502205813 783599
1502205813 870723
1502205813 956990
1502205814 43218
1502205814 129269
1502205814 215590
1502205814 302734
1502205814 638573
1502205815 12383
1502205815 99491
1502205815 185722
1502205815 272072
1502205815 358159
1502205815 445257
1502205815 531588
1502205815 617802
1502205815 703894
1502205815 790216
1502205815 877435
1502205815 963449
1502205816 49693
1502205816 135938
1502205816 222066
1502205816 309406
1502205816 395487
1502205816 481741
1502205816 567808
1502205816 654076
1502205816 741240
1502205816 827320
1502205817 67032
1502205817 240341
1502205817 595187
1502205817 681342
1502205817 768593
1502205817 854957
1502205817 941030
1502205818 27095
1502205818 113350
1502205818 200480
1502205818 286885
1502205818 373467
1502205818 459141
1502205818 545339
1502205818 632504
1502205818 718584
1502205818 805026
1502205818 890999
1502205818 977247
1502205819 64768
1502205819 150650
1502205819 275025
1502205819 362276
1502205819 449444
1502205819 534512
1502205819 620736
1502205819 706885
1502205819 794277
1502205819 880330
1502205819 966600
1502205820 52764
1502205820 139647
1502205820 245051
1502205820 331399
1502205820 417504
1502205820 590826
1502205820 725258
1502205820 811587
1502205820 897507
1502205820 983709
1502205821 70895
1502205821 157226
1502205821 243262
1502205821 435736
1502205821 665438
1502205821 752577
1502205821 838610
1502205821 962956
1502205822 49274
1502205822 145476
1502205822 270761
1502205822 355913
1502205822 442238
1502205822 529374
1502205822 616210
1502205822 701659
1502205822 787926
1502205822 951299
1502205823 37684
1502205823 239054
1502205823 421352
1502205823 594716
1502205823 680894
1502205823 767177
1502205823 853371
1502205823 940379
1502205824 26658
1502205824 112851
1502205824 199002
1502205824 285225
1502205824 458624
1502205824 545156
1502205824 631001
1502205824 717209
1502205824 804407
1502205824 890512
1502205824 976810
1502205825 63009
1502205825 150272
1502205825 236358
1502205825 322557
1502205825 408740
1502205825 495012
1502205825 582151
1502205825 668381
1502205825 754491
1502205825 840733
1502205825 927063
1502205826 14217
1502205826 100622
1502205826 358832
1502205826 599675
1502205826 685552
1502205826 771804
1502205826 857996
1502205826 944253
1502205827 31526
1502205827 121849
1502205827 203759
1502205827 289958
1502205827 376293
1502205827 463378
1502205827 549613
1502205827 635805
1502205828 29782
1502205828 115818
1502205828 202142
1502205828 288257
1502205828 375617
1502205828 461811
1502205828 547820
1502205828 634047
1502205829 241613
1502205829 325576
1502205829 411796
1502205829 498008
1502205829 584144
1502205829 671269
1502205829 757652
1502205829 843777
1502205829 930205
1502205830 17185
1502205830 103418
1502205830 189504
1502205830 275761
1502205830 362089
1502205830 449134
1502205830 535367
1502205830 621438
1502205830 707843
1502205830 794113
1502205830 881021
1502205830 967256
1502205831 53425
1502205831 139711
1502205831 225925
1502205831 312979
1502205831 399217
1502205831 485610
1502205831 571648
1502205831 657764
1502205831 745135
1502205831 840351
1502205832 32640
1502205832 119061
1502205832 205077
1502205832 292602
1502205832 378411
1502205832 781423
1502205832 867474
1502205832 954770
1502205833 156147
1502205833 242354
1502205833 319629
1502205833 414893
1502205833 559007
1502205833 645930
1502205833 760641
