1502193831 515160
1502193831 647957
1502193831 754103
1502193831 840429
1502193831 974729
1502193832 243472
1502193832 396705
1502193832 599474
1502193832 828616
1502193832 992126
1502193833 88201
1502193833 299693
1502193833 463148
1502193833 693513
1502193833 827730
1502193834 77594
1502193834 308066
1502193834 423177
1502193834 681884
1502193834 893308
1502193835 84844
1502193835 287027
1502193835 488884
1502193835 652007
1502193835 747175
1502193835 977796
1502193836 150986
1502193836 352459
1502193836 448644
1502193836 678226
1502193836 822590
1502193836 956795
1502193837 178290
1502193837 293523
1502193837 447062
1502193837 648425
1502193838 13182
1502193838 176650
1502193838 378277
1502193838 598559
1502193838 858019
1502193839 49613
1502193839 232043
1502193839 443439
1502193839 703078
1502193839 913616
1502193840 154053
1502193840 307316
1502193840 413532
1502193840 672287
1502193840 902717
1502193841 114151
1502193841 315734
1502193841 766687
1502193842 26364
1502193842 284765
1502193842 496228
1502193842 611550
1502193842 688602
1502193843 139748
1502193843 331162
1502193843 571706
1502193843 695966
1502193843 917361
1502193844 99893
1502193844 330386
1502193844 559954
1502193844 781373
1502193845 40000
1502193845 184190
1502193845 405032
1502193845 482214
1502193845 587300
1502193845 808606
1502193845 894812
1502193846 48371
1502193846 240906
1502193846 413110
1502193846 653489
1502193847 113661
1502193847 335151
1502193847 565625
1502193847 718858
1502193847 824214
1502193848 25832
1502193848 150805
