1502376227 351940
1502376227 572394
1502376227 669342
1502376227 850234
1502376227 927547
1502376227 997756
1502376228 71773
1502376228 205877
1502376228 225173
1502376228 311488
1502376228 378317
1502376228 675902
1502376228 829254
1502376228 906445
1502376229 30645
1502376229 385571
1502376229 443527
1502376229 499881
1502376229 557115
1502376229 634067
1502376229 692232
1502376229 883781
1502376229 980009
1502376229 998873
1502376230 56211
1502376230 143334
1502376230 257637
1502376230 324776
1502376230 823826
1502376230 958202
1502376231 217957
1502376231 448284
1502376231 505361
1502376231 564524
1502376231 698890
1502376232 33700
1502376232 91828
1502376232 148867
1502376232 206929
1502376232 264152
1502376232 321278
1502376232 378523
1502376232 435666
1502376232 502916
1502376232 589906
1502376232 647248
1502376232 801426
1502376232 992909
1502376233 50149
1502376233 319916
1502376233 378004
1502376233 434033
1502376233 501011
1502376233 569101
1502376233 635453
1502376233 702692
1502376233 769907
1502376233 836808
1502376233 904027
1502376233 971369
1502376234 38350
1502376234 105427
1502376234 174123
1502376234 249763
1502376234 528388
1502376234 599101
1502376234 662640
1502376234 729711
1502376234 799447
1502376234 912178
1502376234 979588
1502376235 152825
1502376235 392232
1502376235 459392
1502376235 673940
1502376235 834253
1502376235 910512
1502376236 41077
1502376236 156444
1502376236 368218
1502376236 482611
1502376236 744378
1502376236 963067
1502376237 30582
1502376237 96964
1502376237 163963
1502376237 231085
1502376237 298229
1502376237 471457
1502376237 538569
1502376237 605741
1502376237 768957
1502376237 874246
1502376238 537510
1502376238 603967
1502376238 671158
1502376238 738282
1502376238 824548
1502376239 6930
1502376239 77703
1502376239 141360
1502376239 208405
1502376239 229092
1502376239 284729
1502376239 362145
1502376239 429070
1502376239 553568
1502376239 620587
1502376239 687648
1502376239 754826
1502376239 851163
1502376240 205728
1502376240 272803
1502376240 369103
1502376240 594042
1502376240 656822
1502376240 822645
1502376240 887520
1502376241 107750
1502376241 198647
1502376241 266457
1502376241 751408
1502376241 818723
1502376241 885512
1502376241 952632
1502376242 34795
1502376242 96939
1502376242 164087
1502376242 231730
1502376242 298474
1502376242 365857
1502376242 432840
1502376242 500169
1502376242 567243
1502376242 633281
1502376242 700385
1502376242 767715
1502376242 942391
1502376243 7258
1502376243 65287
1502376243 134131
1502376243 199592
1502376243 266837
1502376243 342938
1502376243 412753
1502376243 594594
1502376244 21249
1502376244 129748
1502376244 198034
1502376244 399278
1502376244 466539
1502376244 534255
