1502376227 346479
1502376227 560510
1502376227 659747
1502376227 846233
1502376227 924171
1502376227 991756
1502376228 65570
1502376228 195948
1502376228 307782
1502376228 375046
1502376228 666995
1502376228 833946
1502376228 901259
1502376229 24830
1502376229 385819
1502376229 438209
1502376229 495015
1502376229 551935
1502376229 622873
1502376229 687414
1502376229 875252
1502376229 968944
1502376230 48669
1502376230 130914
1502376230 252420
1502376230 314685
1502376230 818706
1502376230 950935
1502376231 214191
1502376231 440252
1502376231 502019
1502376231 558870
1502376231 687504
1502376232 34157
1502376232 87505
1502376232 145273
1502376232 202872
1502376232 260506
1502376232 318446
1502376232 376044
1502376232 433222
1502376232 491422
1502376232 584977
1502376232 644764
1502376232 789944
1502376232 990419
1502376233 47216
1502376233 307923
1502376233 374058
1502376233 431444
1502376233 490276
1502376233 556991
1502376233 624087
1502376233 691406
1502376233 761371
1502376233 825774
1502376233 893874
1502376233 959476
1502376234 27412
1502376234 94066
1502376234 161068
1502376234 238334
1502376234 516753
1502376234 583890
1502376234 655239
1502376234 718063
1502376234 797823
1502376234 904020
1502376234 976581
1502376235 142001
1502376235 382442
1502376235 448221
1502376235 666446
1502376235 829643
1502376235 899196
1502376236 36627
1502376236 146768
1502376236 358627
1502376236 471884
1502376236 730525
1502376236 959124
1502376237 21437
1502376237 90991
1502376237 157619
1502376237 225333
1502376237 293024
1502376237 460450
1502376237 531067
1502376237 597802
1502376237 764490
1502376237 866671
1502376238 532312
1502376238 599877
1502376238 663851
1502376238 734446
1502376238 818833
1502376239 2781
1502376239 70064
1502376239 134305
1502376239 202143
1502376239 278350
1502376239 350942
1502376239 422672
1502376239 549959
1502376239 616011
1502376239 682506
1502376239 749736
1502376239 845460
1502376240 194200
1502376240 265658
1502376240 366333
1502376240 571081
1502376240 649845
1502376240 811936
1502376240 884793
1502376241 103667
1502376241 194263
1502376241 255309
1502376241 747910
1502376241 810992
1502376241 878421
1502376241 945742
1502376242 22481
1502376242 89862
1502376242 156481
1502376242 224605
1502376242 291550
1502376242 361569
1502376242 434304
1502376242 492903
1502376242 560608
1502376242 627523
1502376242 695661
1502376242 761292
1502376242 929570
1502376243 5875
1502376243 59825
1502376243 126087
1502376243 194578
1502376243 260817
1502376243 332033
1502376243 405150
1502376243 590124
1502376244 10043
1502376244 121907
1502376244 190473
1502376244 389474
1502376244 460249
1502376244 528332
