1502196056 953537
1502196057 84203
1502196057 243152
1502196057 411532
1502196057 611027
1502196057 824400
1502196057 945874
1502196058 362475
1502196058 609025
1502196058 870643
1502196058 986140
1502196059 89468
1502196059 200777
1502196059 453915
1502196059 619580
1502196059 734867
1502196059 880279
1502196060 18663
1502196060 120839
1502196060 258181
1502196060 378388
1502196060 511641
1502196060 664033
1502196060 925261
1502196061 124837
1502196061 272336
1502196061 736450
1502196062 15763
1502196062 255211
1502196062 476893
1502196062 680244
1502196062 761774
1502196062 958017
1502196063 118440
1502196063 196754
1502196063 357905
1502196063 611281
1502196063 818790
1502196063 940335
1502196064 31586
1502196064 144892
1502196064 320189
1502196064 463525
1502196064 576839
1502196064 686251
1502196064 942244
1502196065 194895
1502196065 378614
1502196065 500886
1502196065 686094
1502196065 832439
1502196065 904762
1502196066 155087
1502196066 362643
1502196066 568143
1502196066 673530
1502196066 760713
1502196066 991951
1502196067 246451
1502196067 372943
1502196067 636332
1502196067 846897
1502196068 28406
