1501171168 783461
1501171169 397551
1501171169 484486
1501171169 599943
1501171169 714128
1501171169 801289
1501171169 896541
1501171170 185363
1501171170 271548
1501171170 435036
1501171170 520806
1501171170 607275
1501171170 693239
1501171170 780412
1501171170 866654
1501171170 953035
1501171171 39123
1501171171 125406
1501171171 212342
1501171171 298675
1501171171 384917
1501171171 471088
1501171171 558145
1501171171 644271
1501171171 730578
1501171171 816891
1501171171 903270
1501171171 990133
1501171172 76348
1501171172 162617
1501171172 248722
1501171172 334990
1501171172 422161
1501171172 508276
1501171172 594611
1501171172 680754
1501171172 767049
1501171172 863124
1501171172 978351
1501171173 84584
1501171173 170677
1501171173 353204
1501171173 449599
1501171173 554956
1501171173 689065
1501171173 823406
1501171173 909606
1501171173 996699
1501171174 82893
1501171174 169052
1501171174 255346
1501171174 341388
1501171174 485690
1501171174 850835
1501171174 936904
1501171175 23221
1501171175 110249
1501171175 196639
1501171175 282528
1501171175 368782
1501171175 455090
1501171175 541988
1501171175 628267
1501171175 714542
1501171175 964149
1501171176 50534
1501171176 271934
1501171176 435133
1501171176 703711
1501171176 790032
1501171176 876941
1501171176 963090
1501171177 183903
1501171177 270103
1501171177 356371
1501171177 442640
1501171177 528614
1501171177 634792
1501171177 721130
1501171177 903517
1501171178 37829
1501171178 499001
1501171178 585058
1501171178 719333
1501171178 805429
1501171178 892817
1501171179 411240
1501171179 669688
1501171179 756682
1501171180 178614
1501171180 264935
1501171180 485439
1501171180 572546
1501171180 831216
1501171180 917235
1501171181 5111
1501171181 138885
1501171181 657125
1501171181 772364
1501171181 858342
1501171181 944524
1501171182 31960
1501171182 117940
1501171182 204065
1501171182 290277
1501171182 376690
1501171182 462925
1501171182 549920
1501171182 636244
1501171182 722295
1501171182 808541
1501171182 894907
1501171182 981737
1501171183 68073
1501171183 154228
1501171183 259434
1501171183 346631
1501171183 432964
1501171183 519187
1501171183 605157
1501171183 835831
1501171183 921886
1501171184 8257
1501171184 95290
1501171184 181549
1501171184 267998
1501171184 353871
1501171184 440064
1501171184 527114
1501171184 613491
1501171184 699650
1501171184 786745
1501171184 872141
1501171184 978340
1501171185 64631
1501171185 150650
1501171185 237050
1501171185 324171
1501171185 410558
1501171185 496739
1501171185 582894
1501171185 669209
1501171185 756211
1501171185 842260
1501171185 928477
1501171186 14714
1501171186 100846
1501171186 188056
1501171186 274449
1501171186 360590
1501171186 446840
1501171186 532871
1501171186 619939
1501171186 706378
1501171186 792356
1501171186 878706
1501171186 965611
1501171187 52008
1501171187 138034
1501171187 224653
1501171187 310686
1501171187 397728
1501171187 484077
1501171187 589184
1501171187 675566
1501171187 762468
1501171187 925237
1501171188 79386
1501171188 472291
1501171188 559345
1501171188 645667
1501171188 731624
1501171188 817944
1501171188 904355
1501171188 991251
1501171189 77537
1501171189 230846
1501171189 346051
1501171189 442530
1501171189 566657
1501171189 652923
1501171189 739126
1501171189 826194
1501171189 912760
1501171190 7893
1501171190 190283
1501171190 276574
1501171190 584350
1501171190 670214
1501171190 756596
1501171191 16167
1501171191 102356
1501171191 188399
1501171191 274862
1501171191 418908
1501171191 515067
1501171191 630226
1501171191 716605
1501171191 802737
1501171191 888955
1501171192 167778
1501171192 254029
1501171192 340087
1501171192 426207
1501171192 513451
1501171192 599548
1501171192 771972
1501171192 858181
1501171192 945178
1501171193 31731
1501171193 117717
1501171193 204247
1501171193 291155
1501171193 377586
1501171193 463732
1501171193 549772
1501171193 636063
1501171193 723087
1501171193 809312
1501171193 895603
1501171193 981667
1501171194 67919
1501171194 155118
1501171194 241151
1501171194 327544
1501171194 413788
1501171194 500003
1501171194 586971
1501171194 673320
1501171194 759525
1501171194 845621
1501171194 931897
1501171195 19088
1501171195 105212
1501171195 191530
1501171195 393153
1501171195 479211
1501171195 566292
1501171195 652397
1501171195 738641
1501171195 853860
1501171195 940092
1501171196 26289
1501171196 113354
1501171196 199761
1501171196 286606
1501171196 372056
1501171196 459178
1501171196 545515
1501171196 631554
1501171196 717685
1501171196 803957
1501171196 890339
1501171197 82694
1501171197 255269
1501171197 342237
1501171197 428343
1501171197 562902
1501171197 677978
1501171197 764228
1501171197 850479
1501171197 936626
1501171198 24000
1501171198 110067
1501171198 196136
1501171198 282423
1501171198 368500
1501171198 455730
1501171198 541882
1501171198 628136
1501171198 714459
1501171198 801437
1501171198 887678
1501171198 973818
1501171199 60032
1501171199 146271
1501171199 233340
1501171199 319666
1501171199 406174
1501171199 492105
1501171199 578380
1501171199 684419
1501171199 972221
1501171200 58310
1501171200 288916
1501171200 442192
1501171200 865148
1501171200 970574
1501171201 143743
1501171201 230042
1501171201 402380
1501171201 488454
1501171201 574947
1501171201 661309
1501171201 748105
1501171201 834262
1501171201 920611
1501171202 6813
1501171202 92980
1501171202 381666
1501171202 688455
1501171202 784656
1501171202 870898
1501171202 956887
1501171203 44061
1501171203 130271
1501171203 216771
1501171203 302842
1501171203 389777
1501171203 475933
1501171203 562269
1501171203 648434
1501171203 840915
1501171203 955295
1501171204 147759
1501171204 233728
1501171204 359089
1501171204 493197
1501171204 579513
1501171204 665782
1501171204 751981
1501171204 838069
1501171204 925266
1501171205 11383
1501171205 97725
1501171205 183848
1501171205 271018
1501171205 357290
1501171205 443453
1501171205 529703
1501171205 615912
1501171205 703014
1501171205 789255
1501171205 875521
1501171205 961768
1501171206 47854
1501171206 135126
1501171206 221109
1501171206 307504
1501171206 393710
1501171206 479828
1501171206 567047
1501171206 653141
1501171206 739439
1501171206 825530
1501171206 912704
1501171206 998964
1501171207 85193
1501171207 171256
1501171207 257577
1501171207 344663
1501171207 507064
1501171207 594374
1501171207 709298
1501171207 872250
1501171207 959221
1501171208 45353
1501171208 131820
1501171208 217888
1501171208 303940
1501171208 448299
1501171208 640725
1501171208 726838
1501171208 812990
1501171208 909115
1501171209 120802
1501171209 293242
1501171209 504568
1501171209 590873
1501171209 715216
1501171209 802312
1501171209 888442
1501171209 974617
1501171210 60752
1501171210 147113
1501171210 233873
1501171210 320276
1501171210 406682
1501171210 617986
1501171210 973013
1501171211 69217
1501171211 194255
1501171211 280518
1501171211 366712
1501171211 549133
1501171211 635447
1501171211 731730
1501171211 817837
1501171211 904004
1501171212 182742
1501171212 268947
1501171212 356168
1501171212 442059
1501171212 528324
1501171212 614649
1501171212 700815
1501171212 787946
1501171212 874239
1501171212 960326
1501171213 46615
1501171213 132719
1501171213 219985
1501171213 306118
1501171213 392285
1501171213 478465
1501171213 564756
1501171213 651819
1501171213 737821
1501171213 824173
1501171213 910551
1501171213 997523
1501171214 83966
1501171214 170151
1501171214 256476
1501171214 342553
1501171214 429702
1501171214 515754
1501171214 602033
1501171214 688246
1501171214 774319
1501171214 861445
1501171214 947720
1501171215 33883
1501171215 120106
1501171215 206374
1501171215 504113
1501171215 590529
1501171215 677360
1501171215 849965
1501171215 936084
1501171216 22177
1501171216 214830
1501171216 300740
1501171216 406159
1501171216 492671
1501171216 579559
1501171216 665608
1501171216 799952
1501171216 886368
1501171216 982598
1501171217 174798
1501171217 261120
1501171217 347156
1501171217 433430
1501171217 519691
1501171217 605869
1501171217 692938
1501171217 779268
1501171217 865473
1501171217 951558
1501171218 57818
1501171218 144043
1501171218 230247
1501171218 317202
1501171218 451092
1501171218 633148
1501171219 142590
1501171219 228527
1501171219 314775
1501171219 401813
1501171219 488084
1501171219 574132
1501171219 660415
1501171219 746623
1501171219 833859
1501171219 920049
1501171220 6144
1501171220 92508
1501171220 179121
1501171220 572503
1501171220 658730
1501171220 745794
1501171220 831923
1501171220 918116
1501171221 4519
1501171221 90581
1501171221 176794
1501171221 264045
1501171221 350180
1501171221 484588
1501171221 570828
1501171221 906529
1501171221 993632
1501171222 79884
1501171222 166117
1501171222 521112
1501171222 617133
1501171222 703403
1501171222 992083
1501171223 78247
1501171223 164335
1501171223 250571
1501171223 337690
1501171223 423723
1501171223 510295
1501171223 596303
1501171223 682662
1501171223 769620
1501171223 855970
1501171223 941898
1501171224 28409
1501171224 114536
1501171224 201428
1501171224 288027
1501171224 373958
1501171224 460459
1501171224 547481
1501171224 633553
1501171224 719914
1501171224 805819
1501171224 892015
1501171224 979349
1501171225 65532
1501171225 151890
1501171225 237944
1501171225 324134
1501171225 411394
1501171225 497419
1501171225 583689
1501171225 669918
1501171225 756080
1501171225 843155
1501171225 929563
1501171226 15695
1501171226 101896
1501171226 284371
1501171226 476906
1501171226 563051
1501171226 726401
1501171226 822385
1501171226 908452
1501171226 995023
1501171227 81097
1501171227 167445
1501171227 254413
1501171227 369803
1501171227 455927
1501171227 638379
1501171227 724769
1501171227 810676
1501171227 896895
1501171227 984010
1501171228 70315
1501171228 464262
1501171228 675016
1501171228 762385
1501171228 847839
1501171228 934322
1501171229 39606
1501171229 366562
1501171229 548723
1501171229 702189
1501171229 808153
1501171229 951578
1501171230 37791
1501171230 220403
1501171230 307404
1501171230 498837
1501171230 585084
1501171230 672423
1501171230 758282
1501171230 844432
1501171231 65243
1501171231 171222
1501171231 257386
1501171231 343691
1501171231 429886
1501171231 517036
1501171231 603196
1501171231 689322
1501171231 823708
1501171231 910069
1501171232 15332
1501171232 514353
1501171232 668748
1501171232 754685
1501171232 841015
1501171232 927111
1501171233 14374
1501171233 100574
1501171233 186741
1501171233 273016
1501171233 359272
1501171233 446403
1501171233 532555
1501171233 618855
1501171233 704968
1501171233 791442
1501171233 878570
1501171233 964516
1501171234 50933
1501171234 137134
1501171234 223282
1501171234 310122
1501171234 396367
1501171234 482671
1501171234 569023
1501171234 655169
1501171234 742358
1501171234 828626
1501171234 914642
1501171235 1014
1501171235 87113
1501171235 174303
1501171235 260642
1501171235 347083
1501171235 432947
1501171235 520004
1501171235 606268
1501171235 692505
1501171235 778788
1501171235 864859
1501171235 952131
1501171236 38158
1501171236 124508
1501171236 210644
1501171236 296747
1501171236 384645
1501171236 470302
1501171236 556352
1501171236 642614
1501171236 728754
1501171236 815889
1501171236 902090
1501171236 988317
1501171237 74443
1501171237 160724
1501171237 247903
1501171237 334194
1501171237 420295
1501171237 506457
1501171237 592717
1501171237 679796
1501171237 766252
1501171237 852270
1501171237 938679
1501171238 25699
1501171238 111783
1501171238 198056
1501171238 284161
1501171238 370389
1501171238 457705
1501171238 543750
1501171238 630048
1501171238 716145
1501171238 802332
1501171238 889574
1501171238 975768
1501171239 61936
1501171239 148340
1501171239 234409
1501171239 321424
1501171239 407759
1501171239 493897
1501171239 580330
1501171239 666431
1501171239 753430
1501171239 839761
1501171239 925940
1501171240 12320
1501171240 98522
1501171240 185547
1501171240 271572
1501171240 357987
1501171240 444182
1501171240 531189
1501171240 617375
1501171240 703563
1501171240 789857
1501171240 876092
1501171240 963182
1501171241 49441
1501171241 135665
1501171241 221738
1501171241 308045
1501171241 395051
1501171241 481335
1501171241 567531
1501171241 653775
1501171241 740054
1501171241 827180
1501171241 913404
1501171241 999651
1501171242 85981
1501171242 172270
1501171242 259178
1501171242 345305
1501171242 431514
1501171242 517668
1501171242 603907
1501171242 690952
1501171242 777306
1501171242 863448
1501171242 949582
1501171243 36076
1501171243 123119
1501171243 209295
1501171243 295414
1501171243 381644
1501171243 468915
1501171243 554942
1501171243 641216
1501171243 727354
1501171243 813528
1501171243 900720
1501171243 987051
1501171244 73099
1501171244 159419
1501171244 245802
1501171244 332944
1501171244 418915
1501171244 504995
1501171244 591528
1501171244 677256
1501171244 763575
1501171244 850861
1501171244 937084
1501171245 23062
1501171245 109828
1501171245 196653
1501171245 282805
1501171245 369206
1501171245 455281
1501171245 541736
1501171245 628765
1501171245 714806
1501171245 801069
1501171245 887301
1501171245 973494
1501171246 60760
1501171246 147023
1501171246 232881
1501171246 319166
1501171246 405501
1501171246 492534
1501171246 578737
1501171246 664998
1501171246 751285
1501171246 837440
1501171246 924535
1501171247 10705
1501171247 96814
1501171247 183001
1501171247 269381
1501171247 356457
1501171247 442838
1501171247 528762
1501171247 615100
1501171247 702184
1501171247 788709
1501171247 874872
1501171247 960883
1501171248 47215
1501171248 134202
1501171248 220475
1501171248 306901
1501171248 392779
1501171248 479088
1501171248 566321
1501171248 652561
1501171248 738636
1501171248 824874
1501171248 911111
1501171248 998177
1501171249 84421
1501171249 170606
1501171249 257141
1501171249 343098
1501171249 430226
1501171249 516238
1501171249 602531
1501171249 688887
1501171249 774955
1501171249 862661
1501171249 948348
1501171250 34562
1501171250 120840
1501171250 207971
1501171250 294237
1501171250 381024
1501171250 466678
1501171250 553053
1501171250 639897
1501171250 725961
1501171250 812373
1501171250 898606
1501171250 984944
1501171251 71795
1501171251 158159
1501171251 244337
1501171251 330641
1501171251 416584
1501171251 503727
1501171251 589954
1501171251 676203
1501171251 762410
1501171251 849715
1501171251 935787
1501171252 22137
1501171252 108098
1501171252 194649
1501171252 281523
1501171252 367662
1501171252 453994
1501171252 540128
1501171252 626506
1501171252 713684
1501171252 799732
1501171252 886010
1501171252 972151
1501171253 58524
1501171253 145577
1501171253 231725
1501171253 317997
1501171253 404138
1501171253 490349
1501171253 577430
1501171253 663848
1501171253 750005
1501171253 836167
1501171253 923210
1501171254 9509
1501171254 95693
1501171254 181799
1501171254 268012
1501171254 355358
1501171254 441490
1501171254 527658
1501171254 613807
1501171254 700114
1501171254 787204
1501171254 873400
1501171254 959869
1501171255 45887
1501171255 132203
1501171255 219111
1501171255 305282
1501171255 391513
1501171255 477928
1501171255 564051
1501171255 651177
1501171255 737391
1501171255 823561
1501171255 910056
1501171255 996017
1501171256 83225
1501171256 169132
1501171256 255650
1501171256 341727
1501171256 428819
1501171256 515038
1501171256 601376
1501171256 687386
1501171256 773635
1501171257 244924
1501171257 369169
1501171257 532345
1501171257 618703
1501171257 704774
1501171257 791950
1501171257 878170
1501171257 964708
1501171258 50586
1501171258 137741
1501171258 223863
1501171258 310229
1501171258 396389
1501171258 482565
1501171258 569765
1501171258 655868
1501171258 780212
1501171258 886296
1501171258 972606
1501171259 58790
1501171259 203235
1501171259 289297
1501171259 375546
1501171259 461783
1501171259 548800
1501171259 634886
1501171259 721183
1501171259 807404
1501171259 893518
1501171259 980780
1501171260 67004
1501171260 297852
1501171260 384012
1501171260 470062
1501171260 556273
1501171260 643582
1501171260 892902
1501171260 979228
1501171261 65302
1501171261 430206
1501171261 516380
1501171261 602720
1501171261 689600
1501171261 775874
1501171261 900384
1501171262 111728
1501171262 207824
1501171262 294229
1501171262 380389
1501171262 466615
1501171262 553815
1501171262 639966
1501171262 726151
1501171262 812192
1501171263 4638
1501171263 90993
1501171263 177029
1501171263 263544
1501171263 350410
1501171263 436556
1501171263 522839
1501171263 609068
1501171263 695481
1501171263 782375
1501171263 868402
1501171263 954670
1501171264 40868
1501171264 127477
1501171264 214151
1501171264 300515
1501171264 386952
1501171264 472866
1501171264 559325
1501171264 646397
1501171264 732468
1501171264 818767
1501171264 905083
1501171264 992187
1501171265 78284
1501171265 164482
1501171265 250722
1501171265 337040
1501171265 424083
1501171265 510138
1501171265 596483
1501171265 682965
1501171265 768895
1501171265 855937
1501171265 942152
1501171266 28427
1501171266 114654
1501171266 201029
1501171266 287911
1501171266 374233
1501171266 460332
1501171266 546742
1501171266 632760
1501171266 720096
1501171266 806155
1501171266 892357
1501171266 978680
1501171267 65747
1501171267 151915
1501171267 238053
1501171267 324349
1501171267 410703
1501171267 504910
1501171267 592912
1501171267 680148
1501171267 766251
1501171267 852376
1501171267 938729
1501171268 24888
1501171268 112535
1501171268 198154
1501171268 284414
1501171268 370550
1501171268 457065
1501171268 544082
1501171268 630233
1501171268 716499
1501171268 802683
1501171268 888869
1501171268 976050
1501171269 62165
1501171269 148487
1501171269 234640
1501171269 321865
1501171269 408014
1501171269 494478
1501171269 580491
1501171269 666538
1501171269 753725
1501171269 839934
1501171269 926019
1501171270 12364
1501171270 98607
1501171270 185760
1501171270 271985
1501171270 358067
1501171270 550860
1501171270 645825
1501171270 732993
1501171270 819244
1501171270 905372
1501171270 991595
1501171271 78042
1501171271 164931
1501171271 251118
1501171271 337344
1501171271 423593
1501171271 510849
1501171271 596970
1501171271 683073
1501171271 769361
1501171271 855374
1501171271 942874
1501171272 28880
1501171272 115190
1501171272 201329
1501171272 287458
1501171272 374675
1501171272 460858
1501171272 547140
1501171272 633167
1501171272 719492
1501171272 806507
1501171272 892821
1501171272 979073
1501171273 65299
1501171273 151455
1501171273 238433
1501171273 324749
1501171273 410795
1501171273 497109
1501171273 583407
1501171273 670539
1501171273 756942
1501171273 843260
1501171274 179272
1501171274 390226
1501171274 476329
1501171274 562591
1501171274 649884
1501171274 736104
1501171274 822265
1501171275 100751
1501171275 234964
1501171275 321288
1501171275 407688
1501171275 494648
1501171275 580755
1501171275 667123
1501171275 753308
1501171275 839497
1501171275 926564
1501171276 12710
1501171276 98864
1501171276 185317
1501171276 319615
1501171276 780809
1501171277 174793
1501171277 481368
1501171277 569037
1501171277 654487
1501171277 740584
1501171277 826904
1501171277 913113
1501171277 999327
1501171278 85524
1501171278 171771
1501171278 258885
1501171278 345356
1501171278 431384
1501171278 517559
1501171278 603728
1501171278 690938
1501171278 777007
1501171278 863202
1501171278 949371
1501171279 35797
1501171279 122635
1501171279 209006
1501171279 295229
1501171279 381418
1501171279 467718
1501171279 554769
1501171279 641104
1501171279 727193
1501171279 813435
1501171279 900579
1501171279 987529
1501171280 73048
1501171280 351812
1501171280 456732
1501171280 542982
1501171280 908084
1501171280 994084
1501171281 81369
1501171281 167584
1501171281 253575
1501171281 339794
1501171281 426052
1501171281 666662
1501171281 752793
1501171281 839031
1501171281 926140
1501171282 12527
1501171282 98483
1501171282 184862
1501171282 329048
1501171282 415261
1501171282 501427
1501171282 587752
1501171282 673931
1501171282 760132
1501171282 846309
1501171282 933426
1501171283 19584
1501171283 105755
1501171283 192025
1501171283 278208
1501171283 365393
1501171283 451537
1501171283 538096
1501171283 623945
1501171283 710281
1501171283 797590
1501171283 883594
1501171283 969794
1501171284 56102
1501171284 143169
1501171284 229575
1501171284 315581
1501171284 401884
1501171284 488113
1501171284 575155
1501171284 661318
1501171284 747821
1501171284 833779
1501171284 919895
1501171285 6136
1501171285 93151
1501171285 179414
1501171285 265661
1501171285 351884
1501171285 438066
1501171285 525210
1501171285 611570
1501171285 697723
1501171285 783990
1501171285 871141
1501171285 957335
1501171286 417558
1501171286 523344
1501171286 610470
1501171286 695903
1501171286 782001
1501171286 869417
1501171286 955486
1501171287 41751
1501171287 128050
1501171287 214094
1501171287 301385
1501171287 387381
1501171287 473774
1501171287 588973
1501171287 752312
1501171287 838567
1501171287 924630
1501171288 59145
1501171288 308725
1501171288 395811
1501171288 481817
1501171288 568224
1501171288 654433
1501171288 740616
1501171288 827657
1501171288 913877
1501171288 999684
1501171289 86111
1501171289 172318
1501171289 259624
1501171289 595400
1501171289 758824
1501171289 844996
1501171290 17744
1501171290 104674
1501171290 190817
1501171290 276912
1501171290 363156
1501171290 449564
1501171290 536507
1501171290 698943
1501171290 785987
1501171290 872194
1501171290 958359
1501171291 44739
1501171291 130782
1501171291 218039
1501171291 304220
1501171291 390402
1501171291 476639
1501171291 562702
1501171291 649990
1501171291 736324
1501171291 822592
1501171291 956726
1501171292 101257
1501171292 187188
1501171292 465841
1501171292 552199
1501171292 638584
1501171292 725453
1501171292 811732
1501171292 898023
1501171292 984208
1501171293 69447
1501171293 156605
1501171293 241839
1501171293 328022
1501171293 414116
1501171293 500462
1501171293 587599
1501171293 673775
1501171293 759954
1501171293 894350
1501171293 980295
1501171294 297335
1501171294 384471
1501171294 490330
1501171294 575848
1501171294 662200
1501171294 749411
1501171294 835498
1501171294 931513
1501171295 17729
1501171295 104085
1501171295 190079
1501171295 276472
1501171295 363481
1501171295 449606
1501171295 535918
1501171295 622226
1501171295 708250
1501171295 968187
1501171296 93281
1501171296 352038
1501171296 486177
1501171296 649584
1501171296 735707
1501171296 822644
1501171296 908991
1501171296 995440
1501171297 81343
1501171297 167501
1501171297 254815
1501171297 341050
1501171297 427199
1501171297 513222
1501171297 599483
1501171297 685753
1501171297 772836
1501171297 859109
1501171297 945225
1501171298 31542
1501171298 117637
1501171298 204803
1501171298 291085
1501171298 377340
1501171298 463760
1501171298 549749
1501171298 636883
1501171298 723094
1501171298 809244
1501171298 895393
1501171298 981790
1501171299 68704
1501171299 155001
1501171299 241054
1501171299 327629
1501171299 414648
1501171299 501130
1501171299 587178
1501171299 673275
1501171299 759614
1501171299 846653
1501171299 933011
1501171300 19552
1501171300 105216
1501171300 191400
1501171300 278550
1501171300 364833
1501171300 451001
1501171300 537233
1501171300 623525
1501171300 710472
1501171300 902107
1501171300 988362
1501171301 160905
1501171301 247842
1501171301 334028
1501171301 420160
1501171301 506477
1501171301 593593
1501171301 679820
1501171301 765973
1501171301 852242
1501171301 938354
1501171302 25524
1501171302 111694
1501171302 197899
1501171302 283886
1501171302 370536
1501171302 457324
1501171302 543694
1501171302 629892
1501171302 716264
1501171302 802339
1501171302 889322
1501171302 975696
1501171303 61854
1501171303 148075
1501171303 234391
1501171303 321410
1501171303 407682
1501171303 493955
1501171303 580099
1501171303 667328
1501171303 753349
1501171303 839736
1501171303 925979
1501171304 12104
1501171304 99050
1501171304 185466
1501171304 271755
1501171304 357941
1501171304 444139
1501171304 531346
1501171304 617428
1501171304 703829
1501171304 789731
1501171304 876057
1501171304 963057
1501171305 49204
1501171305 135657
1501171305 221652
1501171305 308143
1501171305 395005
1501171305 481323
1501171305 567515
1501171305 653689
1501171305 740629
1501171305 827011
1501171305 913160
1501171305 999546
1501171306 85608
1501171306 172686
1501171306 259106
1501171306 345253
1501171306 431377
1501171306 517657
1501171306 604724
1501171306 691072
1501171306 796226
1501171307 247571
1501171307 526229
1501171307 612258
1501171307 699165
1501171307 785433
1501171307 871689
1501171307 957733
1501171308 44141
1501171308 131256
1501171308 217396
1501171308 303619
1501171308 389976
1501171308 476106
1501171308 563270
1501171308 649497
1501171308 745580
1501171308 831821
1501171308 917954
1501171309 4243
1501171309 176706
1501171309 330440
1501171309 417209
1501171309 570528
1501171309 656568
1501171309 742936
1501171309 830066
1501171309 916271
1501171310 2640
1501171310 88601
1501171310 174964
1501171310 262013
1501171310 348176
1501171310 434513
1501171310 520781
1501171310 606878
1501171310 694208
1501171310 780274
1501171310 866503
1501171310 952673
1501171311 39000
1501171311 125851
1501171311 212110
1501171311 298400
1501171311 384537
1501171311 557910
1501171311 644194
1501171311 730260
1501171311 816462
1501171311 903627
1501171311 989993
1501171312 76217
1501171312 162180
1501171312 325637
1501171312 411743
1501171312 497955
1501171312 585208
1501171312 671492
1501171312 757585
1501171312 843903
1501171312 930234
1501171313 17238
1501171313 103252
1501171313 189597
1501171313 275659
1501171313 362867
1501171313 449130
1501171313 535539
1501171313 621527
1501171313 707753
1501171313 794983
1501171314 92661
1501171314 178757
1501171314 264887
1501171314 351157
1501171314 437395
1501171314 524414
1501171314 610649
1501171314 697024
1501171314 783211
1501171314 869538
1501171314 956609
1501171315 42694
1501171315 128917
1501171315 214941
1501171315 301458
1501171315 388406
1501171315 474753
1501171315 560950
1501171315 647232
1501171315 733301
1501171315 820394
1501171315 944690
1501171316 31054
1501171316 118236
1501171316 204248
1501171316 290485
1501171316 415852
1501171316 501934
1501171316 588431
1501171316 674566
1501171316 760691
1501171316 847862
1501171316 934096
1501171317 20415
1501171317 106605
1501171317 192554
1501171317 279815
1501171317 366073
1501171317 452023
1501171317 538227
1501171317 624691
1501171317 711651
1501171317 797924
1501171317 884149
1501171317 970223
1501171318 56553
1501171318 143497
1501171318 229976
1501171318 316116
1501171318 402195
1501171318 488629
1501171318 575619
1501171318 748913
1501171318 968730
1501171319 55849
1501171319 141997
1501171319 238147
1501171319 324334
1501171319 410475
1501171319 563965
1501171319 649964
1501171319 737193
1501171319 823542
1501171320 83127
1501171320 169329
1501171320 255563
1501171320 341739
1501171320 427930
1501171320 515067
1501171320 601215
1501171320 687371
1501171320 859889
1501171320 946910
1501171321 33231
1501171321 119375
1501171321 205572
1501171321 291804
1501171321 378967
1501171321 465093
1501171321 551516
1501171321 637510
1501171321 723871
1501171321 810934
1501171321 897038
1501171321 983171
1501171322 69635
1501171322 156611
1501171322 242772
1501171322 328911
1501171322 415252
1501171322 501653
1501171322 588601
1501171322 674743
1501171322 761089
1501171322 847255
1501171322 933427
1501171323 116197
1501171323 203055
1501171323 337310
1501171323 442621
1501171323 624905
1501171323 711299
1501171323 960983
1501171324 48010
1501171324 134091
1501171324 220460
1501171324 325567
1501171324 412705
1501171324 498984
1501171324 585040
1501171324 671429
1501171324 757499
1501171324 844779
1501171324 930855
1501171325 17050
1501171325 103299
1501171325 189691
1501171325 276569
1501171325 362901
1501171325 449007
1501171325 535188
1501171325 621447
1501171325 708816
1501171325 794755
1501171325 880924
1501171325 967231
1501171326 53488
1501171326 140609
1501171326 226882
1501171326 312930
1501171326 399435
1501171326 485534
1501171326 572491
1501171326 736021
1501171326 822209
1501171326 908474
1501171327 168019
1501171327 254220
1501171327 340303
1501171327 426594
1501171327 512810
1501171327 599911
1501171327 686051
1501171327 772303
1501171327 858597
1501171327 944586
1501171328 31907
1501171328 117926
1501171328 204236
1501171328 290439
1501171328 376612
1501171328 463694
1501171328 550100
1501171328 636356
1501171328 761543
1501171328 847885
1501171328 963147
1501171329 183723
1501171329 269805
1501171329 355862
1501171329 443131
1501171329 529263
1501171329 682530
1501171329 807840
1501171330 57378
1501171330 152892
1501171330 239826
1501171330 326083
1501171330 594631
1501171330 680803
1501171330 768077
1501171330 902394
1501171331 113058
1501171331 219106
1501171331 305263
1501171331 496782
1501171331 583694
1501171331 669965
1501171331 756163
1501171332 121328
1501171332 207338
1501171332 293583
1501171332 427970
1501171332 562142
1501171333 51558
1501171333 233760
1501171333 319912
1501171333 405984
1501171333 636681
1501171333 722888
1501171333 895346
1501171333 981586
1501171334 67721
1501171334 153920
1501171334 240063
1501171334 326279
1501171334 412675
1501171334 555906
1501171335 56176
1501171335 161362
1501171335 371758
1501171335 583184
1501171335 669570
1501171335 755622
1501171335 841914
1501171336 149476
1501171336 235636
1501171336 321880
1501171336 408178
1501171336 495263
1501171336 581415
1501171336 667729
1501171336 753941
1501171336 840012
1501171336 925305
1501171337 11705
1501171337 98708
1501171337 184047
1501171337 271037
1501171337 357287
1501171337 442700
1501171337 529863
1501171337 616027
1501171337 702217
1501171337 788344
1501171337 874808
1501171337 960901
1501171338 47056
1501171338 133416
1501171338 218459
1501171338 304901
1501171338 391098
1501171338 478063
1501171338 564309
1501171338 650416
1501171338 736786
1501171338 823997
1501171338 909942
1501171338 996321
1501171339 81644
1501171339 168624
1501171339 255096
1501171339 341063
1501171339 427329
1501171339 513578
1501171339 599802
1501171339 685894
1501171339 772395
1501171339 858517
1501171339 944594
1501171340 98515
1501171340 184352
1501171340 270545
1501171340 356650
1501171340 442126
1501171340 529135
1501171340 615220
1501171340 701460
1501171340 787801
1501171340 873962
1501171340 960076
1501171341 46392
1501171341 132588
1501171341 217863
1501171341 304953
1501171341 391122
1501171341 477541
1501171341 563546
1501171341 649778
1501171341 736240
1501171341 870359
1501171341 956576
1501171342 42988
1501171342 128038
1501171342 215130
1501171342 301503
1501171342 387624
1501171342 473773
1501171342 647197
1501171342 732444
1501171342 819519
1501171342 905710
1501171343 1072
1501171343 337114
1501171343 442161
1501171343 557545
1501171343 835319
1501171343 989776
1501171344 104702
1501171344 190888
1501171344 277201
1501171344 363349
1501171344 449438
1501171344 536617
1501171344 622976
1501171344 709115
1501171344 795294
1501171344 881534
1501171344 968582
1501171345 54962
1501171345 141070
1501171345 227172
1501171345 313372
1501171345 400617
1501171345 486765
1501171345 572872
1501171345 659410
1501171345 746312
1501171345 832633
1501171345 918762
1501171346 5013
1501171346 91150
1501171346 178136
1501171346 264433
1501171346 350665
1501171346 437235
1501171346 523148
1501171346 610297
1501171346 696453
1501171346 782851
1501171346 868895
1501171346 955059
1501171347 42293
1501171347 128458
1501171347 214688
1501171347 300858
1501171347 386971
1501171347 474095
1501171347 560315
1501171347 646701
1501171347 732947
1501171347 819909
1501171347 906326
1501171347 992253
1501171348 78671
1501171348 241834
1501171348 328097
1501171348 760315
1501171348 846556
1501171348 942546
1501171349 173094
1501171349 259262
1501171349 345356
1501171349 432537
1501171349 518581
1501171349 663034
1501171349 749296
1501171349 835539
1501171349 940917
1501171350 84959
1501171350 171387
1501171350 594242
1501171351 16248
1501171351 169555
1501171351 256699
1501171351 342862
1501171351 429089
1501171351 986347
1501171352 197005
1501171352 283901
1501171352 389246
1501171352 475353
1501171352 561565
1501171352 648968
1501171352 744179
1501171352 869498
1501171352 974504
1501171353 60838
1501171353 148061
1501171353 234074
1501171353 617925
1501171353 857548
1501171353 972584
1501171354 58664
1501171354 136169
1501171354 279672
1501171354 365727
1501171354 451985
1501171354 538237
1501171354 624499
1501171354 710777
1501171354 796820
1501171354 882993
1501171354 969299
1501171355 55415
1501171355 141570
1501171355 228095
1501171355 313778
1501171355 515456
1501171355 601617
1501171355 774379
1501171355 860618
1501171355 946432
1501171356 33069
1501171356 157318
1501171356 243514
1501171356 329679
1501171356 415655
1501171356 501480
1501171356 751820
1501171356 837740
1501171356 923467
1501171357 9456
1501171357 96347
1501171357 183083
1501171357 394277
1501171357 480335
1501171357 719961
1501171357 805930
1501171357 892204
1501171357 978456
1501171358 64687
1501171358 151658
1501171358 237193
1501171358 324298
1501171358 410598
1501171358 495883
1501171358 582958
1501171358 669822
1501171358 755562
1501171358 841789
1501171358 927990
1501171359 81311
1501171359 167403
1501171359 253701
1501171359 339808
1501171359 425923
1501171359 512911
1501171359 598474
1501171359 684577
1501171359 771063
1501171359 857014
1501171359 943281
1501171360 29583
1501171360 115661
1501171360 201988
1501171360 288253
1501171360 374320
1501171360 460524
1501171360 546699
1501171360 632866
1501171360 719360
1501171360 805324
1501171360 891637
1501171360 977914
1501171361 141337
1501171361 227467
1501171361 313519
1501171361 399836
1501171361 486023
1501171361 572238
1501171361 650121
1501171362 52015
1501171362 148378
1501171362 234413
1501171362 320564
1501171362 407340
1501171362 579624
1501171362 665838
1501171362 809482
1501171362 905479
1501171363 10748
1501171363 193389
1501171363 548692
1501171363 635048
1501171363 721399
1501171363 807535
1501171363 893841
1501171363 980102
1501171364 75995
1501171364 200436
1501171364 344964
1501171364 430932
1501171364 517021
1501171364 632334
1501171364 718592
1501171364 805610
1501171364 890972
1501171364 977266
1501171365 63468
1501171365 159640
1501171365 533464
1501171365 619665
1501171365 705912
1501171365 792120
1501171365 878369
1501171365 964693
1501171366 50870
1501171366 136829
1501171366 223255
1501171366 309435
1501171366 395672
1501171366 481840
1501171366 567799
1501171366 654153
1501171366 740476
1501171366 826758
1501171366 913084
1501171366 999335
1501171367 85530
1501171367 171722
1501171367 257878
1501171367 343950
1501171367 430107
1501171367 516220
1501171367 602598
1501171367 688816
1501171367 774839
1501171367 860727
1501171367 946984
1501171368 24456
1501171368 110384
1501171368 196523
1501171368 282725
1501171368 360225
1501171368 446074
1501171368 532248
1501171368 618829
1501171368 696252
1501171368 781920
1501171368 868248
1501171368 945649
1501171369 31579
1501171369 117779
1501171369 203885
1501171369 281562
1501171369 367246
1501171369 453500
1501171369 530976
1501171369 616819
1501171369 703230
1501171369 789255
1501171369 875469
1501171369 961617
1501171370 47960
1501171370 125467
1501171370 211409
1501171370 297509
1501171370 384264
1501171370 470388
1501171370 556689
1501171370 643030
1501171370 729018
1501171370 939656
1501171371 25725
1501171371 112145
1501171371 457706
1501171371 716018
1501171371 812268
1501171371 908341
1501171371 994444
1501171372 80896
1501171372 167465
1501171372 253643
1501171372 378617
1501171372 503395
1501171372 589580
1501171372 675557
1501171372 761730
1501171372 847997
1501171372 934417
1501171373 20549
1501171373 106653
1501171373 192864
1501171373 289028
1501171373 375414
1501171373 461693
1501171373 547824
1501171373 633956
1501171373 720195
1501171373 806227
1501171373 892523
1501171373 978770
1501171374 65112
1501171374 151373
1501171374 276505
1501171374 362646
1501171374 449084
1501171374 535073
1501171374 621379
1501171374 707761
1501171374 793707
1501171374 880166
1501171374 966389
1501171375 52556
1501171375 138566
1501171375 224672
1501171375 310887
1501171375 397124
1501171375 483193
1501171375 569540
1501171375 760983
1501171375 847547
1501171375 933618
1501171376 19760
1501171376 106115
1501171376 250691
1501171376 451858
1501171376 730235
1501171376 816533
1501171376 921764
1501171377 8168
1501171377 94264
1501171377 190410
1501171377 286629
1501171377 372990
1501171377 458993
1501171377 545185
1501171377 631491
1501171377 717740
1501171377 804139
1501171377 908952
1501171377 995469
1501171378 81663
1501171378 167862
1501171378 253906
1501171378 426403
1501171378 512703
1501171378 598863
1501171378 686044
1501171378 772418
1501171378 858442
1501171378 944593
1501171379 88003
1501171379 252075
1501171379 337536
1501171379 424638
1501171379 510904
1501171379 616164
1501171379 741119
1501171379 826751
1501171379 913786
1501171379 999950
1501171380 86271
1501171380 172679
1501171380 258682
1501171380 345180
1501171380 431206
1501171380 517270
1501171380 603579
1501171380 689687
1501171380 775959
1501171380 862188
1501171380 948323
1501171381 34539
1501171381 217156
1501171381 303326
1501171381 418353
1501171381 504802
1501171381 590894
1501171381 677055
1501171381 763328
1501171381 849449
1501171381 935836
1501171382 51013
1501171382 281666
1501171382 367950
1501171382 454020
1501171382 540279
1501171382 626246
1501171382 712611
1501171382 798759
1501171382 884923
1501171382 971205
1501171383 70530
1501171383 518729
1501171383 604467
1501171383 701021
1501171383 787059
1501171383 873251
1501171384 36759
1501171384 122903
1501171384 208945
1501171384 458726
1501171384 544801
1501171384 631007
1501171384 717247
1501171384 803671
1501171384 889670
1501171384 975812
1501171385 62160
1501171385 148437
1501171385 234654
1501171385 320744
1501171385 406971
1501171385 493117
1501171385 579282
1501171385 665576
1501171385 751877
1501171385 934374
1501171386 20686
1501171386 184087
1501171386 557832
1501171386 672993
1501171386 759439
1501171386 845372
1501171386 931539
1501171387 75841
1501171387 239271
1501171387 325256
1501171387 411710
1501171387 497786
1501171387 584042
1501171387 670420
1501171387 757137
1501171387 842605
1501171387 928857
1501171388 15067
1501171388 101371
1501171388 187574
1501171388 274045
1501171388 446234
1501171388 590544
1501171388 676776
1501171388 762921
1501171388 849320
1501171388 935434
1501171389 21653
1501171389 107863
1501171389 193987
1501171389 280482
1501171389 366467
1501171389 452505
1501171389 538720
1501171389 624864
1501171389 711251
1501171389 797478
1501171389 883719
1501171389 969820
1501171390 56067
1501171390 142177
1501171390 228483
1501171390 314814
1501171390 400970
1501171390 487152
1501171390 573350
1501171390 659770
1501171390 813192
1501171390 899219
1501171391 71622
1501171391 158726
1501171391 389456
1501171391 475384
1501171391 561743
1501171391 647944
1501171391 734092
1501171391 820535
1501171391 906651
1501171391 992739
1501171392 79080
1501171392 165052
1501171392 251260
1501171392 337427
1501171392 423726
1501171392 510051
1501171392 596226
1501171392 682529
1501171392 768731
1501171392 855223
1501171392 941169
1501171393 27254
1501171393 113611
1501171393 199869
1501171393 285817
1501171393 372218
1501171393 458419
1501171393 544516
1501171393 630722
1501171393 717044
1501171393 803127
1501171393 889303
1501171393 975600
1501171394 61718
1501171394 147991
1501171394 234357
1501171394 320444
1501171394 406603
1501171394 492792
1501171394 579216
1501171394 665211
1501171394 751699
1501171394 837836
1501171394 923868
1501171395 10100
1501171395 96451
1501171395 182401
1501171395 268807
1501171395 355193
1501171395 441291
1501171395 527497
1501171395 613644
1501171395 699953
1501171395 786285
1501171395 872419
1501171395 958663
1501171396 44709
1501171396 130929
1501171396 217202
1501171396 303506
1501171396 389872
1501171396 475891
1501171396 601057
1501171396 687145
1501171396 773610
1501171397 70456
1501171397 156596
1501171397 242597
1501171397 328813
1501171397 415305
1501171397 501249
1501171397 587616
1501171397 673710
1501171397 760039
1501171397 845980
1501171397 932209
1501171398 56745
1501171398 142889
1501171398 344677
1501171398 430613
1501171398 516683
1501171398 602864
1501171398 727309
1501171398 813441
1501171398 899856
1501171398 985888
1501171399 72244
1501171399 158418
1501171399 244765
1501171399 330878
1501171399 417035
1501171399 503285
1501171399 589690
1501171399 675715
1501171399 762159
1501171399 848127
1501171399 934230
1501171400 20507
1501171400 106961
1501171400 193102
1501171400 442629
1501171400 528816
1501171400 614939
1501171400 874408
1501171400 988635
1501171401 171367
1501171401 257394
1501171401 343617
1501171401 429809
1501171401 516059
1501171401 602302
1501171401 688489
1501171401 774786
1501171401 860919
1501171401 947245
1501171402 33296
1501171402 119516
1501171402 205725
1501171402 291921
1501171402 378142
1501171402 464338
1501171402 550540
1501171402 636818
1501171402 723104
1501171402 809240
1501171402 895433
1501171402 981549
1501171403 67961
1501171403 154105
1501171403 240524
1501171403 326511
1501171403 412845
1501171403 498917
1501171403 585033
1501171403 671428
1501171403 757646
1501171403 843743
1501171403 930027
1501171404 16183
1501171404 102714
1501171404 188584
1501171404 274983
1501171404 361103
1501171404 447111
1501171404 533272
1501171404 619814
1501171404 705849
1501171404 792127
1501171404 878313
1501171404 964513
1501171405 50943
1501171405 136882
1501171405 223201
1501171405 309307
1501171405 395636
1501171405 481658
1501171405 567974
1501171405 654340
1501171405 740494
1501171405 826722
1501171405 912910
1501171405 999234
1501171406 85218
1501171406 171541
1501171406 257594
1501171406 344124
1501171406 430314
1501171406 516495
1501171406 602604
1501171406 689223
1501171406 775078
1501171406 861388
1501171406 947617
1501171407 33666
1501171407 119904
1501171407 206174
1501171407 292490
1501171407 378702
1501171407 464857
1501171407 550998
1501171407 637132
1501171407 723407
1501171407 809665
1501171407 895743
1501171407 981941
1501171408 68303
1501171408 154440
1501171408 240472
1501171408 326784
1501171408 413136
1501171408 499422
1501171408 585619
1501171408 671843
1501171408 757927
1501171408 844224
1501171408 930199
1501171409 16652
1501171409 102862
1501171409 188901
1501171409 275233
1501171409 419602
1501171409 505720
1501171409 592091
1501171409 678228
1501171409 927986
1501171410 14090
1501171410 100280
1501171410 187063
1501171410 272587
1501171410 358808
1501171410 445327
1501171410 531274
1501171410 617528
1501171410 703581
1501171410 789718
1501171410 876142
1501171410 962357
1501171411 87508
1501171411 211862
1501171411 337145
1501171411 423192
1501171411 566794
1501171411 652989
1501171411 921727
1501171412 104138
1501171412 200402
1501171412 401721
1501171412 516875
1501171412 603185
1501171412 718101
1501171412 804850
1501171412 890708
1501171412 976866
1501171413 63004
1501171413 149303
1501171413 235657
1501171413 322127
1501171413 408014
1501171413 494215
1501171413 580401
1501171413 666658
1501171413 782425
1501171413 974559
1501171414 108813
1501171414 194862
1501171414 290139
1501171414 376285
1501171414 462757
1501171414 712803
1501171414 798580
1501171414 884689
1501171414 970911
1501171415 56953
1501171415 143271
1501171415 229335
1501171415 315577
1501171415 565196
1501171416 73411
1501171416 159491
1501171416 245810
1501171416 331986
1501171416 513390
1501171416 600465
1501171416 686797
1501171416 773210
1501171416 859322
1501171416 945509
1501171417 31585
1501171417 117827
1501171417 204337
1501171417 550252
1501171417 837728
1501171417 924772
1501171418 126294
1501171418 241505
1501171418 413971
1501171418 500202
1501171418 586321
1501171418 672480
1501171418 758523
1501171418 845104
1501171418 931305
1501171419 17264
1501171419 103573
1501171419 189810
1501171419 275901
1501171419 362358
1501171419 448333
1501171419 534579
1501171419 620780
1501171419 706986
1501171419 793167
1501171419 879538
1501171420 234444
1501171420 397782
1501171420 484028
1501171420 579932
1501171420 666075
1501171420 752261
1501171420 838476
1501171420 924794
1501171421 11090
1501171421 97325
1501171421 183522
1501171421 269563
1501171421 355802
1501171421 442042
1501171421 528528
1501171421 614569
1501171421 700617
1501171421 786987
1501171421 959449
1501171422 45696
1501171422 131834
1501171422 217961
1501171422 304366
1501171422 583045
1501171422 669103
1501171422 755712
1501171422 841403
1501171422 927797
1501171423 14006
1501171423 100075
1501171423 186228
1501171423 272598
1501171423 358799
1501171423 444972
1501171423 531289
1501171423 617215
1501171423 703923
1501171423 789844
1501171424 1397
1501171424 106755
1501171424 211781
1501171424 299049
1501171424 385085
1501171424 471362
1501171424 557581
1501171424 643739
1501171424 729987
1501171424 816370
1501171424 902439
1501171424 988787
1501171425 74769
1501171425 180179
1501171425 267215
1501171425 353545
1501171425 439705
1501171425 526069
1501171425 612016
1501171425 698286
1501171425 784624
1501171425 870686
1501171425 975959
1501171426 72153
1501171426 264606
1501171426 359886
1501171426 447096
1501171426 533304
1501171426 619371
1501171426 705498
1501171426 791846
1501171426 877917
1501171426 964261
1501171427 136757
1501171427 222959
1501171427 309013
1501171427 414428
1501171427 500602
1501171427 586939
1501171427 712381
1501171427 884667
1501171427 970757
1501171428 230422
1501171428 652239
1501171428 834794
1501171429 132415
1501171429 218630
1501171429 304943
1501171429 420029
1501171429 506283
1501171429 592349
1501171429 678631
1501171429 890148
1501171430 5346
1501171430 168803
1501171430 254004
1501171430 340181
1501171430 426747
1501171430 514336
1501171430 599821
1501171430 686205
1501171430 772215
1501171430 858236
1501171430 944720
1501171431 30714
1501171431 117060
1501171431 203133
1501171431 289421
1501171431 375804
1501171431 461787
1501171431 547936
1501171431 634338
1501171431 720514
1501171431 806926
1501171431 892867
1501171431 979367
1501171432 65220
1501171432 151643
1501171432 237798
1501171432 323865
1501171432 410233
1501171432 496391
1501171432 582587
1501171432 668843
1501171432 755010
1501171432 841138
1501171432 927436
1501171433 13476
1501171433 195946
1501171433 282536
1501171433 368678
1501171433 454839
1501171433 541024
1501171433 752514
1501171433 896777
1501171434 31092
1501171434 117139
1501171434 203670
1501171434 289756
1501171434 375910
1501171434 462194
1501171434 548386
1501171434 634753
1501171434 720832
1501171434 865075
1501171434 951330
1501171435 37590
1501171435 123644
1501171435 209878
1501171435 296083
1501171435 382339
1501171435 468707
1501171435 554759
1501171435 641026
1501171435 727895
1501171435 813422
1501171435 899858
1501171435 986649
1501171436 73066
1501171436 159330
1501171436 245298
1501171436 331651
1501171436 417828
1501171436 503958
1501171436 590132
1501171436 676736
1501171436 762558
1501171436 849016
1501171436 935173
1501171437 21251
1501171437 107561
1501171437 193756
1501171437 280025
1501171437 366293
1501171437 453307
1501171437 539432
1501171437 625562
1501171437 711996
1501171437 798203
1501171437 884313
1501171437 970726
1501171438 56825
1501171438 143162
1501171438 229178
1501171438 315431
1501171438 401703
1501171438 488621
1501171438 574923
1501171438 709102
1501171438 795590
1501171438 881636
1501171439 55073
1501171439 217335
1501171439 303838
1501171439 389814
1501171439 620385
1501171439 706634
1501171439 792750
1501171439 878940
1501171439 965305
1501171440 51425
1501171440 416189
1501171440 502510
1501171441 242137
1501171441 328266
1501171441 414572
1501171441 500631
1501171441 587002
1501171441 673150
1501171441 759490
1501171441 845527
1501171441 931724
1501171442 17942
1501171442 104050
1501171442 190428
1501171442 469386
1501171442 555155
1501171442 641358
1501171442 727474
1501171442 813731
1501171442 900043
1501171442 986272
1501171443 72645
1501171443 158975
1501171443 245031
1501171443 332005
1501171443 484537
1501171443 570812
1501171443 657692
1501171443 743943
1501171443 830314
1501171443 916476
1501171444 2881
1501171444 89350
1501171444 176006
1501171444 262253
1501171444 348594
1501171444 434533
1501171444 520929
1501171444 607030
1501171444 693113
1501171444 779592
1501171444 865807
1501171444 951890
1501171445 38212
1501171445 124386
1501171445 210626
1501171445 296859
1501171445 383024
1501171445 469354
1501171445 555569
1501171445 642670
1501171445 728789
1501171445 814915
1501171445 901072
1501171445 987613
1501171446 73530
1501171446 159980
1501171446 246081
1501171446 332157
1501171446 418545
1501171446 504635
1501171446 590807
1501171446 676985
1501171446 763956
1501171446 849458
1501171446 945609
1501171447 32003
1501171447 138126
1501171447 224340
1501171447 339658
1501171447 463863
1501171447 579137
1501171447 732544
1501171447 818801
1501171448 59528
1501171448 174583
1501171448 260746
1501171448 346791
1501171448 452223
1501171448 538501
1501171448 624553
1501171448 710805
1501171448 826090
1501171448 912391
1501171448 998581
1501171449 84897
1501171449 200099
1501171449 315245
1501171449 545989
1501171449 632052
1501171449 718086
1501171449 804312
1501171449 891091
1501171449 977093
1501171450 102305
1501171450 216234
1501171450 302592
1501171450 389731
1501171450 476100
1501171450 562192
1501171450 715433
1501171450 927366
1501171451 61345
1501171451 147400
1501171451 233576
1501171451 319862
1501171451 406075
1501171451 492685
1501171451 578528
1501171451 664712
1501171451 751025
1501171451 837198
1501171451 923312
1501171452 9446
1501171452 95827
1501171452 182082
1501171452 268145
1501171452 354368
1501171452 440605
1501171452 526796
1501171452 613337
1501171452 699275
1501171452 785511
1501171452 871639
1501171452 957908
1501171453 44101
1501171453 130407
1501171453 216467
1501171453 302782
1501171453 388991
1501171453 475163
1501171453 561662
1501171453 648527
1501171453 734720
1501171453 869129
1501171453 955314
1501171454 41492
1501171454 387281
1501171454 742234
1501171454 829334
1501171454 915568
1501171455 1774
1501171455 87769
1501171455 174076
1501171455 260255
1501171455 346553
1501171455 432699
1501171455 519101
1501171455 625597
1501171455 730339
1501171455 902802
1501171455 989956
1501171456 133325
1501171456 229457
1501171456 315704
1501171456 402197
1501171456 489092
1501171456 575339
1501171456 661532
1501171456 747666
1501171456 843867
1501171456 930143
1501171457 16596
1501171457 102509
1501171457 188791
1501171457 275025
1501171457 361123
1501171457 524338
1501171457 610616
1501171457 696797
1501171457 783040
1501171457 869328
1501171457 955628
1501171458 158235
1501171458 244205
1501171458 330460
1501171458 454715
1501171458 541678
1501171458 628071
1501171458 714125
1501171458 896588
1501171459 127185
1501171459 261746
1501171459 347825
1501171459 453189
1501171459 664493
1501171459 817614
1501171459 903883
1501171459 990119
1501171460 76264
1501171460 162571
1501171460 249546
1501171460 556735
1501171460 642812
1501171460 747998
1501171460 834190
1501171460 920621
1501171461 7528
1501171461 93754
1501171461 179814
1501171461 266243
1501171461 352458
1501171461 439575
1501171461 525613
1501171461 611775
1501171461 698000
1501171461 784616
1501171461 870468
1501171461 956674
1501171462 42913
1501171462 129176
1501171462 215430
1501171462 301724
1501171462 388626
1501171462 474848
1501171462 561301
1501171462 647436
1501171462 733538
1501171462 819646
1501171462 906026
1501171462 992170
1501171463 165448
1501171463 251655
1501171463 337924
1501171463 549389
1501171463 635467
1501171463 721760
1501171463 808034
1501171463 961514
1501171464 58373
1501171464 143857
1501171464 259131
1501171464 346119
1501171464 432511
1501171464 518439
1501171464 604616
1501171464 940768
1501171465 133349
1501171465 314627
1501171465 555251
1501171465 641287
1501171465 727371
1501171465 813771
1501171465 900714
1501171465 986985
1501171466 73321
1501171466 159514
1501171466 245648
1501171466 331975
1501171466 417884
1501171466 504118
1501171466 590482
