1502370963 939186
1502370964 34544
1502370964 314101
1502370964 526552
1502370964 752438
1502370964 938420
1502370965 210011
1502370965 394106
1502370965 517322
1502370965 691608
1502370965 892147
1502370966 19117
1502370966 171659
1502370966 326077
1502370966 667517
1502370966 822278
1502370967 48511
1502370967 219183
1502370967 664503
1502370967 803413
1502370967 941423
1502370968 145508
1502370968 342444
1502370968 430306
1502370968 652868
1502370968 812693
1502370969 32288
1502370969 246485
1502370969 587682
1502370969 750914
1502370969 975096
1502370970 141931
1502370970 277978
1502370970 512270
1502370970 613971
1502370970 788202
1502370971 10764
1502370971 190977
1502370971 316234
1502370971 568801
1502370971 742072
1502370972 196015
1502370972 345590
1502370972 603326
1502370972 685681
1502370972 862901
1502370973 153288
1502370973 405742
1502370973 594172
1502370973 816669
1502370974 252235
1502370974 469766
1502370977 60875
1502370977 261382
1502370977 423710
1502370977 608027
1502370977 746640
1502370977 879324
1502370978 111631
1502370978 594493
1502370978 769379
1502370978 940547
1502370979 48852
1502370979 296900
1502370979 427526
1502370979 547244
1502370979 843260
1502370979 990014
1502370980 266969
1502370980 412996
1502370980 606334
1502370980 781396
1502370980 926728
1502370981 40115
1502370981 160944
1502370981 398649
1502370981 581092
1502370981 826988
1502370981 933082
1502370982 107541
1502370982 209770
