1502377572 979748
1502377573 480229
1502377573 546866
1502377573 614174
1502377574 328996
1502377575 49318
1502377575 777415
1502377576 507615
1502377576 570491
1502377577 286979
1502377578 9805
1502377578 724708
1502377579 439581
1502377580 153758
1502377580 868611
1502377581 583549
1502377582 216125
1502377582 935942
1502377583 146315
1502377583 347507
1502377583 405816
1502377584 131514
1502377584 849656
1502377585 479592
1502377585 539661
1502377586 258709
1502377586 974909
1502377587 35601
1502377587 399920
1502377587 474153
1502377587 535836
1502377587 603131
1502377587 669501
1502377587 735834
1502377587 802614
1502377587 860130
1502377587 918128
1502377587 976441
1502377588 43551
1502377588 114569
1502377588 190810
1502377588 254095
1502377588 321272
1502377588 379515
1502377588 459172
1502377588 522914
1502377588 592165
1502377588 658022
1502377588 725184
1502377588 806962
1502377588 875346
1502377588 938660
1502377589 4426
1502377589 71204
1502377589 138861
1502377589 211359
1502377589 274383
1502377589 341487
1502377589 521146
1502377589 657428
1502377589 732234
1502377589 834124
