1500994038 160570
1500994038 232234
1500994038 315395
1500994038 410376
1500994038 581838
1500994038 677183
1500994038 746009
1500994038 812940
1500994038 880025
1500994038 946801
1500994039 15136
1500994039 82329
1500994039 149437
1500994039 216650
1500994039 283598
1500994039 351356
1500994039 418282
1500994039 485216
1500994039 552508
1500994039 619560
1500994039 686622
1500994039 753851
1500994039 820718
1500994039 888264
1500994039 955264
1500994040 22620
1500994040 89629
1500994040 302386
1500994040 406082
1500994040 474296
1500994040 540999
1500994040 608666
1500994040 676043
1500994040 743056
1500994040 809935
1500994040 877321
1500994040 944480
1500994041 11470
1500994041 78511
1500994041 145816
1500994041 213463
1500994041 280661
1500994041 347850
1500994041 414798
1500994041 559708
1500994041 635021
1500994041 711200
1500994041 779994
1500994041 856517
1500994041 941260
1500994042 9657
1500994042 129612
1500994042 223739
1500994042 297716
1500994042 374619
1500994042 595177
1500994042 672329
1500994042 768906
1500994043 27950
1500994043 301320
1500994043 526234
1500994043 603850
1500994043 680794
1500994043 757420
1500994043 834248
1500994043 911857
1500994043 987292
1500994044 285255
1500994044 382491
1500994044 487148
1500994044 625182
1500994044 780460
1500994045 98046
1500994045 171290
1500994045 245340
1500994045 384899
1500994045 661072
1500994046 186427
1500994046 721415
1500994047 47313
1500994047 249877
1500994047 328287
1500994047 422337
1500994047 501474
1500994047 691187
1500994047 960802
1500994048 38759
1500994048 115708
1500994048 192878
1500994048 269224
1500994048 345593
1500994048 423219
1500994048 498860
1500994048 575793
1500994048 653028
1500994048 729032
1500994048 806297
1500994048 882449
1500994048 959489
1500994049 36905
1500994049 113156
1500994049 189290
1500994049 266278
1500994049 342738
1500994049 419777
1500994049 495849
1500994049 573085
1500994049 649152
1500994049 726388
1500994049 802766
1500994049 879670
1500994049 956832
1500994050 172799
1500994050 466660
1500994050 542857
1500994050 648248
1500994050 859722
1500994050 946758
1500994051 281027
1500994051 363798
1500994051 619099
1500994051 693704
1500994051 769606
1500994051 845953
1500994051 923127
1500994051 999522
1500994052 75805
1500994052 153538
1500994052 230248
1500994052 306519
1500994052 383449
1500994052 460109
1500994052 537354
1500994052 614098
1500994052 990430
1500994053 233404
1500994053 312833
1500994053 394799
1500994053 468113
1500994053 544466
1500994053 621407
1500994053 697593
1500994053 773957
1500994053 850865
1500994053 928131
1500994054 4422
1500994054 81864
1500994054 157839
1500994054 234919
1500994054 311043
1500994054 387690
1500994054 464772
1500994054 686247
1500994054 972812
1500994055 50131
1500994055 127253
1500994055 204326
1500994055 280352
1500994055 357454
1500994055 434053
1500994055 511204
