1501165205 60883
1501165205 146927
1501165205 252999
1501165205 377437
1501165205 463517
1501165205 551158
1501165205 626790
1501165205 703963
1501165205 780147
1501165205 867525
1501165205 943429
1501165206 29670
1501165206 107222
1501165206 280398
1501165206 356777
1501165206 606184
1501165207 67262
1501165207 144355
1501165207 230412
1501165207 364698
1501165207 441965
1501165207 528565
1501165207 614529
1501165207 691449
1501165207 767839
1501165208 65439
1501165208 142464
1501165208 228666
1501165208 352906
1501165208 497292
1501165208 604111
1501165208 689562
1501165208 775979
1501165208 853104
1501165208 939403
1501165209 25386
1501165209 102578
1501165209 188949
1501165209 380892
1501165209 476470
1501165209 562875
1501165209 649759
1501165209 736101
1501165209 822253
1501165209 927527
1501165210 14553
1501165210 100675
1501165210 187110
1501165210 273331
1501165210 359475
1501165210 446439
1501165210 532710
1501165210 858597
1501165210 945819
1501165211 50967
1501165211 137173
1501165211 223453
1501165211 300614
1501165211 386913
1501165211 473557
1501165211 560232
1501165211 646261
1501165211 732599
1501165211 818564
1501165211 905847
1501165211 992117
1501165212 145597
1501165212 231805
1501165212 317965
1501165212 404897
1501165212 837180
1501165212 923280
1501165213 47776
1501165213 364639
1501165213 710825
1501165213 796461
1501165213 940561
1501165214 180025
1501165214 266342
1501165214 352613
1501165214 429693
1501165214 515727
1501165214 593638
1501165214 698190
1501165214 784478
1501165214 899595
1501165214 985968
1501165215 62201
1501165215 149324
1501165215 235664
1501165215 321559
1501165215 408094
1501165215 494440
1501165215 581367
1501165215 667429
1501165215 753805
1501165215 839985
1501165215 926996
1501165216 13146
1501165216 99414
1501165216 185524
1501165216 272183
1501165216 359153
1501165216 445101
1501165216 531396
1501165216 617703
1501165216 703816
1501165216 781188
1501165216 867192
1501165216 953404
1501165217 40393
1501165217 126688
1501165217 213111
1501165217 299372
1501165217 385442
1501165217 472965
1501165217 558613
1501165217 693596
1501165217 779172
1501165217 875669
1501165218 1590
1501165218 163291
1501165218 250732
1501165218 336598
1501165218 701381
1501165218 873693
1501165218 998886
1501165219 85691
1501165219 171541
1501165219 257647
1501165219 507133
1501165219 593354
1501165219 785788
1501165220 54422
1501165220 140694
1501165220 226959
1501165220 304465
1501165220 390062
1501165220 467174
1501165220 553385
1501165220 639525
1501165220 725737
1501165220 813638
1501165220 899726
1501165220 986112
1501165221 71685
1501165221 158337
1501165221 244929
1501165221 331865
1501165221 417593
1501165221 503733
1501165221 590057
1501165221 676945
1501165221 763235
1501165221 849385
1501165221 935559
1501165222 21929
1501165222 108971
1501165222 195546
1501165222 282081
1501165222 367816
1501165222 454811
1501165222 540898
1501165222 627156
1501165222 713367
1501165222 799477
1501165222 886666
1501165222 972720
1501165223 59043
1501165223 145414
1501165223 232168
1501165223 318708
1501165223 404751
1501165223 490942
1501165223 577476
1501165223 663448
1501165223 750664
1501165223 836784
1501165223 923227
1501165224 9288
1501165224 95531
1501165224 210881
1501165224 297944
1501165224 383971
1501165224 470626
1501165224 556568
1501165224 642717
1501165224 729715
1501165224 815892
1501165224 902120
1501165224 988287
1501165225 74577
1501165225 189850
1501165225 334298
1501165225 487638
1501165225 603309
1501165225 688966
1501165225 776137
1501165225 862380
1501165226 6873
1501165226 92924
1501165226 179090
1501165226 265814
1501165226 351529
1501165226 438707
1501165226 688384
1501165226 917716
1501165227 4770
1501165227 90987
1501165227 178088
1501165227 263358
1501165227 351339
1501165227 436909
1501165227 686339
1501165227 772606
1501165227 858733
1501165227 944971
1501165228 32285
1501165228 137516
1501165228 263019
1501165228 349101
1501165228 435323
1501165228 521301
1501165228 607636
1501165228 751838
1501165228 838472
1501165228 924431
1501165229 10483
1501165229 97638
1501165229 183799
1501165229 318424
1501165229 404422
1501165229 491308
1501165229 578370
1501165229 664380
1501165229 750096
1501165229 836336
1501165229 922783
1501165230 9697
1501165230 95830
1501165230 182158
1501165230 268241
1501165230 354638
1501165230 441714
1501165230 527834
1501165230 614109
1501165230 700535
1501165230 834768
1501165230 921691
1501165231 7847
1501165231 94101
1501165231 180366
1501165231 266558
1501165231 353569
1501165231 439956
1501165231 526285
1501165231 612454
1501165231 698575
1501165231 785780
1501165231 871946
1501165231 957990
1501165232 44535
1501165232 131456
1501165232 218315
1501165232 303837
1501165232 390074
1501165232 476630
1501165232 563348
1501165232 649569
1501165232 735817
1501165233 42544
1501165233 129803
1501165233 215903
1501165233 302484
1501165233 388151
1501165233 475438
1501165233 562304
1501165233 647626
1501165233 734064
1501165233 820267
1501165233 907373
1501165234 2734
1501165234 89827
1501165234 176078
1501165234 262530
1501165234 348822
1501165234 434722
1501165234 521970
1501165234 723355
1501165234 809433
1501165234 895626
1501165234 981977
1501165235 165100
1501165235 250660
1501165235 692751
1501165235 798042
1501165235 932827
1501165236 124593
1501165236 258852
1501165236 355100
1501165236 441267
1501165236 527936
1501165236 613686
1501165236 700499
1501165236 786984
1501165236 873100
1501165236 959439
1501165237 45583
1501165237 133050
1501165237 276044
1501165237 362318
1501165237 449382
1501165237 535596
1501165237 621841
1501165237 708032
1501165237 881400
1501165237 967721
1501165238 53697
1501165238 140161
1501165238 226413
1501165238 314153
1501165238 399587
1501165238 485837
1501165238 572235
1501165238 659253
1501165238 745195
1501165238 831627
1501165238 917962
1501165239 3953
1501165239 91661
1501165239 178011
1501165239 263511
1501165239 349667
1501165239 435819
1501165239 522897
1501165239 609186
1501165239 695541
1501165239 781542
1501165239 867865
1501165239 955071
1501165240 41382
1501165240 261946
1501165240 348145
1501165240 435396
1501165240 521377
1501165240 607416
1501165240 693754
1501165240 779876
1501165240 867082
1501165240 953241
1501165241 39434
1501165241 125764
1501165241 212660
1501165241 299079
1501165241 385295
1501165241 471669
1501165241 557771
1501165241 645048
1501165241 730955
1501165241 817207
1501165241 903642
1501165241 989821
1501165242 76795
1501165242 162977
1501165242 249167
1501165242 335613
1501165242 421577
1501165242 509228
1501165242 594849
1501165242 681098
1501165242 767494
1501165242 853702
1501165242 940766
1501165243 27113
1501165243 113085
1501165243 199504
1501165243 285491
1501165243 372937
1501165243 458868
1501165243 545029
1501165243 631380
1501165243 718379
1501165243 804594
1501165243 890928
1501165243 977042
1501165244 63380
1501165244 151155
1501165244 236628
1501165244 323368
1501165244 409111
1501165244 495403
1501165244 582409
1501165244 851164
1501165244 947460
1501165245 340409
1501165245 428361
1501165245 513383
1501165245 599703
1501165245 685755
1501165245 772138
1501165245 926329
1501165246 12800
1501165246 127976
1501165246 214269
1501165246 396715
1501165246 550062
1501165246 780510
1501165246 866756
1501165246 952842
1501165247 39985
1501165247 126242
1501165247 212767
1501165247 298482
1501165247 386198
1501165247 471927
1501165247 558813
1501165247 644271
1501165247 730485
1501165247 817717
1501165247 903948
1501165248 9027
1501165248 95238
1501165248 182678
1501165248 269322
1501165248 354905
1501165248 441146
1501165248 527355
1501165248 642995
1501165248 833980
1501165248 920230
1501165249 7329
1501165249 93316
1501165249 179729
1501165249 266032
1501165249 352370
1501165249 439418
1501165249 526105
1501165249 611769
1501165249 697984
1501165249 784309
1501165249 890446
1501165250 62834
1501165250 159112
1501165250 284448
1501165250 476618
1501165250 562634
1501165250 870370
1501165250 955936
1501165251 186422
1501165251 272673
1501165251 359210
1501165251 503089
1501165251 647426
1501165251 954156
1501165252 40383
1501165252 155619
1501165252 242890
1501165252 366991
1501165252 453110
1501165252 541003
1501165252 626701
1501165252 712765
1501165252 798984
1501165252 885172
1501165252 972422
1501165253 58707
1501165253 144693
1501165253 346621
1501165253 432397
1501165253 537874
1501165253 730109
1501165253 816246
1501165253 903367
1501165253 988708
1501165254 77099
1501165254 162088
1501165254 248292
1501165254 334452
1501165254 420713
1501165254 507822
1501165254 593868
1501165254 680241
1501165254 766377
1501165254 853533
1501165254 939763
1501165255 25879
1501165255 112193
1501165255 198415
1501165255 285502
1501165255 371765
1501165255 458118
1501165255 544360
1501165255 630308
1501165255 717395
1501165255 803696
1501165255 889833
1501165255 976099
1501165256 62526
1501165256 149467
1501165256 235821
1501165256 321902
1501165256 408039
1501165256 494464
1501165256 581367
1501165256 667647
1501165256 753795
1501165256 840105
1501165256 926354
1501165257 13350
1501165257 99668
1501165257 186173
1501165257 272554
1501165257 359989
1501165257 445478
1501165257 531728
1501165257 617982
1501165257 704140
1501165257 791144
1501165257 877390
1501165257 963616
1501165258 49623
1501165258 232160
1501165258 318299
1501165258 616837
1501165258 722228
1501165258 817610
1501165258 904720
1501165259 144477
1501165259 231202
1501165259 317552
1501165259 403939
1501165259 490028
1501165259 576153
1501165259 662331
1501165259 749633
1501165259 836474
1501165259 922219
1501165260 8314
1501165260 94424
1501165260 181994
1501165260 267834
1501165260 354066
1501165260 440442
1501165260 526873
1501165260 613473
1501165260 699670
1501165260 785777
1501165260 871969
1501165260 958311
1501165261 45364
1501165261 131689
1501165261 217905
1501165261 304104
1501165261 391497
1501165261 477411
1501165261 563527
1501165261 649734
1501165261 736048
1501165261 823112
1501165261 909408
1501165261 995599
1501165262 81698
1501165262 167901
1501165262 255134
1501165262 341123
1501165262 427701
1501165262 513900
1501165262 599899
1501165262 687027
1501165262 773310
1501165262 859617
1501165262 945784
1501165263 31991
1501165263 119355
1501165263 205359
1501165263 291507
1501165263 377760
1501165263 463932
1501165263 551709
1501165263 637190
1501165263 723491
1501165263 810071
1501165263 896816
1501165263 982991
1501165264 69295
1501165264 155443
1501165264 241649
1501165264 328679
1501165264 414901
1501165264 501476
1501165264 587429
1501165264 673596
1501165264 760896
1501165264 846959
1501165264 933430
1501165265 19347
1501165265 105546
1501165265 192804
1501165265 279050
1501165265 365277
1501165265 451307
1501165265 537416
1501165265 624559
1501165265 710747
1501165265 797181
1501165265 883259
1501165265 969566
1501165266 56705
1501165266 143238
1501165266 229167
1501165266 315244
1501165266 402599
1501165266 488802
1501165266 574991
1501165266 661101
1501165266 747345
1501165266 834438
1501165266 920726
1501165267 6713
1501165267 92881
1501165267 179183
1501165267 688349
1501165267 996316
1501165268 130414
1501165268 466400
1501165268 581587
1501165268 840241
1501165268 946225
1501165269 118747
1501165269 243858
1501165269 330400
1501165269 416241
1501165269 502611
1501165269 617817
1501165269 704692
1501165269 877161
1501165269 964217
1501165270 49842
1501165270 136765
1501165270 223240
1501165270 309299
1501165270 395277
1501165270 481573
1501165270 569134
1501165270 654952
1501165270 741322
1501165270 827368
1501165270 913639
1501165271 1234
1501165271 86979
1501165271 173956
1501165271 259558
1501165271 345619
1501165271 432802
1501165271 519371
1501165271 605147
1501165271 691303
1501165271 778415
1501165271 864720
1501165271 951046
1501165272 37017
1501165272 123426
1501165272 210549
1501165272 296734
1501165272 382929
1501165272 536113
1501165272 622285
1501165272 709467
1501165272 795847
1501165272 891903
1501165272 978333
1501165273 208676
1501165273 534577
1501165273 621640
1501165273 707997
1501165273 794025
1501165273 880448
1501165273 967157
1501165274 53990
1501165274 177771
1501165274 264165
1501165274 351443
1501165274 437517
1501165274 524371
1501165274 609913
1501165274 696097
1501165274 783401
1501165274 869421
1501165274 955533
1501165275 41796
1501165275 128150
1501165275 215138
1501165275 301356
1501165275 387917
1501165275 473795
1501165275 561058
1501165275 647269
1501165275 733230
1501165275 819602
1501165275 905752
1501165275 993054
1501165276 79737
1501165276 165296
1501165276 252209
1501165276 337752
1501165276 424829
1501165276 511131
1501165276 597445
1501165276 683688
1501165276 770000
1501165276 857742
1501165276 943206
1501165277 29180
1501165277 115504
1501165277 201776
1501165277 288924
1501165277 375095
1501165277 461492
1501165277 547523
1501165277 633971
1501165277 720695
1501165277 807190
1501165277 893329
1501165277 979478
1501165278 66642
1501165278 152862
1501165278 239301
1501165278 325176
1501165278 411462
1501165278 498770
1501165278 584641
1501165278 670938
1501165278 757073
1501165278 843592
1501165278 930679
1501165279 17447
1501165279 102951
1501165279 189332
1501165279 275352
1501165279 746533
1501165279 832549
1501165279 919735
1501165280 4969
1501165280 92203
1501165280 274658
1501165280 360936
1501165280 447535
1501165280 533097
1501165280 629499
1501165280 715746
1501165280 801884
1501165280 889142
1501165280 975866
1501165281 61357
1501165281 148201
1501165281 388162
1501165281 618661
1501165281 954661
1501165282 59721
1501165282 145867
1501165282 463526
1501165282 915347
1501165283 212885
1501165283 298688
1501165283 384763
1501165283 471004
1501165283 557069
1501165283 644177
1501165283 731171
1501165283 817046
1501165283 902697
1501165283 988921
1501165284 75952
1501165284 162355
1501165284 248510
1501165284 334746
1501165284 422601
1501165284 757801
1501165285 112762
1501165285 276003
1501165285 362084
1501165285 449252
1501165285 535494
1501165285 621742
1501165285 707963
1501165285 793937
1501165285 881207
1501165285 967418
1501165286 53697
1501165286 284173
1501165286 409060
1501165286 600889
1501165286 687127
1501165286 773134
1501165286 860562
1501165286 946816
1501165287 32821
1501165287 119643
1501165287 205494
1501165287 292502
1501165287 379144
1501165287 464817
1501165287 551046
1501165287 637208
1501165287 724282
1501165287 810625
1501165287 896611
1501165287 983055
1501165288 69121
1501165288 156629
1501165288 242362
1501165288 415588
1501165288 540709
1501165288 741596
1501165288 828088
1501165288 914115
1501165289 1476
1501165289 87519
1501165289 173631
1501165289 413421
1501165289 587179
1501165289 682722
1501165289 999606
1501165290 201024
1501165290 316188
1501165290 402341
1501165290 488670
1501165290 574707
1501165290 661930
1501165290 748555
1501165290 834135
1501165290 921252
1501165291 7573
1501165291 93940
1501165291 180737
1501165291 266374
1501165291 352528
1501165291 439735
1501165291 525923
1501165291 611983
1501165291 698662
1501165291 784481
1501165291 871602
1501165291 958310
1501165292 44039
1501165292 131000
1501165292 216608
1501165292 303611
1501165292 389758
1501165292 476049
1501165292 562869
1501165292 648419
1501165292 736007
1501165292 821685
1501165292 907927
1501165292 994111
1501165293 80951
1501165293 167614
1501165293 253856
1501165293 340113
1501165293 426207
1501165293 513222
1501165293 599397
1501165293 685674
1501165293 771894
1501165293 858176
1501165293 945166
1501165294 31526
1501165294 117465
1501165294 203880
1501165294 289965
1501165294 377281
1501165294 463692
1501165294 703254
1501165294 885704
1501165294 971910
1501165295 346666
1501165295 432884
1501165295 518856
1501165295 730700
1501165295 817598
1501165295 913196
1501165295 999027
1501165296 86059
1501165296 172239
1501165296 258576
1501165296 344682
1501165296 430923
1501165296 517915
1501165296 604251
1501165296 690219
1501165296 776494
1501165296 862927
1501165296 950040
1501165297 36762
1501165297 132524
1501165297 218552
1501165297 304789
1501165297 391066
1501165297 497030
1501165297 583366
1501165297 669547
1501165297 755798
1501165297 841958
1501165297 929223
1501165298 15544
1501165298 101893
1501165298 188058
1501165298 274862
1501165298 428196
1501165298 552628
1501165298 668130
1501165298 754239
1501165298 841358
1501165298 927568
1501165299 13587
1501165299 99844
1501165299 186245
1501165299 273352
1501165299 368659
1501165299 483854
1501165299 944835
1501165300 31147
1501165300 137202
1501165300 233350
1501165300 328487
1501165300 569113
1501165300 665140
1501165300 760511
1501165300 953347
1501165301 39171
1501165301 125396
1501165301 212411
1501165301 298630
1501165301 384846
1501165301 481300
1501165301 577276
1501165301 672619
1501165301 759757
1501165301 845982
1501165301 942176
1501165302 37470
1501165302 124811
1501165302 219833
1501165302 305901
1501165302 393109
1501165302 488335
1501165302 575409
1501165302 662090
1501165302 747921
1501165302 834318
1501165302 921297
1501165303 18923
1501165303 112832
1501165303 209005
1501165303 295126
1501165303 381574
1501165303 468371
1501165303 554792
1501165303 641043
1501165303 727213
1501165303 813459
1501165303 900615
1501165303 996189
1501165304 91978
1501165304 178191
1501165304 265312
1501165304 351538
1501165304 437742
1501165304 533822
1501165304 630059
1501165304 716331
1501165304 802627
1501165304 888745
1501165304 974916
1501165305 62169
1501165305 157501
1501165305 244482
1501165305 330767
1501165305 417107
1501165305 513238
1501165305 609391
1501165305 704639
1501165305 791788
1501165305 886903
1501165305 974137
1501165306 69525
1501165306 156552
1501165306 252124
1501165306 338900
1501165306 425218
1501165306 521369
1501165306 617169
1501165306 712866
1501165306 799116
1501165306 886602
1501165306 981544
1501165307 68601
1501165307 154699
1501165307 250957
1501165307 346540
1501165307 433308
1501165307 528709
1501165307 615802
1501165307 702085
1501165307 788303
1501165307 884482
1501165307 971288
1501165308 67034
1501165308 162233
1501165308 249411
1501165308 365377
1501165308 478930
1501165308 604431
1501165308 700449
1501165308 786421
1501165308 872629
1501165308 958731
1501165309 45099
1501165309 132423
1501165309 227767
1501165309 314805
1501165309 400888
1501165309 487049
1501165309 573203
1501165309 659665
1501165309 746698
1501165310 236099
1501165310 332168
1501165310 428330
1501165310 514457
1501165310 610620
1501165310 706320
1501165310 802417
1501165310 889084
1501165310 984566
1501165311 80541
1501165311 166896
1501165311 263218
1501165311 359438
1501165311 455384
1501165311 570958
1501165311 657142
1501165311 743183
1501165311 887940
1501165311 982705
1501165312 69849
1501165312 165362
1501165312 261398
1501165312 443850
1501165312 540121
1501165312 636250
1501165312 732257
1501165312 818706
1501165312 914741
1501165313 989
1501165313 97404
1501165313 192403
1501165313 288535
1501165313 374836
1501165313 470970
1501165313 624520
1501165313 720620
1501165313 894076
1501165314 28241
1501165314 114943
1501165314 200482
1501165314 287246
1501165314 373073
1501165314 460185
1501165314 555364
1501165314 642241
1501165314 728449
1501165314 824572
1501165314 997382
1501165315 93750
1501165315 305331
1501165315 401154
1501165315 526040
1501165315 669922
1501165315 765292
1501165315 852532
1501165315 947871
1501165316 34689
1501165316 120950
1501165316 207279
1501165316 293386
1501165316 379522
1501165316 466883
1501165316 562215
1501165316 658755
1501165316 744921
1501165316 840648
1501165316 926734
1501165317 13862
1501165317 109381
1501165317 196246
1501165317 282364
1501165317 378743
1501165317 465110
1501165317 561215
1501165317 656541
1501165317 743653
1501165317 838826
1501165317 935064
1501165318 21010
1501165318 108333
1501165318 194891
1501165318 290231
1501165318 425122
1501165318 511077
1501165318 598093
1501165318 683699
1501165318 769940
1501165318 857458
1501165318 943412
1501165319 48600
1501165319 144947
1501165319 240927
1501165319 337300
1501165319 423467
1501165319 519746
1501165319 605718
1501165319 692035
1501165319 788145
1501165319 884298
1501165319 979729
1501165320 76618
1501165320 172048
1501165320 258150
1501165320 354527
1501165320 450542
1501165320 536862
1501165320 633205
1501165320 728446
1501165320 949907
1501165321 46042
1501165321 141498
1501165321 237708
1501165321 323694
1501165321 410026
1501165321 573338
1501165321 660324
1501165321 746536
1501165321 832812
1501165321 929216
1501165322 25346
1501165322 121004
1501165322 206769
1501165322 293876
1501165322 379937
1501165322 466259
1501165322 552261
1501165322 648542
1501165322 744801
1501165322 830958
1501165322 917074
1501165323 13481
1501165323 99759
1501165323 186056
1501165323 272887
1501165323 368241
1501165323 455281
1501165323 541403
1501165323 627823
1501165323 724278
1501165323 820373
1501165323 915650
1501165324 11912
1501165324 97936
1501165324 194174
1501165324 290407
1501165324 376618
1501165324 588260
1501165324 847531
1501165324 933788
1501165325 29996
1501165325 125243
1501165325 288807
1501165325 413942
1501165325 634607
1501165326 142554
1501165326 228788
1501165326 325065
1501165326 421220
1501165326 507394
1501165326 593493
1501165326 680677
1501165326 776066
1501165326 863189
1501165326 958257
1501165327 45497
1501165327 131712
1501165327 227882
1501165327 314236
1501165327 410359
1501165327 505309
1501165327 592438
1501165327 678721
1501165327 765136
1501165327 861277
1501165327 947719
1501165328 33746
1501165328 119799
1501165328 206986
1501165328 293216
1501165328 379622
1501165328 475615
1501165328 571937
1501165328 658072
1501165328 744261
1501165328 830418
1501165328 916846
1501165329 4549
1501165329 99305
1501165329 186219
1501165329 281648
1501165329 377758
1501165329 463936
1501165329 551155
1501165329 646423
1501165329 742853
1501165329 829512
1501165329 916079
1501165330 2393
1501165330 99240
1501165330 184749
1501165330 280733
1501165330 366932
1501165330 463108
1501165330 558355
1501165330 645548
1501165330 741036
1501165330 827957
1501165330 914777
1501165331 443
1501165331 96681
1501165331 182890
1501165331 279088
1501165331 375222
1501165331 470482
1501165331 557565
1501165331 652715
1501165331 740039
1501165331 826806
1501165331 912501
1501165332 8881
1501165332 95144
1501165332 191067
1501165332 287203
1501165332 382592
1501165332 478700
1501165332 565019
1501165332 652284
1501165332 747411
1501165332 843710
1501165332 939975
1501165333 35942
1501165333 122598
1501165333 218324
1501165333 304607
1501165333 400594
1501165333 486953
1501165333 583092
1501165333 669325
1501165333 755661
1501165333 841728
1501165333 928815
1501165334 24067
1501165334 120477
1501165334 206753
1501165334 302848
1501165334 398914
1501165334 485400
1501165334 582104
1501165334 677558
1501165334 772971
1501165334 869249
1501165334 965388
1501165335 51560
1501165335 137752
1501165335 224830
1501165335 319967
1501165335 407276
1501165335 502450
1501165335 598880
1501165335 685082
1501165335 781123
1501165335 877462
1501165335 973506
1501165336 59674
1501165336 155976
1501165336 241577
1501165336 327756
1501165336 413991
1501165336 500299
1501165336 586793
1501165336 673142
1501165336 760304
1501165336 855634
1501165336 942691
1501165337 28990
1501165337 115934
1501165337 211460
1501165337 297559
1501165337 394017
1501165337 479913
1501165337 576414
1501165337 672395
1501165337 767626
1501165337 854770
1501165337 950162
1501165338 37383
1501165338 123450
1501165338 209808
1501165338 295907
1501165338 392127
1501165338 488533
1501165338 574392
1501165338 670938
1501165338 766855
1501165338 852899
1501165338 949152
1501165339 44672
1501165339 131795
1501165339 226882
1501165339 313876
1501165339 400367
1501165339 486533
1501165339 582601
1501165339 668690
1501165339 755842
1501165339 841182
1501165339 928458
1501165340 23807
1501165340 110796
1501165340 206576
1501165340 302561
1501165340 388645
1501165340 475517
1501165340 570752
1501165340 657655
1501165340 743963
1501165340 840164
1501165340 926118
1501165341 12347
1501165341 99506
1501165341 194985
1501165341 281335
1501165341 367568
1501165341 463318
1501165341 549883
1501165341 635980
1501165341 722313
1501165341 808458
1501165341 894733
1501165341 981925
1501165342 74410
1501165342 164074
1501165342 250318
1501165342 336754
1501165342 423131
1501165342 509391
1501165342 596412
1501165342 692024
1501165342 778918
1501165342 866028
1501165342 961376
1501165343 56760
1501165343 143790
1501165343 230020
1501165343 316256
1501165343 402323
1501165343 489049
1501165343 575840
1501165343 671269
1501165343 757574
1501165343 843718
1501165343 929942
1501165344 16485
1501165344 112458
1501165344 199182
1501165344 285092
1501165344 372336
1501165344 593073
1501165344 679341
1501165344 775324
1501165344 871528
1501165344 986889
1501165345 73140
1501165345 159176
1501165345 322071
1501165345 485824
1501165345 677624
1501165345 793228
1501165345 907991
1501165345 994333
1501165346 81488
1501165346 167762
1501165346 253883
1501165346 455345
1501165346 685851
1501165346 772044
1501165346 858185
1501165346 954329
1501165347 40520
1501165347 128300
1501165347 223120
1501165347 310280
1501165347 425322
1501165347 520637
1501165347 607919
1501165347 702999
1501165347 790120
1501165347 876246
1501165347 972579
1501165348 67911
1501165348 154883
1501165348 250363
1501165348 337500
1501165348 432768
1501165348 519797
1501165348 615185
1501165348 702405
1501165348 797495
1501165348 885513
1501165348 970860
1501165349 67087
1501165349 162239
1501165349 249314
1501165349 344783
1501165349 431742
1501165349 527074
1501165349 614304
1501165349 709425
1501165349 795744
1501165349 882835
1501165349 968840
1501165350 55176
1501165350 142170
1501165350 237697
1501165350 324043
1501165350 411088
1501165350 506519
1501165350 593379
1501165350 775039
1501165350 861893
1501165351 5599
1501165351 227464
1501165351 485628
1501165351 678124
1501165351 774052
1501165351 956926
1501165352 494123
1501165352 887823
1501165352 973825
1501165353 60652
1501165353 156084
1501165353 242448
1501165353 338694
1501165353 424746
1501165353 510944
1501165353 598107
1501165353 780743
1501165353 866864
1501165353 962926
1501165354 135671
1501165354 279669
1501165354 375059
1501165354 471265
1501165354 567958
1501165354 654182
1501165354 739962
1501165354 827570
1501165354 922761
1501165355 18641
1501165355 104644
1501165355 191852
1501165355 287133
1501165355 403053
1501165355 498816
1501165355 594964
1501165355 680796
1501165355 777033
1501165355 863345
1501165355 959716
1501165356 45616
1501165356 132059
1501165356 228265
1501165356 324518
1501165356 410569
1501165356 496914
1501165356 583008
1501165356 670046
1501165356 765266
1501165356 852161
1501165356 938604
1501165357 24615
1501165357 111084
1501165357 197499
1501165357 284495
1501165357 370678
1501165357 467070
1501165357 562137
1501165357 649273
1501165357 735528
1501165357 821709
1501165357 908065
1501165357 994437
1501165358 90587
1501165358 186605
1501165358 282861
1501165358 368999
1501165358 465217
1501165358 561293
1501165358 656820
1501165358 752901
1501165358 849707
1501165358 935357
1501165359 31398
1501165359 127528
1501165359 213718
1501165359 310013
1501165359 406146
1501165359 492403
1501165359 588658
1501165359 683924
1501165359 771070
1501165359 866302
1501165359 952558
1501165360 39886
1501165360 135788
1501165360 231263
1501165360 317597
1501165360 413505
1501165360 499701
1501165360 586756
1501165360 673218
1501165360 769147
1501165361 86109
1501165361 182248
1501165361 268359
1501165361 364360
1501165361 450780
1501165361 546939
1501165361 634766
1501165361 729155
1501165361 940097
1501165362 36226
1501165362 132385
1501165362 228440
1501165362 314724
1501165362 401005
1501165362 487368
1501165362 573353
1501165362 660590
1501165362 824166
1501165362 919250
1501165363 63761
1501165363 284728
1501165363 370327
1501165363 485448
1501165363 658900
1501165363 917676
1501165364 4630
1501165364 90864
1501165364 187143
1501165364 311398
1501165364 397496
1501165364 493907
1501165364 579934
1501165364 686799
1501165364 934851
1501165365 21214
1501165365 108149
1501165365 453223
1501165365 588744
1501165365 683671
1501165365 770567
1501165365 865985
1501165365 953210
1501165366 39303
1501165366 125535
1501165366 211782
1501165366 297877
1501165366 385008
1501165366 490724
1501165366 576289
1501165366 662661
1501165366 749794
1501165367 47553
1501165367 133737
1501165367 219841
1501165367 306002
1501165367 402446
1501165367 489009
1501165367 583880
1501165367 669778
1501165367 757051
1501165367 843416
1501165367 929678
1501165368 15724
1501165368 102912
1501165368 236160
1501165368 323542
1501165368 409508
1501165368 496491
1501165368 582227
1501165368 668998
1501165368 755356
1501165368 841705
1501165368 937855
1501165369 23984
1501165369 120251
1501165369 292933
1501165369 378923
1501165369 466218
1501165369 552200
1501165369 638580
1501165369 724644
1501165369 811034
1501165369 898127
1501165369 984423
1501165370 70378
1501165370 157202
1501165370 242776
1501165370 329735
1501165370 416148
1501165370 502322
1501165370 588496
1501165370 674738
1501165370 761896
1501165370 848095
1501165370 934275
1501165371 20600
1501165371 107480
1501165371 193671
1501165371 280066
1501165371 366347
1501165371 452411
1501165371 539589
1501165371 634856
1501165371 722174
1501165371 932663
1501165372 18816
1501165372 182139
1501165372 412787
1501165372 547064
1501165372 653201
1501165372 739877
1501165372 825609
1501165372 911591
1501165373 36905
1501165373 470027
1501165373 555165
1501165373 641370
1501165373 767138
1501165373 863036
1501165373 967928
1501165374 83379
1501165374 505625
1501165374 592566
1501165374 678659
1501165374 764874
1501165374 851263
1501165374 937871
1501165375 24521
1501165375 110611
1501165375 197024
1501165375 282963
1501165375 436466
1501165375 523721
1501165375 628824
1501165375 714963
1501165375 801404
1501165375 888489
1501165375 974457
1501165376 60795
1501165376 147136
1501165376 301235
1501165376 387391
1501165376 473640
1501165376 570269
1501165376 723445
1501165376 809494
1501165376 895656
1501165376 982942
1501165377 69000
1501165377 155171
1501165377 241527
1501165377 327537
1501165377 414766
1501165377 501115
1501165377 587072
1501165377 673584
1501165377 759601
1501165377 847280
1501165377 933503
1501165378 19352
1501165378 105659
1501165378 192557
1501165378 278704
1501165378 365033
1501165378 451232
1501165378 537358
1501165378 921961
1501165379 8933
1501165379 103840
1501165379 191008
1501165379 277033
1501165379 411844
1501165379 632001
1501165380 25809
1501165380 188993
1501165380 275471
1501165380 362177
1501165380 592395
1501165380 678364
1501165380 765472
1501165380 851401
1501165381 139221
1501165381 225442
1501165381 312480
1501165381 399494
1501165381 484884
1501165381 570944
1501165381 657821
1501165381 744907
1501165381 830535
1501165381 916990
1501165382 2970
1501165382 89317
1501165382 176402
1501165382 262746
1501165382 348864
1501165382 435175
1501165382 521149
1501165382 608398
1501165382 696244
1501165382 780884
1501165382 866928
1501165382 953286
1501165383 40583
1501165383 126480
1501165383 212817
1501165383 299015
1501165383 385454
1501165383 472657
1501165383 558452
1501165383 644751
1501165383 730934
1501165383 818008
1501165383 904389
1501165383 990918
1501165384 76852
1501165384 162807
1501165384 250120
1501165384 336391
1501165384 422725
1501165384 508660
1501165384 595001
1501165384 682014
1501165384 768402
1501165384 854557
1501165384 940851
1501165385 27004
1501165385 114299
1501165385 209413
1501165385 296658
1501165385 382857
1501165385 468955
1501165385 555089
1501165385 641404
1501165385 728300
1501165385 814548
1501165385 900872
1501165385 987783
1501165386 73781
1501165386 160453
1501165386 246759
1501165386 332966
1501165386 419034
1501165386 506375
1501165386 601533
1501165386 688629
1501165386 774902
1501165386 861106
1501165386 947217
1501165387 33574
1501165387 121190
1501165387 206797
1501165387 293128
1501165387 379322
1501165387 465539
1501165387 553148
1501165387 638891
1501165387 724775
1501165387 811108
1501165387 897400
1501165387 984670
1501165388 71184
1501165388 156963
1501165388 243068
1501165388 329271
1501165388 417121
1501165388 502422
1501165388 588985
1501165388 675155
1501165388 761173
1501165388 848413
1501165388 934517
1501165389 21272
1501165389 107339
1501165389 194260
1501165389 289571
1501165389 376600
1501165389 462936
1501165389 548991
1501165389 635272
1501165389 721562
1501165389 808608
1501165389 894759
1501165389 981094
1501165390 67328
1501165390 154062
1501165390 240620
1501165390 326714
1501165390 412809
1501165390 499354
1501165390 585367
1501165390 672251
1501165390 758695
1501165390 844902
1501165390 931189
1501165391 17319
1501165391 104376
1501165391 190811
1501165391 276894
1501165391 363606
1501165391 450323
1501165391 536641
1501165391 622782
1501165391 708962
1501165391 795115
1501165391 882231
1501165391 977505
1501165392 64677
1501165392 151622
1501165392 247128
1501165392 342526
1501165392 429579
1501165392 515667
1501165392 601810
1501165392 688107
1501165392 774396
1501165392 861398
1501165392 947797
1501165393 34127
1501165393 119979
1501165393 206969
1501165393 293412
1501165393 379624
1501165393 466002
1501165393 551882
1501165393 638344
1501165393 725513
1501165393 811461
1501165393 897703
1501165393 983894
1501165394 70335
1501165394 157450
1501165394 243606
1501165394 329847
1501165394 416106
1501165394 503238
1501165394 598446
1501165394 684690
1501165394 771825
1501165394 857951
1501165394 944417
1501165395 30391
1501165395 117461
1501165395 204305
1501165395 299914
1501165395 386099
1501165395 472491
1501165395 558648
1501165395 644853
1501165395 731792
1501165395 818403
1501165395 904287
1501165395 990939
1501165396 76654
1501165396 163914
1501165396 249925
1501165396 336813
1501165396 422393
1501165396 508751
1501165396 595797
1501165396 682025
1501165396 768299
1501165396 854475
1501165396 940853
1501165397 27774
1501165397 114090
1501165397 200252
1501165397 286570
1501165397 373607
1501165397 459770
1501165397 545905
1501165397 631967
1501165397 718288
1501165397 805290
1501165397 891757
1501165397 978088
1501165398 64155
1501165398 150239
1501165398 237387
1501165398 323741
1501165398 409993
1501165398 496093
1501165398 582266
1501165398 669567
1501165398 755650
1501165398 841892
1501165398 928358
1501165399 14449
1501165399 101375
1501165399 187627
1501165399 273936
1501165399 360959
1501165399 456300
1501165399 542345
1501165399 638636
1501165399 744032
1501165399 926473
1501165400 13279
1501165400 99692
1501165400 186023
1501165400 272003
1501165400 358529
1501165400 445344
1501165400 531786
1501165400 617798
1501165400 704024
1501165400 790144
1501165400 877468
1501165400 963810
1501165401 49903
1501165401 136073
1501165401 222128
1501165401 366338
1501165401 452579
1501165401 539062
1501165401 645048
1501165401 731344
1501165401 818092
1501165401 903888
1501165401 990929
1501165402 77266
1501165402 163244
1501165402 249643
1501165402 336846
1501165402 422908
1501165402 509007
1501165402 595320
1501165402 682265
1501165402 768644
1501165402 854676
1501165402 941523
1501165403 27206
1501165403 113434
1501165403 200701
1501165403 286663
1501165403 373030
1501165403 459150
1501165403 545463
1501165403 632712
1501165403 718769
1501165403 805033
1501165403 891011
1501165403 977508
1501165404 64510
1501165404 150819
1501165404 236956
1501165404 323058
1501165404 410270
1501165404 496848
1501165404 582674
1501165404 668937
1501165404 755129
1501165404 842302
1501165405 63104
1501165405 148989
1501165405 235933
1501165405 322525
1501165405 417592
1501165405 503946
1501165405 591152
1501165405 677244
1501165405 763198
1501165405 849455
1501165405 936651
1501165406 23112
1501165406 109353
1501165406 195393
1501165406 281637
1501165406 368588
1501165406 454850
1501165406 540890
1501165406 627204
1501165406 713429
1501165406 800648
1501165406 886755
1501165406 972992
1501165407 59506
1501165407 145383
1501165407 232766
1501165407 319077
1501165407 405343
1501165407 495344
1501165407 770155
1501165407 952365
1501165408 77680
1501165408 164059
1501165408 260119
1501165408 595976
1501165408 691892
1501165408 979663
1501165409 66339
1501165409 162043
1501165409 248500
1501165409 334449
1501165409 421549
1501165409 508020
1501165409 603925
1501165409 690139
1501165409 776354
1501165409 862437
1501165409 948856
1501165410 35863
1501165410 122126
1501165410 208290
1501165410 294969
1501165410 380861
1501165410 592591
1501165410 698511
1501165410 785153
1501165410 870783
1501165410 956979
1501165411 43441
1501165411 130992
1501165411 216460
1501165411 302735
1501165411 388941
1501165411 475299
1501165411 562309
1501165411 715622
1501165411 839900
1501165411 926219
1501165412 13733
1501165412 99415
1501165412 185684
1501165412 272258
1501165412 358167
1501165412 445320
1501165412 531646
1501165412 617836
1501165412 703843
1501165412 790209
1501165412 877231
1501165412 963439
1501165413 49791
1501165413 232217
1501165413 318332
1501165413 405608
1501165413 501322
1501165413 587985
1501165413 683309
1501165413 770389
1501165413 856527
1501165413 942734
1501165414 29073
1501165414 115224
1501165414 202078
1501165414 288388
1501165414 374669
1501165414 460923
1501165414 547284
1501165414 634107
1501165414 720754
1501165414 806757
1501165414 892655
1501165414 978987
1501165415 66784
1501165415 267804
1501165415 353862
1501165415 440172
1501165415 526347
1501165415 613547
1501165415 699551
1501165415 785808
1501165415 871961
1501165415 958315
1501165416 45311
1501165416 131600
1501165416 218064
1501165416 303999
1501165416 390243
1501165416 477813
1501165416 573065
1501165416 659959
1501165416 745994
1501165416 832155
1501165416 918465
1501165417 6216
1501165417 91655
1501165417 178040
1501165417 264097
1501165417 350538
1501165417 437417
1501165417 523941
1501165417 609775
1501165417 696195
1501165417 782644
1501165417 869420
1501165417 955784
1501165418 41750
1501165418 128006
1501165418 214280
1501165418 570319
1501165418 675437
1501165418 761543
1501165418 848868
1501165418 935070
1501165419 136774
1501165419 223238
1501165419 308847
1501165419 558791
1501165419 654598
1501165419 740902
1501165419 827999
1501165419 914168
1501165420 467
1501165420 86593
1501165420 173164
1501165420 260924
1501165420 355309
1501165420 442529
1501165420 528410
1501165420 614793
1501165420 757998
1501165420 845138
1501165420 931995
1501165421 17589
1501165421 103929
1501165421 190114
1501165421 277229
1501165421 363896
1501165421 449572
1501165421 593909
1501165421 785634
1501165421 910715
1501165422 45259
1501165422 160388
1501165422 246431
1501165422 332651
1501165422 418749
1501165422 611209
1501165422 697515
1501165422 783686
1501165422 871255
1501165422 956861
1501165423 43497
1501165423 129711
1501165423 215579
1501165423 302743
1501165423 389683
1501165423 475846
1501165423 561651
1501165423 648552
1501165423 734719
1501165423 820992
1501165423 907032
1501165424 156689
1501165424 502893
1501165424 598752
1501165424 790235
1501165424 877722
1501165425 414736
1501165425 501271
1501165425 587006
1501165425 674183
1501165425 769194
1501165425 856196
1501165425 943054
1501165426 28738
1501165426 114758
1501165426 240132
1501165426 326474
1501165426 412504
1501165426 498771
1501165426 595171
1501165426 681040
1501165426 806263
1501165426 950798
1501165427 113196
1501165427 324948
1501165427 449930
1501165427 555175
1501165427 641635
1501165427 728022
1501165427 814502
1501165427 900962
1501165427 987136
1501165428 73436
1501165428 159705
1501165428 274544
1501165428 361168
1501165428 447164
1501165428 534204
1501165428 620415
1501165428 706615
1501165428 832063
1501165428 918476
1501165429 4342
1501165429 90580
1501165429 176824
1501165429 264860
1501165429 350242
1501165429 484667
1501165429 570904
1501165429 657476
1501165429 744037
1501165429 830233
1501165429 916574
1501165430 2772
1501165430 89068
1501165430 176102
1501165430 262465
1501165430 348694
1501165430 444563
1501165430 530916
1501165430 617736
1501165430 703252
1501165430 790551
1501165430 876774
1501165430 963056
1501165431 126539
1501165431 231449
1501165431 472272
1501165431 558172
1501165431 644917
1501165431 769895
1501165431 855979
1501165432 19488
1501165432 105584
1501165432 239978
1501165432 327691
1501165432 412276
1501165432 499358
1501165432 585598
1501165432 672017
1501165432 757937
1501165432 844174
1501165432 931392
1501165433 55738
1501165433 142191
1501165433 229026
1501165433 315301
1501165433 401488
1501165433 487762
1501165433 573962
1501165433 660942
1501165433 747305
1501165433 843390
1501165433 929669
1501165434 63715
1501165434 149955
1501165434 236061
1501165434 323099
1501165434 544175
1501165434 630349
1501165434 716938
1501165434 803010
1501165434 889881
1501165434 976322
1501165435 72400
1501165435 158790
1501165435 244696
1501165435 330845
1501165435 417007
1501165435 504291
1501165435 590274
1501165435 676811
1501165435 762882
1501165435 849028
1501165435 935825
1501165436 22827
1501165436 108522
1501165436 194863
1501165436 280962
1501165436 368033
1501165436 454221
1501165436 540595
1501165436 781276
1501165436 867383
1501165436 998850
1501165437 87898
1501165437 173906
1501165437 261045
1501165437 347417
1501165437 452694
1501165437 731353
1501165437 894656
1501165437 980740
1501165438 66726
1501165438 153138
1501165438 240297
1501165438 326555
1501165438 412852
1501165438 498928
1501165438 585099
1501165438 672205
1501165438 767432
1501165438 854763
1501165438 949818
1501165439 36983
1501165439 123463
1501165439 209346
1501165439 296274
1501165439 382051
1501165439 469552
1501165439 564182
1501165439 651276
1501165439 737634
1501165439 823868
1501165439 909955
1501165439 996392
1501165440 84191
1501165440 178675
1501165440 265685
1501165440 352450
1501165440 438408
1501165440 524382
1501165440 610580
1501165440 697861
1501165440 784142
1501165440 870348
1501165440 956430
1501165441 42664
1501165441 129910
1501165441 215923
1501165441 302213
1501165441 388444
1501165441 475217
1501165441 609978
1501165441 772888
1501165441 944803
1501165442 30865
1501165442 118123
1501165442 434955
1501165442 521596
1501165442 607965
1501165442 693375
1501165442 953186
1501165443 39046
1501165443 125441
1501165443 212482
1501165443 298840
1501165443 384994
1501165443 470958
1501165443 557765
1501165443 645053
1501165443 730755
1501165444 76534
1501165444 200805
1501165444 290746
1501165444 681100
1501165444 767064
1501165444 854178
1501165444 940243
1501165445 26954
1501165445 113027
1501165445 198990
1501165445 286324
1501165445 372309
1501165445 459137
1501165445 544795
1501165445 630861
1501165445 717952
1501165445 813729
1501165445 900626
1501165446 25675
1501165446 178406
1501165446 265441
1501165446 351550
1501165446 438242
1501165446 523914
1501165446 609983
1501165446 697165
1501165446 783332
1501165446 869614
1501165446 955882
1501165447 42020
1501165447 129349
1501165447 224425
1501165447 311618
1501165447 407116
1501165447 494246
1501165447 656847
1501165447 743734
1501165447 916027
1501165448 2297
1501165448 88462
1501165448 176021
1501165448 270940
1501165448 367077
1501165448 684165
1501165448 780136
1501165448 876125
1501165448 962381
1501165449 48603
1501165449 134798
1501165449 221980
1501165449 308272
1501165449 394326
1501165449 480528
1501165449 566886
1501165449 653862
1501165449 740408
1501165449 836210
1501165449 931609
1501165450 18757
1501165450 114065
1501165450 201099
1501165450 296392
1501165450 383731
1501165450 479237
1501165450 565865
1501165450 661262
1501165450 748305
1501165450 834685
1501165450 920856
1501165451 17116
1501165451 113277
1501165451 199255
1501165451 295445
1501165451 390814
1501165451 478007
1501165451 564268
1501165451 661034
1501165451 746623
1501165451 832780
1501165451 919172
1501165452 92638
1501165452 187641
1501165452 275466
1501165452 361176
1501165452 447211
1501165452 543435
1501165452 639873
1501165452 735059
1501165452 822002
1501165452 908232
1501165452 994425
1501165453 90616
1501165453 186855
1501165453 282320
1501165453 369400
1501165453 455501
1501165453 541678
1501165453 627841
1501165453 714278
1501165453 801033
1501165453 896583
1501165453 983764
1501165454 78831
1501165454 166031
1501165454 261519
1501165454 348434
1501165454 443919
1501165454 530916
1501165454 617001
1501165454 713215
1501165454 799590
1501165454 895592
1501165454 991089
1501165455 77954
1501165455 164293
1501165455 250454
1501165455 336799
1501165455 422995
1501165455 510162
1501165455 606007
1501165455 692360
1501165455 787961
1501165455 875419
1501165455 961044
1501165456 47172
1501165456 133928
1501165456 229691
1501165456 325968
1501165456 422205
1501165456 517270
1501165456 604535
1501165456 700014
1501165456 786811
1501165456 873236
1501165456 959402
1501165457 45465
1501165457 131816
1501165457 219273
1501165457 305182
1501165457 391268
1501165457 477450
1501165457 563651
1501165457 650842
1501165457 737777
1501165457 833415
1501165457 919398
1501165458 5775
1501165458 101837
1501165458 274362
1501165458 360900
1501165458 447662
1501165458 639156
1501165458 735313
1501165458 831646
1501165458 917768
1501165459 13763
1501165459 100074
1501165459 186411
1501165459 272641
1501165459 387855
1501165459 474875
1501165459 570183
1501165459 733724
1501165459 819834
1501165459 906824
1501165459 992943
1501165460 79284
1501165460 165798
1501165460 262374
1501165460 415329
1501165460 511432
1501165460 607522
1501165460 703799
1501165460 789657
1501165460 875968
1501165460 962334
1501165461 48635
1501165461 135849
1501165461 221733
1501165461 308204
1501165461 404316
1501165461 500617
1501165461 682728
1501165461 855448
1501165461 951350
1501165462 75763
1501165462 162120
1501165462 249043
1501165462 344580
1501165462 431792
1501165462 517687
1501165462 614080
1501165462 700252
1501165462 796476
1501165462 882584
1501165462 978702
1501165463 74194
1501165463 161648
1501165463 257009
1501165463 353458
1501165463 439092
1501165463 526556
1501165463 612235
1501165463 708436
1501165463 803721
1501165463 890881
1501165463 986229
1501165464 73306
1501165464 159608
1501165464 245724
1501165464 331839
1501165464 418228
1501165464 505191
1501165464 600373
1501165464 687820
1501165464 783008
1501165464 869897
1501165464 956211
1501165465 52469
1501165465 147697
1501165465 234669
1501165465 320851
1501165465 407212
1501165465 493664
1501165465 580511
1501165465 667290
1501165465 762898
1501165465 858322
1501165465 945475
1501165466 40771
1501165466 127117
1501165466 214292
1501165466 300346
1501165466 386680
1501165466 482702
1501165466 578818
1501165466 674315
1501165466 761255
1501165466 856875
1501165466 943671
1501165467 29979
1501165467 125945
1501165467 221247
1501165467 308431
1501165467 394568
1501165467 490863
1501165467 586187
1501165467 673182
1501165467 759781
1501165467 855537
1501165467 950977
1501165468 38174
1501165468 124471
1501165468 210668
1501165468 306797
1501165468 402814
1501165468 498476
1501165468 585390
1501165468 671562
1501165468 757723
1501165468 844055
1501165468 930097
1501165469 103803
1501165469 199825
1501165469 295303
1501165469 391237
1501165469 477434
1501165469 564646
1501165469 650841
1501165469 747425
1501165469 842246
1501165469 929324
1501165470 15598
1501165470 101750
1501165470 187924
1501165470 274365
1501165470 361269
1501165470 456821
1501165470 544252
1501165470 629900
1501165470 716134
1501165470 802436
1501165470 888813
1501165470 984959
1501165471 81763
1501165471 167208
1501165471 253451
1501165471 340439
1501165471 427000
1501165471 512937
1501165471 609279
1501165471 705230
1501165471 800490
1501165471 887506
1501165471 974223
1501165472 70678
1501165472 165726
1501165472 252726
1501165472 338933
1501165472 425125
1501165472 511357
1501165472 597528
1501165472 684441
1501165472 779905
1501165472 866890
1501165472 962192
1501165473 49293
1501165473 144845
1501165473 231945
1501165473 317941
1501165473 414375
1501165473 509609
1501165473 596601
1501165473 894609
1501165473 989627
1501165474 85896
1501165474 171839
1501165474 259017
1501165474 354537
1501165474 441395
1501165474 536936
1501165474 633084
1501165474 719119
1501165474 806278
1501165474 901635
1501165474 988600
1501165475 74978
1501165475 161052
1501165475 257289
1501165475 353491
1501165475 449079
1501165475 544965
1501165475 631360
1501165475 717530
1501165475 804591
1501165475 890870
1501165475 977061
1501165476 63071
1501165476 150423
1501165476 236819
1501165476 323398
1501165476 419015
1501165476 515269
1501165476 610513
1501165476 698216
1501165476 793112
1501165476 879898
1501165476 975387
1501165477 62242
1501165477 148455
1501165477 235118
1501165477 320987
1501165477 417369
1501165477 503714
1501165477 600169
1501165477 685762
1501165477 771891
1501165477 859065
1501165477 945214
1501165478 31863
1501165478 117755
1501165478 204103
1501165478 291041
1501165478 377580
1501165478 463794
1501165478 549627
1501165478 635953
1501165478 723218
1501165478 818665
1501165478 914520
1501165479 817
1501165479 88058
1501165479 183232
1501165479 270414
1501165479 365828
1501165479 452867
1501165479 547989
1501165479 635710
1501165479 721780
1501165479 807763
1501165479 903888
1501165479 989867
1501165480 75944
1501165480 162368
1501165480 249390
1501165480 335565
1501165480 421983
1501165480 518756
1501165480 604369
1501165480 690890
1501165480 776748
1501165480 863753
1501165480 959300
1501165481 46324
1501165481 133002
1501165481 228692
1501165481 323981
1501165481 411159
1501165481 507281
1501165481 593413
1501165481 679911
1501165481 775842
1501165481 871149
1501165481 958219
1501165482 149986
1501165482 236156
1501165482 428679
1501165482 582384
1501165482 678334
1501165482 803264
1501165482 898614
1501165482 994887
1501165483 90871
1501165483 187212
1501165483 273474
1501165483 369553
1501165483 455725
1501165483 542509
1501165483 820812
1501165484 41201
1501165484 386911
1501165484 483173
1501165484 626382
1501165484 714415
1501165484 809050
1501165484 895900
1501165484 991253
1501165485 78449
1501165485 173764
1501165485 260778
1501165485 356147
1501165485 443216
1501165485 529308
1501165485 616089
1501165485 711821
1501165485 798074
1501165485 894217
1501165485 990276
1501165486 76661
1501165486 162766
1501165486 258886
1501165486 355210
1501165486 441528
1501165486 537624
1501165486 633034
1501165486 720048
1501165486 806431
1501165486 902461
1501165486 997683
1501165487 84956
1501165487 180195
1501165487 276240
1501165487 362636
1501165487 449614
1501165487 544993
1501165487 631174
1501165487 718129
1501165487 804436
1501165487 900618
1501165487 996241
1501165488 83014
1501165488 179196
1501165488 274440
1501165488 399893
1501165488 496057
1501165488 716611
1501165489 158567
1501165489 254002
1501165489 369432
1501165489 504057
1501165489 676570
1501165489 772812
1501165489 868168
1501165489 964257
1501165490 60647
1501165490 185597
1501165490 348323
1501165490 444373
1501165490 530726
1501165490 799398
1501165490 895529
1501165490 981676
1501165491 68791
1501165491 154914
1501165491 539057
1501165491 625152
1501165491 721274
1501165491 807748
1501165491 903858
1501165491 990133
1501165492 76179
1501165492 163262
1501165492 249424
1501165492 335542
1501165492 432093
1501165492 527998
1501165492 623167
1501165492 710559
1501165492 796595
1501165492 893708
1501165492 988110
1501165493 75180
1501165493 161596
1501165493 247882
1501165493 334254
1501165493 430118
1501165493 526231
1501165493 612476
1501165493 698843
1501165493 795015
1501165493 881388
1501165493 977395
1501165494 73307
1501165494 169787
1501165494 256055
1501165494 352008
1501165494 447483
1501165494 534474
1501165494 629906
1501165494 717006
1501165495 129006
1501165495 283280
1501165495 810816
1501165495 906831
1501165496 13018
1501165496 137390
1501165496 252498
1501165496 588554
1501165496 684520
1501165496 770479
1501165496 857792
1501165496 952912
1501165497 49327
1501165497 145518
1501165497 231630
1501165497 472130
1501165497 693419
1501165497 788798
1501165497 903970
1501165498 38550
1501165498 124666
1501165498 210758
1501165498 307120
1501165498 393304
1501165498 489337
1501165498 575943
1501165498 672091
1501165498 768168
1501165498 854386
1501165498 950538
1501165499 45915
1501165499 133019
1501165499 219176
1501165499 315317
1501165499 660272
1501165499 949388
1501165500 34953
1501165500 140405
1501165500 227236
1501165500 418956
1501165500 505067
1501165500 601237
1501165500 745720
1501165500 879975
1501165500 975987
1501165501 62487
1501165501 158612
1501165501 254625
1501165501 349819
1501165501 437034
1501165501 532470
1501165501 628563
1501165501 714810
1501165501 907278
1501165502 79934
1501165502 473634
1501165502 559706
1501165502 655848
1501165502 742030
1501165502 838270
