1502361916 935989
1502361917 89467
1502361917 146576
1502361917 425098
1502361917 877043
1502361918 116714
1502361918 289018
1502361918 750240
1502361918 807272
1502361918 913369
1502361919 56768
1502361919 700221
1502361920 448885
1502361920 536078
1502361920 612254
1502361920 670360
1502361921 179406
1502361922 494509
1502361922 638672
1502361922 715776
1502361922 850154
1502361923 41667
1502361924 175060
1502361924 251319
1502361924 347574
1502361924 405597
1502361924 904760
1502361925 529068
1502361925 854900
1502361925 990186
1502361926 853119
1502361927 131747
1502361927 573732
1502361927 631066
1502361927 688025
1502361927 908674
1502361928 226207
1502361928 542937
1502361928 667270
1502361929 119237
1502361930 578449
1502361930 952429
1502361931 279050
1502361931 998654
1502361932 833577
1502361933 525100
