1499950642 908769
1499950643 72078
1499950643 263730
1499950643 456017
1499950643 686650
1499950643 896960
1499950644 127534
1499950644 291210
1499950644 463305
1499950644 655719
1499950644 895179
1499950645 183888
1499950645 462365
1499950645 634879
1499950645 827190
1499950645 999716
1499950646 191133
1499950646 364456
1499950646 623148
1499950646 786444
1499950646 968896
1499950647 142185
1499950647 381907
1499950647 679493
1499950647 939044
1499950648 121360
1499950648 303792
1499950648 505334
1499950648 677652
1499950648 850205
1499950649 205848
1499950649 378308
1499950649 560671
1499950649 753131
1499950649 982750
1499950650 280279
1499950650 617064
1499950650 799388
1499950650 981812
1499950651 183314
1499950651 365607
1499950651 586256
1499950652 37485
1499950652 210612
1499950652 383115
1499950652 565466
1499950652 737996
1499950653 16456
1499950653 352251
1499950653 525573
1499950653 707944
1499950653 880430
1499950654 101965
1499950654 322299
