1500550724 80677
1500550724 215319
1500550724 464755
1500550724 531990
1500550724 599019
1500550724 666155
1500550724 733259
1500550724 800377
1500550724 867517
1500550724 934790
1500550725 1710
1500550725 68863
1500550725 136933
1500550725 204266
1500550725 271468
1500550725 338378
1500550725 405607
1500550725 626405
1500550725 693541
1500550725 914059
1500550725 981147
1500550726 48153
1500550726 115411
1500550726 183554
1500550726 403930
1500550726 470911
1500550726 692041
1500550726 758912
1500550726 826072
1500550727 47649
1500550727 114615
1500550727 181750
1500550727 402338
1500550727 469381
1500550727 689908
1500550727 756960
1500550727 824022
1500550727 892067
1500550727 968572
1500550728 45688
1500550728 122105
1500550728 198981
1500550728 276140
1500550728 410409
1500550728 708373
1500550728 794379
1500550729 130527
1500550729 207437
1500550729 446940
1500550729 524146
1500550729 600266
1500550729 677282
1500550729 754325
1500550729 830658
1500550729 906971
1500550730 99343
1500550730 176549
1500550730 252741
1500550730 328906
1500550730 473380
1500550730 549523
1500550730 626616
1500550730 702771
1500550730 780087
1500550730 856295
1500550730 947775
1500550731 19088
1500550731 95866
1500550731 172366
1500550731 248217
1500550731 325155
1500550731 400671
1500550731 477769
1500550731 909993
1500550731 986129
1500550732 226482
1500550732 302650
1500550732 379551
1500550732 456214
1500550732 532225
1500550732 609402
1500550732 685841
1500550732 762882
1500550732 838996
1500550732 944267
1500550733 58877
1500550733 136458
1500550733 480860
1500550733 558032
1500550733 633915
1500550733 710387
1500550733 806123
1500550733 882159
1500550733 998097
1500550734 132375
1500550734 209336
1500550734 314717
1500550734 459031
1500550734 698930
1500550734 767274
1500550734 833861
1500550735 44398
1500550735 111516
1500550735 217423
1500550735 486406
1500550735 553386
1500550735 620506
1500550735 687762
1500550735 860305
1500550735 975381
1500550736 90762
1500550736 215967
1500550736 283114
1500550736 350122
1500550736 417489
1500550736 629134
1500550736 849286
1500550736 916682
1500550737 137064
1500550737 358443
1500550737 425404
1500550737 646153
1500550737 713285
1500550737 780399
1500550737 847578
1500550737 914738
1500550737 981826
1500550738 49091
1500550738 116324
1500550738 184520
1500550738 261017
1500550738 337675
1500550738 413858
1500550738 490947
1500550738 568109
1500550738 644396
1500550738 740506
1500550739 20021
1500550739 95447
1500550739 172591
1500550739 249829
1500550739 471132
1500550739 546475
1500550739 623763
1500550739 699730
1500550739 775905
1500550739 852667
1500550740 73608
1500550740 149095
1500550740 225221
1500550740 302099
1500550740 378686
1500550740 455648
1500550740 531987
1500550740 608173
1500550740 684376
1500550740 905080
1500550740 981278
1500550741 58612
1500550741 134875
1500550741 212002
1500550741 287943
1500550741 365617
1500550741 441659
1500550741 517508
1500550741 594646
1500550741 670877
1500550741 746950
1500550741 822964
1500550741 900409
1500550741 976624
1500550742 52849
1500550742 129343
1500550742 205353
1500550742 281563
1500550742 357942
1500550742 435003
1500550742 511180
1500550742 588235
1500550742 665436
1500550742 894221
1500550742 971762
1500550743 47664
1500550743 123911
1500550743 201086
1500550743 277343
1500550743 497660
1500550743 718195
1500550743 794363
1500550743 870729
1500550743 947712
1500550744 321785
1500550744 398593
1500550744 475104
1500550744 551221
1500550744 627411
1500550744 704387
1500550744 780887
1500550744 856984
1500550744 932776
1500550745 307425
1500550745 384706
1500550745 461558
1500550745 537689
1500550745 614010
1500550745 843759
1500550745 919691
1500550745 996488
1500550746 73005
1500550746 292966
1500550746 513936
1500550746 590361
1500550746 667266
1500550746 743750
1500550746 820126
1500550746 896471
1500550746 972455
1500550747 49357
1500550747 125609
1500550747 201550
1500550747 279095
1500550747 355379
1500550747 431578
1500550747 508402
1500550747 585065
1500550747 805673
1500550747 882859
1500550747 958868
1500550748 36021
1500550748 237578
1500550748 313764
1500550748 390106
1500550748 467065
1500550748 543426
1500550748 619372
1500550748 696431
1500550748 772835
1500550748 849051
1500550748 925398
1500550749 1699
1500550749 78796
1500550749 154970
1500550749 231145
1500550749 308037
1500550749 384548
1500550749 461916
1500550749 538372
1500550749 643590
1500550749 951163
1500550750 66146
1500550750 373063
1500550750 449210
1500550750 525584
1500550750 688981
1500550750 765259
1500550750 842029
1500550750 918478
1500550750 995329
1500550751 100548
1500550751 176485
1500550751 254226
1500550751 330350
1500550751 406635
1500550751 483572
1500550751 771748
1500550751 848784
1500550752 78349
1500550752 154346
1500550752 231582
1500550752 308102
1500550752 384127
1500550752 461329
1500550752 537291
1500550752 614588
1500550752 690796
1500550752 767247
1500550752 844012
1500550752 920258
1500550752 996368
1500550753 73472
1500550753 380395
1500550753 456545
1500550753 532943
1500550753 610219
1500550753 686129
1500550753 762414
1500550753 838475
1500550753 915813
1500550753 991619
1500550754 69219
1500550754 145263
1500550754 221385
1500550754 297730
1500550754 373814
1500550754 451140
1500550754 671042
1500550754 748303
1500550754 824535
1500550754 900702
1500550754 976812
1500550755 81991
1500550755 331572
1500550755 428304
1500550755 504590
1500550755 734714
1500550755 810896
1500550755 887980
1500550755 965104
1500550756 358124
1500550756 435294
1500550756 511285
1500550756 914176
1500550756 990609
1500550757 67553
1500550757 143746
1500550757 364400
1500550757 441663
1500550757 517943
1500550757 593901
1500550757 671062
1500550757 748148
1500550757 824292
1500550757 900830
1500550757 976532
1500550758 53951
1500550758 130328
1500550758 206631
1500550758 282327
1500550758 359856
1500550758 436099
1500550758 541850
1500550758 617793
1500550758 693869
1500550758 770994
1500550759 492
1500550759 77786
1500550759 154042
1500550759 230357
1500550759 307377
1500550759 383590
1500550759 459830
1500550759 536950
1500550759 613068
1500550759 833839
1500550759 909986
1500550759 986187
1500550760 63488
1500550760 139681
1500550760 215792
1500550760 293120
1500550760 666859
1500550760 743131
1500550760 820243
1500550760 897328
1500550760 973637
1500550761 50948
1500550761 126923
1500550761 204238
1500550761 280410
1500550761 357903
1500550761 433719
1500550761 511687
1500550761 587093
1500550761 664305
1500550761 740400
1500550761 817582
1500550761 893943
1500550761 970995
1500550762 47112
1500550762 123239
1500550762 200449
1500550762 276861
1500550762 353911
1500550762 430015
1500550762 506064
1500550762 583399
1500550762 660472
1500550762 736972
1500550762 966388
1500550763 42747
1500550763 272541
1500550763 349335
1500550763 425717
1500550763 502748
1500550763 578974
1500550763 656025
1500550763 732529
1500550763 808588
1500550763 885660
1500550763 962040
1500550764 38165
1500550764 114367
1500550764 190659
1500550764 267789
1500550764 344100
1500550764 420339
1500550764 496413
1500550764 572379
1500550764 649798
1500550764 726162
1500550764 803231
1500550764 879402
1500550764 956518
1500550765 32844
1500550765 109187
1500550765 186180
1500550765 261865
1500550765 339749
1500550765 415803
1500550765 493766
1500550765 569358
1500550765 647074
1500550765 722517
1500550765 799845
1500550765 876011
1500550765 953137
1500550766 29134
1500550766 499790
1500550766 576636
1500550766 652795
1500550766 777216
1500550766 902411
1500550767 132938
1500550767 208992
1500550767 286126
1500550767 362345
1500550767 438900
1500550767 514971
1500550767 591862
1500550767 668939
1500550767 745288
1500550767 821493
1500550767 898731
1500550768 71372
1500550768 157666
1500550768 398078
1500550768 877373
1500550769 107864
1500550769 185109
1500550769 262095
1500550769 338169
1500550769 415272
1500550769 491452
1500550769 568604
1500550769 644922
1500550769 721019
1500550769 798236
1500550769 875271
1500550770 153321
1500550770 230549
1500550770 306429
1500550770 383512
1500550770 459926
1500550770 536992
1500550770 930358
1500550771 7041
1500550771 83296
1500550771 160455
1500550771 236661
1500550771 466433
1500550771 543334
1500550771 619687
1500550771 696090
1500550771 772942
1500550771 849320
1500550771 926591
1500550772 3486
1500550772 80436
1500550772 310376
1500550772 386475
1500550772 463833
1500550772 540616
1500550772 616928
1500550772 692929
1500550772 913553
1500550772 990826
1500550773 66952
1500550773 144263
1500550773 373862
1500550773 450928
1500550773 527297
1500550773 604416
1500550773 680602
1500550773 902032
1500550774 131612
1500550774 208824
1500550774 285100
1500550774 362353
1500550774 438414
1500550774 668965
1500550774 746035
1500550774 822222
1500550774 899227
1500550774 975738
1500550775 53412
1500550775 129023
1500550775 205391
1500550775 282327
1500550775 358718
1500550775 435726
1500550775 512103
1500550775 742391
1500550775 819560
1500550775 895958
1500550775 972892
1500550776 49305
1500550776 125578
1500550776 202728
1500550776 279534
1500550776 355872
1500550776 432871
1500550776 509338
1500550776 585479
1500550776 662785
1500550776 738925
1500550776 816265
1500550777 45723
1500550777 555065
1500550777 632227
1500550777 708440
1500550777 785164
1500550777 861541
1500550778 82352
1500550778 341796
1500550778 418074
1500550778 561457
1500550778 638706
1500550778 772902
1500550778 849041
1500550778 974506
1500550779 60774
1500550779 137468
1500550779 291122
1500550779 367140
1500550779 444422
1500550779 520489
1500550779 597746
1500550779 741286
1500550779 875411
1500550779 952591
1500550780 86866
1500550780 163991
1500550780 240154
1500550780 355372
1500550780 672316
1500550780 749444
1500550780 825342
1500550780 901777
1500550780 978829
1500550781 55872
1500550781 334152
1500550781 631300
1500550781 708556
1500550781 851697
1500550781 967093
1500550782 43756
1500550782 120603
1500550782 216413
1500550782 456426
1500550782 639001
1500550782 716032
1500550782 792015
1500550782 869377
1500550782 945474
1500550783 70653
1500550783 320297
1500550783 396525
1500550783 473633
1500550783 606923
1500550783 684204
1500550783 799493
1500550783 894652
1500550784 711
1500550784 77021
1500550784 451962
1500550784 682414
1500550784 758553
1500550784 989138
1500550785 65377
1500550785 142588
1500550785 218585
1500550785 295860
1500550785 372968
1500550785 449070
1500550785 526466
1500550785 602703
1500550785 679620
1500550785 756070
1500550785 861304
1500550785 947272
1500550786 23570
1500550786 100727
1500550786 177834
1500550786 254062
1500550786 369563
1500550786 637999
1500550786 743301
1500550786 820231
1500550787 49888
1500550787 127112
1500550787 356805
1500550787 433898
1500550787 510267
1500550787 587360
1500550787 663440
1500550787 739598
1500550787 816731
1500550787 893013
1500550787 970302
1500550788 46465
1500550788 373799
1500550788 449442
1500550788 526750
1500550788 602779
1500550788 678907
1500550788 755394
1500550788 832285
1500550788 908416
1500550788 985709
1500550789 61893
1500550789 138088
1500550789 215375
1500550789 292438
1500550789 522131
1500550789 742660
1500550789 819609
1500550789 895959
1500550789 973055
1500550790 49187
1500550790 126246
1500550790 202561
1500550790 279749
1500550790 357454
1500550790 433556
1500550790 779174
1500550790 856287
1500550790 932350
1500550791 104857
1500550791 181987
1500550791 258144
1500550791 354295
1500550791 430612
1500550791 536894
1500550791 612939
1500550791 700127
1500550791 776306
1500550791 977757
1500550792 54900
1500550792 284783
1500550792 361935
1500550792 525214
1500550792 783810
1500550792 870933
1500550793 120460
1500550793 590750
1500550793 782548
1500550793 926441
1500550794 348371
1500550794 492544
1500550794 761344
1500550794 837365
1500550794 914781
1500550794 990836
1500550795 67794
1500550795 145013
1500550795 221226
1500550795 298404
1500550795 374581
1500550795 451670
1500550795 527871
1500550795 604498
1500550795 681324
1500550795 757817
1500550795 834556
1500550795 910795
1500550795 987916
1500550796 64147
1500550796 438265
1500550796 514458
1500550796 706623
1500550796 783002
1500550796 946645
1500550797 196149
1500550797 435716
1500550797 588927
1500550797 819617
1500550797 964140
1500550798 40056
1500550798 270570
1500550798 347810
1500550798 577372
1500550798 653495
1500550798 730663
1500550798 807999
1500550798 884352
1500550798 961066
1500550799 37156
1500550799 114460
1500550799 190593
1500550799 267786
1500550799 343774
1500550799 564576
1500550799 641625
1500550799 717829
1500550799 794881
1500550799 871288
1500550799 948404
1500550800 44670
1500550800 121425
1500550800 197066
1500550800 273951
1500550800 350431
1500550800 426464
1500550800 502723
1500550800 580005
1500550800 656251
1500550800 733206
1500550800 809634
1500550800 886641
1500550800 963785
1500550801 40105
1500550801 116592
1500550801 193559
1500550801 270569
1500550801 346983
1500550801 423964
1500550801 500185
1500550801 577315
1500550801 654612
1500550801 730646
1500550801 807062
1500550801 884119
1500550801 979363
1500550802 190845
1500550802 268008
1500550802 344197
1500550802 459564
1500550802 535797
1500550802 775285
1500550802 852454
1500550802 929214
1500550803 5814
1500550803 82728
1500550803 158952
1500550803 235245
1500550803 312408
1500550803 388701
1500550803 465842
1500550803 542228
1500550803 619069
1500550803 695451
1500550803 772446
1500550803 993092
1500550804 69288
1500550804 146490
1500550804 222731
1500550804 299757
1500550804 376176
1500550804 453087
1500550804 529473
1500550804 606531
1500550804 682650
1500550804 760153
1500550804 837017
1500550804 913489
1500550804 990230
1500550805 66585
1500550805 297333
1500550805 373551
1500550805 450276
1500550805 526789
1500550805 603060
1500550805 680333
1500550805 756509
1500550805 852744
1500550805 929939
1500550806 5968
1500550806 83101
1500550806 159325
1500550806 236361
1500550806 312724
1500550806 428265
1500550806 812348
1500550806 889143
1500550807 119390
1500550807 195580
1500550807 272300
1500550807 503265
1500550807 579489
1500550807 655935
1500550807 732910
1500550807 809496
1500550807 886970
1500550807 972634
1500550808 366542
1500550808 855644
1500550809 86189
1500550809 162404
1500550809 239251
1500550809 392583
1500550809 508207
1500550809 594374
1500550809 699423
1500550809 775692
1500550809 852928
1500550809 929232
1500550810 6277
1500550810 82674
1500550810 159564
1500550810 235991
1500550810 312917
1500550810 639070
1500550810 716129
1500550810 793302
1500550810 869297
1500550810 946396
1500550811 167489
1500550811 253278
1500550811 329497
1500550811 406679
1500550811 482981
1500550811 656077
1500550811 905739
1500550811 981908
1500550812 78219
1500550812 308632
1500550812 385714
1500550812 462089
1500550812 558227
1500550812 634616
1500550812 711726
1500550812 787789
1500550812 865027
1500550812 941083
1500550813 18443
1500550813 94380
1500550813 171624
1500550813 247938
1500550813 324798
1500550813 400964
1500550813 478024
1500550813 553516
1500550813 629632
1500550813 706788
1500550813 783386
1500550813 860275
1500550814 32967
1500550814 225220
1500550814 301460
1500550814 377777
1500550814 454718
1500550814 685537
1500550814 761544
1500550814 838809
1500550814 915068
1500550814 992232
1500550815 68256
1500550815 289972
1500550815 366103
1500550815 443327
1500550815 519498
1500550815 596450
1500550815 672625
1500550815 903187
1500550815 979397
1500550816 56811
1500550816 132651
1500550816 209992
1500550816 286836
1500550816 382412
1500550816 468683
1500550816 603117
1500550816 679882
1500550816 843901
1500550817 35103
1500550817 112067
1500550817 188303
1500550817 313566
1500550817 389864
1500550817 553238
1500550817 889834
1500550818 33452
1500550818 110095
1500550818 186649
1500550818 263729
1500550818 339838
1500550818 416965
1500550818 493117
1500550818 570301
1500550818 646727
1500550818 722883
1500550818 800155
1500550818 877097
1500550819 107620
1500550819 183920
1500550819 261114
1500550819 337385
1500550819 414358
1500550819 490629
1500550819 567835
1500550819 644032
1500550819 720991
1500550819 797148
1500550820 28050
1500550820 104375
1500550820 181418
1500550820 258446
1500550820 334640
1500550820 411725
1500550820 488323
1500550820 564988
1500550820 641479
1500550820 718323
1500550820 794737
1500550820 871959
1500550820 949423
1500550821 25559
1500550821 102346
1500550821 178620
1500550821 255679
1500550821 331962
1500550821 408193
1500550821 484972
1500550821 714783
1500550821 791112
1500550821 868084
1500550821 944515
1500550822 156505
1500550822 501745
1500550822 933842
1500550823 10145
1500550823 87190
1500550823 231351
1500550823 432907
1500550823 557445
1500550823 653437
1500550823 730455
1500550823 912940
1500550824 85605
1500550824 334920
1500550824 411071
1500550824 641720
1500550824 786070
1500550825 6596
1500550825 83492
1500550825 207964
1500550825 284137
1500550825 390382
1500550825 505735
1500550825 831589
1500550826 52921
1500550826 129138
1500550826 224421
1500550826 301498
1500550826 551632
1500550826 780748
1500550826 857842
1500550826 934924
1500550827 11193
1500550827 88426
1500550827 164370
1500550827 240608
1500550827 318371
1500550827 394962
1500550827 471150
1500550827 547343
1500550827 778031
1500550827 854498
1500550827 931553
1500550828 7498
1500550828 84800
1500550828 161110
1500550828 238003
1500550828 314180
1500550828 391232
1500550828 467525
1500550828 543835
1500550828 621224
1500550828 812651
1500550828 927920
1500550829 14217
1500550829 158273
1500550829 312156
1500550829 388076
1500550829 465007
1500550829 542071
1500550829 618537
1500550829 695635
1500550829 790773
1500550829 935825
1500550830 12245
1500550830 88576
1500550830 165484
1500550830 396188
1500550830 472480
1500550830 549452
1500550830 625812
1500550830 702744
1500550830 779092
1500550830 856256
1500550830 932481
1500550831 9651
1500550831 85984
1500550831 162033
1500550831 238346
1500550831 315387
1500550831 391634
1500550831 468715
1500550831 545232
1500550831 622289
1500550831 699357
1500550831 775544
1500550831 852615
1500550831 928936
1500550832 5879
1500550832 82124
1500550832 159450
1500550832 236342
1500550832 312642
1500550832 389747
1500550832 466064
1500550832 543170
1500550832 619341
1500550832 696622
1500550832 772862
1500550832 849866
1500550832 926195
1500550833 2418
1500550833 233176
1500550833 309115
1500550833 396211
1500550833 473087
1500550833 549534
1500550833 895585
1500550833 971906
1500550834 260242
1500550834 336438
1500550834 489992
1500550834 567070
1500550834 730467
1500550834 806618
1500550834 893031
1500550834 969961
1500550835 104776
1500550835 190671
1500550835 392966
1500550835 469445
1500550836 342207
1500550836 419227
1500550836 495593
1500550836 572490
1500550836 648903
1500550836 725972
1500550836 802095
1500550836 878511
1500550836 955593
1500550837 32833
1500550837 108779
1500550837 185992
1500550837 416376
1500550837 493743
1500550837 569091
1500550837 646074
1500550837 722216
1500550837 798514
1500550837 875773
1500550837 953128
1500550838 29152
1500550838 105336
1500550838 182582
1500550838 258669
1500550838 335732
1500550838 411959
1500550838 489064
1500550838 719672
1500550838 795965
1500550838 872044
1500550838 949693
1500550839 25562
1500550839 101781
1500550839 178708
1500550839 255021
1500550839 360184
1500550839 437469
1500550839 513619
1500550839 590935
1500550839 667185
1500550839 744264
1500550839 820493
1500550839 897638
1500550839 973779
1500550840 50185
1500550840 127149
1500550840 204408
1500550840 280636
1500550840 356672
1500550840 432878
1500550840 510308
1500550840 586487
1500550840 663703
1500550840 797829
1500550841 27577
1500550841 105250
1500550841 181005
1500550841 258018
1500550841 334990
1500550841 411305
1500550841 488158
1500550841 564901
1500550841 641952
1500550841 717911
1500550841 795218
1500550841 871606
1500550841 948846
1500550842 179834
1500550842 255374
1500550842 332593
1500550842 409023
1500550842 485210
1500550842 562170
1500550842 638443
1500550842 715414
1500550842 945948
1500550843 22297
1500550843 99496
1500550843 175497
1500550843 251919
1500550843 328834
1500550843 558500
1500550843 635666
1500550843 712018
1500550843 789143
1500550843 866293
1500550843 942514
1500550844 18752
1500550844 95787
1500550844 171898
1500550844 248076
1500550844 324299
1500550844 698594
1500550844 775615
1500550844 851611
1500550844 928772
1500550845 5837
1500550845 82249
1500550845 158632
1500550845 234770
1500550845 311822
1500550845 388071
1500550845 465792
1500550845 541432
1500550845 618597
1500550845 694843
1500550846 68629
1500550846 144995
1500550846 222148
1500550846 451799
1500550846 682148
1500550846 758365
1500550846 834622
1500550846 911886
1500550846 987957
1500550847 65140
1500550847 142446
1500550847 218599
1500550847 294705
1500550847 371768
1500550847 602337
1500550847 678621
1500550847 755602
1500550847 831931
1500550847 909085
1500550847 985168
1500550848 61612
1500550848 137695
1500550848 214898
1500550848 444551
1500550848 521770
1500550848 599149
1500550848 675245
1500550848 752390
1500550848 828347
1500550848 905684
1500550848 982257
1500550849 58218
1500550849 134384
1500550849 211488
1500550849 440999
1500550849 518154
1500550849 594186
1500550849 671475
1500550849 747707
1500550849 824010
1500550849 901058
1500550849 977443
1500550850 54416
1500550850 130628
1500550850 207571
1500550850 437377
1500550850 513475
1500550850 590840
1500550850 666988
1500550850 743025
1500550850 819395
1500550850 896621
1500550850 972775
1500550851 49961
1500550851 126152
1500550851 202565
1500550851 279679
1500550851 355983
1500550851 433076
1500550851 509051
1500550851 585387
1500550851 661422
1500550851 738714
1500550851 815907
1500550851 892407
1500550851 968222
1500550852 45607
1500550852 122043
1500550852 199487
1500550852 274919
1500550852 351224
1500550852 619850
1500550852 860497
1500550853 3797
1500550853 81039
1500550853 167014
1500550853 253280
1500550853 330360
1500550853 406637
1500550853 637358
1500550853 713560
1500550853 791219
1500550853 867537
1500550853 943464
1500550854 20117
1500550854 96680
1500550854 173554
1500550854 249880
1500550854 326890
1500550854 403173
1500550854 633696
1500550854 709834
1500550854 787185
1500550854 863362
1500550855 93718
1500550855 171550
1500550855 247336
1500550855 324431
1500550855 400603
1500550855 476551
1500550855 552927
1500550855 630002
1500550855 706270
1500550855 782768
1500550855 859240
1500550856 89146
1500550856 166664
1500550856 396099
1500550856 472202
1500550856 549345
1500550856 625717
1500550856 702989
1500550856 779154
1500550856 855072
1500550856 931415
1500550857 8480
1500550857 84875
1500550857 161130
1500550857 237631
1500550857 314251
1500550857 390490
1500550857 466795
1500550857 543960
1500550857 620227
1500550857 696489
1500550857 772503
1500550857 849401
1500550857 926061
1500550858 2237
1500550858 78481
1500550858 155085
1500550858 231725
1500550858 308554
1500550858 385157
1500550858 471589
1500550858 547544
1500550858 624712
1500550858 883525
1500550858 959900
1500550859 199430
1500550859 333684
1500550859 429748
1500550859 515913
1500550859 592117
1500550859 669405
1500550860 43400
1500550860 244846
1500550860 503305
1500550860 733772
1500550860 810925
1500550860 887075
1500550860 964012
1500550861 40815
1500550861 116899
1500550861 193096
1500550861 270259
1500550861 346280
1500550861 422713
1500550861 652492
1500550861 729537
1500550861 805603
1500550862 179744
1500550862 256143
1500550862 332801
1500550862 408899
1500550862 485226
1500550862 561384
1500550862 637655
1500550862 714035
1500550862 790886
1500550862 866860
1500550862 943737
1500550863 173882
1500550863 249680
1500550863 326327
1500550863 402928
1500550863 480072
1500550863 556197
1500550863 632441
1500550863 709572
1500550863 785704
1500550863 861909
1500550863 938335
1500550864 15221
1500550864 91547
1500550864 312146
1500550864 389003
1500550864 465458
1500550864 541655
1500550864 618148
1500550864 694564
1500550864 771367
1500550864 847486
1500550864 923853
1500550865 225
1500550865 76880
1500550865 153385
1500550865 230591
1500550865 306692
1500550865 383899
1500550865 460255
1500550865 536211
1500550865 613329
1500550865 756852
1500550865 833345
1500550866 64304
1500550866 140685
1500550866 217003
1500550866 293741
1500550866 370177
1500550866 533740
1500550866 610047
1500550866 705643
1500550866 782214
1500550866 858452
1500550867 78890
1500550867 155121
1500550867 231589
1500550867 384803
1500550867 481235
1500550867 758825
1500550867 922267
1500550867 998275
1500550868 75403
1500550868 151781
1500550868 382186
1500550868 458371
1500550868 688055
1500550868 765301
1500550868 842131
1500550868 917629
1500550869 62727
1500550869 138171
1500550869 224431
1500550869 406814
1500550869 511979
1500550869 589157
1500550869 665392
1500550869 741569
1500550869 817886
1500550869 894475
1500550870 182774
1500550870 258945
1500550870 336437
1500550870 412103
1500550870 488414
1500550870 565529
1500550870 641972
1500550870 718132
1500550870 794296
1500550871 25655
1500550871 168266
1500550871 321596
1500550871 398808
1500550871 474977
1500550871 550746
1500550871 628082
1500550871 704595
1500550871 780592
1500550871 856816
1500550871 933147
1500550872 9440
1500550872 85690
1500550872 162422
1500550872 238667
1500550872 306116
1500550872 373351
1500550872 440591
1500550872 507667
1500550872 575612
1500550872 643019
1500550872 709883
1500550872 777153
1500550872 844016
1500550872 911311
1500550872 978714
1500550873 199082
1500550873 419727
1500550873 486801
1500550873 708407
1500550873 775352
1500550873 842500
1500550873 909716
1500550873 977057
1500550874 53966
1500550874 130234
1500550874 197589
1500550874 274554
1500550874 351641
1500550874 427988
1500550874 505176
1500550874 581171
1500550874 744708
1500550874 821933
1500550874 897979
1500550875 119526
1500550875 195638
1500550875 271767
1500550875 348853
1500550875 425363
1500550875 501521
1500550875 578504
1500550875 798564
1500550875 875491
1500550875 951807
1500550876 28687
1500550876 104533
1500550876 182051
1500550876 258411
1500550876 334620
1500550876 411082
1500550876 488032
1500550876 564224
1500550876 794675
1500550876 870913
1500550877 100853
1500550877 177479
1500550877 253602
1500550877 330853
1500550877 407689
1500550877 484409
1500550877 561778
1500550877 637754
1500550877 714963
1500550877 791510
1500550877 867494
1500550877 943623
1500550878 19828
1500550878 96141
1500550878 172738
1500550878 249505
1500550878 325512
1500550878 401853
1500550878 478779
1500550878 555289
1500550878 631750
1500550878 707778
1500550878 784125
1500550878 861257
1500550878 937332
1500550879 13537
1500550879 89464
1500550879 166934
1500550879 243663
1500550879 319341
1500550879 396493
1500550879 626183
1500550879 702399
1500550879 779307
1500550879 856547
1500550879 932921
1500550880 8714
1500550880 86502
1500550880 181651
1500550880 344997
1500550880 421732
1500550880 498318
1500550880 574017
1500550880 651515
1500550880 728046
1500550880 804064
1500550880 879919
1500550880 957451
1500550881 33742
1500550881 110563
1500550881 283486
1500550881 360135
1500550881 436920
1500550881 514679
1500550881 696416
1500550881 868754
1500550881 945329
1500550882 51113
1500550882 127410
1500550882 203538
1500550882 280918
1500550882 515817
1500550882 596411
1500550882 701568
1500550882 777423
1500550883 114125
1500550883 190023
1500550883 420358
1500550883 497157
1500550883 574613
1500550883 650043
1500550883 726398
1500550883 802850
1500550883 879139
1500550883 956632
1500550884 32794
1500550884 108699
1500550884 186341
1500550884 262670
1500550884 338848
1500550884 415550
1500550884 492054
1500550884 568537
1500550884 644595
1500550884 721268
1500550884 798097
1500550884 873867
1500550884 951361
1500550885 27478
1500550885 103700
1500550885 179551
1500550885 257040
1500550885 333425
1500550885 409212
1500550885 486049
1500550885 563015
1500550885 640336
1500550885 716380
1500550885 792510
1500550885 868559
1500550885 945904
1500550886 22243
1500550886 396437
1500550886 608248
1500550887 10629
1500550887 173899
1500550887 250106
1500550887 326246
1500550887 403083
1500550887 508546
1500550887 584960
1500550887 776302
1500550887 852078
1500550888 188604
1500550888 294333
1500550888 370994
1500550888 447056
1500550888 523328
1500550888 599583
1500550888 676662
1500550888 752892
1500550888 829199
1500550888 904977
1500550888 982505
1500550889 59636
1500550889 135874
1500550889 251200
1500550889 327341
1500550889 509788
1500550889 739336
1500550889 815203
1500550889 892593
1500550889 969090
1500550890 45122
1500550890 121259
1500550890 197636
1500550890 273745
1500550890 349651
1500550890 427130
1500550890 503475
1500550890 580547
1500550890 656361
1500550890 752972
1500550890 868138
1500550891 78918
1500550891 155108
1500550891 327580
1500550891 404443
1500550891 479513
1500550891 556985
1500550891 652405
1500550891 757863
1500550891 834264
1500550891 910082
1500550891 986063
1500550892 63579
1500550892 149665
1500550892 399616
1500550892 561757
1500550892 739794
1500550892 811664
1500550892 888263
1500550892 963748
1500550893 39575
1500550893 117160
1500550893 192936
1500550893 269571
1500550893 346587
1500550893 423011
1500550893 498843
1500550893 576225
1500550893 652472
1500550893 728079
1500550893 805818
1500550893 882013
1500550893 958329
1500550894 34564
1500550894 284249
1500550894 446598
1500550894 523760
1500550894 599894
1500550894 676108
1500550894 752918
1500550894 829683
1500550894 905384
1500550894 982835
1500550895 212629
1500550895 288737
1500550895 364720
1500550895 442074
1500550895 518222
1500550895 747637
1500550895 824181
1500550895 901317
1500550895 977595
1500550896 54301
1500550896 130885
1500550896 206671
1500550896 284265
1500550896 364938
1500550896 436629
1500550896 512656
1500550896 590070
1500550896 665917
1500550896 743320
1500550896 819661
1500550896 896109
1500550896 972754
1500550897 86979
1500550897 327991
1500550897 404210
1500550897 480328
1500550897 556203
1500550897 633723
1500550897 709935
1500550897 785860
1500550897 863236
1500550897 939220
1500550898 16918
1500550898 92852
1500550898 169267
1500550898 245382
1500550898 321449
1500550898 553021
1500550898 628079
1500550898 705636
1500550898 781241
1500550898 858934
1500550898 934706
1500550899 12361
1500550899 88249
1500550899 165664
1500550899 241966
1500550899 317722
1500550899 395294
1500550899 471595
1500550899 547871
1500550899 624886
1500550899 854575
1500550899 930678
1500550900 6562
1500550900 84229
1500550900 160306
1500550900 236376
1500550900 467330
1500550900 543519
1500550900 619090
1500550900 696622
1500550900 773644
1500550900 849870
1500550900 926457
1500550901 2587
1500550901 78974
1500550901 154915
1500550901 231267
1500550901 308169
1500550901 384501
1500550901 460824
1500550901 537111
1500550901 614122
1500550901 690385
1500550901 766245
1500550901 843669
1500550901 920446
1500550901 997042
1500550902 73247
1500550902 302993
1500550902 379116
1500550902 455493
1500550902 531628
1500550902 607842
1500550902 684075
1500550902 761072
1500550902 990691
1500550903 66930
1500550903 287642
1500550903 363994
1500550903 439695
1500550903 516303
1500550903 593419
1500550903 669587
1500550903 745350
1500550903 966382
1500550904 43483
1500550904 119644
1500550904 196295
1500550904 425563
1500550904 501714
1500550904 577601
1500550904 654448
1500550904 731280
1500550904 808105
1500550904 883980
1500550904 959811
1500550905 37263
1500550905 113607
1500550905 189624
1500550905 265909
1500550905 495714
1500550905 572690
1500550905 649186
1500550905 724872
1500550905 802137
1500550905 878471
1500550905 954715
1500550906 30601
1500550906 108126
1500550906 184256
1500550906 260681
1500550906 491263
1500550906 720632
1500550906 796931
1500550906 873914
1500550906 950227
1500550907 26479
1500550907 102307
1500550907 180060
1500550907 257027
1500550907 333253
1500550907 409486
1500550907 640093
1500550907 716262
1500550907 793364
1500550907 869624
1500550907 945364
1500550908 23075
1500550908 99189
1500550908 175535
1500550908 252788
1500550908 328897
1500550908 405091
1500550908 481177
1500550908 558407
1500550908 634654
1500550908 711906
1500550908 942393
1500550909 19325
1500550909 95641
1500550909 171776
1500550909 247852
1500550909 324330
1500550909 401354
1500550909 477079
1500550909 553989
1500550909 630016
1500550909 860631
1500550910 90490
1500550910 167441
1500550910 243736
1500550910 320148
1500550910 395989
1500550910 616821
1500550910 692927
1500550910 922317
1500550910 999507
1500550911 75353
1500550911 152885
1500550911 228813
1500550911 306216
1500550911 382669
1500550911 459769
1500550911 535951
1500550911 613123
1500550911 689371
1500550911 765646
1500550911 842701
1500550911 918519
1500550911 995931
1500550912 72215
1500550912 147938
1500550912 225716
1500550912 302236
1500550912 379096
1500550912 455281
1500550912 532464
1500550912 608776
1500550912 684927
1500550912 760995
1500550912 837314
1500550912 913449
1500550912 989710
1500550913 66067
1500550913 141779
1500550913 219427
1500550913 295824
1500550913 371864
1500550913 745896
1500550913 822030
1500550913 899212
1500550913 975279
1500550914 51650
1500550914 128854
1500550914 205231
1500550914 281540
1500550914 511944
1500550914 588878
1500550914 665136
1500550914 741472
1500550914 817721
1500550914 894678
1500550914 971742
1500550915 201870
1500550915 278774
1500550915 354847
1500550915 432030
1500550915 508192
1500550915 585470
1500550915 662862
1500550915 738704
1500550915 814780
1500550915 890634
1500550915 968554
1500550916 197814
1500550916 274020
1500550916 350247
1500550916 427660
1500550916 503773
1500550916 580046
1500550916 657081
1500550916 733229
1500550916 809079
1500550916 886617
1500550916 962859
1500550917 39025
1500550917 115278
1500550917 345918
1500550917 422320
1500550917 499220
1500550917 729791
1500550917 806875
1500550917 883141
1500550917 959221
1500550918 36497
1500550918 112436
1500550918 188695
1500550918 265732
1500550918 342239
1500550918 419323
1500550918 496745
1500550918 572813
1500550918 649889
1500550918 726257
1500550918 802394
1500550918 878750
1500550918 955888
1500550919 32036
1500550919 109223
1500550919 338888
1500550919 416008
1500550919 492028
1500550919 569224
1500550919 645420
1500550919 721331
1500550919 798718
1500550919 875170
1500550919 952093
1500550920 28305
1500550920 104676
1500550920 181794
1500550920 257901
1500550920 334067
1500550920 410404
1500550920 554945
1500550920 632028
1500550920 707822
1500550920 785354
1500550920 861644
1500550921 92327
1500550921 169361
1500550921 399020
1500550921 475494
1500550921 552400
1500550921 628408
1500550921 705742
1500550921 781746
1500550921 859057
1500550921 935322
1500550922 11528
1500550922 87215
1500550922 164773
1500550922 241787
1500550922 317944
1500550922 394695
1500550922 470534
1500550922 547644
1500550922 777398
1500550922 854380
1500550922 931309
1500550923 6984
1500550923 84107
1500550923 314608
1500550923 390708
1500550923 467872
1500550923 544047
1500550923 619958
1500550923 697499
1500550923 773879
1500550923 851096
1500550923 927137
1500550924 157750
1500550924 233916
1500550924 311108
1500550924 388798
1500550924 464298
1500550924 693880
1500550924 770156
1500550924 847203
1500550924 923674
1500550925 153311
1500550925 230464
1500550925 306581
1500550925 382769
1500550925 459091
1500550925 536103
1500550925 612262
1500550925 688535
1500550925 764882
1500550925 841064
1500550925 917371
1500550925 994422
1500550926 70606
1500550926 147983
1500550926 225203
1500550926 301111
1500550926 378373
1500550926 454426
1500550926 531894
1500550926 608873
1500550926 685063
1500550926 761229
1500550926 838342
1500550926 914192
1500550926 991712
1500550927 67911
1500550927 144341
1500550927 220549
1500550927 296798
1500550927 373818
1500550927 450871
1500550927 680698
1500550927 756716
1500550927 987374
1500550928 63805
1500550928 140543
1500550928 216847
1500550928 447435
1500550928 523890
1500550928 600851
1500550928 677222
1500550928 754220
1500550928 830379
1500550928 907436
1500550928 984728
1500550929 214303
1500550929 291308
1500550929 367502
1500550929 444053
1500550929 520989
1500550929 597347
1500550929 674236
1500550929 750660
1500550929 826739
1500550929 902887
1500550929 980161
1500550930 56347
1500550930 132696
1500550930 208863
1500550930 285957
1500550930 362282
1500550930 439228
1500550930 515404
1500550930 591758
1500550930 668168
1500550930 745250
1500550930 821594
1500550930 898767
1500550931 128390
1500550931 358926
1500550931 435344
1500550931 512092
1500550931 588174
1500550931 665256
1500550931 741696
1500550931 818632
1500550931 894792
1500550931 970826
1500550932 47491
1500550932 124566
1500550932 201705
1500550932 278033
1500550932 354281
1500550932 431406
1500550932 507401
1500550932 583824
1500550932 660842
1500550932 736363
1500550932 958500
1500550933 187311
1500550933 264506
1500550933 341690
1500550933 417496
1500550933 493914
1500550933 570197
1500550933 646653
1500550933 723808
1500550933 799897
1500550933 876044
1500550933 963283
1500550934 38917
1500550934 116631
1500550934 192887
1500550934 270100
1500550934 365469
1500550934 442562
1500550934 518892
1500550934 595793
1500550934 672862
1500550934 749293
1500550934 825311
1500550935 84106
1500550935 160698
1500550935 237250
1500550935 313483
1500550935 390703
1500550935 467071
1500550935 543529
1500550935 619336
1500550935 696135
1500550935 773615
1500550935 849458
1500550935 926212
1500550936 3257
1500550936 272092
1500550936 387321
1500550936 463354
1500550936 587765
1500550936 741185
1500550936 962604
1500550937 48767
1500550937 126042
1500550937 202113
1500550937 278302
1500550937 353639
1500550937 430725
1500550937 506515
1500550937 584160
1500550937 660543
1500550937 736515
1500550937 812827
1500550937 888989
1500550937 965333
1500550938 42517
1500550938 118710
1500550938 196029
1500550938 273102
1500550938 349161
1500550938 425608
1500550938 502757
1500550938 578926
1500550938 656010
1500550938 885578
1500550938 962688
1500550939 39776
1500550939 116223
1500550939 192302
1500550939 423057
1500550939 499084
1500550939 576040
1500550939 652346
1500550939 729348
1500550939 805599
1500550939 882024
1500550939 959085
1500550940 35450
1500550940 112758
1500550940 188657
1500550940 265969
1500550940 342007
1500550940 419256
1500550940 495519
1500550940 572797
1500550940 802057
1500550940 878493
1500550940 954736
1500550941 31867
1500550941 387005
1500550941 463417
1500550941 588182
1500550941 665562
1500550941 885234
1500550941 952875
1500550942 19954
1500550942 87189
1500550942 154514
1500550942 221425
1500550942 442266
1500550942 510281
1500550942 730637
1500550942 797646
1500550942 864758
1500550942 931990
1500550942 999233
1500550943 220236
1500550943 287179
1500550943 354273
1500550943 421299
1500550943 489233
1500550943 556477
1500550943 623739
1500550943 690734
1500550943 758024
1500550943 978388
1500550944 199079
1500550944 266160
1500550944 333413
1500550944 554894
1500550944 775423
1500550944 842290
1500550944 909346
1500550944 976693
1500550945 44013
1500550945 120934
1500550945 198207
1500550945 274307
1500550945 351420
1500550945 427512
1500550945 504851
1500550945 581968
1500550945 658173
1500550945 735209
1500550946 109466
1500550946 186517
1500550946 263657
1500550946 493325
1500550946 570294
1500550946 646621
1500550946 877168
1500550946 953415
1500550947 30196
1500550947 106497
1500550947 182740
1500550947 413544
1500550947 489168
1500550947 568376
1500550947 634105
1500550947 998707
1500550948 65744
1500550948 133128
1500550948 200411
1500550948 267391
1500550948 334402
1500550948 556064
1500550948 776309
1500550948 843724
1500550948 910711
1500550948 977685
1500550949 44931
1500550949 112508
1500550949 179314
1500550949 246395
1500550949 313729
1500550949 380939
1500550949 447853
1500550949 515072
1500550949 582350
1500550949 649567
1500550949 716543
1500550949 784539
1500550949 851774
1500550949 918905
1500550949 986148
1500550950 53452
1500550950 120340
1500550950 187514
1500550950 254736
1500550950 321913
1500550950 388919
1500550950 456197
1500550950 523381
1500550950 590478
1500550950 657677
1500550950 724681
1500550950 791745
1500550950 859103
1500550951 41627
1500550951 118773
1500550951 185754
1500550951 378271
1500550951 454511
1500550951 521557
1500550951 588759
1500550951 655884
1500550951 722942
1500550951 790047
1500550951 858068
1500550951 953330
1500550952 30558
1500550952 107813
1500550952 184028
1500550952 261037
1500550952 337433
1500550952 414529
1500550952 491634
1500550952 567974
1500550952 644934
1500550952 722149
1500550952 798499
1500550952 874548
1500550952 950814
1500550953 27867
1500550953 104683
1500550953 181414
1500550953 344278
1500550953 574534
1500550953 650664
1500550953 726809
1500550953 803935
1500550953 880088
1500550953 956265
1500550954 33617
1500550954 109972
1500550954 340270
1500550954 416523
1500550954 493659
1500550954 570010
1500550954 647067
1500550954 723628
1500550954 800376
1500550954 876740
1500550954 954372
1500550955 30013
1500550955 106249
1500550955 182410
1500550955 259613
1500550955 335122
1500550955 412146
1500550955 488291
1500550955 776261
1500550955 852417
1500550955 929529
1500550956 5815
1500550956 236214
1500550956 312482
1500550956 389550
1500550956 465823
1500550956 581290
1500550956 677387
1500550956 753559
1500550956 829820
1500550956 906739
1500550956 982972
1500550957 59182
1500550957 136313
1500550957 539643
1500550957 615756
1500550957 692330
1500550957 768855
1500550957 864306
1500550958 46504
1500550958 220002
1500550958 296259
1500550958 372398
1500550958 468583
1500550958 544735
1500550958 621472
1500550958 717135
1500550958 794315
1500550959 24096
1500550959 254702
1500550959 330788
1500550959 561403
1500550959 637742
1500550959 714810
1500550959 790870
1500550959 867796
1500550959 944112
1500550960 21262
1500550960 126673
1500550960 202671
1500550960 279028
1500550960 355718
1500550960 433447
1500550960 509550
1500550960 740269
1500550960 816431
1500550960 892690
1500550960 969449
1500550961 45660
1500550961 122005
1500550961 199370
1500550961 275534
1500550961 352631
1500550961 428934
1500550961 505979
1500550961 582489
1500550961 659206
1500550961 736044
1500550961 812099
1500550961 888893
1500550961 965309
1500550962 41915
1500550962 272996
1500550962 348757
1500550962 425741
1500550962 493502
1500550962 560494
1500550962 627711
1500550962 694685
1500550962 762186
1500550962 829012
1500550962 896080
1500550962 963351
1500550963 30585
1500550963 98227
1500550963 193784
1500550963 443816
1500550963 779776
1500550963 846610
1500550963 923640
1500550963 990631
1500550964 57742
1500550964 279298
1500550964 346819
1500550964 413534
1500550964 480881
1500550964 547900
1500550964 614968
1500550964 893916
1500550965 267628
1500550965 334874
1500550965 670548
1500550965 737643
1500550965 805876
1500550965 872829
1500550966 246900
1500550966 313830
1500550966 381000
1500550966 448278
1500550966 515511
1500550966 582479
1500550966 803974
1500550966 880348
1500550966 947209
1500550967 14447
1500550967 236235
1500550967 312408
1500550967 389324
1500550967 466442
1500550967 542665
1500550967 619860
1500550967 695992
1500550967 773263
1500550967 850233
1500550967 926421
1500550968 3874
1500550968 79937
1500550968 156242
1500550968 232794
1500550968 309565
1500550968 386705
1500550968 462784
1500550968 539097
1500550968 615521
1500550968 691610
1500550968 768204
1500550968 843941
1500550969 73715
1500550969 150055
1500550969 227050
1500550969 303308
1500550969 379483
1500550969 456552
1500550969 532732
1500550969 609630
1500550969 839600
1500550969 915799
1500550969 992177
1500550970 68337
1500550970 183560
1500550970 259762
1500550970 346242
1500550970 423825
1500550970 499387
1500550970 576596
1500550970 652791
1500550970 729436
1500550970 825006
1500550970 902268
1500550970 978455
1500550971 55182
1500550971 131779
1500550971 208050
1500550971 313412
1500550971 389666
1500550971 465806
1500550971 542681
1500550971 619439
1500550971 695379
1500550971 771649
1500550971 848874
1500550971 925073
1500550972 1370
1500550972 77616
1500550972 154188
1500550972 231079
1500550972 307560
1500550972 385270
1500550972 461449
1500550972 537606
1500550972 613793
1500550972 690900
1500550972 901533
1500550972 978683
1500550973 54883
1500550973 131029
1500550973 360838
1500550973 436910
1500550973 514154
1500550973 648523
1500550973 724914
1500550973 801773
1500550973 877969
1500550974 60315
1500550974 136913
1500550974 212890
1500550974 645915
1500550974 721558
1500550974 885366
1500550974 961289
1500550975 28776
1500550975 95716
1500550975 163887
1500550975 231034
1500550975 451840
1500550975 797619
1500550976 181517
1500550976 401907
1500550976 468904
1500550976 603240
1500550977 160868
1500550977 381201
1500550977 448237
1500550977 544287
1500550977 919237
1500550977 986333
1500550978 53368
1500550978 120623
1500550978 341247
1500550978 408579
1500550978 475400
1500550978 542586
1500550978 802442
1500550979 70948
1500550979 205161
1500550979 272256
1500550979 349340
1500550979 426203
1500550979 503127
1500550979 579958
1500550979 838667
1500550979 934580
1500550980 20967
1500550980 155148
1500550980 463010
1500550980 635521
1500550980 760794
1500550981 29207
1500550981 154395
1500550981 326943
1500550981 633481
1500550981 710696
1500550981 883190
1500550981 970452
1500550982 65454
1500550982 142754
1500550982 219646
1500550982 306314
1500550982 584729
1500550982 660794
1500550982 737971
1500550982 815138
1500550982 968503
1500550983 198267
1500550983 275321
1500550983 352778
1500550983 581986
1500550983 658152
1500550983 734819
1500550983 810800
1500550983 887888
1500550983 964033
1500550984 40196
1500550984 117635
1500550984 193597
1500550984 269951
1500550984 346041
1500550984 423291
1500550984 652824
1500550984 729988
1500550984 806175
1500550984 882698
1500550984 958883
1500550985 35590
1500550985 112684
1500550985 188643
1500550985 265713
1500550985 342629
1500550985 572074
1500550985 648276
1500550985 724561
1500550985 801158
1500550985 877894
1500550985 954505
1500550986 31287
1500550986 107576
1500550986 185313
1500550986 261216
1500550986 328822
1500550986 396077
1500550986 463137
1500550986 530536
1500550986 597454
1500550986 664683
1500550986 732108
1500550986 952524
1500550987 19576
1500550987 86787
1500550987 153954
1500550987 220991
1500550987 288272
1500550987 509842
1500550987 730316
1500550987 797304
1500550987 864494
1500550987 931521
1500550987 998599
1500550988 373615
1500550988 440703
1500550988 661258
1500550988 728610
1500550988 795620
1500550988 862555
1500550988 929894
1500550988 997756
1500550989 74199
1500550989 151175
1500550989 372081
1500550989 449044
1500550989 525340
1500550989 602425
1500550989 679310
1500550989 755726
1500550989 832784
1500550989 909018
1500550989 986200
1500550990 206719
1500550990 283677
1500550990 361019
1500550990 437237
1500550990 514414
1500550990 591616
1500550990 667740
1500550990 745117
1500550990 820908
1500550990 897986
1500550990 974309
1500550991 50874
1500550991 127253
1500550991 203906
1500550991 280142
1500550991 356353
1500550991 432655
1500550991 509248
1500550991 585983
1500550991 662379
1500550991 738674
1500550991 814805
1500550991 891707
1500550991 967395
1500550992 43601
1500550992 119619
1500550992 196320
1500550992 273040
1500550992 350155
1500550992 580275
1500550992 657018
1500550992 733166
1500550992 809859
1500550992 877444
1500550992 944476
1500550993 11635
1500550993 78994
1500550993 146206
1500550993 213022
1500550993 280160
1500550993 501684
1500550993 569050
1500550993 636085
1500550993 703235
1500550993 770536
1500550993 837343
1500550993 904674
1500550993 971901
1500550994 38999
1500550994 106130
1500550994 326914
1500550994 394045
1500550994 461115
1500550994 529169
1500550994 749804
1500550994 816955
1500550994 883940
1500550994 951234
1500550995 18356
1500550995 85724
1500550995 305986
1500550995 527562
1500550995 748172
1500550995 814991
1500550995 882212
1500550995 949314
1500550996 16536
1500550996 84326
1500550996 150781
1500550996 217878
1500550996 439334
1500550996 515637
1500550996 582800
1500550996 650008
1500550996 727167
1500550996 804334
1500550996 880334
1500550996 957597
1500550997 34559
1500550997 110980
1500550997 187991
1500550997 264281
1500550997 341626
1500550997 418643
1500550997 494767
1500550997 571829
1500550997 648077
1500550997 724870
1500550997 801445
1500550997 877783
1500550997 953959
1500550998 30117
1500550998 106943
1500550998 337079
1500550998 413371
1500550998 489403
1500550998 565668
1500550998 642742
1500550998 718967
1500550998 795414
1500550998 871502
1500550998 948193
1500550999 24712
1500550999 101297
1500550999 177624
1500550999 254398
1500550999 330670
1500550999 407230
1500550999 483965
1500550999 560228
1500550999 637307
1500550999 713746
1500550999 790452
1500550999 866960
1500550999 943378
1500551000 173030
1500551000 249186
1500551000 325981
1500551000 402439
1500551000 478578
1500551000 555539
1500551000 632221
1500551000 708464
1500551000 785262
1500551000 861680
1500551000 938797
1500551001 15082
1500551001 92099
1500551001 168387
1500551001 244697
1500551001 321472
1500551001 397901
1500551001 474836
1500551001 550459
1500551001 626873
1500551001 703262
1500551001 779853
1500551001 855901
1500551001 933273
1500551002 9583
1500551002 86387
1500551002 163045
1500551002 393862
1500551002 469829
1500551002 546393
1500551002 623265
1500551002 814831
1500551002 978009
1500551003 112283
1500551003 188712
1500551003 265240
1500551003 341787
1500551003 418903
1500551003 494775
1500551003 572198
1500551003 658639
1500551003 734727
1500551003 965140
1500551004 194720
1500551004 271629
1500551004 348159
1500551004 424578
1500551004 501148
1500551004 683205
1500551004 981584
1500551005 277682
1500551005 353766
1500551005 431059
1500551005 507300
1500551005 737568
1500551005 813373
1500551005 890885
1500551005 966593
1500551006 45001
1500551006 120383
1500551006 196647
1500551006 273136
1500551006 349177
1500551006 425718
1500551006 502773
1500551006 578742
1500551006 808759
1500551006 884673
1500551006 961192
1500551007 191680
1500551007 268177
1500551007 498382
1500551007 574990
1500551007 651677
1500551007 728254
1500551007 804736
1500551008 34776
1500551008 111006
1500551008 187810
1500551008 263855
1500551008 341235
1500551008 417569
1500551008 493662
1500551008 570297
1500551008 646886
1500551008 723748
1500551008 800562
1500551008 876437
1500551008 953630
1500551009 29507
1500551009 106928
1500551009 183351
1500551009 260354
1500551009 374423
1500551009 451469
1500551009 528320
1500551009 604529
1500551009 680421
1500551009 940192
1500551010 171171
1500551010 267270
1500551010 343273
1500551010 419972
1500551010 495950
1500551010 572264
1500551010 649004
1500551010 724716
1500551010 802429
1500551010 879405
1500551010 954131
1500551011 22560
1500551011 89666
1500551011 157291
1500551011 522011
1500551011 742528
1500551011 963219
1500551012 30165
1500551012 97464
1500551012 164553
1500551012 231778
1500551012 298872
1500551012 520503
1500551012 587609
1500551012 961239
1500551013 28375
1500551013 95672
1500551013 163540
1500551013 230599
1500551013 451349
1500551013 518607
1500551013 585557
1500551013 806074
1500551013 873193
1500551014 94921
1500551014 170895
1500551014 238058
1500551014 305187
1500551014 372570
1500551014 593767
1500551014 669995
1500551014 747252
1500551014 824503
1500551014 900667
1500551014 977655
1500551015 54854
1500551015 131097
1500551015 208406
1500551015 284495
1500551015 505984
1500551015 582070
1500551015 659271
1500551015 889238
1500551015 965536
1500551016 43214
1500551016 119258
1500551016 195252
1500551016 272456
1500551016 348667
1500551016 426989
1500551016 502200
1500551016 578121
1500551016 655487
1500551016 731598
1500551016 808984
1500551016 885121
1500551016 960899
1500551017 38470
1500551017 114545
1500551017 192252
1500551017 267815
1500551017 344435
1500551017 421591
1500551017 497543
1500551017 574085
1500551017 651100
1500551017 727322
1500551017 803604
1500551017 879559
1500551017 956051
1500551018 33472
1500551018 110281
1500551018 186258
1500551018 263838
1500551018 339738
1500551018 417251
1500551018 493447
1500551018 569085
1500551018 646733
1500551018 722567
1500551018 800029
1500551018 876172
1500551019 30022
1500551019 183238
1500551019 413764
1500551019 489543
1500551019 567748
1500551019 643510
1500551019 719299
1500551019 949169
1500551020 178801
1500551020 255114
1500551020 330855
1500551020 408300
1500551020 484058
1500551020 715017
1500551020 791279
1500551020 867468
1500551020 943288
1500551021 19762
1500551021 96949
1500551021 173144
1500551021 249360
1500551021 325356
1500551021 402886
1500551021 537309
1500551021 613892
1500551021 689457
1500551021 766945
1500551021 843639
