1502298264 676524
1502298264 983974
1502298265 213565
1502298265 330862
1502298265 488439
1502298265 717315
1502298265 809702
1502298266 61119
1502298266 260404
1502298266 513008
1502298266 774584
1502298266 937112
1502298267 202567
1502298267 399103
1502298267 514057
1502298267 777810
1502298268 47321
1502298268 258561
1502298268 500148
1502298268 831937
1502298270 471606
1502298272 579375
1502298272 875192
1502298273 362696
1502298274 120323
1502298274 529552
1502298275 712873
1502298275 990239
1502298276 235676
1502298276 362469
1502298276 669870
1502298276 887290
1502298277 30658
1502298277 362269
1502298277 567307
1502298277 828369
1502298277 946699
1502298278 58307
1502298278 323689
1502298278 472315
1502298278 737857
1502298278 949423
1502298279 382679
1502298279 870380
1502298282 781997
1502298282 920398
1502298283 125833
1502298283 248038
1502298283 573437
1502298283 746987
1502298284 428
1502298284 151937
1502298284 477399
1502298284 667180
1502298284 830673
1502298285 40881
1502298285 228395
1502298285 667358
1502298285 773777
1502298285 957166
1502298286 67463
1502298286 375006
1502298286 640376
1502298286 818892
1502298287 21503
1502298287 197004
1502298287 466261
1502298287 680793
1502298287 928271
1502298288 98024
1502298288 302248
1502298288 555532
1502298288 711460
1502298288 891736
1502298289 139537
1502298289 512814
1502298289 772894
1502298289 876192
1502298290 105674
1502298290 247605
1502298290 462886
1502298290 680469
1502298290 793184
1502298291 52950
1502298291 402278
1502298291 590886
1502298291 814422
1502298292 27438
1502298292 261934
1502298292 425736
1502298292 679908
1502298292 915394
1502298293 125167
1502298293 209542
1502298293 457406
1502298293 632855
1502298293 814906
1502298294 69116
1502298294 282491
1502298294 470636
1502298294 643770
1502298294 885641
1502298295 331119
1502298295 549465
1502298295 645944
1502298295 766607
1502298295 949883
1502298296 287426
1502298296 517113
1502298296 740327
1502298296 868996
1502298297 72304
1502298297 271818
1502298297 451297
1502298297 788813
1502298298 17493
1502298298 210196
1502298298 505830
1502298298 766048
1502298299 643270
1502298300 46905
1502298300 169620
1502298300 251870
1502298300 416151
1502298300 615715
1502298300 769135
1502298300 950850
1502298301 58873
1502298301 174299
1502298301 439751
1502298301 825384
1502298301 946927
1502298302 278444
1502298302 447878
1502298302 839297
1502298302 924291
1502298303 261521
1502298303 485367
1502298303 780742
1502298303 949011
1502298304 91802
1502298304 301357
1502298304 553660
1502298304 640912
1502298304 878121
1502298304 997945
1502298305 117940
1502298305 287931
1502298305 379608
1502298305 484753
1502298305 751536
1502298305 972692
1502298306 204682
1502298306 530256
1502298306 885561
1502298306 966521
1502298307 184229
1502298307 315422
1502298307 575509
1502298307 787159
1502298307 913620
1502298308 110850
1502298308 330211
1502298308 436760
1502298308 632905
1502298308 788546
1502298309 17848
1502298309 116292
1502298309 381998
1502298309 475086
1502298309 651423
1502298309 797881
1502298310 61989
1502298310 242682
1502298310 437117
1502298310 587449
1502298310 788848
1502298310 918311
1502298311 4584
1502298311 181712
1502298311 414222
1502298311 506594
1502298311 644828
1502298311 848244
1502298312 11633
1502298312 243168
1502298312 436854
1502298312 744544
1502298312 943959
1502298313 168351
1502298313 275616
1502298313 486780
1502298313 643380
1502298313 885186
1502298314 37401
1502298314 196565
1502298314 354067
1502298314 562197
1502298314 688690
1502298314 918044
1502298315 116501
1502298315 355386
1502298315 572657
1502298315 744084
1502298315 869684
1502298316 112869
1502298316 282308
1502298316 369807
1502298316 462532
1502298316 699156
1502298316 870612
1502298316 945997
1502298317 161120
1502298317 360551
1502298317 530137
1502298317 728580
1502298317 851942
1502298318 27720
1502298318 503033
1502298318 972476
1502298320 263911
1502298321 27462
1502298321 220874
1502298321 345810
1502298321 434999
1502298321 700687
1502298321 933897
1502298322 158587
1502298322 424609
1502298322 665990
1502298322 748035
1502298323 31728
1502298323 292794
1502298323 594097
1502298323 669272
1502298323 806415
1502298323 961875
1502298324 224026
1502298324 314586
1502298324 578784
1502298324 676429
1502298324 939679
1502298325 53249
1502298325 186597
1502298325 304776
1502298325 555954
1502298325 655585
1502298325 877064
1502298326 125540
1502298326 316934
1502298326 564769
1502298326 950602
1502298327 52814
1502298327 216045
1502298327 387407
1502298327 536115
1502298327 771651
1502298327 979374
1502298328 153908
1502298328 491450
1502298328 666303
1502298328 991812
1502298329 329312
1502298329 894692
1502298331 77914
1502298332 759360
1502298333 102884
1502298333 367982
1502298334 89618
1502298335 327235
1502298335 501924
1502298335 617900
1502298335 807552
1502298335 963845
1502298336 153571
1502298336 376845
1502298336 500648
1502298336 577432
1502298336 713695
1502298336 847946
1502298337 24494
1502298337 362266
1502298337 759309
1502298338 234691
1502298339 39903
1502298339 923094
1502298340 104556
1502298340 278639
1502298340 412958
1502298340 590310
1502298340 834694
1502298341 34520
1502298341 252728
1502298341 422187
1502298341 549686
1502298341 709960
1502298342 17296
1502298342 138930
1502298342 344358
1502298342 537840
1502298342 627084
1502298342 874494
1502298343 46837
1502298343 208204
1502298343 419620
1502298343 522293
1502298343 760297
1502298343 952514
1502298344 186384
1502298344 301865
1502298344 392739
1502298344 537048
1502298344 675639
1502298344 827256
1502298345 92807
1502298345 219834
1502298345 491369
1502298345 888920
1502298346 118323
1502298347 85852
1502298347 230118
1502298347 404529
1502298347 604735
1502298347 948566
1502298348 55219
1502298348 212113
1502298348 513646
1502298348 705612
1502298348 946118
1502298349 223715
1502298349 446138
1502298349 717636
1502298349 933224
1502298350 114780
1502298350 309109
1502298350 500630
1502298350 645009
1502298350 856347
1502298351 111951
1502298351 217316
1502298351 422928
1502298351 718652
1502298351 959978
1502298352 185348
1502298352 426770
1502298352 675604
1502298352 971393
1502298353 234640
1502298353 482350
1502298353 820005
1502298354 199564
1502298355 107028
1502298356 356718
1502298358 410605
1502298358 747956
1502298358 921875
1502298359 199471
1502298359 301815
1502298359 513426
1502298359 958704
1502298360 89590
1502298360 265372
1502298360 788196
1502298361 51324
1502298361 220826
1502298361 387381
1502298361 551434
1502298361 761384
1502298362 20655
1502298362 226054
1502298362 395659
1502298362 679025
1502298362 890539
1502298363 99315
1502298363 280809
1502298363 541174
1502298363 673717
1502298363 915497
1502298364 30503
1502298364 283748
1502298364 663145
1502298364 767097
1502298365 98601
1502298365 304118
1502298365 556550
1502298365 704185
1502298365 824587
1502298366 144038
1502298366 433423
1502298366 572020
1502298366 825844
1502298367 289324
1502298367 890733
1502298368 402572
1502298371 194064
1502298371 423248
1502298371 584754
1502298371 768575
1502298372 52035
1502298372 305949
1502298372 405180
1502298372 646938
1502298372 816554
1502298372 917446
1502298373 164984
1502298373 358425
1502298373 562618
1502298373 788135
1502298373 880658
1502298374 32710
1502298374 283148
1502298374 538759
1502298374 719280
1502298374 895692
1502298375 101399
1502298375 582688
1502298376 34154
1502298376 181583
1502298376 432926
1502298376 620606
1502298376 736977
1502298376 972393
1502298377 243743
1502298377 641136
1502298377 889304
1502298378 93878
1502298378 431282
1502298378 616231
1502298378 875755
1502298379 88075
1502298379 167546
1502298379 374119
1502298379 717523
1502298379 915119
1502298380 210450
1502298380 536094
1502298380 651922
1502298380 971615
1502298381 236953
1502298381 436456
1502298381 631972
1502298381 905422
1502298382 138090
1502298382 301358
1502298382 464840
1502298382 742510
1502298382 846935
1502298383 100534
1502298383 295859
1502298383 537621
1502298383 769419
1502298383 868393
1502298384 81250
1502298384 300944
1502298384 551496
1502298384 775394
1502298384 854656
1502298385 96333
1502298385 512021
1502298385 731271
1502298385 978810
1502298386 63423
1502298386 305020
1502298386 383964
1502298386 580139
1502298386 796589
1502298386 975081
1502298387 306492
1502298387 506179
1502298387 975809
1502298388 223500
1502298388 375521
1502298388 706902
1502298388 972575
1502298389 214992
1502298389 486530
1502298389 782230
1502298390 509866
1502298390 823690
1502298390 923252
1502298391 236643
1502298391 390183
1502298391 633557
1502298391 897995
1502298392 34750
1502298392 336558
1502298392 626163
1502298392 758150
1502298392 918483
1502298393 166157
1502298393 431525
1502298393 835207
1502298394 538553
1502298394 722639
1502298394 850855
1502298395 56458
1502298395 279976
1502298395 881386
1502298395 964936
1502298396 134583
1502298396 352629
1502298396 636239
1502298396 765419
1502298397 3494
1502298397 224833
1502298397 404999
1502298397 563023
1502298397 812586
1502298397 930018
1502298398 116890
1502298398 356348
1502298398 599130
1502298398 826730
1502298398 913177
1502298399 108313
1502298399 363712
1502298399 701079
1502298399 787197
1502298399 998693
1502298400 168762
1502298400 407268
1502298400 739043
1502298401 190571
1502298401 296709
1502298401 521864
1502298401 760427
1502298402 86588
1502298402 610393
1502298403 61955
1502298403 312721
1502298403 550286
1502298403 771897
1502298403 866483
1502298404 76529
1502298404 341998
1502298404 522658
1502298404 602970
1502298404 860205
1502298405 113751
1502298405 222387
1502298405 412313
1502298405 532097
1502298405 852020
1502298406 33200
1502298406 281796
1502298406 487674
1502298406 684601
1502298406 927996
1502298407 185638
1502298407 282058
1502298407 565829
1502298408 83345
1502298408 432512
1502298409 951771
1502298410 47016
1502298410 136761
1502298410 456429
1502298410 698648
1502298410 836470
1502298411 60290
1502298411 273140
1502298411 477960
1502298411 815573
1502298412 260995
1502298412 393395
1502298412 635104
1502298412 814577
1502298413 86702
1502298413 436208
1502298414 7354
1502298415 580828
1502298415 791404
1502298416 26174
1502298416 135453
1502298416 365001
1502298416 481517
1502298416 800992
1502298417 14931
1502298417 193226
1502298417 375182
1502298417 622653
1502298418 56295
1502298418 717941
1502298419 97380
1502298419 347783
1502298419 601051
1502298419 766660
1502298420 14325
1502298420 303852
1502298420 527305
1502298420 714965
1502298420 896763
1502298421 168577
1502298421 680124
1502298422 677295
1502298422 799863
1502298422 987268
1502298423 216669
1502298423 432862
1502298423 626382
1502298423 933964
1502298424 211906
1502298424 456031
1502298424 545564
1502298424 667841
1502298424 903567
1502298425 157104
1502298425 572818
1502298426 732359
1502298426 844821
1502298427 164565
1502298427 328374
1502298427 485352
1502298427 699513
1502298427 784233
1502298427 947607
1502298428 176717
1502298428 275100
1502298428 588720
1502298428 668914
1502298428 774192
1502298429 47722
1502298429 343144
1502298429 752702
1502298430 132272
1502298431 603784
1502298433 213662
1502298433 460449
1502298433 568756
1502298433 791950
1502298434 315515
1502298435 133259
1502298435 235913
1502298435 498224
1502298435 696663
1502298435 886037
1502298436 127283
1502298436 525191
1502298436 715891
1502298436 922352
1502298437 103966
1502298437 303543
1502298437 845012
1502298438 50378
1502298438 212457
1502298438 347634
1502298438 655410
1502298438 805113
1502298439 69174
1502298439 238942
1502298439 421062
1502298440 88620
1502298440 792404
1502298440 994687
1502298441 101091
1502298441 366341
1502298441 499081
1502298441 753362
1502298441 970926
1502298442 98218
1502298442 256680
1502298442 558461
1502298442 926037
1502298443 755482
1502298443 948944
1502298446 410416
1502298446 614229
1502298446 921814
1502298447 2156
1502298447 173689
1502298447 251838
1502298447 499496
1502298447 945098
1502298448 47944
1502298448 207190
1502298448 343496
1502298448 428533
1502298448 658634
1502298448 841057
1502298449 23447
1502298449 265228
1502298449 662635
1502298450 516237
1502298450 860551
1502298453 202537
1502298453 450085
1502298453 757648
1502298453 993248
1502298454 168814
1502298454 380425
1502298454 795915
1502298454 992544
1502298455 180506
1502298455 316373
1502298455 480129
1502298455 805960
1502298455 921651
1502298456 175409
1502298456 439737
1502298456 662788
1502298456 845559
1502298456 950059
1502298457 58316
1502298457 286640
1502298457 517050
1502298457 723570
1502298457 865263
1502298458 178887
1502298458 582622
1502298459 64551
1502298459 214145
1502298459 377491
1502298459 483067
1502298459 724534
1502298459 960575
1502298460 280292
1502298460 588012
1502298461 321901
1502298462 889703
1502298463 335311
1502298463 577241
1502298463 980984
1502298464 189074
1502298464 436849
1502298464 596195
1502298464 719558
1502298465 32819
1502298465 466600
1502298465 611593
1502298465 851757
1502298466 63609
1502298466 329414
1502298467 206926
1502298467 367517
1502298467 692845
1502298468 162431
1502298468 463607
1502298469 293364
1502298469 550015
1502298469 791447
1502298469 995336
1502298470 176826
1502298470 652278
1502298470 739314
1502298470 975043
1502298471 187952
1502298471 338548
1502298471 520534
1502298471 602057
1502298471 688370
1502298471 977901
1502298472 513380
1502298473 414988
1502298474 994546
1502298477 696625
1502298477 853958
1502298477 992459
1502298478 198468
1502298478 674621
1502298478 839142
1502298478 914844
1502298479 21851
1502298479 269391
1502298479 744855
1502298479 918811
1502298480 190785
1502298480 304907
1502298480 582787
1502298480 848484
1502298481 354634
1502298481 609528
1502298481 797494
1502298482 3606
1502298482 214767
1502298482 383441
1502298482 570898
1502298482 907992
1502298483 167716
1502298483 847485
1502298484 760547
1502298486 478432
1502298486 804272
1502298487 31707
1502298487 279401
1502298487 435750
1502298487 635261
1502298487 913250
1502298488 100925
1502298488 504463
1502298488 736724
1502298488 871083
1502298489 214708
1502298489 642938
1502298489 813200
1502298489 901478
1502298490 166926
1502298490 498834
1502298491 340296
1502298491 511228
1502298491 629467
1502298491 847143
1502298491 960178
1502298492 201663
1502298492 707045
1502298493 224483
1502298494 329761
1502298496 329127
1502298496 505293
1502298496 680763
1502298496 815144
1502298497 44638
1502298497 194886
1502298497 390164
1502298497 715278
1502298497 908424
1502298498 209997
1502298498 613616
1502298498 824851
1502298498 987975
1502298499 193308
1502298499 416818
1502298499 595215
1502298499 771708
1502298499 976988
1502298500 80462
1502298500 317690
1502298500 461300
1502298500 750579
1502298501 3844
1502298501 106910
1502298501 237247
1502298501 556633
1502298502 20263
1502298502 310220
1502298503 133428
1502298503 262658
1502298503 600182
1502298503 985251
1502298504 161139
1502298505 830830
1502298508 796331
1502298508 971443
1502298509 210990
1502298509 378316
1502298509 559486
1502298509 730007
1502298509 929307
1502298510 297616
1502298510 541628
1502298510 830706
1502298511 258481
1502298511 394201
1502298511 564170
1502298511 646739
1502298511 835096
1502298512 154705
1502298512 258819
1502298512 440557
1502298512 976424
1502298513 590117
1502298514 293872
1502298515 807266
1502298515 915125
1502298516 180438
1502298516 260102
1502298516 447900
1502298516 618503
1502298516 824239
1502298517 83484
1502298517 238042
1502298517 457198
1502298517 728648
1502298518 198134
1502298518 733608
1502298519 395770
1502298521 749554
1502298521 906908
1502298522 133854
1502298522 417113
1502298522 492929
1502298522 611234
1502298522 718453
1502298522 913848
1502298523 245397
1502298523 468828
1502298524 346454
1502298525 548116
1502298525 818071
1502298525 984745
1502298526 310588
1502298526 455908
1502298526 769336
1502298526 881027
1502298527 37175
1502298527 242967
1502298527 420032
1502298527 514176
1502298527 700608
1502298527 883286
1502298528 95404
1502298528 239782
1502298528 493022
1502298528 902284
1502298529 461871
1502298529 553054
1502298529 735108
1502298529 977611
1502298530 309434
1502298530 586512
1502298530 680647
1502298530 945919
1502298531 403598
1502298531 521562
1502298531 697420
1502298531 908319
1502298532 161788
1502298532 403024
1502298533 226991
1502298534 692566
1502298534 782190
1502298535 71656
1502298535 457113
1502298536 202398
1502298536 953731
1502298538 359268
1502298538 628298
1502298538 788604
1502298539 20249
1502298539 291619
1502298539 369419
1502298539 676989
1502298540 62377
1502298540 183200
1502298540 514709
1502298540 762303
1502298540 907645
1502298541 82995
1502298541 450748
1502298542 94167
1502298542 881561
1502298543 80194
1502298543 352319
1502298543 604401
1502298543 743140
1502298543 954648
1502298544 142901
1502298544 245431
1502298544 474973
1502298544 776490
1502298544 926698
1502298545 132309
1502298545 383589
1502298545 573064
1502298545 795564
1502298545 974025
1502298546 287838
1502298546 445262
1502298546 687552
1502298546 861290
1502298547 144767
1502298547 411989
1502298547 713371
1502298548 200849
1502298548 586117
1502298548 808486
1502298549 3005
1502298549 214271
1502298549 498052
1502298549 974189
1502298550 104631
1502298550 310952
1502298550 624731
1502298550 805924
1502298550 934000
1502298551 163910
1502298551 243294
1502298551 538885
1502298551 684135
1502298551 936250
1502298552 195660
1502298552 383138
1502298552 672461
1502298552 907834
1502298553 105279
1502298553 262515
1502298553 375898
1502298553 509110
1502298553 643398
1502298553 843701
1502298553 997064
1502298554 238210
1502298554 505075
1502298554 595683
1502298554 849665
1502298555 36720
1502298555 253938
1502298555 504259
1502298555 709738
1502298555 993072
1502298556 225329
1502298556 424925
1502298556 822062
1502298556 966967
1502298557 154093
1502298557 380622
1502298557 652009
1502298558 31430
1502298558 122497
1502298558 259989
1502298558 471516
1502298558 688870
1502298558 906446
1502298560 558122
1502298560 681419
1502298560 934517
1502298561 163505
1502298561 345690
1502298561 510280
1502298561 685697
1502298561 954317
1502298562 111898
1502298562 190069
