1502354670 378237
1502354670 570174
1502354670 723128
1502354670 838331
1502354671 78005
1502354671 193171
1502354671 375709
1502354671 539065
1502354672 9370
1502354672 191487
1502354672 489171
1502354672 700485
1502354672 815734
1502354672 940122
1502354673 497321
1502354673 650733
1502354673 736904
1502354673 977443
1502354674 208225
1502354674 428359
1502354674 726197
1502354674 812345
1502354674 975660
1502354675 129040
1502354675 283318
1502354675 369462
1502354675 609548
1502354675 781570
1502354675 915904
1502354676 31548
1502354676 232577
1502354676 338844
1502354676 444042
1502354676 645470
1502354676 779857
1502354676 962143
1502354677 327036
1502354677 595701
1502354677 759065
1502354678 18913
1502354678 245257
1502354678 627430
1502354678 886974
1502354679 136680
1502354679 606638
1502354679 721993
1502354679 847292
1502354680 105951
1502354680 193009
1502354680 672472
1502354680 758251
1502354680 922130
1502354681 84969
1502354681 161349
1502354681 353639
1502354681 555195
1502354681 775771
1502354681 899899
1502354682 293049
1502354682 446440
1502354682 695934
1502354682 859296
1502354683 42508
1502354683 300397
1502354683 866984
1502354683 962985
1502354684 222439
1502354684 318655
1502354684 577145
1502354684 731419
1502354684 982103
1502354685 202815
1502354685 634063
1502354685 710707
1502354686 247814
1502354686 468439
1502354686 737605
1502354686 881300
1502354687 15972
1502354687 572839
