1502193338 18623
1502193338 191331
1502193338 306578
1502193338 383698
1502193338 595190
1502193338 805697
1502193338 920979
1502193339 228593
1502193339 487251
1502193339 593427
1502193339 736795
1502193339 823896
1502193340 92534
1502193340 812196
1502193340 898435
1502193341 128898
1502193341 215241
1502193341 474710
1502193341 782313
1502193341 916619
1502193342 185258
1502193342 329537
1502193342 550049
1502193342 751526
1502193342 866794
1502193343 164479
1502193343 328058
1502193343 548294
1502193343 673568
1502193344 18393
1502193344 275295
1502193344 498519
1502193344 613788
1502193344 863468
1502193345 26659
1502193345 112861
1502193345 324272
1502193345 458631
1502193345 544808
1502193345 871541
1502193346 159312
1502193346 294541
1502193346 514909
1502193346 764549
1502193346 869779
1502193347 359818
1502193347 599423
1502193347 772706
1502193347 867979
1502193347 955169
1502193348 184827
1502193348 329028
1502193348 876281
1502193349 77754
1502193349 279206
1502193349 433717
1502193349 683032
1502193349 932569
1502193350 153294
1502193350 460728
1502193350 662215
1502193351 65161
1502193351 343731
1502193351 487163
1502193351 612423
1502193351 823805
1502193352 82455
1502193352 898374
1502193353 138846
1502193353 394681
1502193353 580923
1502193353 668193
1502193353 801299
1502193354 79913
1502193354 252034
1502193354 415600
1502193354 511835
1502193354 635943
1502193354 770206
1502193354 866407
1502193355 241453
1502193355 481097
