1499965471 507956
1499965471 680289
1499965471 958925
1499965472 151449
1499965472 323566
1499965472 458045
1499965472 631463
1499965472 986391
1499965473 158457
1499965473 321896
1499965473 667596
1499965473 830988
1499965473 994359
1499965474 157679
1499965474 340233
1499965474 695100
1499965474 839418
1499965475 11720
1499965475 175198
1499965475 357753
1499965475 491802
1499965475 645976
1499965475 799382
1499965475 981764
1499965476 327592
1499965476 480968
1499965476 654273
1499965476 816579
1499965477 162338
1499965477 325800
1499965477 479228
1499965477 844143
1499965478 7436
1499965478 189824
1499965478 344046
1499965478 487504
1499965478 640880
1499965478 814194
1499965478 967353
1499965479 111650
1499965479 255231
1499965479 409469
1499965479 562783
1499965479 745212
1499965479 918338
1499965480 61808
1499965480 225314
1499965480 580937
1499965480 907009
1499965481 252861
1499965481 396878
1499965481 550200
1499965481 723763
1499965481 867030
1499965482 212609
1499965482 404935
1499965482 558326
1499965482 711688
1499965482 855917
1499965483 38709
1499965483 384030
1499965483 537405
1499965483 691149
1499965483 873721
1499965484 17600
1499965484 209093
1499965484 391705
1499965484 574067
1499965484 728254
1499965484 890801
1499965485 63840
1499965485 208073
1499965485 390731
1499965485 553214
1499965485 716719
1499965485 869886
1499965486 24223
1499965486 340766
1499965486 676900
1499965486 859072
1499965487 12367
1499965487 185880
1499965487 378115
1499965487 713810
1499965487 877221
1499965488 49668
1499965488 194320
1499965488 731105
1499965488 894688
