1498238362.8079505
1498238362.8079596
1498238362.807961
1498238362.8079624
1498238362.8079634
1498238362.8079767
1498238362.8079777
1498238362.8079784
1498238362.8079796
1498238362.8079805
1498238362.8079813
1498238362.8079824
1498238362.8079832
1498238362.8079839
1498238362.8079846
1498238362.8079858
1498238362.8079865
1498238362.8079875
1498238362.8079882
1498238362.8079894
1498238362.80799
1498238362.8079908
1498238362.8079917
1498238362.807993
1498238362.8079937
1498238362.8079944
1498238362.8079953
1498238362.8079963
1498238362.8079972
1498238362.807998
1498238362.8079987
1498238362.8079998
1498238362.8080006
1498238362.8080015
1498238362.8080022
1498238362.8080032
1498238362.8080041
1498238362.8080049
1498238362.8080058
1498238362.8080068
1498238362.8080075
1498238362.8080084
1498238362.8080091
1498238362.80801
1498238362.808011
1498238362.8080118
1498238362.8080125
1498238362.8080137
1498238362.8080144
1498238362.8080153
1498238362.808016
1498238362.8080168
1498238362.808018
1498238362.8080187
1498238362.8080194
1498238362.8080206
1498238362.8080213
1498238362.808022
1498238362.808023
1498238362.8080242
1498238362.808025
1498238362.8080256
1498238362.8080266
1498238362.8080275
1498238362.8080282
1498238362.808029
1498238362.80803
1498238362.8080306
1498238362.8080316
1498238362.8080325
1498238362.8080332
1498238362.808034
1498238362.8080351
1498238362.8080363
1498238362.808037
1498238362.8080382
1498238362.808039
1498238362.8080397
1498238362.8080406
1498238362.8080416
1498238362.8080423
1498238362.8080432
1498238362.808044
1498238362.808045
1498238362.8080456
1498238362.8080466
1498238362.8080473
1498238362.808048
1498238362.8080492
1498238362.8080502
1498238362.8080509
1498238362.808052
1498238362.8080528
1498238362.8080535
1498238362.8080564
1498238362.808057
1498238362.808058
1498238362.808059
1498238362.8080597
1498238362.8080604
1498238362.8080614
1498238362.8080623
1498238362.808063
1498238362.8080637
1498238362.8080647
1498238362.8080657
1498238362.8080664
1498238362.8080673
1498238362.808068
1498238362.8080692
1498238362.80807
1498238362.8080707
1498238362.8080716
1498238362.8080726
1498238362.8080733
1498238362.8080742
1498238362.808075
1498238362.8080757
1498238362.8080769
1498238362.8080776
1498238362.8080783
1498238362.808079
1498238362.8080802
1498238362.808081
1498238362.8080816
1498238362.8080826
1498238362.8080835
1498238362.8080847
1498238362.8080854
1498238362.8080862
1498238362.8080873
1498238362.808088
1498238362.8080888
1498238362.80809
1498238362.8080907
1498238362.8080914
1498238362.808092
1498238362.808093
1498238362.808094
1498238362.8080947
1498238362.8080955
1498238362.8080964
1498238362.8080974
1498238362.808098
1498238362.808099
1498238362.8080997
1498238362.8081007
1498238362.8081017
1498238362.8081024
1498238362.8081036
1498238362.8081045
1498238362.8081052
1498238362.8081062
1498238362.808107
1498238362.8081079
1498238362.8081086
1498238362.8081095
1498238362.8081102
1498238362.8081112
1498238362.8081121
1498238362.8081129
1498238362.8081136
1498238362.8081148
1498238362.8081155
1498238362.8081162
1498238362.8081172
1498238362.8081188
1498238362.8081198
1498238362.8081205
1498238362.8081214
1498238362.8081224
1498238362.808123
1498238362.8081238
1498238362.8081248
1498238362.8081257
1498238362.8081264
1498238362.8081274
1498238362.8081284
1498238362.808129
1498238362.80813
1498238362.8081307
1498238362.8081317
1498238362.8081324
1498238362.8081334
1498238362.808134
1498238362.8081348
1498238362.808136
1498238362.8081367
1498238362.8081374
1498238362.8081386
1498238362.8081393
1498238362.80814
1498238362.8081408
1498238362.8081417
1498238362.8081427
1498238362.8081434
1498238362.8081443
1498238362.808145
1498238362.808146
1498238362.808147
1498238362.8081477
1498238362.8081484
1498238362.8081498
1498238362.8081505
1498238362.8081512
1498238362.8081524
1498238362.8081532
1498238362.808154
1498238362.8081548
1498238362.8081555
1498238362.8081567
1498238362.8081574
1498238362.8081582
1498238362.808159
1498238362.80816
1498238362.8081608
1498238362.8081615
1498238362.8081625
1498238362.8081634
