1502362167 990649
1502362168 183306
1502362168 369356
1502362168 591673
1502362169 168524
1502362170 29632
1502362170 259600
1502362170 477062
1502362170 663906
1502362170 890860
1502362171 468981
1502362172 161121
1502362172 218140
1502362172 685707
1502362172 817961
1502362172 910806
1502362173 3118
1502362173 107878
1502362173 168205
1502362173 652520
1502362173 963716
1502362174 178636
1502362174 263316
1502362174 942788
1502362175 817556
1502362176 799184
1502362176 894956
1502362176 959818
1502362177 16949
1502362177 433302
1502362177 660521
1502362177 718466
1502362177 774818
1502362179 231078
1502362179 454255
1502362179 512535
1502362180 313446
1502362180 375543
1502362180 623525
1502362180 776663
1502362181 44561
1502362181 238361
1502362181 345426
1502362181 764234
1502362181 857688
1502362182 178097
1502362182 236967
1502362182 534575
