1499962816 179803
1499962816 362213
1499962816 717923
1499962818 158215
1499962819 760985
1499962819 943157
1499962821 758187
1499962821 940803
1499962822 267600
1499962822 958896
1499962823 640539
1499962823 812710
1499962824 148374
1499962827 48107
1499962827 566216
1499962827 739494
1499962828 66165
1499962828 257582
1499962828 440064
1499962829 102624
1499962829 630767
1499962830 158971
1499962830 667165
1499962830 993777
1499962831 320537
1499962831 656294
1499962831 809652
1499962832 328076
1499962832 510228
1499962833 38360
