1500556089 837206
1500556089 932935
1500556090 29554
1500556090 125231
1500556090 268728
1500556090 451948
1500556090 662471
1500556090 758515
1500556090 853935
1500556090 949978
1500556091 45887
1500556091 353037
1500556091 602711
1500556091 707840
1500556091 803566
1500556091 900306
1500556092 72272
1500556092 168564
1500556092 360271
1500556092 475503
1500556092 571349
1500556092 849708
1500556093 2874
1500556093 99240
1500556093 194705
1500556093 290269
1500556093 443356
1500556093 616198
1500556093 712298
1500556093 808346
1500556093 903878
1500556093 999186
1500556094 95034
1500556094 191225
1500556094 287027
1500556094 382140
1500556094 478057
1500556094 573601
1500556094 669282
1500556094 765185
1500556094 861008
1500556094 956731
1500556095 52498
1500556095 148635
1500556095 244201
1500556095 339467
1500556095 435403
1500556095 531030
1500556095 626824
1500556095 722435
1500556095 817688
1500556095 913577
1500556096 9054
1500556096 104976
1500556096 200589
1500556096 296469
1500556096 392313
1500556096 488118
1500556096 583853
1500556096 679616
1500556096 775397
1500556096 871443
1500556096 966659
1500556097 62444
1500556097 158229
1500556097 253987
1500556097 349772
1500556097 445575
1500556097 541323
1500556097 637543
1500556097 732674
1500556097 828889
1500556097 924646
1500556098 20485
1500556098 116490
1500556098 212531
1500556098 307992
1500556098 403368
1500556098 498992
1500556098 594783
1500556098 690625
1500556098 786908
1500556098 882520
1500556098 978214
1500556099 73909
1500556099 169875
1500556099 265845
1500556099 361831
1500556099 457001
1500556099 553158
1500556099 648817
1500556099 744607
1500556099 840499
1500556099 936168
1500556100 31577
1500556100 127698
1500556100 223759
1500556100 319055
1500556100 414987
1500556100 510574
1500556100 605885
1500556100 702099
1500556100 798137
1500556100 893560
1500556100 989323
1500556101 85036
1500556101 180276
1500556101 276127
1500556101 371861
1500556101 467922
1500556101 563928
1500556101 659554
1500556101 754791
1500556101 889132
1500556101 994412
1500556102 195932
1500556102 292022
