1500554573 329611
1500554573 589135
1500554573 666370
1500554573 742297
1500554573 819475
1500554573 962909
1500554574 39985
1500554574 116263
1500554574 193379
1500554574 269603
1500554574 346638
1500554574 422951
1500554574 500004
1500554574 576261
1500554574 653563
1500554574 729684
1500554574 806645
1500554574 883029
1500554574 960110
1500554575 36467
1500554575 113680
1500554575 189819
1500554575 266981
1500554575 382258
1500554575 497413
1500554575 573693
1500554575 650775
1500554575 727067
1500554575 804159
1500554575 880506
1500554575 957428
1500554576 34593
1500554576 110939
1500554576 188106
1500554576 264396
1500554576 341549
1500554576 446627
1500554576 629187
1500554576 734267
1500554576 811483
1500554576 887874
1500554577 42171
1500554577 118453
1500554577 195303
1500554577 271938
1500554577 348811
1500554577 425923
1500554577 502089
1500554577 579044
1500554577 655728
1500554577 732520
1500554577 809664
1500554577 885939
1500554577 963040
1500554578 39285
1500554578 116479
1500554578 192678
1500554578 269814
1500554578 345965
1500554578 423102
1500554578 499305
1500554578 576706
1500554578 652778
1500554578 729701
1500554578 806194
1500554578 883087
1500554578 959577
1500554579 36557
1500554579 113020
1500554579 190023
1500554579 267308
1500554579 343573
1500554579 420485
1500554579 496948
1500554579 574006
1500554579 651004
1500554579 727411
1500554579 804366
1500554579 880694
1500554580 34151
1500554580 111129
1500554580 188189
1500554580 264469
1500554580 341465
1500554580 427793
1500554580 676618
1500554580 907181
1500554580 984244
1500554581 60405
1500554581 137514
1500554581 329220
1500554581 511190
1500554581 597471
1500554581 673768
1500554581 818042
1500554581 894505
1500554581 971496
1500554582 47756
1500554582 124650
1500554582 201269
1500554582 278195
1500554582 431640
1500554582 508670
1500554582 585315
1500554582 662204
1500554582 739186
1500554582 815376
1500554582 892721
1500554582 968849
1500554583 46097
1500554583 122190
1500554583 199609
1500554583 275644
1500554583 352598
1500554583 429247
1500554583 506004
1500554583 592317
1500554583 669853
1500554583 793736
1500554583 870932
1500554583 947130
1500554584 24288
1500554584 100501
1500554584 177935
1500554584 312020
1500554584 388464
1500554584 465346
1500554584 715084
1500554585 50906
1500554585 127907
1500554585 204100
1500554585 280979
1500554585 357127
1500554585 434182
1500554585 510607
1500554585 587873
1500554585 664210
