1500554573 318987
1500554573 580776
1500554573 656486
1500554573 735940
1500554573 809569
1500554573 959104
1500554574 30081
1500554574 106974
1500554574 184117
1500554574 260688
1500554574 337741
1500554574 413929
1500554574 490793
1500554574 567985
1500554574 644106
1500554574 720415
1500554574 797512
1500554574 874027
1500554574 950781
1500554575 28043
1500554575 104199
1500554575 181402
1500554575 257969
1500554575 378522
1500554575 484550
1500554575 564791
1500554575 641634
1500554575 718737
1500554575 794767
1500554575 871983
1500554575 948540
1500554576 25595
1500554576 101851
1500554576 179029
1500554576 255241
1500554576 332436
1500554576 436653
1500554576 620738
1500554576 726023
1500554576 802471
1500554576 878737
1500554577 29168
1500554577 110106
1500554577 186283
1500554577 263654
1500554577 339553
1500554577 416536
1500554577 492823
1500554577 569909
1500554577 647169
1500554577 723423
1500554577 800492
1500554577 876866
1500554577 954246
1500554578 31226
1500554578 106981
1500554578 183418
1500554578 260679
1500554578 337737
1500554578 414235
1500554578 490291
1500554578 567266
1500554578 643613
1500554578 720546
1500554578 796838
1500554578 873648
1500554578 950390
1500554579 27751
1500554579 104802
1500554579 181126
1500554579 258358
1500554579 334490
1500554579 411379
1500554579 488365
1500554579 564660
1500554579 641999
1500554579 718128
1500554579 795627
1500554579 872525
1500554580 22644
1500554580 101829
1500554580 178988
1500554580 255441
1500554580 332481
1500554580 424109
1500554580 670381
1500554580 901742
1500554580 976694
1500554581 52824
1500554581 128386
1500554581 317147
1500554581 499915
1500554581 592180
1500554581 665512
1500554581 812827
1500554581 885027
1500554581 962591
1500554582 39798
1500554582 115705
1500554582 191751
1500554582 269727
1500554582 419568
1500554582 500393
1500554582 576219
1500554582 653156
1500554582 730282
1500554582 806242
1500554582 883703
1500554582 959784
1500554583 36998
1500554583 113920
1500554583 190516
1500554583 267030
1500554583 343286
1500554583 420860
1500554583 496869
1500554583 587835
1500554583 660140
1500554583 789291
1500554583 861693
1500554583 937928
1500554584 15233
1500554584 92567
1500554584 168569
1500554584 301904
1500554584 380114
1500554584 456738
1500554584 708146
1500554585 39582
1500554585 119224
1500554585 196407
1500554585 273436
1500554585 349142
1500554585 424345
1500554585 502531
1500554585 578235
1500554585 655010
