1499346969 416
1499346969 177982
1499346969 320762
1499346969 467634
1499346969 646026
1499346969 837397
1499346970 27974
1499346970 175831
1499346970 354362
1499346970 508697
1499346970 681095
1499346970 855890
1499346971 42627
1499346971 182232
1499346971 362490
1499346971 550673
1499346971 688305
1499346971 843523
1499346972 17703
1499346972 184165
1499346972 347890
1499346972 492980
1499346972 669464
1499346972 844300
1499346973 20362
1499346973 167686
1499346973 346341
1499346973 487292
1499346973 675581
1499346973 828558
1499346973 980373
1499346974 144727
1499346974 303479
