1502291679 921908
1502291680 41509
1502291680 270362
1502291680 507044
1502291680 671664
1502291680 897926
1502291681 149408
1502291681 375067
1502291681 628512
1502291681 740985
1502291682 6337
1502291682 208933
1502291682 416302
1502291682 581924
1502291682 820119
1502291682 894719
1502291683 85947
1502291683 182346
1502291683 355462
1502291683 474938
1502291683 683025
1502291683 842394
1502291684 78004
1502291684 312724
1502291684 435175
1502291684 607555
1502291684 798649
1502291685 38767
1502291685 266713
1502291685 439440
1502291685 515670
1502291685 676876
1502291685 930034
1502291686 63985
1502291686 247985
1502291686 482601
1502291686 610232
1502291686 735323
1502291686 956459
1502291687 92865
1502291687 195036
1502291687 380441
1502291687 620883
1502291687 734653
1502291687 831639
1502291688 36284
1502291688 213106
1502291688 350550
1502291688 434019
1502291688 697078
1502291688 834082
1502291689 40122
1502291689 143707
1502291689 275728
1502291689 476123
1502291689 599765
1502291689 766876
1502291689 989371
1502291690 226069
1502291690 456456
1502291690 711070
1502291690 958557
1502291691 123881
1502291691 389095
1502291691 564104
1502291691 752416
1502291692 13049
1502291692 278325
1502291692 432871
1502291692 568205
