1502291679 990145
1502291680 105062
1502291680 335655
1502291680 566220
1502291680 738605
1502291680 959995
1502291681 209728
1502291681 438965
1502291681 689652
1502291681 805006
1502291682 73571
1502291682 274924
1502291682 476571
1502291682 648789
1502291682 879312
1502291682 956492
1502291683 149019
1502291683 244075
1502291683 417611
1502291683 541691
1502291683 743052
1502291683 906742
1502291684 147333
1502291684 377764
1502291684 502090
1502291684 675272
1502291684 867401
1502291685 107330
1502291685 327998
1502291685 500364
1502291685 577470
1502291685 740608
1502291686 638
1502291686 124622
1502291686 317138
1502291686 546904
1502291686 671963
1502291686 797163
1502291687 17487
1502291687 161683
1502291687 257062
1502291687 449577
1502291687 689294
1502291687 804358
1502291687 919045
1502291688 101843
1502291688 275200
1502291688 418690
1502291688 495704
1502291688 764705
1502291688 898850
1502291689 110356
1502291689 206407
1502291689 340752
1502291689 542398
1502291689 667444
1502291689 830013
1502291690 60659
1502291690 291101
1502291690 521698
1502291690 781139
1502291691 30545
1502291691 193765
1502291691 452675
1502291691 634981
1502291691 817582
1502291692 77001
1502291692 345520
1502291692 498932
1502291692 633009
