1502290506 760040
1502290506 865357
1502290507 38573
1502290507 288078
1502290507 450641
1502290507 575805
1502290507 777267
1502290507 902441
1502290507 989041
1502290508 161107
1502290508 343821
1502290508 545074
1502290508 708554
1502290508 948865
1502290509 83159
1502290509 207818
1502290509 477116
1502290509 659486
1502290509 880040
1502290509 985329
1502290510 138693
1502290510 293195
1502290510 417218
1502290510 618639
1502290510 762905
1502290511 2604
1502290511 117876
1502290511 243073
1502290511 415466
1502290511 616952
1502290511 856467
1502290511 942718
1502290512 135546
1502290512 250492
1502290512 413784
1502290512 519432
1502290512 768504
1502290512 989988
1502290513 85566
1502290513 219612
1502290513 354795
1502290513 604375
1502290513 795796
1502290514 16351
1502290514 237717
1502290514 468286
1502290514 708023
1502290514 842224
1502290514 995543
1502290515 226110
1502290515 322274
1502290515 475652
1502290515 725140
1502290515 869586
1502290516 52008
1502290516 176211
1502290516 406720
1502290516 570381
1502290516 723477
1502290516 944934
1502290517 31060
1502290517 117382
1502290517 280676
1502290517 511192
1502290517 741784
1502290517 981861
1502290518 96764
1502290518 249871
1502290518 375218
1502290518 606351
1502290518 845848
1502290519 86339
1502290519 287499
