1502287442 156575
1502287442 316814
1502287442 452434
1502287442 705777
1502287442 869191
1502287443 80514
1502287443 261939
1502287443 492410
1502287443 679978
1502287443 826338
1502287443 958586
1502287444 45157
1502287444 245232
1502287444 375580
1502287444 587831
1502287444 822718
1502287444 986923
1502287445 78274
1502287445 264481
1502287445 476866
1502287445 712459
1502287445 855888
1502287445 940200
1502287446 32444
1502287446 286841
1502287446 378293
1502287446 590532
1502287446 819801
1502287447 14393
1502287447 232929
1502287447 480299
1502287447 585970
1502287447 757371
1502287447 966638
1502287448 160105
1502287448 309484
1502287448 487198
1502287448 588130
1502287448 777441
1502287448 881781
1502287449 71895
1502287449 257618
1502287449 445867
1502287449 554352
1502287449 809609
1502287450 75334
1502287450 231868
1502287450 383373
1502287450 482430
1502287450 656678
1502287450 818065
1502287451 77535
1502287451 161877
1502287451 272420
1502287451 480360
1502287451 613024
1502287451 849169
1502287452 49717
1502287452 282096
1502287452 517809
1502287452 686266
1502287452 771641
1502287452 983788
1502287453 153129
1502287453 403636
1502287453 581213
1502287453 679522
1502287453 901878
1502287454 32415
1502287454 136677
1502287454 259975
1502287454 453139
1502287454 637610
1502287454 886103
1502287455 33448
1502287455 122897
1502287455 317106
1502287455 411433
1502287455 611642
1502287455 867299
1502287455 994663
1502287456 137118
1502287456 377320
1502287456 503235
1502287456 694139
1502287456 837990
1502287456 951847
1502287457 163193
1502287457 385817
1502287457 601164
1502287457 737727
1502287457 913970
1502287458 44564
1502287458 154994
1502287458 292627
1502287458 464347
1502287458 579652
1502287458 731036
1502287458 938541
1502287459 185776
1502287459 309294
1502287459 550517
1502287459 776098
1502287459 912820
1502287460 95040
1502287460 271341
1502287460 358060
1502287460 569894
1502287460 787469
1502287460 878790
1502287461 82124
1502287461 236589
1502287461 473839
1502287461 743902
1502287461 928271
1502287462 134620
1502287462 393930
1502287462 528976
1502287462 628057
1502287462 771749
1502287462 993275
1502287463 246686
1502287463 329942
1502287463 430179
1502287463 697255
1502287463 965836
1502287464 223483
1502287464 346928
1502287464 597574
1502287464 715193
1502287464 960347
1502287465 85802
1502287465 223143
1502287465 312323
1502287465 501829
1502287465 597121
1502287465 687263
1502287465 851522
1502287465 996808
1502287466 250903
1502287466 363867
1502287466 547950
1502287466 643339
1502287466 880389
1502287467 264
1502287467 83133
1502287467 267478
1502287467 412112
1502287467 621395
1502287467 835987
1502287467 978065
1502287468 100136
1502287468 252640
1502287468 435722
1502287468 664707
1502287468 902939
1502287469 58761
1502287469 248616
1502287469 362210
1502287469 513413
1502287469 657676
1502287469 907332
1502287470 72649
1502287470 204941
1502287470 429334
1502287470 668877
1502287470 872251
1502287470 995687
1502287471 235285
1502287471 426613
1502287471 535237
1502287471 700394
1502287471 839660
1502287472 7932
1502287472 93494
1502287472 191922
1502287472 320738
1502287472 566317
1502287472 834140
1502287472 991090
1502287473 183588
1502287473 273904
1502287473 366172
1502287473 576369
1502287473 817694
1502287474 3594
1502287474 83867
1502287474 260111
1502287474 481438
1502287474 623940
1502287474 798160
1502287475 18578
1502287475 185161
1502287475 378639
1502287475 480780
1502287475 598169
1502287475 701180
1502287475 794762
1502287475 963219
1502287476 108202
1502287476 201604
1502287476 444538
1502287476 598138
1502287476 757559
1502287476 928929
1502287477 24172
1502287477 263580
1502287477 444041
1502287477 704402
1502287477 885246
1502287478 67624
1502287478 262018
1502287478 478194
1502287478 629857
1502287478 807120
1502287479 61392
1502287479 323139
1502287479 438499
1502287479 589834
1502287479 713091
1502287479 837610
1502287480 100817
1502287480 186425
1502287480 440586
1502287480 633307
1502287480 723547
1502287480 869877
1502287480 993224
1502287481 210690
1502287481 467875
1502287481 642426
1502287481 893760
1502287481 993550
1502287482 200613
1502287482 288054
1502287482 374433
1502287482 581575
1502287482 738050
1502287482 898402
1502287483 96867
1502287483 245094
1502287483 496447
1502287483 674080
1502287483 874482
1502287484 34840
1502287484 194217
1502287484 291598
1502287484 410921
1502287484 496243
1502287484 703152
1502287484 967714
1502287485 233316
1502287485 440682
1502287485 707341
1502287485 821934
1502287486 57260
1502287486 177680
1502287486 341123
1502287486 546279
1502287486 678805
1502287486 765116
1502287486 959429
1502287487 145922
1502287487 394310
1502287487 475771
1502287487 741918
1502287487 899548
1502287488 31957
1502287488 202411
1502287488 293812
1502287488 521789
1502287488 782394
1502287489 11068
1502287489 187556
1502287489 306898
1502287489 548146
1502287489 779737
1502287489 950394
1502287490 142775
1502287490 305065
1502287490 450463
1502287490 578731
1502287490 818109
1502287491 21516
1502287491 121944
1502287491 373262
1502287491 573046
1502287491 663207
1502287491 932573
1502287492 76021
1502287492 219305
1502287492 369719
1502287492 555340
1502287492 711410
1502287492 883104
1502287493 109253
1502287493 336636
1502287493 447388
1502287493 604361
1502287493 709946
1502287493 839086
1502287494 15317
1502287494 254978
1502287494 494324
1502287494 764347
1502287494 973286
1502287495 153949
1502287495 268691
1502287495 502547
1502287495 681948
1502287495 795520
1502287495 899762
1502287496 81992
1502287496 282297
1502287496 549781
1502287496 794768
1502287497 34879
1502287497 214514
1502287497 390949
1502287497 555401
1502287497 742644
1502287497 931580
1502287498 87449
1502287498 288926
1502287498 490343
1502287498 583758
1502287498 703957
1502287498 915378
1502287499 36578
1502287499 131056
1502287499 287264
1502287499 542626
1502287499 646512
1502287499 811401
1502287500 70781
1502287500 276130
1502287500 495633
1502287500 746434
1502287500 827983
1502287500 955965
1502287501 111311
1502287501 216677
1502287501 411790
1502287501 508340
1502287501 643661
1502287501 885950
1502287502 85191
1502287502 219897
1502287502 414211
1502287502 545622
1502287502 668847
1502287502 928022
1502287503 180679
1502287503 428358
1502287503 575765
1502287503 660068
1502287503 848523
1502287504 78768
1502287504 213433
1502287504 479559
1502287504 748190
1502287504 908681
1502287505 150103
1502287505 269758
1502287505 385039
1502287505 632282
1502287505 767880
1502287505 890169
1502287506 153371
1502287506 280979
1502287506 523182
1502287506 618860
1502287506 852907
1502287506 939470
1502287507 55775
1502287507 296893
1502287507 384478
1502287507 500790
1502287507 712521
1502287507 863912
1502287508 130865
1502287508 366383
1502287508 588097
1502287508 803545
1502287508 978065
1502287509 202705
1502287509 417790
1502287509 610552
1502287509 848268
1502287510 30389
1502287510 182805
1502287510 428050
1502287510 574509
1502287510 694023
1502287510 815442
1502287510 994561
1502287511 147045
1502287511 336116
1502287511 524591
1502287511 686960
1502287511 795466
1502287511 931584
1502287512 41948
1502287512 289356
1502287512 520823
1502287512 792296
1502287513 25935
1502287513 196333
1502287513 464673
1502287513 649560
1502287513 891703
1502287514 120292
1502287514 368827
1502287514 636410
1502287514 778967
1502287514 923308
1502287515 128568
1502287515 346129
1502287515 501624
1502287515 763092
1502287516 19555
1502287516 197094
1502287516 439597
1502287516 661928
1502287516 774523
1502287516 985935
1502287517 257062
1502287517 453842
1502287517 727334
1502287517 869897
1502287518 104242
1502287518 244713
1502287518 484081
1502287518 592497
1502287518 793830
1502287518 935216
1502287519 175785
1502287519 290204
1502287519 513311
1502287519 763908
1502287519 887542
1502287520 41871
1502287520 238240
1502287520 397460
1502287520 623065
1502287520 877478
1502287521 60945
1502287521 303349
1502287521 558945
1502287521 646483
1502287521 828718
1502287522 5040
1502287522 97529
1502287522 195817
1502287522 283915
1502287522 496026
1502287522 725590
1502287522 931265
1502287523 199588
1502287523 324156
1502287523 436512
1502287523 683687
1502287523 819333
1502287523 983617
1502287524 92959
1502287524 343138
1502287524 424705
1502287524 588907
1502287524 824250
1502287524 982694
1502287525 121302
1502287525 340426
1502287525 470890
1502287525 629239
1502287525 836628
1502287526 48135
1502287526 253659
1502287526 521055
1502287526 651627
1502287526 743842
1502287526 968269
1502287527 114697
1502287527 319021
1502287527 526363
1502287527 731688
1502287527 939296
1502287528 78748
1502287528 219239
1502287528 470461
1502287528 732924
1502287528 857564
1502287528 981834
1502287529 223050
1502287529 364593
1502287529 480988
1502287529 584253
1502287529 774307
1502287529 880958
1502287530 39223
1502287530 202762
1502287530 341997
1502287530 548394
1502287530 794924
1502287530 909365
1502287531 24585
1502287531 193838
1502287531 372389
1502287531 512751
1502287531 755067
1502287531 971506
1502287532 77942
1502287532 285298
1502287532 544592
1502287532 792466
1502287532 929860
1502287533 128328
1502287533 283544
1502287533 386998
1502287533 609311
1502287533 845628
1502287533 956244
1502287534 95488
1502287534 205736
1502287534 345163
1502287534 461475
1502287534 672972
1502287534 776017
1502287534 899392
1502287535 54721
1502287535 135902
1502287535 366089
1502287535 482713
1502287535 699956
1502287535 959422
1502287536 223985
1502287536 336690
1502287536 451900
1502287536 615217
1502287536 724529
1502287536 812573
1502287536 958976
1502287537 160363
1502287537 403724
1502287537 596306
1502287537 793920
1502287537 929295
1502287538 195620
1502287538 293351
1502287538 446546
1502287538 587790
1502287538 801615
1502287538 939423
1502287539 35970
1502287539 288699
1502287539 414614
1502287539 680223
1502287539 877633
1502287540 127171
1502287540 232554
1502287540 445926
1502287540 711342
1502287540 837810
1502287541 93027
1502287541 342527
1502287541 448054
1502287541 702804
1502287541 937947
1502287542 205534
1502287542 329112
1502287542 460419
1502287542 720817
1502287542 940433
1502287543 32744
1502287543 298889
1502287543 525111
1502287543 750247
1502287543 970620
1502287544 216003
1502287544 326643
1502287544 438841
1502287544 668030
1502287544 789760
1502287544 940954
1502287545 41184
1502287545 140538
1502287545 266651
1502287545 462886
1502287545 682399
1502287545 935941
1502287546 207424
1502287546 440096
1502287546 622639
1502287546 768900
1502287546 886417
1502287547 133497
1502287547 383065
1502287547 482891
1502287547 638891
1502287547 834001
1502287548 101818
1502287548 223321
1502287548 383630
1502287548 480988
1502287548 709242
1502287548 831656
1502287548 910863
1502287549 21096
1502287549 271286
1502287549 532885
1502287549 687410
1502287549 888910
1502287550 114480
1502287550 196804
1502287550 463033
1502287550 626646
1502287550 844033
1502287550 950485
1502287551 152294
1502287551 240599
1502287551 506332
1502287551 697096
1502287551 829325
1502287552 84155
1502287552 291242
1502287552 405680
1502287552 611056
1502287552 710483
1502287552 864645
1502287552 951975
1502287553 146335
1502287553 326650
1502287553 413265
1502287553 541224
1502287553 744467
1502287553 891870
1502287554 99457
1502287554 360880
1502287554 485354
1502287554 684812
1502287554 911037
1502287555 62805
1502287555 288914
1502287555 455446
1502287555 561919
1502287555 758043
1502287555 937601
1502287556 168138
1502287556 392791
1502287556 549173
1502287556 654959
1502287556 776514
1502287556 973960
1502287557 235228
1502287557 476699
1502287557 680289
1502287557 809769
1502287558 52114
1502287558 177738
1502287558 362959
1502287558 455268
1502287558 557509
1502287558 698934
1502287558 869101
1502287559 114711
1502287559 346032
1502287559 557565
1502287559 817060
1502287560 88535
1502287560 213250
1502287560 380359
1502287560 600794
1502287560 815355
1502287560 966842
1502287561 126211
1502287561 237564
1502287561 328766
1502287561 427939
1502287561 563132
1502287561 799426
1502287561 952014
1502287562 87399
1502287562 263864
1502287562 386337
1502287562 535440
1502287562 780682
1502287563 12413
1502287563 128860
1502287563 393964
1502287563 656631
1502287563 904177
1502287564 56800
1502287564 296127
1502287564 504826
1502287564 718225
1502287564 957639
1502287565 128217
1502287565 300475
1502287565 419003
1502287565 544110
1502287565 800635
1502287565 882120
1502287565 974268
1502287566 144514
1502287566 335786
1502287566 485369
1502287566 597531
1502287566 702765
1502287566 934194
1502287567 188737
1502287567 364172
1502287567 512685
1502287567 654886
1502287567 885275
1502287568 14044
1502287568 244272
1502287568 420773
1502287568 562975
1502287568 797336
1502287569 9910
1502287569 200316
1502287569 304832
1502287569 571959
1502287569 720614
1502287569 887106
1502287569 977353
1502287570 202545
1502287570 312177
1502287570 514392
1502287570 655614
1502287570 758057
1502287570 851276
1502287571 27451
1502287571 246118
1502287571 502513
1502287571 584062
1502287571 796434
1502287571 881762
1502287572 9791
1502287572 147143
1502287572 233367
1502287572 337560
1502287572 485101
1502287572 657118
1502287572 793512
1502287572 903859
1502287573 141167
1502287573 339608
1502287573 427196
1502287573 567840
1502287573 797744
1502287573 962163
1502287574 129421
1502287574 316662
1502287574 421114
1502287574 622472
1502287574 883878
1502287574 984796
1502287575 224749
1502287575 345181
1502287575 547620
1502287575 713672
1502287575 937486
1502287576 42880
1502287576 220851
1502287576 319692
1502287576 422172
1502287576 652938
1502287576 834666
1502287577 16985
1502287577 241296
1502287577 498058
1502287577 619416
1502287577 786691
1502287577 937411
1502287578 187392
1502287578 424919
1502287578 655493
1502287578 802015
1502287579 21260
1502287579 145891
1502287579 259434
1502287579 424371
1502287579 656908
1502287579 833509
1502287579 928605
1502287580 186004
1502287580 433501
1502287580 545035
1502287580 716287
1502287580 871603
1502287581 84919
1502287581 323582
1502287581 458256
1502287581 676370
1502287581 807752
1502287581 899992
1502287582 124311
1502287582 222962
1502287582 396051
1502287582 647575
1502287582 789054
1502287582 914435
1502287583 80823
1502287583 260012
1502287583 492477
1502287583 620837
1502287583 809308
1502287583 919884
1502287584 82906
1502287584 192322
1502287584 309545
1502287584 572863
1502287584 688290
1502287584 784702
1502287585 54990
1502287585 281496
1502287585 493948
1502287585 579394
1502287585 743750
1502287585 997139
1502287586 198503
1502287586 448159
1502287586 655613
1502287586 747011
1502287586 965297
1502287587 144720
1502287587 321096
1502287587 469575
1502287587 730968
1502287587 845495
1502287588 80797
1502287588 341224
1502287588 606867
1502287588 725566
1502287588 855839
1502287588 962932
1502287589 74256
1502287589 279466
1502287589 360998
1502287589 591349
1502287589 863993
1502287589 982372
1502287590 217561
1502287590 326062
1502287590 539365
1502287590 658086
1502287590 809170
1502287591 77535
1502287591 226048
1502287591 399528
1502287591 506753
1502287591 654041
1502287591 861356
1502287591 961749
1502287592 61099
1502287592 199524
1502287592 357438
1502287592 568986
1502287592 660283
1502287592 788603
1502287593 55041
1502287593 191651
1502287593 403837
1502287593 489239
1502287593 761473
1502287594 12132
1502287594 219846
1502287594 311150
1502287594 481309
1502287594 726650
1502287594 958160
1502287595 79775
1502287595 158959
1502287595 270033
1502287595 501521
1502287595 599887
1502287595 837203
1502287596 25893
1502287596 122116
1502287596 301546
1502287596 429747
1502287596 681095
1502287596 858594
1502287597 130027
1502287597 273854
1502287597 447191
1502287597 668773
1502287597 757009
1502287597 999134
1502287598 152920
1502287598 319025
1502287598 445506
1502287598 702629
1502287598 950242
1502287599 174949
1502287599 426257
1502287599 615776
1502287599 813429
1502287599 900702
1502287600 172884
1502287600 327687
1502287600 463823
1502287600 574235
1502287600 779459
1502287600 963157
1502287601 205397
1502287601 371082
1502287601 624279
1502287601 723936
1502287601 859251
1502287601 963449
1502287602 201636
1502287602 462133
1502287602 712736
1502287602 805383
1502287602 981499
1502287603 122236
1502287603 269282
1502287603 374676
1502287603 599765
1502287603 682246
1502287603 871567
1502287604 5814
1502287604 158180
1502287604 281664
1502287604 460832
1502287604 595246
1502287604 795574
1502287604 882904
1502287605 131272
1502287605 332876
1502287605 438219
1502287605 580504
1502287605 846840
1502287605 959392
1502287606 50712
1502287606 250801
1502287606 386166
1502287606 526490
1502287606 743023
1502287606 867423
1502287606 968597
1502287607 166960
1502287607 380137
1502287607 597796
1502287607 704492
1502287607 893623
1502287608 16048
1502287608 123203
1502287608 216482
1502287608 336771
1502287608 521076
1502287608 619533
1502287608 739837
1502287608 954766
1502287609 165588
1502287609 406847
1502287609 635289
1502287609 721712
1502287609 982034
1502287610 138886
1502287610 358952
1502287610 507443
1502287610 612915
1502287610 700938
1502287610 877113
1502287611 85719
1502287611 345261
1502287611 448764
1502287611 697897
1502287611 899458
1502287612 137141
1502287612 379591
1502287612 634097
1502287612 859649
1502287613 24242
1502287613 283755
1502287613 368984
1502287613 611300
1502287613 718896
1502287613 939058
1502287614 81812
1502287614 232188
1502287614 457443
1502287614 665816
1502287614 793292
1502287614 954627
1502287615 122918
1502287615 238177
1502287615 485609
1502287615 615157
1502287615 713444
1502287615 905720
1502287616 110021
1502287616 251729
1502287616 503770
1502287616 705380
1502287616 870857
1502287616 965180
1502287617 57523
1502287617 225791
1502287617 495028
1502287617 625606
1502287617 797978
1502287618 31230
1502287618 285788
1502287618 466339
1502287618 690725
1502287618 960325
1502287619 150964
1502287619 270250
1502287619 449662
1502287619 718014
1502287619 867546
1502287619 997045
1502287620 139124
1502287620 289486
1502287620 479054
1502287620 727433
1502287620 952935
1502287621 159309
1502287621 246771
1502287621 381867
1502287621 501506
1502287621 724422
1502287621 861123
1502287622 68261
1502287622 182777
1502287622 364125
1502287622 546675
1502287622 746965
1502287622 846376
1502287623 50566
1502287623 305950
1502287623 427442
1502287623 600087
1502287623 719281
1502287623 960586
1502287624 56096
1502287624 206139
1502287624 401569
1502287624 665234
1502287624 766648
1502287625 35950
1502287625 137353
1502287625 272869
1502287625 424957
1502287625 656502
1502287625 790882
1502287625 991369
1502287626 138753
1502287626 396117
1502287626 619737
1502287626 852246
1502287627 70759
1502287627 304130
1502287627 435659
1502287627 704862
1502287627 967581
1502287628 104197
1502287628 376627
1502287628 633157
1502287628 796659
1502287628 948011
1502287629 143277
1502287629 293842
1502287629 441217
1502287629 572474
1502287629 670729
1502287629 827102
1502287629 950464
1502287630 80829
1502287630 299077
1502287630 424524
1502287630 608893
1502287630 839272
1502287630 949673
1502287631 97011
1502287631 275198
1502287631 459585
1502287631 690267
1502287631 786486
1502287631 984074
1502287632 86248
1502287632 329541
1502287632 534004
1502287632 783453
1502287633 44937
1502287633 277577
1502287633 520202
1502287633 633893
1502287633 857017
1502287633 945482
1502287634 61740
1502287634 217064
1502287634 304416
1502287634 468598
1502287634 727882
1502287634 999485
1502287635 124101
1502287635 230502
1502287635 480619
1502287635 616179
1502287635 696632
1502287635 788640
1502287636 48908
1502287636 324419
1502287636 467030
1502287636 640701
1502287636 759899
1502287636 890084
1502287636 997416
1502287637 84609
1502287637 338983
1502287637 460421
1502287637 561535
1502287637 782968
1502287637 944251
1502287638 172619
1502287638 361227
1502287638 495758
1502287638 581957
1502287638 711012
1502287638 845445
1502287638 961669
1502287639 76929
1502287639 216351
1502287639 317617
1502287639 444143
1502287639 557117
1502287639 684166
1502287639 892631
1502287640 8017
1502287640 231370
1502287640 475857
1502287640 713305
1502287640 842003
1502287641 6131
1502287641 175617
1502287641 341969
1502287641 565473
1502287641 696712
1502287641 873260
1502287642 15687
1502287642 237848
1502287642 458239
1502287642 612918
1502287642 767065
1502287642 968572
1502287643 133966
1502287643 228457
1502287643 321468
1502287643 477051
1502287643 607065
1502287643 747389
1502287643 968875
1502287644 70157
1502287644 342925
1502287644 528977
1502287644 633313
1502287644 769031
1502287644 944938
1502287645 207418
1502287645 356908
1502287645 500312
1502287645 614506
1502287645 766043
1502287646 33312
1502287646 302146
1502287646 396580
1502287646 572542
1502287646 773211
1502287647 18813
1502287647 202649
1502287647 445090
1502287647 695729
1502287647 782269
1502287647 928527
1502287648 174891
1502287648 370464
1502287648 532799
1502287648 744155
1502287648 882573
1502287648 966761
1502287649 230076
1502287649 468771
1502287649 690356
1502287649 857852
1502287650 122095
1502287650 379673
1502287650 572286
1502287650 680826
1502287650 804056
1502287650 923231
1502287651 170527
1502287651 377975
1502287651 483469
1502287651 708710
1502287651 855478
1502287651 993465
1502287652 203063
1502287652 357323
1502287652 543778
1502287652 756285
1502287652 985829
1502287653 126240
1502287653 390537
1502287653 546897
1502287653 671407
1502287653 789633
1502287653 873017
1502287654 9211
1502287654 213325
1502287654 348946
1502287654 615158
1502287654 829783
1502287654 969240
1502287655 71644
1502287655 305855
1502287655 563454
1502287655 698895
1502287655 915263
1502287656 24519
1502287656 277017
1502287656 389521
1502287656 486018
1502287656 690404
1502287656 771500
1502287656 938617
1502287657 201179
1502287657 340566
1502287657 587166
1502287657 682497
1502287657 765729
1502287657 858886
1502287658 38728
1502287658 121349
1502287658 226009
1502287658 324887
1502287658 445111
1502287658 546765
1502287658 786574
1502287658 924219
1502287659 26945
1502287659 241919
1502287659 355149
1502287659 610443
1502287659 762049
1502287660 11894
1502287660 171820
1502287660 358284
1502287660 510686
1502287660 736331
1502287660 927436
1502287661 113061
1502287661 316544
1502287661 463877
1502287661 596380
1502287661 826667
1502287661 925826
1502287662 123709
1502287662 378700
1502287662 604339
1502287662 823882
1502287662 971142
1502287663 175566
1502287663 303291
1502287663 422389
1502287663 559309
1502287663 752552
1502287664 14187
1502287664 147492
1502287664 334945
1502287664 519386
1502287664 635470
1502287664 736885
1502287664 820117
1502287665 87095
1502287665 355663
1502287665 552360
1502287665 666901
1502287665 883418
1502287665 990614
1502287666 197879
1502287666 387347
1502287666 638719
1502287666 732520
1502287666 978584
1502287667 96170
1502287667 247423
1502287667 430935
1502287667 559218
1502287667 684338
1502287667 808648
1502287668 42087
1502287668 239719
1502287668 449933
1502287668 673451
1502287668 887884
1502287669 48520
1502287669 268622
1502287669 399202
1502287669 545517
1502287669 731792
1502287669 917374
1502287670 159651
1502287670 292287
1502287670 552614
1502287670 685050
1502287670 909639
1502287671 179063
1502287671 387629
1502287671 502887
1502287671 666394
1502287671 852894
1502287672 129156
1502287672 259698
1502287672 394131
1502287672 540418
1502287672 732711
1502287672 834133
1502287672 970253
1502287673 116682
1502287673 261127
1502287673 398726
1502287673 668483
1502287673 841261
1502287674 67616
1502287674 235028
1502287674 335543
1502287674 509583
1502287674 706331
1502287674 913857
1502287675 139923
1502287675 279568
1502287675 423796
1502287675 688209
1502287675 898908
1502287676 133746
1502287676 337769
1502287676 587414
1502287676 734670
1502287676 980987
1502287677 181785
1502287677 288038
1502287677 447313
1502287677 630684
1502287677 793143
1502287677 994604
1502287678 129870
1502287678 364267
1502287678 450691
1502287678 591294
1502287678 746531
1502287679 2545
1502287679 108402
1502287679 261390
1502287679 354981
1502287679 451162
1502287679 535104
1502287679 633355
1502287679 783697
1502287680 57031
1502287680 229676
1502287680 342942
1502287680 440445
1502287680 608484
1502287680 858911
1502287681 132560
1502287681 395064
1502287681 526577
1502287681 794862
1502287682 57456
1502287682 194148
1502287682 323288
1502287682 495630
1502287682 632199
1502287682 776504
1502287682 962674
1502287683 187148
1502287683 419664
1502287683 534187
1502287683 681504
1502287683 798691
1502287684 22042
1502287684 146624
1502287684 264946
1502287684 450105
1502287684 692825
1502287684 806085
1502287684 921361
1502287685 138629
1502287685 263191
1502287685 370390
1502287685 613657
1502287685 860248
1502287686 102641
1502287686 325184
1502287686 509704
1502287686 732097
1502287686 904758
1502287687 179170
1502287687 417824
1502287687 526153
1502287687 739537
1502287687 936912
1502287688 110446
1502287688 241754
1502287688 417883
1502287688 596423
1502287688 724986
1502287688 826097
1502287689 99364
1502287689 235963
1502287689 380298
1502287689 650687
1502287689 829257
1502287689 965717
1502287690 194006
1502287690 384537
1502287690 522854
1502287690 654269
1502287690 905377
1502287691 173068
1502287691 309786
1502287691 442015
1502287691 698349
1502287691 831901
1502287691 948101
1502287692 63387
1502287692 268685
1502287692 434133
1502287692 577418
1502287692 690870
1502287692 862934
1502287693 119343
1502287693 204787
1502287693 399127
1502287693 524619
1502287693 763796
1502287693 907470
1502287694 123651
1502287694 272345
1502287694 410575
1502287694 542859
1502287694 739110
1502287694 850632
1502287694 962824
1502287695 84156
1502287695 232405
1502287695 466644
1502287695 682241
1502287695 821736
1502287696 20222
1502287696 271474
1502287696 512888
1502287696 681284
1502287696 826526
1502287697 365
1502287697 215275
1502287697 471742
1502287697 571359
1502287697 695429
1502287697 933864
1502287698 138261
1502287698 237774
1502287698 422987
1502287698 513569
1502287698 731672
1502287698 832218
1502287699 84307
1502287699 196154
1502287699 293320
1502287699 527387
1502287699 695080
1502287699 852359
1502287700 21886
1502287700 197106
1502287700 321581
1502287700 536684
1502287700 793322
1502287701 52961
1502287701 293504
1502287701 462064
1502287701 702674
1502287701 954994
1502287702 82417
1502287702 218699
1502287702 479404
1502287702 618558
1502287702 834014
1502287703 51367
1502287703 140777
1502287703 322973
1502287703 499500
1502287703 616060
1502287703 773165
1502287703 962890
1502287704 196000
1502287704 300495
1502287704 478717
1502287704 649129
1502287704 871667
1502287705 60121
1502287705 206450
1502287705 434779
1502287705 569842
1502287705 787499
1502287705 948040
1502287706 81433
1502287706 305691
1502287706 568266
1502287706 671701
1502287706 892670
1502287707 100886
1502287707 234048
1502287707 368210
1502287707 598595
1502287707 715396
1502287707 908622
1502287708 87840
1502287708 257999
1502287708 343512
1502287708 435627
1502287708 616022
1502287708 739205
1502287708 859509
1502287709 8139
1502287709 122162
1502287709 388018
1502287709 542177
1502287709 666615
1502287709 790870
1502287709 909947
1502287710 25156
1502287710 265554
1502287710 356242
1502287710 446188
1502287710 574363
1502287710 685043
1502287710 910292
1502287711 44925
1502287711 232896
1502287711 427592
1502287711 595647
1502287711 738137
1502287711 852973
1502287712 33702
1502287712 210835
1502287712 292929
1502287712 445690
1502287712 635153
1502287712 817274
1502287712 957800
1502287713 216142
1502287713 414879
1502287713 565251
1502287713 754962
1502287714 18986
1502287714 175504
1502287714 309345
1502287714 521240
1502287714 606570
1502287714 728905
1502287714 832015
1502287714 931419
1502287715 129787
1502287715 319408
1502287715 475899
1502287715 736882
1502287715 954335
1502287716 222841
1502287716 491335
1502287716 749116
1502287716 875670
1502287717 103008
1502287717 285433
1502287717 527853
1502287717 635303
1502287717 836515
1502287718 21046
1502287718 161310
1502287718 251028
1502287718 372883
1502287718 624220
1502287718 753800
1502287718 870450
1502287719 57424
1502287719 257841
1502287719 363441
1502287719 541320
1502287719 765872
1502287719 866010
1502287720 13598
1502287720 211115
1502287720 431597
1502287720 581883
1502287720 802146
1502287720 986717
1502287721 199080
1502287721 410522
1502287721 511093
1502287721 631211
1502287721 711171
1502287721 814960
1502287721 956996
1502287722 162524
1502287722 252989
1502287722 478069
1502287722 588544
1502287722 831853
1502287722 931908
1502287723 123990
1502287723 393020
1502287723 524424
1502287723 736869
1502287723 929396
1502287724 67729
1502287724 220391
1502287724 380089
1502287724 488999
1502287724 709865
1502287724 821462
1502287725 21204
1502287725 216426
1502287725 480517
1502287725 733452
1502287725 914824
1502287726 13200
1502287726 235646
1502287726 372101
1502287726 452923
1502287726 658780
1502287726 902545
1502287727 139404
1502287727 286183
1502287727 493442
1502287727 617152
1502287727 754004
1502287727 835003
1502287727 950692
1502287728 89931
1502287728 230238
1502287728 494662
1502287728 640088
1502287728 870477
1502287728 974932
1502287729 113358
1502287729 257438
1502287729 466967
1502287729 738159
1502287729 994826
1502287730 140661
1502287730 337883
1502287730 422313
1502287730 526793
1502287730 680933
1502287730 791931
1502287731 36816
1502287731 279093
1502287731 360653
1502287731 575747
1502287731 817246
1502287731 929135
1502287732 87716
1502287732 359380
1502287732 442177
1502287732 575908
1502287732 783262
1502287732 876697
1502287733 7947
1502287733 269451
1502287733 449673
1502287733 638314
1502287733 718747
1502287733 948820
1502287734 203347
1502287734 434995
1502287734 533810
1502287734 662828
1502287734 745993
1502287734 932775
1502287735 104373
1502287735 270954
1502287735 434250
1502287735 567835
1502287735 805137
1502287735 906413
1502287736 42412
1502287736 217954
1502287736 409789
1502287736 558885
1502287736 664128
1502287736 844371
1502287736 972670
1502287737 197028
1502287737 382613
1502287737 535393
1502287737 622517
1502287737 780882
1502287737 865741
1502287738 138063
1502287738 226670
1502287738 426797
1502287738 611316
1502287738 853661
1502287739 55397
1502287739 171790
1502287739 431153
1502287739 684533
1502287739 784251
1502287739 979620
