1500997671 492144
1500997671 577726
1500997671 676235
1500997671 759529
1500997671 836663
1500997671 914569
1500997672 259
1500997672 76186
1500997672 153313
1500997672 230341
1500997672 306875
1500997672 383523
1500997672 460872
1500997672 537166
1500997672 614596
1500997672 690630
1500997672 767838
1500997672 844917
1500997672 921018
1500997672 998149
1500997673 75276
1500997673 152281
1500997673 228637
1500997673 304967
1500997673 382070
1500997673 459201
1500997673 535513
1500997673 612623
1500997673 703532
1500997673 785766
1500997674 406637
1500997674 487126
1500997674 652856
1500997674 786530
1500997674 940230
1500997675 173418
1500997675 378403
1500997675 455877
1500997675 688931
1500997675 772629
1500997675 849795
1500997675 925875
1500997676 209715
1500997676 335808
1500997676 416159
1500997676 492043
1500997676 634728
1500997676 833954
1500997676 956271
1500997677 88094
1500997677 165016
1500997677 307459
1500997677 385282
1500997677 470709
1500997678 34810
1500997678 256221
1500997678 336430
1500997678 423192
1500997678 508618
1500997678 585739
1500997678 672022
1500997678 758436
1500997678 844793
1500997678 930640
1500997679 7857
1500997679 84908
1500997679 171024
1500997679 247875
1500997679 334726
1500997679 420779
1500997679 506982
1500997679 739947
1500997679 968320
1500997680 54316
1500997680 131248
1500997680 446250
1500997680 558753
1500997680 643667
1500997680 821732
1500997680 899102
1500997680 976867
1500997681 62248
1500997681 139190
1500997681 225718
1500997681 312424
1500997681 398330
1500997681 474981
1500997681 790777
1500997681 868560
1500997682 55982
1500997682 137691
1500997682 240534
1500997682 320316
1500997682 462782
1500997682 540738
1500997682 618164
1500997682 704336
1500997682 790333
1500997682 867372
1500997682 953831
1500997683 39780
1500997683 116823
1500997683 203161
1500997683 289378
1500997683 366519
1500997683 452954
1500997683 539102
1500997683 616497
1500997683 702367
1500997683 779457
1500997683 865667
1500997683 952079
1500997684 38111
1500997684 115163
1500997684 192380
1500997684 278731
1500997684 364670
1500997684 441896
1500997684 528066
1500997684 614099
1500997684 691865
1500997684 778199
1500997684 864026
1500997684 950590
1500997685 36484
1500997685 113670
1500997685 199923
1500997685 276732
1500997685 353759
1500997685 440445
1500997685 526472
1500997685 759401
1500997685 843457
1500997685 929401
1500997686 6474
1500997686 92662
1500997686 169445
1500997686 534317
1500997686 611143
1500997686 771699
1500997686 852060
1500997686 937649
1500997687 23673
1500997687 100747
1500997687 187483
1500997687 428938
1500997687 622550
1500997687 746660
1500997687 831782
1500997688 149696
1500997688 270820
1500997688 348694
1500997688 435234
1500997688 521158
1500997688 598520
1500997688 685055
1500997688 770833
1500997688 847954
1500997688 933958
1500997689 11298
1500997689 97391
1500997689 174472
1500997689 260816
1500997689 347245
1500997689 433567
1500997689 511426
1500997689 596627
1500997689 824651
1500997689 905210
1500997689 990976
1500997690 112309
1500997690 202517
1500997690 288135
1500997690 374235
1500997690 451393
1500997690 538478
1500997690 623646
1500997690 701559
1500997690 787612
1500997690 873183
1500997690 951024
1500997691 37509
1500997691 122771
1500997691 200420
1500997691 286994
1500997691 372266
1500997691 558863
1500997691 641189
1500997691 718147
1500997691 795616
1500997691 882361
1500997691 967921
1500997692 44964
1500997692 522953
1500997692 646574
1500997692 726540
1500997692 813226
1500997692 964044
1500997693 43098
1500997693 120325
1500997693 206826
1500997693 293216
1500997693 378800
1500997693 456182
1500997693 542127
1500997693 619431
1500997693 705365
1500997693 781939
1500997693 860278
1500997693 945391
1500997694 22441
1500997694 108631
1500997694 185890
1500997694 272024
1500997694 357964
1500997694 434916
1500997694 511370
1500997694 588633
1500997694 665803
1500997694 752657
1500997694 838652
1500997694 924812
1500997695 11465
1500997695 97798
1500997695 184133
1500997695 270903
1500997695 356506
1500997695 434445
1500997695 519826
1500997695 597175
1500997695 683272
1500997695 769451
1500997695 847440
1500997695 933004
1500997696 18925
1500997696 96513
1500997696 182481
1500997696 268853
1500997696 355526
1500997696 442059
1500997696 528377
1500997696 614528
1500997696 700629
1500997696 777749
1500997696 864196
1500997696 950178
1500997697 27100
1500997697 104286
1500997697 190794
1500997697 276572
1500997697 354060
1500997697 543760
1500997697 731563
1500997697 814004
1500997697 891111
1500997698 21021
1500997698 125732
1500997698 207849
1500997698 284910
1500997698 477706
1500997698 585233
1500997698 668762
1500997698 745823
1500997698 832086
1500997698 918508
1500997699 4690
1500997699 159928
1500997699 245345
1500997699 332063
1500997699 417827
1500997699 503800
1500997699 580909
1500997699 667058
1500997699 744527
1500997699 830408
1500997699 916741
1500997699 994273
1500997700 80107
1500997700 166424
1500997700 252651
1500997700 329557
1500997700 415999
1500997700 502227
1500997700 578989
1500997700 656725
1500997700 742820
1500997700 828935
1500997700 914842
1500997701 155306
1500997701 241882
1500997701 331556
1500997701 418059
1500997701 501818
1500997701 587258
1500997701 673659
1500997701 837556
1500997701 923136
1500997702 9807
1500997702 272196
1500997702 359716
1500997702 686222
1500997702 768257
1500997702 854751
1500997702 940618
1500997703 277616
1500997703 363515
1500997703 449787
1500997703 873324
1500997703 959200
1500997704 99461
1500997704 213731
1500997704 294535
1500997704 422317
1500997704 506217
1500997704 592410
1500997704 812671
1500997704 899167
1500997704 986227
1500997705 72578
1500997705 276254
1500997705 360024
1500997705 446756
1500997705 533465
1500997705 706422
1500997705 791999
1500997705 878121
1500997705 965676
1500997706 51292
1500997706 138367
1500997706 224382
1500997706 334898
1500997706 448773
1500997706 531431
1500997706 617706
1500997706 703939
1500997706 790254
1500997706 877151
1500997706 963637
1500997707 49683
1500997707 136313
1500997707 222293
1500997707 309915
1500997707 395659
1500997707 481725
1500997707 567934
1500997707 654460
1500997707 741330
1500997707 827807
1500997707 913722
1500997708 23
1500997708 87153
1500997708 173589
1500997708 259583
1500997708 345563
1500997708 432555
1500997708 519335
1500997708 605500
1500997708 691465
1500997708 777631
1500997708 863724
1500997708 951269
1500997709 37716
1500997709 123335
1500997709 209786
1500997709 296071
1500997709 382836
1500997709 469258
1500997709 555394
1500997709 641792
1500997709 727643
1500997709 814868
1500997709 901290
1500997709 987717
1500997710 73633
1500997710 159803
1500997710 247267
1500997710 333243
1500997710 419277
1500997710 505662
1500997710 591610
1500997710 678808
1500997710 765196
1500997710 851447
1500997710 938300
1500997711 24720
1500997711 110829
1500997711 197045
1500997711 283611
1500997711 369504
1500997711 456792
1500997711 542846
1500997711 629677
1500997711 715540
1500997711 801917
1500997711 888866
1500997711 975561
1500997712 61452
1500997712 147107
1500997712 233565
1500997712 320510
1500997712 406944
1500997712 493104
1500997712 579281
1500997712 665316
1500997712 752480
1500997712 838892
1500997712 925126
1500997713 11336
1500997713 97571
1500997713 184735
1500997713 271401
1500997713 357078
1500997713 443267
1500997713 529612
1500997713 616616
1500997713 702756
1500997713 788959
1500997713 875556
1500997713 962134
1500997714 48444
1500997714 135944
1500997714 221021
1500997714 390407
1500997714 621786
1500997714 832145
1500997714 912558
1500997715 140177
1500997715 394077
1500997715 478981
1500997715 564879
1500997715 651172
1500997715 738474
1500997715 824365
1500997715 910672
1500997715 997299
1500997716 83131
1500997716 170097
1500997716 256437
1500997716 343516
1500997716 428906
1500997716 515303
1500997716 602325
1500997716 688590
1500997716 774581
1500997716 860772
1500997716 947112
1500997717 34342
1500997717 120772
1500997717 207128
1500997717 292666
1500997717 379832
1500997717 465956
1500997717 552074
1500997717 638829
1500997717 724636
1500997717 811755
1500997717 898173
1500997717 984577
1500997718 70571
1500997718 156734
1500997718 243962
1500997718 330718
1500997718 416106
1500997718 502373
1500997718 589079
1500997718 675984
1500997718 762120
1500997718 848290
1500997718 934483
1500997719 20656
1500997719 108001
1500997719 194208
1500997719 280394
1500997719 367081
1500997719 452568
1500997719 539711
1500997719 626274
1500997719 712333
1500997719 798470
1500997719 885576
1500997719 972122
1500997720 57883
1500997720 144352
1500997720 230347
1500997720 317870
1500997720 403782
1500997720 490077
1500997720 576248
1500997720 662130
1500997720 749718
1500997720 835540
1500997720 921848
1500997721 7927
1500997721 95832
1500997721 181738
1500997721 267785
1500997721 354044
1500997721 440092
1500997721 526565
1500997721 613884
1500997721 699796
1500997721 786148
1500997721 872098
1500997721 958148
1500997722 45435
1500997722 131602
1500997722 218337
1500997722 303773
1500997722 390225
1500997722 477444
1500997722 563491
1500997722 649816
1500997722 735778
1500997722 823131
1500997722 910078
1500997722 995593
1500997723 81541
1500997723 168122
1500997723 256020
1500997723 341372
1500997723 427722
1500997723 513654
1500997723 600018
1500997723 686859
1500997723 773502
1500997723 860397
1500997723 945836
1500997724 32289
1500997724 119112
1500997724 205492
1500997724 291717
1500997724 377720
1500997724 463931
1500997724 551012
1500997724 637412
1500997724 723649
1500997724 810109
1500997724 896155
1500997724 982916
1500997725 69507
1500997725 155344
1500997725 241735
1500997725 328658
1500997725 415463
1500997725 501199
1500997725 587230
1500997725 674537
1500997725 760958
1500997725 847321
1500997725 933407
1500997726 19336
1500997726 105494
1500997726 192983
1500997726 280041
1500997726 365417
1500997726 451504
1500997726 537749
1500997726 624753
1500997726 710858
1500997726 797348
1500997726 883737
1500997726 969618
1500997727 56975
1500997727 143067
1500997727 229155
1500997727 315317
1500997727 401630
1500997727 488718
1500997727 575424
1500997727 660936
1500997727 747098
1500997727 833664
1500997727 921304
1500997728 6671
1500997728 93374
1500997728 179447
1500997728 266622
1500997728 352784
1500997728 439195
1500997728 525202
1500997728 611938
1500997728 698355
1500997728 784788
1500997728 871150
1500997728 956856
1500997729 42943
1500997729 130373
1500997729 262548
1500997729 341617
1500997729 428913
1500997729 532275
1500997729 761795
1500997729 840445
1500997729 983523
1500997730 70475
1500997730 177683
1500997730 421566
1500997730 508139
1500997730 588826
1500997730 676163
1500997730 762067
1500997730 848103
1500997730 934145
1500997731 22248
1500997731 511704
1500997731 597209
1500997731 683618
1500997731 770378
1500997732 267869
1500997732 345985
1500997732 433868
1500997732 531141
1500997732 615152
1500997732 701816
1500997732 787993
1500997732 874024
1500997732 960556
1500997733 47083
1500997733 133496
1500997733 219568
1500997733 305404
1500997733 392458
1500997733 479327
1500997733 732506
1500997733 947165
1500997734 213534
1500997734 376529
1500997734 535129
1500997734 621107
1500997734 948993
1500997735 159895
1500997735 245043
1500997735 331352
1500997735 417478
1500997735 801177
1500997735 888696
1500997736 26203
1500997736 109022
1500997736 195390
1500997736 282916
1500997736 368800
1500997736 587607
1500997736 666599
1500997736 802269
1500997736 886853
1500997736 972987
1500997737 59630
1500997737 335217
1500997737 415224
1500997737 501285
1500997737 628081
1500997737 712730
1500997737 798969
1500997737 907862
1500997737 990276
1500997738 77323
1500997738 164240
1500997738 249690
1500997738 335810
1500997738 423285
1500997738 509484
1500997738 595988
1500997738 681834
1500997738 768038
1500997738 855171
1500997738 941533
1500997739 27582
1500997739 114121
1500997739 200110
1500997739 287350
1500997739 373192
1500997739 459537
1500997739 545819
1500997739 631874
1500997739 718877
1500997739 805567
1500997739 891462
1500997739 977978
1500997740 65216
1500997740 151304
1500997740 237011
1500997740 323322
1500997740 410093
1500997740 495817
1500997740 583416
1500997740 669239
1500997740 756078
1500997740 841894
1500997740 929206
1500997741 15083
1500997741 101301
1500997741 187650
1500997741 273642
1500997741 361518
1500997741 447482
1500997741 533239
1500997741 619334
1500997741 705634
1500997741 792830
1500997741 878879
1500997741 965344
1500997742 51817
1500997742 137823
1500997742 225127
1500997742 310923
1500997742 397084
1500997742 483437
1500997742 569731
1500997742 656942
1500997742 743413
1500997742 829185
1500997742 915177
1500997743 2625
1500997743 88870
1500997743 174974
1500997743 261074
1500997743 347764
1500997743 434375
1500997743 520425
1500997743 729490
1500997743 808673
1500997743 894743
1500997744 551
1500997744 272634
1500997744 372841
1500997744 451909
1500997744 708642
1500997744 788515
1500997744 873703
1500997744 961224
1500997745 47793
1500997745 133314
1500997745 220312
1500997745 339987
1500997745 420978
1500997745 508416
1500997745 594412
1500997745 680499
1500997745 766568
1500997745 853132
1500997745 940227
1500997746 26389
1500997746 112734
1500997746 198817
1500997746 285093
1500997746 372866
1500997746 458171
1500997746 544916
1500997746 630812
1500997746 716835
1500997746 804377
1500997746 890326
1500997746 976480
1500997747 62942
1500997747 148859
1500997747 235845
1500997747 322420
1500997747 408543
1500997747 494766
1500997747 581308
1500997747 668208
1500997747 754441
1500997747 840518
1500997747 926684
1500997748 56759
1500997748 138298
1500997748 290467
1500997748 487652
1500997748 709570
1500997748 791177
1500997748 877649
1500997748 963907
1500997749 50852
1500997749 136787
1500997749 294634
1500997749 437095
1500997749 612104
1500997749 799722
1500997749 885330
1500997749 972227
1500997750 58387
1500997750 144582
1500997750 230997
1500997750 316950
1500997750 403960
1500997750 490462
1500997750 576516
1500997750 662723
1500997750 851025
1500997750 931611
1500997751 19147
1500997751 210364
1500997751 877013
1500997751 958735
1500997752 89491
1500997752 227753
1500997752 511725
1500997752 598456
1500997752 692744
1500997752 871631
1500997752 994672
1500997753 307872
1500997753 389100
1500997753 476250
1500997753 562420
1500997753 648409
1500997753 734506
1500997753 821287
1500997753 908136
1500997753 994262
1500997754 80895
1500997754 166539
1500997754 253512
1500997754 339988
1500997754 426273
1500997754 512323
1500997754 598439
1500997754 685512
1500997754 916878
1500997755 18386
1500997755 217108
1500997755 306827
1500997755 388352
1500997755 585576
1500997755 673928
1500997755 760437
1500997755 847458
1500997755 933197
1500997756 19717
1500997756 106281
1500997756 207890
1500997756 296398
1500997756 384675
1500997756 470750
1500997756 557187
1500997756 644368
1500997756 730616
1500997756 816510
1500997756 903607
1500997757 301914
1500997757 494112
1500997757 656142
1500997757 788506
1500997757 873003
1500997757 959079
1500997758 78372
1500997758 160681
1500997758 249554
1500997758 333392
1500997758 419964
1500997758 506358
1500997758 592669
1500997758 678873
1500997758 804584
1500997758 889964
1500997759 11820
1500997759 92386
1500997759 177903
1500997759 265029
1500997759 351976
1500997759 437410
1500997759 523691
1500997759 610184
1500997759 697303
1500997759 787613
1500997759 968150
1500997760 52254
1500997760 138441
1500997760 224540
1500997760 312079
1500997760 397972
1500997760 483941
1500997760 570056
1500997760 656574
1500997760 743101
1500997760 829479
1500997760 915931
1500997761 2072
1500997761 88692
1500997761 175211
1500997761 261541
1500997761 347653
1500997761 433906
1500997761 519978
1500997761 606791
1500997761 693396
1500997761 779619
1500997761 865785
1500997761 952416
1500997762 39173
1500997762 125587
1500997762 212472
1500997762 298175
1500997762 385222
1500997762 471218
1500997762 557282
1500997762 643673
1500997762 729777
1500997762 817285
1500997762 903102
1500997762 989295
1500997763 76174
1500997763 162075
1500997763 249015
1500997763 335226
1500997763 422275
1500997763 509378
1500997763 594498
1500997763 680829
1500997763 767101
1500997763 854302
1500997763 939601
1500997764 63975
1500997764 151411
1500997764 237957
1500997764 323137
1500997764 410273
1500997764 496588
1500997764 582883
1500997764 777471
1500997764 861856
1500997764 947962
1500997765 34017
1500997765 120462
1500997765 244536
1500997765 331737
1500997765 609376
1500997765 696585
1500997765 783036
1500997765 870100
1500997765 955890
1500997766 42258
1500997766 128510
1500997766 214699
1500997766 301972
1500997766 387633
1500997766 474420
1500997766 560347
1500997766 857961
1500997766 944499
1500997767 31310
1500997767 117903
1500997767 204054
1500997767 290047
1500997767 376245
1500997767 463368
1500997767 549573
1500997767 635649
1500997767 721893
1500997767 808212
1500997767 895410
1500997767 981463
1500997768 67335
1500997768 153948
1500997768 241690
1500997768 327213
1500997768 413497
1500997768 499659
1500997768 586442
1500997768 672200
1500997768 759420
1500997768 845484
1500997768 931743
1500997769 17948
1500997769 104181
1500997769 191391
1500997769 277510
1500997769 363570
1500997769 449901
1500997769 537602
1500997769 623501
1500997769 709429
1500997769 795517
1500997769 881914
1500997769 971345
1500997770 55164
1500997770 141443
1500997770 227684
1500997770 313865
1500997770 400876
1500997770 487328
1500997770 573256
1500997770 659768
1500997770 746007
1500997770 833409
1500997770 919347
1500997771 5369
1500997771 91612
1500997771 177798
1500997771 264764
1500997771 351120
1500997771 437399
1500997771 523706
1500997771 610147
1500997771 697358
1500997771 782843
1500997771 869010
1500997771 955757
1500997772 42556
1500997772 129041
1500997772 215802
1500997772 301446
1500997772 387797
1500997772 474892
1500997772 560732
1500997772 646964
1500997772 733455
1500997772 819622
1500997772 906951
1500997772 995411
1500997773 79419
1500997773 165222
1500997773 251452
1500997773 338607
1500997773 424761
1500997773 510977
1500997773 597414
1500997773 683732
1500997773 770499
1500997773 856912
1500997773 942996
1500997774 29068
1500997774 115704
1500997774 202920
1500997774 288767
1500997774 375007
1500997774 461920
1500997774 548592
1500997774 634782
1500997774 721510
1500997774 806988
1500997774 893038
1500997774 980098
1500997775 66602
1500997775 152877
1500997775 239368
1500997775 325017
1500997775 412299
1500997775 498407
1500997775 722111
1500997775 805323
1500997775 892444
1500997775 992106
1500997776 74755
1500997776 160799
1500997776 247217
1500997776 334080
1500997776 419741
1500997776 506934
1500997776 592991
1500997776 679423
1500997776 765662
1500997776 851179
1500997776 937988
1500997777 24907
1500997777 110870
1500997777 197091
1500997777 283598
1500997777 369472
1500997777 456470
1500997777 542732
1500997777 628790
1500997777 715520
1500997777 801365
1500997777 888720
1500997777 974840
1500997778 61107
1500997778 147329
1500997778 265082
1500997778 380798
1500997778 541432
1500997778 627634
1500997778 713783
1500997778 801185
1500997778 887125
1500997778 973376
1500997779 59342
1500997779 257194
1500997779 338484
1500997779 424393
1500997779 511232
1500997779 597877
1500997779 683746
1500997779 771035
1500997779 856380
1500997779 942507
1500997780 30080
1500997780 115818
1500997780 202356
1500997780 288462
1500997780 375626
1500997780 482847
1500997780 637391
1500997780 770067
1500997780 855081
1500997780 942042
1500997781 27997
1500997781 123837
1500997781 356162
1500997781 441144
1500997781 527411
1500997781 630164
1500997781 811550
1500997781 916030
1500997781 997350
1500997782 84198
1500997782 437396
1500997782 525653
1500997782 611834
1500997782 698700
1500997782 785053
1500997782 871123
1500997782 957300
1500997783 43335
1500997783 139831
1500997783 235624
1500997783 472879
1500997783 711962
1500997783 792870
1500997783 879221
1500997784 137287
1500997784 225273
1500997784 311479
1500997784 436077
1500997784 522532
1500997784 641566
1500997784 774715
1500997784 868740
1500997785 23316
1500997785 124442
1500997785 213138
1500997785 299725
1500997785 385753
1500997785 471849
1500997785 558933
1500997785 645190
1500997785 731235
1500997785 817747
1500997785 904040
1500997785 991190
1500997786 77561
1500997786 163632
1500997786 249530
1500997786 335981
1500997786 423028
1500997786 509266
1500997786 595370
1500997786 682136
1500997786 767876
1500997786 854594
1500997786 941725
1500997787 57102
1500997787 170956
1500997787 297017
1500997787 381461
1500997787 474880
1500997787 563384
1500997787 650875
1500997787 736963
1500997787 823252
1500997787 909627
1500997787 995773
1500997788 82897
1500997788 169429
1500997788 255266
1500997788 342025
1500997788 431408
1500997788 522858
1500997788 637771
1500997788 728829
1500997789 11899
1500997789 101042
1500997789 187303
1500997789 378834
1500997789 651413
1500997789 734858
1500997789 902099
1500997789 984153
1500997790 70329
1500997790 156829
1500997790 243829
1500997790 329898
1500997790 416116
1500997790 502294
1500997790 588461
1500997790 675497
1500997790 957553
1500997791 156925
1500997791 242117
1500997791 328080
1500997791 414361
1500997791 500641
1500997791 587478
1500997792 131555
1500997792 211174
1500997792 367198
1500997792 524947
1500997792 719309
1500997792 806331
1500997792 892858
1500997792 979164
1500997793 66388
1500997793 208025
1500997793 296446
1500997793 382704
1500997793 510376
1500997793 814751
1500997793 901442
1500997793 987304
1500997794 73160
1500997794 160972
1500997794 247245
1500997794 335067
1500997794 419038
1500997794 505183
1500997794 592213
1500997794 678704
1500997794 764974
1500997794 850881
1500997794 937518
1500997795 24567
1500997795 110713
1500997795 196411
1500997795 282781
1500997795 370085
1500997795 456394
1500997795 542721
1500997795 628717
1500997795 715119
1500997795 801255
1500997795 888125
1500997795 974205
1500997796 60608
1500997796 147421
1500997796 233087
1500997796 320320
1500997796 406796
1500997796 492668
1500997796 579088
1500997796 665340
1500997796 752426
1500997796 838696
1500997796 924747
1500997797 10927
1500997797 97136
1500997797 184270
1500997797 270406
1500997797 356785
1500997797 443083
1500997797 530017
1500997797 616130
1500997797 702688
1500997797 788631
1500997797 874776
1500997797 962078
1500997798 48270
1500997798 134457
1500997798 220952
1500997798 307596
1500997798 393850
1500997798 480916
1500997798 566320
1500997798 652337
1500997798 738995
1500997798 826113
1500997798 912232
1500997798 998428
1500997799 84701
1500997799 171492
1500997799 269991
1500997799 353051
1500997799 439820
1500997799 526436
1500997799 612644
1500997799 698990
1500997799 785049
1500997799 872025
1500997799 958292
1500997800 44401
1500997800 131309
1500997800 217220
1500997800 304628
1500997800 390451
1500997800 476507
1500997800 562510
1500997800 648987
1500997800 735977
1500997800 822561
1500997800 908441
1500997800 995158
1500997801 81238
1500997801 168345
1500997801 254566
1500997801 341238
1500997801 426769
1500997801 513589
1500997801 599477
1500997801 686428
1500997801 772516
1500997801 858854
1500997801 945200
1500997802 31557
1500997802 118493
1500997802 229391
1500997802 309769
1500997802 395946
1500997802 483215
1500997802 569155
1500997802 655100
1500997802 741488
1500997802 828496
1500997802 915262
1500997803 163990
1500997803 251389
1500997803 337502
1500997803 544799
1500997803 625122
1500997803 712111
1500997803 798643
1500997803 884456
1500997803 971459
1500997804 57986
1500997804 154988
1500997804 240124
1500997804 326311
1500997804 412634
1500997804 498777
1500997804 585048
1500997804 672312
1500997804 758063
1500997804 844432
1500997804 930909
1500997805 17169
1500997805 104025
1500997805 190243
1500997805 276414
1500997805 362612
1500997805 449323
1500997805 535906
1500997805 622911
1500997805 708905
1500997805 794945
1500997805 881015
1500997805 968039
1500997806 54167
1500997806 140604
1500997806 226790
1500997806 312747
1500997806 399917
1500997806 486093
1500997806 572351
1500997806 658364
1500997806 744504
1500997806 831839
1500997806 918046
1500997807 4551
1500997807 90432
1500997807 176719
1500997807 263945
1500997807 350351
1500997807 436063
1500997807 522397
1500997807 609663
1500997807 726027
1500997807 811122
1500997807 982345
1500997808 69877
1500997808 155840
1500997808 243237
1500997808 329247
1500997808 415372
1500997808 503094
1500997808 587866
1500997808 755239
1500997808 837290
1500997808 924589
1500997809 10899
1500997809 97508
1500997809 183410
1500997809 382767
1500997809 471805
1500997809 561266
1500997809 674291
1500997809 759645
1500997809 845779
1500997809 979050
1500997810 66990
1500997810 195765
1500997810 277384
1500997810 364671
1500997810 450869
1500997810 545062
1500997810 773860
1500997810 854317
1500997810 940604
1500997811 221360
1500997811 305371
1500997811 781278
1500997811 883494
1500997811 967794
1500997812 54122
1500997812 140977
1500997812 349479
1500997812 549115
1500997812 973487
1500997813 451873
1500997813 532521
1500997813 619623
1500997813 705499
1500997813 791803
1500997813 877918
1500997813 964135
1500997814 51336
1500997814 137584
1500997814 379506
1500997814 464362
1500997814 733099
1500997814 819183
1500997814 905448
1500997814 991160
1500997815 78296
1500997815 164692
1500997815 251066
1500997815 337236
1500997815 423521
1500997815 510539
1500997815 597224
1500997815 682822
1500997815 769171
1500997815 855052
1500997815 942334
1500997816 28340
1500997816 114685
1500997816 200740
1500997816 287332
1500997816 374369
1500997816 460576
1500997816 546836
1500997816 633148
1500997816 720120
1500997816 806818
1500997816 892696
1500997816 978988
1500997817 64952
1500997817 151950
1500997817 238325
1500997817 324576
1500997817 411010
1500997817 496962
1500997817 584666
1500997817 669968
1500997817 756635
1500997817 842717
1500997817 929054
1500997818 15963
1500997818 102232
1500997818 188417
1500997818 275791
1500997818 361645
1500997818 447768
1500997818 533992
1500997818 621293
1500997818 707195
1500997818 794041
1500997818 880143
1500997818 965951
1500997819 52416
1500997819 138828
1500997819 225681
1500997819 311802
1500997819 398388
1500997819 485132
1500997819 571284
1500997819 672063
1500997819 752960
1500997819 840110
1500997819 926674
1500997820 12411
1500997820 98639
1500997820 185729
1500997820 271759
1500997820 358195
1500997820 444336
1500997820 531655
1500997820 616875
1500997820 704030
1500997820 790631
1500997820 876411
1500997820 962671
1500997821 49227
1500997821 136382
1500997821 222755
1500997821 430386
1500997821 548337
1500997821 687253
1500997821 769602
1500997821 855887
1500997821 974902
1500997822 57209
1500997822 163167
1500997822 249816
1500997822 335813
1500997822 422147
1500997822 507866
1500997822 595550
1500997822 681637
1500997822 767688
1500997823 2365
1500997823 84650
1500997823 171295
1500997823 257037
1500997823 344365
1500997823 430457
1500997823 516666
1500997823 602545
1500997823 689703
1500997823 776032
1500997823 862607
1500997823 948538
1500997824 34854
1500997824 124979
1500997824 207629
1500997824 293923
1500997824 380069
1500997824 466464
1500997824 553426
1500997824 639862
1500997824 726539
1500997824 812479
1500997824 898640
1500997824 986059
1500997825 71703
1500997825 158134
1500997825 244792
1500997825 330528
1500997825 417413
1500997825 504354
1500997825 590212
1500997825 676630
1500997825 763326
1500997825 849513
1500997825 935746
1500997826 22342
1500997826 108158
1500997826 196069
1500997826 281635
1500997826 367759
1500997826 454266
1500997826 540474
1500997826 627618
1500997826 713585
1500997826 800145
1500997826 886477
1500997826 972448
1500997827 138112
1500997827 221848
1500997827 312949
1500997827 394775
1500997827 481092
1500997827 567117
1500997827 654574
1500997827 821670
1500997827 967347
1500997828 47901
1500997828 133716
1500997828 221331
1500997828 327762
1500997828 466803
1500997828 546704
1500997828 649616
1500997828 761938
1500997828 846863
1500997828 961186
1500997829 289853
1500997829 529350
1500997829 613245
1500997829 699484
1500997829 785643
1500997829 871533
1500997829 957953
1500997830 44936
1500997830 131018
1500997830 217519
1500997830 450125
1500997830 534621
1500997830 620568
1500997830 707558
1500997830 793916
1500997830 879786
1500997830 966332
1500997831 52879
1500997831 138537
1500997831 224479
1500997831 311536
1500997831 398004
1500997831 484349
1500997831 571015
1500997831 656498
1500997831 743815
1500997831 830106
1500997831 916412
1500997832 2463
1500997832 88747
1500997832 175734
1500997832 262236
1500997832 348342
1500997832 434683
1500997832 520895
1500997832 663259
1500997832 751378
1500997832 973648
1500997833 59673
1500997833 149515
1500997833 231560
1500997833 317612
1500997833 440239
1500997833 635669
1500997833 721456
1500997833 807934
1500997833 893963
1500997833 980834
1500997834 67087
1500997834 153251
1500997834 239984
1500997834 338065
1500997834 465784
1500997834 547034
1500997834 633524
1500997834 862490
1500997835 67615
1500997835 216546
1500997835 383314
1500997835 873194
1500997835 958914
1500997836 44854
1500997836 130969
1500997836 602729
1500997836 688399
1500997836 774203
1500997837 196249
1500997837 327906
1500997837 417037
1500997837 503976
1500997837 590190
1500997837 676336
1500997837 762477
1500997837 849690
1500997837 935727
1500997838 21819
1500997838 108274
1500997838 194844
1500997838 281655
1500997838 367740
1500997838 454066
1500997838 540180
1500997838 626682
1500997838 713305
1500997838 799637
1500997838 886285
1500997838 972370
1500997839 58637
1500997839 145532
1500997839 231986
1500997839 317938
1500997839 404258
1500997839 490268
1500997839 577488
1500997839 663673
1500997839 749966
1500997839 836387
1500997839 922364
1500997840 9674
1500997840 95732
1500997840 182218
1500997840 267970
1500997840 354646
1500997840 441456
1500997840 527970
1500997840 614949
1500997840 700156
1500997840 786233
1500997840 873622
1500997840 959729
1500997841 45855
1500997841 131851
1500997841 218970
1500997841 305698
1500997841 391862
1500997841 477756
1500997841 564219
1500997841 651206
1500997841 737656
1500997841 823935
1500997841 909596
1500997841 995795
1500997842 83044
1500997842 169298
1500997842 255433
1500997842 341770
1500997842 428110
1500997842 515195
1500997842 601929
1500997842 687494
1500997842 773713
1500997842 860560
1500997842 947030
1500997843 33464
1500997843 119459
1500997843 205589
1500997843 292073
1500997843 379073
1500997843 465111
1500997843 551447
1500997843 637741
1500997843 724043
1500997843 811154
1500997843 897199
1500997843 983518
1500997844 69672
1500997844 156192
1500997844 243165
1500997844 329494
1500997844 415436
1500997844 501570
1500997844 587979
1500997844 675393
1500997844 761336
1500997844 847400
1500997844 933482
1500997845 20254
1500997845 106745
1500997845 192906
1500997845 397947
1500997845 481417
1500997845 616385
1500997845 702373
1500997845 888463
1500997845 971243
1500997846 57221
1500997846 143469
1500997846 229608
1500997846 316557
1500997846 402851
1500997846 488742
1500997846 575409
1500997846 661296
1500997846 748696
1500997846 834890
1500997846 921082
1500997847 7385
1500997847 94549
1500997847 180545
1500997847 370293
1500997847 565387
1500997847 651092
1500997847 736758
1500997847 824255
1500997847 910182
1500997847 996374
1500997848 82647
1500997848 168828
1500997848 255874
1500997848 342211
1500997848 428440
1500997848 514582
1500997848 665321
1500997848 880102
1500997848 965840
1500997849 52993
1500997849 139293
1500997849 307865
1500997849 402466
1500997849 516752
1500997849 599925
1500997849 686534
1500997849 772714
1500997849 858785
1500997849 945087
1500997850 31904
1500997850 118165
1500997850 204514
1500997850 291386
1500997850 376898
1500997850 463678
1500997850 612646
1500997850 842453
1500997850 924409
1500997851 11729
1500997851 97312
1500997851 183496
1500997851 269812
1500997851 355946
1500997851 443047
1500997851 529382
1500997851 716602
1500997851 798185
1500997851 888634
1500997852 67767
1500997852 187778
1500997852 268066
1500997852 355204
1500997852 441680
1500997852 527560
1500997852 613866
1500997852 764524
1500997853 318201
1500997853 508644
1500997853 593567
1500997853 679508
1500997853 766603
1500997853 852833
1500997853 938708
1500997854 24968
1500997854 111810
1500997854 198210
1500997854 284474
1500997854 370509
1500997854 456699
1500997854 544042
1500997854 630086
1500997854 716303
1500997854 802970
1500997854 888599
1500997854 975656
1500997855 62099
1500997855 148346
1500997855 234690
1500997855 320998
1500997855 407856
1500997855 494818
1500997855 580549
1500997855 666866
1500997855 771832
1500997855 859211
1500997855 945274
1500997856 31366
1500997856 117880
1500997856 205564
1500997856 291030
1500997856 377250
1500997856 463536
1500997856 549684
1500997856 636870
1500997856 746226
1500997856 841879
1500997856 925125
1500997857 128218
1500997857 234579
1500997857 318389
1500997857 404390
1500997857 490611
1500997857 576877
1500997857 663936
1500997857 750251
1500997857 836740
1500997857 922721
1500997858 9439
1500997858 96812
1500997858 182375
1500997858 268431
1500997858 354730
1500997858 440985
1500997858 528041
1500997858 614262
1500997858 700341
1500997858 787195
1500997858 872872
1500997859 29731
1500997859 113417
1500997859 199564
1500997859 286010
1500997859 372362
1500997859 459045
1500997859 545399
1500997859 632168
1500997859 717700
1500997859 803963
1500997859 890204
1500997859 977312
1500997860 113535
1500997860 426372
1500997860 514888
1500997860 678537
1500997860 905108
1500997861 15830
1500997861 100948
1500997861 185987
1500997861 273423
1500997861 419196
1500997861 503697
1500997861 590033
1500997861 676218
1500997861 762963
1500997861 848607
1500997861 936035
1500997862 21849
1500997862 108401
1500997862 194342
1500997862 280330
1500997862 451272
1500997862 540069
1500997862 794952
1500997862 876167
1500997862 962227
1500997863 50307
1500997863 244399
1500997863 327217
1500997863 413996
1500997863 500094
1500997863 587144
1500997863 672557
1500997863 759137
1500997863 846116
1500997863 993866
1500997864 114517
1500997864 200805
1500997864 287109
1500997864 373689
1500997864 460377
1500997864 546669
1500997864 633055
1500997864 719040
1500997864 806486
1500997864 892411
1500997865 42778
1500997865 132630
1500997865 218321
1500997865 305361
1500997865 391701
1500997865 478500
1500997865 563979
1500997865 650354
1500997865 736642
1500997865 823674
1500997865 909922
1500997865 996103
1500997866 82031
1500997866 174610
1500997866 308756
1500997866 389661
1500997866 475878
1500997866 562110
1500997866 648591
1500997866 735691
1500997866 821732
1500997866 908154
1500997866 994158
1500997867 85787
1500997867 321170
1500997867 408526
1500997867 493476
1500997867 580262
1500997867 666770
1500997867 752992
1500997867 839765
1500997868 130643
1500997868 412199
1500997868 501925
1500997868 587947
1500997868 674425
1500997868 761115
1500997868 847208
1500997868 934046
1500997869 20267
1500997869 106861
1500997869 193436
1500997869 279062
1500997869 365270
1500997869 451702
1500997869 538862
1500997869 625241
1500997869 711591
1500997869 865694
1500997869 953341
1500997870 38073
1500997870 123990
1500997870 210528
1500997870 296295
1500997870 383031
1500997870 470475
1500997870 556893
1500997870 642394
1500997870 728763
1500997870 815684
1500997870 902067
1500997870 987984
1500997871 74406
1500997871 160353
1500997871 247469
1500997871 333908
1500997871 420072
1500997871 506076
1500997871 592508
1500997871 679549
1500997871 765879
1500997871 852202
1500997871 938242
1500997872 25261
1500997872 111521
1500997872 197851
1500997872 283944
1500997872 370235
1500997872 456619
1500997872 543536
1500997872 629917
1500997872 716059
1500997872 954096
1500997873 42749
1500997873 292202
1500997873 379329
1500997873 464975
1500997873 551108
1500997873 638339
1500997873 724220
1500997873 810794
1500997873 896702
1500997873 982868
1500997874 69937
1500997874 155815
1500997874 368622
1500997874 456925
1500997874 540158
1500997874 837410
1500997875 64317
1500997875 397006
1500997875 659449
1500997875 749995
1500997875 836175
1500997875 922297
1500997876 29104
1500997876 114996
1500997876 230618
1500997876 315940
1500997876 402396
1500997876 488385
1500997876 575513
1500997876 661817
1500997876 748675
1500997876 834486
1500997876 920743
1500997877 7570
1500997877 94390
1500997877 180027
1500997877 266138
1500997877 353531
1500997877 439879
1500997877 525798
1500997877 611912
1500997877 698122
1500997877 785416
1500997877 871725
1500997877 957838
1500997878 43921
1500997878 130280
1500997878 217039
1500997878 303355
1500997878 389635
1500997878 475773
1500997878 562110
1500997878 649267
1500997878 735310
1500997878 821697
1500997878 908040
1500997878 994840
1500997879 81191
1500997879 167294
1500997879 253960
1500997879 340242
1500997879 426265
1500997879 513036
1500997879 599656
1500997879 685609
1500997879 771795
1500997879 858959
1500997879 945369
1500997880 31556
1500997880 117524
1500997880 203533
1500997880 290978
1500997880 377025
1500997880 463399
1500997880 549363
1500997880 635712
1500997880 722803
1500997880 809336
1500997880 895744
1500997880 981803
1500997881 67588
1500997881 154896
1500997881 240981
1500997881 327416
1500997881 413694
1500997881 499871
1500997881 586773
1500997881 672993
1500997881 759332
1500997881 845333
1500997881 931664
1500997882 18802
1500997882 105194
1500997882 191177
1500997882 277262
1500997882 363618
1500997882 451125
1500997882 537046
1500997882 623118
1500997882 709116
1500997882 796712
1500997882 882962
1500997882 968994
1500997883 55303
1500997883 217174
1500997883 304847
1500997883 390934
1500997883 478209
1500997883 564442
1500997883 650569
1500997883 736943
1500997883 823134
1500997883 910477
1500997883 996403
1500997884 82394
1500997884 168654
1500997884 255084
1500997884 341915
1500997884 428236
1500997884 514828
1500997884 600921
1500997884 686816
1500997884 774364
1500997884 860399
1500997884 946851
1500997885 32675
1500997885 120923
1500997885 206248
1500997885 292100
1500997885 378367
1500997885 464868
1500997885 551672
1500997885 638446
1500997885 724301
1500997885 810434
1500997885 896566
1500997885 983802
1500997886 69961
1500997886 289238
1500997886 376718
1500997886 463836
1500997886 550302
1500997886 636252
1500997886 722473
1500997886 808696
1500997886 895835
1500997886 982102
1500997887 68299
1500997887 154618
1500997887 240720
1500997887 327727
1500997887 413946
1500997887 500037
1500997887 586331
1500997887 672780
1500997887 759964
1500997887 846671
1500997887 932537
1500997888 18527
1500997888 104854
1500997888 191869
1500997888 278277
1500997888 364142
1500997888 450190
1500997888 537486
1500997888 623738
1500997888 709857
1500997888 873545
1500997888 959681
1500997889 45703
1500997889 131907
1500997889 226252
1500997889 314893
1500997889 400435
1500997889 487037
1500997889 573870
1500997889 679945
1500997889 948392
1500997890 34167
1500997890 324131
1500997890 408997
1500997890 494979
1500997890 581192
1500997890 667297
1500997890 754490
1500997890 840816
1500997890 927027
1500997891 13136
1500997891 99536
1500997891 186462
1500997891 272590
1500997891 358635
1500997891 445268
1500997891 531320
1500997891 618315
1500997891 704541
1500997891 791270
1500997891 877013
1500997891 963478
1500997892 50769
1500997892 136553
1500997892 222751
1500997892 309103
1500997892 395443
1500997892 482448
1500997892 568536
1500997892 654850
1500997892 740986
1500997892 827376
1500997892 914208
1500997893 493
1500997893 86760
1500997893 173371
1500997893 259351
1500997893 347275
1500997893 432696
1500997893 519019
1500997893 605042
1500997893 691418
1500997893 778485
1500997893 864498
1500997893 950850
1500997894 37579
1500997894 123342
1500997894 210215
1500997894 296538
1500997894 382617
1500997894 468745
1500997894 555807
1500997894 642164
1500997894 728906
1500997894 815583
1500997894 900946
1500997894 987162
1500997895 73926
1500997895 160300
1500997895 247060
1500997895 332787
1500997895 419232
1500997895 506170
1500997895 592317
1500997895 678560
1500997895 764767
1500997895 852380
1500997895 938207
1500997896 24384
1500997896 110743
1500997896 196686
1500997896 283931
1500997896 370140
1500997896 456974
1500997896 542707
1500997896 628684
1500997896 715511
1500997896 817226
1500997896 918864
1500997897 317440
1500997897 406612
1500997897 492766
1500997897 579998
1500997897 666053
1500997897 752086
1500997897 838519
1500997897 924765
1500997898 11584
1500997898 98065
1500997898 184248
1500997898 270935
1500997898 357952
1500997898 443909
1500997898 530019
1500997898 616179
1500997898 702432
1500997898 789964
1500997898 875756
1500997898 962136
1500997899 48113
1500997899 134573
1500997899 355742
1500997899 476802
1500997899 566604
1500997899 653892
1500997899 739583
1500997899 826320
1500997899 912852
1500997899 998314
1500997900 84666
1500997900 171873
1500997900 257785
1500997900 343867
1500997900 430277
1500997900 517680
1500997900 603500
1500997900 689823
1500997900 776371
1500997900 862419
1500997900 949509
1500997901 35391
1500997901 121832
1500997901 208097
1500997901 294242
1500997901 788819
1500997901 871502
1500997901 956796
1500997902 43896
1500997902 130105
1500997902 221920
1500997902 312443
1500997902 398625
1500997902 484903
1500997902 571076
1500997902 658128
1500997902 826815
1500997903 36379
1500997903 118826
1500997903 205826
1500997903 291660
1500997903 377900
1500997903 464064
1500997903 550520
1500997903 637427
1500997903 723573
1500997903 809637
1500997903 895980
1500997903 983078
1500997904 69309
1500997904 156175
1500997904 242014
1500997904 328132
1500997904 414410
1500997904 501253
1500997904 587565
1500997904 674061
1500997904 760091
1500997904 846121
1500997904 933675
1500997905 19693
1500997905 105877
1500997905 192227
1500997905 279322
1500997905 365557
1500997905 451487
1500997905 537582
1500997905 624231
1500997905 710934
1500997905 797241
1500997905 883409
1500997905 969588
1500997906 55966
1500997906 143232
1500997906 229846
1500997906 315413
1500997906 401902
1500997906 487759
1500997906 574884
1500997906 661101
1500997906 747482
1500997906 833988
1500997906 920008
1500997907 7069
1500997907 93273
1500997907 180042
1500997907 265848
1500997907 351992
1500997907 438824
1500997907 525022
1500997907 611723
1500997907 697509
1500997907 783815
1500997907 871183
1500997907 957119
1500997908 43373
1500997908 129443
1500997908 216451
1500997908 302859
1500997908 389002
1500997908 475368
1500997908 561694
1500997908 648577
1500997908 734659
1500997908 820776
1500997908 907313
1500997908 993668
1500997909 81174
1500997909 166907
1500997909 253103
1500997909 339433
1500997909 425577
1500997909 512550
1500997909 598833
1500997909 701134
1500997909 853540
1500997909 934617
1500997910 32759
1500997910 208717
1500997910 520803
1500997910 607245
1500997910 693251
1500997910 780211
1500997910 865678
1500997910 952192
1500997911 39135
1500997911 125320
1500997911 211702
1500997911 297966
1500997911 383982
1500997911 471096
1500997911 557118
1500997911 643437
1500997911 729703
1500997911 815915
1500997911 903110
1500997911 989368
1500997912 75529
1500997912 161439
1500997912 249055
1500997912 334847
1500997912 421222
1500997912 507280
1500997912 593683
1500997912 680750
1500997912 766926
1500997912 853172
1500997912 939514
1500997913 25445
1500997913 112682
1500997913 198892
1500997913 285234
1500997913 371183
1500997913 457547
1500997913 676669
1500997913 765497
1500997913 854192
1500997913 937633
1500997914 25072
1500997914 110964
1500997914 197181
1500997914 283258
1500997914 468493
1500997914 584020
1500997914 720160
1500997914 801768
1500997914 889630
1500997914 975200
1500997915 61042
1500997915 147361
1500997915 233432
1500997915 320667
1500997915 406734
1500997915 493245
1500997915 579128
1500997915 665674
1500997915 752714
1500997915 838935
1500997915 925231
1500997916 11395
1500997916 173715
1500997916 319971
1500997916 461054
1500997916 549550
1500997916 635734
1500997916 722442
1500997916 808273
1500997916 965365
1500997917 128521
1500997917 488618
1500997917 577306
1500997917 830642
1500997918 77034
1500997918 162412
1500997918 248597
1500997918 334346
1500997918 441886
1500997918 597741
1500997918 790247
1500997918 882065
1500997918 968079
1500997919 54367
1500997919 141327
1500997919 227744
1500997919 313710
1500997919 399837
1500997919 486013
1500997919 573165
1500997919 659355
1500997919 745600
1500997919 831711
1500997919 918124
1500997920 5183
1500997920 91321
1500997920 177588
1500997920 263820
1500997920 350899
1500997920 437262
1500997920 523589
1500997920 609640
1500997920 696158
1500997920 782926
1500997920 869059
1500997920 955493
1500997921 41663
1500997921 127785
1500997921 214901
1500997921 301171
1500997921 425276
1500997921 554193
1500997921 646841
1500997921 811142
1500997922 65356
1500997922 158205
1500997922 242212
1500997922 328574
1500997922 414403
1500997922 500788
1500997922 587162
1500997922 674210
1500997922 760476
1500997922 846483
1500997922 933147
1500997923 18939
1500997923 105990
1500997923 192404
1500997923 278924
1500997923 364691
1500997923 450882
1500997923 537894
1500997923 624235
1500997923 710519
1500997923 796858
1500997923 883042
1500997923 969988
1500997924 56088
1500997924 142668
1500997924 228994
1500997924 315180
1500997924 402022
1500997924 488339
1500997924 574528
1500997924 660928
1500997924 818778
1500997924 910774
1500997924 997602
1500997925 83911
1500997925 169709
1500997925 256170
1500997925 342219
1500997925 429515
1500997925 515366
1500997925 601682
1500997925 687912
1500997925 774211
1500997925 861465
1500997925 947309
1500997926 33823
1500997926 119912
1500997926 206204
1500997926 293397
1500997926 379265
1500997926 465810
1500997926 552329
1500997926 638322
1500997926 765275
1500997926 922016
1500997927 13178
1500997927 99891
1500997927 185635
1500997927 272732
1500997927 358832
1500997927 444809
1500997927 531110
1500997927 618257
1500997927 704636
1500997927 790855
1500997927 877114
1500997927 963113
1500997928 50071
1500997928 136289
1500997928 222608
1500997928 308965
1500997928 395071
1500997928 481911
1500997928 568110
1500997928 654574
1500997928 740980
1500997928 827119
1500997928 914300
1500997929 525
1500997929 86592
1500997929 172995
1500997929 258907
1500997929 346248
1500997929 432176
1500997929 518541
1500997929 604744
1500997929 690883
1500997929 778525
1500997929 864682
1500997929 951005
1500997930 36794
1500997930 122983
1500997930 210307
1500997930 296161
1500997930 382417
1500997930 468770
1500997930 556163
1500997930 641988
1500997930 728121
1500997930 814601
1500997930 900698
1500997930 987845
1500997931 74021
1500997931 160238
1500997931 246583
1500997931 332872
1500997931 419825
1500997931 506124
1500997931 592360
1500997931 678609
1500997931 818815
1500997931 909066
1500997932 242338
1500997932 332039
1500997932 598053
1500997932 686662
1500997932 774109
1500997932 859075
1500997932 946266
1500997933 32544
1500997933 118861
1500997933 204837
1500997933 348940
1500997933 435358
1500997933 524122
1500997933 607767
1500997933 695274
1500997933 781213
1500997933 867323
1500997933 953721
1500997934 40656
1500997934 126905
1500997934 213400
1500997934 299552
1500997934 385516
1500997934 472635
1500997934 558913
1500997934 702222
1500997934 840555
1500997935 15671
1500997935 187695
1500997935 291643
1500997935 567088
1500997935 730742
1500997935 816612
1500997935 955118
1500997936 148604
1500997936 288027
1500997936 524230
1500997936 613653
1500997936 699742
1500997936 785967
1500997937 5972
1500997937 92786
1500997937 222436
1500997937 319935
1500997937 410306
1500997937 496517
1500997937 678310
1500997937 765117
1500997937 851811
1500997937 937735
1500997938 24504
1500997938 110816
1500997938 197031
1500997938 283162
1500997938 369501
1500997938 456675
1500997938 586759
1500997938 841626
1500997938 995635
1500997939 81314
1500997939 166441
1500997939 293293
1500997939 377998
1500997939 463819
1500997939 550930
1500997939 637059
1500997939 723497
1500997939 809693
1500997939 895855
1500997939 982980
1500997940 68940
1500997940 156129
1500997940 242017
1500997940 327945
1500997940 435284
1500997940 704816
1500997940 807083
1500997941 43594
1500997941 134636
1500997941 239311
1500997941 327137
1500997941 413762
1500997941 499383
1500997941 585119
1500997941 671514
1500997941 758890
1500997941 845095
1500997941 931333
1500997942 17646
1500997942 104362
1500997942 191270
1500997942 277323
1500997942 363743
1500997942 449536
1500997942 536065
1500997942 623036
1500997942 709157
1500997942 795376
1500997942 882007
1500997942 967912
1500997943 62071
1500997943 150521
1500997943 237351
1500997943 323442
1500997943 409782
1500997943 495918
1500997943 582289
1500997943 669571
1500997943 755172
1500997943 841166
1500997943 927139
1500997944 13561
1500997944 100361
1500997944 186713
1500997944 274086
1500997944 359834
1500997944 446150
1500997944 532218
1500997944 618307
1500997944 706239
1500997944 792156
1500997944 878075
1500997944 964365
1500997945 50567
1500997945 137719
1500997945 224214
1500997945 310203
1500997945 396466
1500997945 483398
1500997945 569393
1500997945 655803
1500997945 742112
1500997945 828242
1500997945 915271
1500997946 1361
1500997946 87787
1500997946 174000
1500997946 260263
1500997946 433053
1500997946 549379
1500997946 635061
1500997946 721479
1500997946 807561
1500997946 894411
1500997946 980741
1500997947 66880
1500997947 153212
1500997947 239333
1500997947 326484
1500997947 412796
1500997947 499077
1500997947 585489
1500997947 671363
1500997947 758733
1500997947 844725
1500997947 930872
1500997948 17082
1500997948 104284
1500997948 190471
1500997948 276729
1500997948 362718
1500997948 449059
1500997948 536394
1500997948 622618
1500997948 708795
1500997948 794927
1500997948 881345
1500997948 968352
1500997949 54741
1500997949 140970
1500997949 226861
1500997949 313253
1500997949 400403
1500997949 486541
1500997949 575607
1500997949 658889
1500997949 745192
1500997949 832108
1500997949 918669
1500997950 4720
1500997950 90967
1500997950 177264
1500997950 264263
1500997950 350450
1500997950 436512
1500997950 522685
1500997950 609275
1500997950 696138
1500997950 782411
1500997950 868657
1500997950 955001
1500997951 41946
1500997951 128520
1500997951 214711
1500997951 300422
1500997951 387025
1500997951 473879
1500997951 560022
1500997951 646512
1500997951 732441
1500997951 818954
1500997951 906071
1500997951 992071
1500997952 78326
1500997952 164545
1500997952 250835
1500997952 337970
1500997952 423994
1500997952 510061
1500997952 596235
1500997952 682606
1500997952 769582
1500997952 856254
1500997952 942145
1500997953 28371
1500997953 115436
1500997953 202024
1500997953 287755
1500997953 374042
1500997953 460593
1500997953 547572
1500997953 633672
1500997953 719854
1500997953 806478
1500997953 892464
1500997953 979246
1500997954 65727
1500997954 152010
1500997954 238379
1500997954 324351
1500997954 411242
1500997954 497763
1500997954 583825
1500997954 670043
1500997954 882911
1500997954 968185
1500997955 54543
1500997955 141060
1500997955 227503
1500997955 313689
1500997955 399701
1500997955 486053
1500997955 573271
1500997955 659378
1500997955 745458
1500997955 832234
1500997955 917977
1500997956 5052
1500997956 91245
1500997956 177727
1500997956 263755
1500997956 349881
1500997956 436963
1500997956 523210
1500997956 609635
1500997956 695851
1500997956 782116
1500997956 869038
1500997956 955201
1500997957 41498
1500997957 127797
1500997957 214805
1500997957 301129
1500997957 387213
1500997957 473452
1500997957 559617
1500997957 646519
1500997957 732767
1500997957 819259
1500997957 905379
1500997957 991394
1500997958 78510
1500997958 164812
1500997958 250913
1500997958 337300
1500997958 423470
1500997958 510645
1500997958 596898
1500997958 720415
1500997958 808313
1500997958 900482
1500997959 74348
1500997959 163590
1500997959 249541
1500997959 335611
1500997959 422599
1500997959 508819
1500997959 595061
1500997959 800729
1500997959 893137
1500997959 979101
1500997960 65314
1500997960 208003
1500997960 296072
1500997960 382033
1500997960 468296
1500997960 555264
1500997960 641414
1500997960 728011
1500997960 813821
1500997960 900251
1500997961 10439
1500997961 232703
1500997961 323194
1500997961 409617
1500997961 495266
1500997961 723066
1500997961 812420
1500997961 899415
1500997962 245162
1500997962 363438
1500997962 455612
1500997962 572176
1500997962 741495
1500997962 832626
1500997962 926820
1500997963 12954
1500997963 99159
1500997963 185255
1500997963 271558
1500997963 358719
1500997963 444916
1500997963 531134
1500997963 617392
1500997963 703397
1500997963 790469
1500997963 876723
1500997963 962900
1500997964 49276
1500997964 135494
1500997964 222636
1500997964 308667
1500997964 394909
1500997964 481196
1500997964 567243
1500997964 654372
1500997964 740685
1500997964 827104
1500997964 913071
1500997964 999396
1500997965 86653
1500997965 172731
1500997965 258819
1500997965 344913
1500997965 432156
1500997965 518345
1500997965 604530
1500997965 690694
1500997965 777119
1500997965 863889
1500997965 950347
1500997966 36515
1500997966 122723
1500997966 209068
1500997966 296181
1500997966 382314
1500997966 468393
1500997966 554774
1500997966 640998
1500997966 727834
1500997966 814100
1500997966 900363
1500997966 986554
1500997967 72950
1500997967 159989
1500997967 246372
1500997967 332421
1500997967 418702
1500997967 504842
1500997967 591990
1500997967 678206
1500997967 764526
1500997967 850362
1500997967 936915
1500997968 24492
1500997968 110365
1500997968 196314
1500997968 283141
1500997968 369197
1500997968 456226
1500997968 542410
1500997968 628678
1500997968 714637
1500997968 801648
1500997968 887967
1500997968 974204
1500997969 60390
1500997969 146443
1500997969 233573
