1502357211 892502
1502357212 141906
1502357212 382683
1502357212 592835
1502357213 130266
1502357213 456855
1502357213 571925
1502357213 811931
1502357214 52082
1502357214 138361
1502357214 397985
1502357214 647431
1502357214 771771
1502357214 954164
1502357215 213879
1502357215 453313
1502357215 683936
1502357215 818188
1502357215 952613
1502357216 48537
1502357216 221017
1502357216 336431
1502357216 499593
1502357216 633968
1502357216 873691
1502357216 959790
1502357217 199463
1502357217 410843
1502357217 622311
1502357217 727459
1502357217 890831
1502357218 25142
1502357218 236781
1502357218 371025
1502357218 611084
1502357218 726103
1502357218 850995
1502357219 52437
1502357219 283047
1502357219 541517
1502357219 743148
1502357219 973826
1502357220 223220
1502357220 319312
1502357220 414745
1502357220 597358
1502357220 846663
1502357221 77241
1502357221 326836
1502357221 422976
1502357221 595265
1502357221 777836
1502357222 8345
1502357222 161572
1502357222 324901
1502357222 440232
1502357222 526326
1502357222 738035
1502357222 948562
1502357223 207919
1502357223 294144
1502357223 438579
1502357223 688025
1502357223 831325
1502357223 975688
1502357224 177108
1502357224 407772
1502357224 666343
1502357224 829608
1502357225 41132
1502357225 261765
1502357225 444079
1502357225 588441
1502357225 838107
1502357226 20340
1502357226 279040
1502357226 365198
1502357226 605669
1502357226 720087
1502357226 883346
1502357227 46752
1502357227 238207
1502357227 382437
1502357227 593914
1502357227 699136
1502357227 881617
1502357228 63930
1502357228 188333
1502357228 418839
1502357228 591309
1502357228 821959
1502357229 52276
