1502293161 5436
1502293161 523731
1502293162 502765
1502293163 270744
1502293163 337549
1502293163 559000
1502293163 625976
1502293163 760421
1502293163 875647
1502293164 134278
1502293165 354219
1502293166 486437
1502293167 52875
1502293167 207264
1502293167 273280
1502293167 628268
1502293167 734342
1502293167 801291
1502293168 147253
1502293168 281514
1502293168 732748
1502293168 865792
1502293168 971919
1502293169 96306
1502293169 154410
1502293169 230608
1502293169 394363
1502293169 960770
1502293170 269242
1502293170 335199
1502293170 748425
1502293170 958895
