1502293161 2690
1502293161 22069
1502293161 40912
1502293161 520719
1502293161 540060
1502293161 559268
1502293162 499121
1502293162 518443
1502293163 276825
1502293163 286892
1502293163 333752
1502293163 353017
1502293163 554341
1502293163 574526
1502293163 621189
1502293163 640571
1502293163 765617
1502293163 774812
1502293163 871099
1502293163 890255
1502293164 130610
1502293164 149732
1502293164 168427
1502293165 359645
1502293165 368732
1502293165 388281
1502293166 482811
1502293166 502058
1502293166 520669
1502293167 58114
1502293167 68361
1502293167 87001
1502293167 202365
1502293167 222004
1502293167 240732
1502293167 279395
1502293167 288675
1502293167 307440
1502293167 634728
1502293167 644776
1502293167 663044
1502293167 730563
1502293167 750091
1502293167 796630
1502293167 816842
1502293167 834895
1502293168 151933
1502293168 161825
1502293168 179865
1502293168 285950
1502293168 295257
1502293168 313906
1502293168 727187
1502293168 746390
1502293168 764583
1502293168 860278
1502293168 879513
1502293168 889543
1502293168 966403
1502293168 985750
1502293169 4391
1502293169 90868
1502293169 110124
1502293169 158028
1502293169 167099
1502293169 177337
1502293169 234221
1502293169 244255
1502293169 262982
1502293169 388906
1502293169 408061
1502293169 426045
1502293169 964280
1502293169 973381
1502293169 992855
1502293170 270582
1502293170 289963
1502293170 337732
1502293170 348004
1502293170 366741
1502293170 750810
1502293170 760245
1502293170 779647
1502293170 961453
1502293170 971929
1502293170 990927
