1502293181 769397
1502293181 782995
1502293181 827374
1502293181 839920
1502293181 859458
1502293182 114927
1502293182 128608
1502293182 147639
1502293182 411968
1502293182 425491
1502293182 479049
1502293182 492451
1502293182 511135
1502293184 753967
1502293184 767774
1502293184 786694
1502293185 233214
1502293185 247616
1502293185 266753
1502293185 520578
1502293185 535260
1502293185 554298
1502293185 615996
1502293185 630970
1502293185 649722
1502293185 741152
1502293185 755069
1502293185 773787
1502293185 817255
1502293185 830893
1502293185 850398
1502293185 893500
1502293185 908051
1502293185 926811
1502293186 143401
1502293186 157801
1502293186 176870
1502293186 690889
1502293186 704451
1502293186 723319
1502293186 892248
1502293186 905607
1502293186 924643
1502293187 957524
1502293187 971319
1502293187 990311
1502293188 43656
1502293188 57216
1502293188 76341
1502293188 167677
1502293188 181228
1502293188 199952
1502293188 331107
1502293188 344731
1502293188 363569
1502293188 915697
1502293188 930267
1502293188 949358
1502293189 165446
1502293189 179813
1502293189 199022
1502293189 472888
1502293189 486490
1502293189 505656
1502293190 480508
1502293190 494253
1502293190 513131
1502293190 787398
1502293190 800826
1502293190 820184
1502293191 74832
1502293191 89418
1502293191 108285
1502293191 352533
1502293191 368093
1502293191 387032
1502293191 621262
1502293191 636627
1502293191 655532
1502293191 775428
1502293191 790096
1502293191 808955
1502293192 139342
1502293192 154740
1502293192 206385
1502293192 221980
1502293192 240983
1502293192 562197
1502293192 576534
1502293192 628222
1502293192 643723
1502293192 695475
1502293192 711039
1502293192 730177
1502293192 782834
1502293192 797151
1502293192 816153
1502293193 117736
1502293193 133074
1502293193 152094
1502293193 213698
1502293193 228567
1502293193 247294
1502293193 348066
1502293193 362687
1502293193 381561
1502293193 540437
1502293193 554128
1502293193 573165
1502293194 193276
1502293194 206878
