1499959088 252749
1499959088 405901
1499959088 578455
1499959088 770928
1499959088 942854
1499959089 97177
1499959089 259893
1499959089 433192
1499959089 615498
1499959089 769199
1499959089 932233
1499959090 76629
1499959090 249000
1499959090 421313
1499959090 603855
1499959090 786367
1499959090 949864
1499959091 141884
1499959091 295376
1499959091 477701
1499959091 650149
1499959091 823529
1499959091 987034
1499959092 159506
1499959092 331790
1499959092 505016
1499959092 687615
1499959092 859935
1499959093 42330
1499959093 196846
1499959093 368989
1499959093 532203
1499959093 675649
1499959093 858231
1499959094 31449
1499959094 203900
1499959094 396308
1499959094 559609
1499959094 722934
1499959094 895402
1499959095 48874
1499959095 212516
1499959095 394578
1499959095 537940
1499959095 720331
1499959095 902960
1499959096 76284
1499959096 219697
1499959096 392747
1499959096 546163
1499959096 699678
1499959096 843802
1499959097 16396
1499959097 160537
1499959097 333054
1499959097 477161
1499959097 630608
1499959097 813166
1499959097 976349
1499959098 149652
1499959098 302174
1499959098 465496
1499959098 618804
1499959098 792207
1499959098 964796
1499959099 127876
1499959099 310362
1499959099 492830
1499959099 637252
1499959099 780460
1499959099 943809
1499959100 107212
1499959100 279656
1499959100 423990
1499959100 568265
1499959100 731788
1499959100 884851
1499959101 38227
1499959101 201645
1499959101 383949
1499959101 556392
1499959101 729829
1499959101 893065
1499959102 55588
1499959102 238053
1499959102 391325
1499959102 554700
1499959102 727423
1499959102 919547
1499959103 72867
1499959103 226243
1499959103 408688
1499959103 552910
1499959103 735619
1499959103 879501
1499959104 33181
1499959104 196368
1499959104 378811
1499959104 551312
1499959104 695628
1499959104 877874
1499959105 50242
1499959105 222761
1499959705 724456
1499959706 31810
1499959706 204305
1499959706 347850
1499959706 491999
1499959706 665149
1499959706 808499
1499959706 971984
1499959707 144470
1499959707 307774
1499959707 452100
1499959707 624396
1499959707 778813
1499959707 941285
1499959708 123623
1499959708 286991
1499959708 431386
1499959708 584609
1499959708 758154
1499959708 930405
1499959709 93833
1499959709 247176
1499959709 429505
1499959709 602053
1499959709 784764
1499959709 957928
1499959710 111173
1499959710 254491
1499959710 436768
1499959710 600101
1499959710 773535
1499959710 926899
1499959711 70137
1499959711 243581
1499959711 435097
1499959711 627461
1499959711 790815
1499959711 963215
1499959712 107697
1499959712 299907
1499959712 453270
1499959712 635685
1499959712 808204
1499959712 981384
1499959713 143973
1499959713 317460
1499959713 470630
1499959713 653128
1499959713 835438
1499959713 998886
1499959714 162189
1499959714 507850
1499959714 661543
1499959714 843703
1499959715 26063
1499959715 169478
1499959715 342765
1499959715 525555
1499959715 707926
1499959715 851963
1499959716 5212
1499959716 187534
1499959716 351372
1499959716 513614
1499959716 686906
1499959716 859318
1499959717 22610
1499959717 205044
1499959717 377617
1499959717 541083
1499959717 694399
1499959717 857755
1499959718 39936
1499959718 193224
1499959718 347471
1499959718 519922
1499959718 673232
1499959718 826815
1499959719 8975
1499959719 191833
1499959719 355335
1499959719 528382
1499959719 691621
1499959719 835228
1499959719 988333
1499959720 170893
1499959720 343318
1499959720 516555
1499959720 699006
1499959720 881227
1499959721 44870
1499959721 217122
1499959721 399479
1499959721 581731
1499959721 773248
1499959721 936722
1499959722 119456
1499959722 310680
1499959722 484168
