1502293789 409011
1502293789 513274
1502293789 628445
1502293789 705572
1502293789 810628
1502293790 32052
1502293790 204714
1502293790 435296
1502293791 222134
1502293792 258184
1502293793 36092
1502293793 169457
1502293793 553048
1502293793 658290
1502293793 773438
1502293795 69841
1502293795 683321
1502293795 750386
1502293795 923581
1502293795 990564
1502293796 489924
1502293796 931213
1502293797 335116
1502293797 660901
1502293797 986428
1502293798 53402
1502293798 120680
1502293798 187833
1502293798 571583
1502293798 821494
1502293798 927530
1502293798 993615
1502293799 560092
1502293799 800737
1502293799 866825
1502293799 933756
1502293800 1886
1502293800 212728
1502293800 433036
