1499348402 14986
1499348402 167424
1499348402 317328
1499348402 481985
1499348402 665290
1499348402 828360
1499348402 980414
1499348403 148356
1499348403 290216
1499348403 447138
1499348403 673177
1499348403 849487
1499348403 994757
1499348404 133462
1499348404 272270
1499348404 427001
1499348404 593432
1499348404 748212
1499348404 898642
1499348405 38595
1499348405 224609
1499348405 384193
1499348405 565643
1499348405 743004
1499348405 881371
1499348406 16807
1499348406 168386
1499348406 332443
1499348406 468298
1499348406 616031
1499348406 787423
1499348406 949654
1499348407 130496
1499348407 269647
