1502292514 978480
1502292514 997794
1502292515 161098
1502292515 179850
1502292515 256313
1502292515 275288
1502292515 361517
1502292515 380333
1502292515 476693
1502292515 495462
1502292515 821185
1502292515 879612
1502292515 936714
1502292515 993945
1502292516 51067
1502292516 108038
1502292516 126929
1502292516 416753
1502292516 434847
1502292517 336994
1502292517 356230
1502292517 796851
1502292517 815790
1502292517 931512
1502292517 950877
1502292518 373368
1502292518 652463
1502292519 54958
1502292519 112213
1502292519 409987
1502292519 803904
1502292520 447055
1502292520 533218
1502292520 551044
1502292520 657112
1502292520 675881
1502292521 127745
1502292521 147175
1502292521 377445
1502292521 530652
1502292522 231435
1502292522 308380
1502292522 856005
1502292523 124164
1502292523 479290
1502292523 546080
1502292523 728529
1502292523 747270
1502292524 160629
1502292524 218626
1502292524 237706
1502292524 640866
1502292524 659887
1502292525 571943
1502292525 638984
1502292525 657923
1502292526 70806
1502292526 89936
1502292526 175990
1502292526 194126
1502292526 290365
1502292526 308941
1502292526 491989
1502292526 511504
1502292526 578973
1502292526 646439
1502292526 665060
