1498238363.826206
1498238363.8262143
1498238363.826229
1498238363.8262303
1498238363.826231
1498238363.826232
1498238363.8262331
1498238363.826234
1498238363.8262348
1498238363.826236
1498238363.8262367
1498238363.8262377
1498238363.8262384
1498238363.8262396
1498238363.8262403
1498238363.8262413
1498238363.826242
1498238363.8262432
1498238363.8262439
1498238363.8262448
1498238363.8262455
1498238363.8262467
1498238363.8262475
1498238363.8262484
1498238363.8262491
1498238363.8262503
1498238363.8262513
1498238363.826252
1498238363.8262527
1498238363.826254
1498238363.8262546
1498238363.8262556
1498238363.8262563
1498238363.8262572
1498238363.8262582
1498238363.826259
1498238363.8262599
1498238363.8262608
1498238363.8262618
1498238363.8262625
1498238363.8262637
1498238363.8262644
1498238363.826265
1498238363.826266
1498238363.8262668
1498238363.8262677
1498238363.8262687
1498238363.8262694
1498238363.8262706
1498238363.8262713
1498238363.8262722
1498238363.826273
1498238363.8262737
1498238363.8262749
1498238363.8262756
1498238363.8262765
1498238363.8262775
1498238363.8262782
1498238363.8262792
1498238363.82628
1498238363.826281
1498238363.826282
1498238363.8262827
1498238363.8262837
1498238363.8262846
1498238363.8262856
1498238363.8262863
1498238363.826287
1498238363.8262882
1498238363.826289
1498238363.82629
1498238363.8262906
1498238363.8262916
1498238363.826293
1498238363.826294
1498238363.826295
1498238363.8262956
1498238363.8262966
1498238363.8262973
1498238363.8262985
1498238363.8262992
1498238363.8263001
1498238363.8263009
1498238363.826302
1498238363.826303
1498238363.8263037
1498238363.8263044
1498238363.8263056
1498238363.8263063
1498238363.8263073
1498238363.8263083
1498238363.8263092
1498238363.8263102
1498238363.8263109
1498238363.8263118
1498238363.826313
1498238363.8263152
1498238363.8263164
1498238363.826317
1498238363.826318
1498238363.8263187
1498238363.82632
1498238363.8263206
1498238363.8263216
1498238363.8263223
1498238363.8263233
1498238363.8263242
1498238363.8263252
1498238363.8263261
1498238363.826327
1498238363.8263278
1498238363.8263285
1498238363.8263297
1498238363.8263304
1498238363.8263314
1498238363.826332
1498238363.826333
1498238363.826334
1498238363.8263347
1498238363.8263357
1498238363.8263366
1498238363.8263373
1498238363.8263383
1498238363.826339
1498238363.8263402
1498238363.826341
1498238363.8263419
1498238363.8263428
1498238363.826344
1498238363.8263447
1498238363.8263457
1498238363.8263464
1498238363.8263476
1498238363.8263483
1498238363.826349
1498238363.82635
1498238363.826351
1498238363.8263516
1498238363.8263526
1498238363.8263533
1498238363.8263545
1498238363.8263552
1498238363.826356
1498238363.826357
1498238363.8263578
1498238363.8263588
1498238363.8263595
1498238363.8263602
1498238363.8263614
1498238363.8263624
1498238363.8263633
1498238363.8263643
1498238363.8263652
1498238363.826366
1498238363.8263667
1498238363.8263679
1498238363.8263686
1498238363.8263695
1498238363.8263702
1498238363.8263714
1498238363.8263721
1498238363.8263729
1498238363.8263738
1498238363.8263748
1498238363.8263757
1498238363.8263764
1498238363.8263774
1498238363.8263783
1498238363.82638
1498238363.8263807
1498238363.826382
1498238363.8263826
1498238363.8263834
1498238363.8263843
1498238363.8263853
1498238363.8263862
1498238363.826387
1498238363.826388
1498238363.8263888
1498238363.8263896
1498238363.8263905
1498238363.8263912
1498238363.8263924
1498238363.8263931
1498238363.826394
1498238363.8263948
1498238363.8263958
1498238363.8263967
1498238363.8263974
