1502291907 246697
1502291907 496076
1502291907 659427
1502291907 754690
1502291907 937103
1502291908 158516
1502291908 379205
1502291908 580979
1502291908 782223
1502291908 868004
1502291909 127853
1502291909 329118
1502291909 454398
1502291909 607776
1502291909 780190
1502291909 943588
1502291910 29938
1502291910 135907
1502291910 270165
1502291910 423538
1502291910 625147
1502291910 846710
1502291910 971102
1502291911 239473
1502291911 450882
1502291911 633325
1502291911 719447
1502291911 805703
1502291911 892685
1502291911 979058
1502291912 84176
1502291912 305829
1502291912 507261
1502291912 641588
1502291912 814080
1502291912 977170
1502291913 226706
1502291913 322261
1502291913 485490
1502291913 696092
1502291913 888523
1502291914 12764
1502291914 205051
1502291914 473720
1502291914 627108
1502291914 867609
1502291915 1786
1502291915 241594
1502291915 520108
1502291915 673493
1502291915 827691
1502291916 19277
1502291916 182666
1502291916 287792
1502291916 537522
1502291916 700852
1502291916 806931
1502291916 902168
1502291917 75674
1502291917 267040
1502291917 420468
1502291917 651021
1502291917 900560
1502291918 15872
1502291918 149973
1502291918 380590
1502291918 495799
1502291918 649197
1502291918 736201
1502291918 822375
1502291918 994730
1502291919 100202
1502291919 225355
1502291919 397949
1502291919 504090
