1502291512 577810
1502291512 673649
1502291512 875057
1502291513 9261
1502291513 105526
1502291513 365160
1502291513 480435
1502291513 537487
1502291513 710695
1502291513 941164
1502291514 171731
1502291514 315247
1502291514 382349
1502291514 497648
1502291514 603732
1502291514 718161
1502291514 833281
1502291515 6856
1502291515 63734
1502291515 170132
1502291515 265318
1502291515 390718
1502291515 592039
1502291515 812683
1502291516 43186
1502291516 110211
1502291516 254455
1502291516 360176
1502291516 523500
1502291516 638409
1502291516 791704
1502291517 41293
1502291517 271662
1502291517 348934
1502291517 569524
1502291517 741866
1502291517 972513
1502291518 87655
1502291518 202922
1502291518 328114
1502291518 423389
1502291518 510569
1502291518 596707
1502291518 702089
1502291518 884434
1502291518 990515
1502291519 143955
1502291519 278429
1502291519 450846
1502291519 586474
1502291519 854701
1502291520 85165
1502291520 334660
1502291520 420817
1502291520 507030
1502291520 603243
1502291520 795157
1502291521 45205
1502291521 274787
1502291521 524450
1502291521 697738
1502291521 822018
1502291521 957323
1502291522 81535
1502291522 196761
1502291522 283076
1502291522 436625
1502291522 696434
1502291522 897396
1502291523 118914
1502291523 205067
1502291523 281273
1502291523 511788
1502291523 704192
1502291523 943764
1502291524 193387
1502291524 443075
1502291524 692552
1502291524 779539
1502291524 884875
1502291525 10094
