1502376785 243388
1502376785 283916
1502376785 330042
1502376785 354789
1502376785 387308
1502376785 425684
1502376785 473159
1502376785 492356
1502376785 579334
1502376785 597710
1502376785 644482
1502376785 663856
1502376785 711660
1502376785 730906
1502376785 807844
1502376785 828160
1502376785 884037
1502376785 904325
1502376785 961154
1502376785 999596
1502376786 47375
1502376786 74266
1502376786 172525
1502376786 297026
1502376786 336095
1502376786 508340
1502376786 556378
1502376786 578273
1502376786 633769
1502376786 654034
1502376786 700737
1502376786 720125
1502376786 796143
1502376786 873470
1502376786 911738
1502376786 950231
1502376787 17683
1502376787 74561
1502376787 104562
1502376787 161041
1502376787 186575
1502376787 241499
1502376787 258075
1502376787 305049
1502376787 325390
1502376787 362295
1502376787 391896
1502376787 449575
1502376787 516686
1502376787 564823
1502376787 640975
1502376787 708267
1502376787 775352
1502376787 842574
1502376787 861868
1502376787 915670
1502376787 928948
1502376787 976667
1502376788 2660
1502376788 43853
1502376788 82378
1502376788 140183
1502376788 197180
1502376788 208180
1502376788 255480
1502376788 275689
1502376788 321866
1502376788 343572
1502376788 393233
1502376788 409368
1502376788 456874
1502376788 477005
1502376788 514164
1502376788 562298
1502376788 630687
1502376788 648307
1502376788 705678
1502376788 744718
1502376788 794281
1502376788 821216
1502376788 945366
1502376788 983978
1502376789 88633
1502376789 128606
1502376789 232627
1502376789 424392
1502376789 472819
1502376789 520265
1502376789 570565
1502376789 597300
1502376789 674000
1502376789 693839
1502376789 731696
1502376789 779992
1502376789 799372
1502376789 847046
1502376789 866549
1502376789 904334
1502376789 923682
1502376790 25391
1502376790 134739
1502376790 298245
1502376790 384412
1502376790 432381
1502376790 442667
1502376790 505221
1502376790 510336
1502376790 581403
1502376790 586059
1502376790 730390
1502376790 768645
1502376790 787241
1502376790 874404
1502376790 912470
1502376790 960528
1502376790 982812
1502376791 30509
1502376791 37078
1502376791 84949
1502376791 104797
1502376791 143089
1502376791 162140
1502376791 200323
1502376791 210472
1502376791 258348
1502376791 267652
1502376791 315421
1502376791 325724
1502376791 401628
1502376791 411865
1502376791 459719
1502376791 498191
1502376791 545924
1502376791 565845
1502376791 613028
1502376791 632365
1502376791 680215
1502376791 690506
1502376791 749449
1502376791 757581
1502376791 805439
1502376791 814907
1502376791 862806
1502376791 872882
1502376791 920620
1502376791 930048
1502376791 977967
1502376792 26098
1502376792 55456
1502376792 170364
1502376792 208627
1502376792 266609
1502376792 275820
1502376792 380855
1502376792 394031
1502376792 450922
1502376792 458359
1502376792 507158
1502376792 516455
1502376792 563479
1502376792 586103
1502376792 631220
1502376792 640672
1502376792 688644
1502376792 701722
1502376792 747123
1502376792 765632
1502376792 842944
1502376792 864557
1502376792 909073
1502376792 927869
1502376792 967204
1502376792 986298
1502376793 24252
1502376793 34652
1502376793 82443
1502376793 91594
1502376793 139454
1502376793 158920
1502376793 284130
1502376793 303017
1502376793 370112
1502376793 381764
1502376793 428088
1502376793 437511
1502376793 485152
1502376793 504244
1502376793 542512
1502376793 552721
1502376793 600598
1502376793 620485
1502376793 657895
1502376793 677069
1502376793 725009
1502376793 734364
1502376793 782039
1502376793 792167
1502376793 849981
1502376793 887866
1502376793 926020
1502376793 964593
1502376793 983850
1502376794 25315
1502376794 41084
1502376794 175064
1502376794 213364
1502376794 318314
1502376794 376459
1502376794 398589
1502376794 461352
1502376794 509925
1502376794 529136
1502376794 606012
1502376794 739500
1502376794 760686
1502376794 806783
1502376794 822393
1502376794 865075
1502376794 874397
1502376794 921946
1502376794 932364
1502376794 981073
1502376794 989400
1502376795 37491
1502376795 80824
1502376795 95471
1502376795 143536
1502376795 181503
1502376795 226518
1502376795 257721
1502376795 305949
1502376795 345001
1502376795 393825
1502376795 412404
1502376795 450178
1502376795 479585
1502376795 530470
1502376795 536599
1502376795 584537
1502376795 600034
1502376795 680509
1502376795 689776
1502376795 737863
1502376795 749138
1502376795 834088
1502376795 857900
1502376795 913105
1502376795 962244
1502376795 968520
1502376796 26649
1502376796 74657
1502376796 85390
1502376796 132387
1502376796 142635
1502376796 180276
1502376796 199460
1502376796 318853
1502376796 358450
1502376796 398231
1502376796 410960
1502376796 458532
1502376796 506565
1502376796 574485
1502376796 611731
1502376796 697902
1502376796 717283
1502376796 756324
1502376796 786303
1502376796 823056
1502376796 843337
1502376796 890614
1502376796 909626
1502376797 43621
1502376797 148964
1502376797 169493
1502376797 207004
1502376797 227193
1502376797 331285
1502376797 398346
1502376797 418728
1502376797 475646
1502376797 485955
1502376797 533625
1502376797 543093
1502376797 592850
1502376797 606883
1502376797 648016
1502376797 659413
1502376797 696517
1502376797 716365
1502376797 763153
1502376797 806418
1502376797 840368
1502376797 868917
1502376797 909527
1502376797 950342
1502376797 994475
1502376798 4116
1502376798 51764
1502376798 90336
1502376798 138222
1502376798 148458
1502376798 205443
1502376798 243143
1502376798 262641
1502376798 301265
1502376798 320698
1502376798 368596
1502376798 378020
1502376798 464731
1502376798 485856
1502376798 627137
1502376798 685184
1502376798 743176
1502376798 763374
1502376798 800606
1502376798 857554
1502376798 895783
1502376798 991928
1502376799 19096
1502376799 49054
1502376799 68536
1502376799 116263
1502376799 126628
1502376799 183449
1502376799 203851
1502376799 250715
1502376799 270977
1502376799 327791
1502376799 384853
1502376799 461979
1502376799 520224
1502376799 596376
1502376799 625038
1502376799 663553
1502376799 674430
1502376799 711546
1502376799 731031
1502376799 769731
1502376799 789224
1502376799 836774
1502376799 846145
1502376799 961175
1502376799 980426
1502376800 28373
1502376800 38907
1502376800 102379
1502376800 105836
1502376800 153625
1502376800 163065
1502376800 210929
1502376800 231192
1502376800 288434
1502376800 300891
1502376800 345388
1502376800 356045
1502376800 393461
1502376800 423381
1502376800 460129
1502376800 470599
1502376800 508235
1502376800 534689
1502376800 671732
1502376800 748918
1502376800 767401
1502376800 815267
1502376800 892114
1502376800 960054
1502376801 102734
1502376801 251958
1502376801 391333
1502376801 679444
1502376801 746900
1502376801 881001
1502376802 28579
1502376802 186154
1502376802 245601
1502376802 303896
1502376802 370801
1502376802 428340
1502376802 486422
1502376802 553185
1502376802 610196
1502376802 682156
1502376802 754234
1502376802 814304
1502376802 869961
1502376803 14636
1502376803 72581
1502376803 139282
1502376803 216144
1502376803 285170
1502376803 355093
1502376803 416803
1502376803 475039
1502376803 552341
1502376803 609762
