1499967505 584201
1499967505 756601
1499967505 939041
1499967506 121372
1499967506 303855
1499967506 486151
1499967506 658810
1499967506 831825
1499967507 23350
1499967507 225768
1499967507 408111
1499967507 590621
1499967507 763110
1499967507 935517
1499967508 117808
1499967508 339110
1499967508 569969
1499967508 905552
1499967509 87996
1499967509 270427
1499967509 442713
1499967509 625274
1499967509 769524
1499967509 941828
1499967510 115240
1499967510 297721
1499967510 499108
1499967510 690669
1499967511 132788
1499967511 305087
1499967511 487547
1499967511 650884
1499967511 833099
1499967512 15602
1499967512 188834
1499967512 380257
1499967512 678070
1499967513 72045
1499967513 244388
1499967513 426797
1499967513 609149
1499967513 772524
