1502199983 739085
1502199983 838836
1502199983 863179
1502199983 942786
1502199983 962078
1502199984 67901
1502199984 87223
1502199984 154359
1502199984 173552
1502199984 240165
1502199984 259547
1502199984 335497
1502199984 354710
1502199984 431600
1502199984 451096
1502199984 536839
1502199984 556184
1502199984 632133
1502199984 652513
1502199984 719280
1502199984 738627
1502199984 814569
1502199984 834616
1502199984 901673
1502199984 921038
1502199984 997131
1502199985 16446
1502199985 102318
1502199985 121875
