1502123144 338511
1502123144 482795
1502123144 723582
1502123144 896270
1502123145 155816
1502123145 279740
1502123145 481333
1502123145 596111
1502123145 836282
1502123145 941315
1502123146 66450
1502123146 287095
1502123146 507737
1502123146 660116
1502123146 661001
1502123146 882378
1502123147 140888
1502123147 198135
1502123147 294370
1502123147 371288
1502123147 533985
1502123147 601926
1502123147 754514
1502123147 775197
1502123147 926990
1502123148 14725
1502123148 176457
1502123148 226189
1502123148 349735
1502123148 350517
1502123148 523975
1502123148 580394
1502123148 704638
1502123148 715444
1502123148 821735
1502123148 829961
1502123148 907696
1502123149 51286
1502123149 88583
1502123149 214504
1502123149 299942
1502123149 329805
1502123149 482481
1502123149 503107
1502123149 616698
1502123149 702909
1502123149 752687
1502123149 914456
1502123149 935214
1502123150 88522
1502123150 96919
1502123150 184586
1502123150 298209
1502123150 375436
1502123150 443230
1502123150 499709
1502123150 645723
1502123150 673313
1502123150 885478
1502123150 903491
1502123150 998777
1502123151 113999
1502123151 144676
1502123151 298150
1502123151 354823
1502123151 374304
1502123151 546099
1502123151 624871
1502123151 757583
1502123151 826277
1502123151 930848
1502123151 979662
1502123152 94922
1502123152 151326
1502123152 191070
1502123152 256661
1502123152 381899
1502123152 392507
1502123152 506411
1502123152 604218
1502123152 612307
1502123152 794789
1502123152 843604
1502123153 24477
1502123153 93240
1502123153 216758
1502123153 227490
1502123153 342838
1502123153 485424
1502123153 582347
1502123153 600625
1502123153 734998
1502123153 822768
1502123153 879346
1502123153 928105
1502123154 72602
1502123154 109772
1502123154 187571
1502123154 321199
1502123154 398217
1502123154 541703
1502123154 580813
1502123154 715159
1502123154 733278
1502123154 830203
1502123154 896562
1502123154 973828
1502123155 79797
1502123155 175734
1502123155 299473
1502123155 329293
1502123155 406526
1502123155 472852
1502123155 550667
1502123155 559017
1502123155 655302
1502123155 761261
1502123155 770416
1502123156 10929
1502123156 29064
1502123156 163435
1502123156 251274
1502123156 375209
1502123156 490361
1502123156 491015
1502123156 634460
1502123156 712231
1502123156 835918
1502123156 884670
1502123156 930736
1502123157 37983
1502123157 63672
1502123157 230406
1502123157 236157
1502123157 370394
1502123157 490023
1502123157 572713
1502123157 652478
1502123157 796745
1502123157 812340
1502123157 889508
1502123157 940170
1502123158 55596
1502123158 129080
1502123158 266847
1502123158 349595
1502123158 401137
1502123158 523052
1502123158 593515
1502123158 619093
1502123158 669724
1502123158 832971
1502123158 887783
1502123159 15584
1502123159 108298
1502123159 217014
1502123159 261670
1502123159 409426
1502123159 463092
1502123159 543703
1502123159 648941
1502123159 722663
1502123159 889492
1502123159 972260
1502123159 994733
1502123160 125544
1502123160 206118
1502123160 269874
1502123160 359452
1502123160 442279
1502123160 538468
1502123160 570874
1502123160 615757
1502123160 817104
1502123160 829632
1502123160 925868
1502123161 18530
1502123161 108175
1502123161 239172
1502123161 319649
1502123161 393438
1502123161 508699
1502123161 531079
1502123161 632918
1502123161 770777
1502123161 825362
1502123161 901673
1502123161 972101
1502123162 87447
1502123162 104022
1502123162 324506
1502123162 346841
1502123162 529373
1502123162 536016
1502123162 615582
1502123162 727491
1502123162 817040
1502123162 961343
1502123162 977025
1502123163 83130
1502123163 95827
1502123163 181894
1502123163 226578
1502123163 374279
1502123163 418000
1502123163 527601
1502123163 639470
1502123163 720090
1502123163 860014
1502123163 959635
1502123164 13410
1502123164 64808
1502123164 99561
1502123164 152114
1502123164 272907
1502123164 389483
1502123164 410531
1502123164 464307
1502123164 573898
1502123164 665836
1502123164 756448
1502123164 842518
1502123164 877312
1502123165 34948
1502123165 97790
1502123165 150219
1502123165 184871
1502123165 236402
1502123165 290214
1502123165 415501
1502123165 447947
1502123165 616959
1502123165 649296
1502123165 741275
1502123165 783662
1502123165 962683
1502123165 975218
1502123166 177703
1502123166 221201
1502123166 301846
1502123166 436332
1502123166 441863
1502123166 570518
1502123166 634191
1502123166 704787
1502123166 849029
1502123166 854691
1502123166 945289
1502123167 37063
1502123167 117774
1502123167 219639
1502123167 358201
1502123167 460256
1502123167 549630
1502123167 603415
1502123167 732239
1502123167 776736
1502123167 838236
1502123167 872012
1502123167 962687
1502123168 25658
1502123168 68744
1502123168 169776
1502123168 222144
1502123168 400335
1502123168 480735
1502123168 615980
1502123168 680001
1502123168 844935
1502123168 845568
1502123169 7347
1502123169 56992
1502123169 189938
1502123169 210594
1502123169 392798
1502123169 459249
1502123169 602704
1502123169 604222
1502123169 727921
1502123169 863813
1502123169 929346
1502123169 949944
1502123170 36114
1502123170 189034
1502123170 237656
1502123170 323820
1502123170 409414
1502123170 535267
1502123170 669116
1502123170 736820
1502123170 755167
1502123170 900181
1502123170 966613
1502123171 25387
1502123171 90992
1502123171 264939
1502123171 321466
1502123171 436679
1502123171 505401
1502123171 532942
1502123171 648190
1502123171 706888
1502123171 782511
1502123171 822165
1502123171 946413
1502123172 3005
1502123172 127299
1502123172 158182
1502123172 251688
1502123172 407480
1502123172 511262
1502123172 647146
1502123172 724222
1502123172 731766
1502123172 837007
1502123172 983759
1502123173 343
1502123173 108050
1502123173 211747
1502123173 329497
1502123173 355205
1502123173 463818
1502123173 566620
1502123173 646235
1502123173 710931
1502123173 732452
1502123173 866718
1502123173 969692
1502123174 116306
1502123174 210043
1502123174 315316
1502123174 336767
1502123174 413969
1502123174 545864
1502123174 653509
1502123174 805364
1502123174 845918
1502123174 891609
1502123174 922177
1502123174 999255
1502123175 44942
1502123175 191757
1502123175 285452
1502123175 354988
1502123175 390763
1502123175 575629
1502123175 640284
1502123175 764560
1502123175 806049
1502123175 902456
1502123175 936997
1502123176 7543
1502123176 73256
1502123176 179996
1502123176 234700
1502123176 324369
1502123176 349988
1502123176 467753
1502123176 573868
1502123176 590403
1502123176 660033
1502123176 714726
1502123176 839089
1502123176 852448
1502123177 2498
1502123177 43876
1502123177 136785
1502123177 149165
1502123177 241997
1502123177 322702
1502123177 444505
1502123177 446890
1502123177 553043
1502123177 665006
1502123177 754551
1502123177 885451
1502123177 888867
1502123178 57986
1502123178 128353
1502123178 224736
1502123178 240251
1502123178 326487
1502123178 432725
1502123178 455150
1502123178 560343
1502123178 605036
1502123178 723950
1502123178 758478
1502123178 934374
1502123178 950957
1502123179 116750
1502123179 171509
1502123179 212846
1502123179 382880
1502123179 462592
1502123179 613349
1502123179 644789
1502123179 789143
1502123179 804934
1502123179 891105
1502123180 15453
1502123180 38712
1502123180 178736
1502123180 298200
1502123180 408997
1502123180 460855
1502123180 677842
1502123180 710255
1502123180 806478
1502123180 908337
1502123181 26964
1502123181 42603
1502123181 176974
1502123181 209431
1502123181 296473
1502123181 372659
1502123181 445564
1502123181 622289
1502123181 695278
1502123181 891894
1502123181 963842
1502123182 16314
1502123182 59743
1502123182 150352
1502123182 265677
1502123182 270463
1502123182 399927
1502123182 442961
1502123182 506130
1502123182 692630
1502123182 707697
1502123182 793800
1502123182 807780
1502123182 928219
1502123182 961324
1502123183 5280
1502123183 96389
1502123183 168650
1502123183 293006
1502123183 345889
1502123183 446401
1502123183 580707
1502123183 595450
1502123183 700833
1502123183 734929
1502123183 912277
1502123183 917409
1502123184 17511
1502123184 147888
1502123184 258125
1502123184 272163
1502123184 406423
1502123184 459399
1502123184 607975
1502123184 641813
1502123184 685073
1502123184 843484
1502123184 857631
1502123185 54987
1502123185 60021
1502123185 318593
1502123185 342368
1502123185 510988
1502123185 543871
1502123185 645255
1502123185 649223
1502123185 774475
1502123185 779564
1502123185 932984
1502123186 33140
1502123186 48159
1502123186 221496
1502123186 263499
1502123186 393885
1502123186 513061
1502123186 547243
1502123186 695522
1502123186 796858
1502123186 883042
1502123186 945072
1502123186 970197
1502123187 69496
1502123187 161850
1502123187 261876
1502123187 382168
1502123187 482348
1502123187 603575
1502123187 664685
1502123187 750906
1502123187 766960
1502123187 977578
1502123188 716
1502123188 132106
1502123188 202031
1502123188 208060
1502123188 308207
1502123188 429451
1502123188 432456
1502123188 518693
1502123188 605807
1502123188 679201
1502123188 784299
1502123188 836321
1502123188 922535
1502123188 985909
1502123189 8731
1502123189 114013
1502123189 197202
1502123189 238352
1502123189 388630
1502123189 468796
1502123189 619202
1502123189 680379
1502123189 792474
1502123189 824580
1502123189 955779
1502123189 997026
1502123190 93232
1502123190 109279
1502123190 233556
1502123190 323848
1502123190 396883
1502123190 419017
1502123190 502226
1502123190 579269
1502123190 659534
1502123190 694510
1502123190 774868
1502123190 860919
1502123190 866995
1502123190 954092
1502123191 78393
1502123191 120484
1502123191 241786
1502123191 263878
1502123191 347092
1502123191 427363
1502123191 558675
1502123191 654772
1502123191 686822
1502123191 830309
1502123191 914196
1502123192 57795
1502123192 89676
1502123192 307336
1502123192 310228
1502123192 511751
1502123192 518740
1502123192 684126
1502123192 768176
1502123192 818492
1502123192 979648
1502123193 68092
1502123193 183302
1502123193 190181
1502123193 299146
1502123193 334440
1502123193 459730
1502123193 471818
1502123193 672438
1502123193 680413
1502123193 883841
1502123193 900720
1502123194 18157
1502123194 160314
1502123194 171534
1502123194 275569
1502123194 334989
1502123194 488360
1502123194 515323
1502123194 707611
1502123194 757761
1502123194 863095
1502123194 957078
1502123195 74555
1502123195 101459
1502123195 292883
1502123195 305004
1502123195 485287
1502123195 496466
1502123195 600498
1502123195 698390
1502123195 743894
1502123195 926368
1502123195 957479
1502123196 139879
1502123196 175875
1502123196 349136
1502123196 351416
1502123196 588738
1502123196 590902
1502123196 752379
1502123196 821430
1502123196 877359
1502123196 972737
1502123197 3914
1502123197 205345
1502123197 213211
1502123197 299311
1502123197 320527
1502123197 519911
1502123197 551225
1502123197 674165
1502123197 723596
1502123197 865748
1502123197 934984
1502123197 991041
1502123198 163259
1502123198 194490
1502123198 326659
1502123198 395059
1502123198 566223
1502123198 577510
1502123198 711998
1502123198 796849
1502123198 971359
1502123198 979165
1502123199 66312
1502123199 161500
1502123199 182746
1502123199 334872
1502123199 336153
1502123199 460457
1502123199 584424
1502123199 729142
1502123199 766943
1502123199 854338
1502123199 950237
1502123199 997613
1502123200 169831
1502123200 170184
1502123200 390309
1502123200 390712
1502123200 524978
1502123200 553703
1502123200 697451
1502123200 698003
1502123200 794189
1502123200 812736
1502123200 909405
1502123200 985807
1502123201 81323
1502123201 254373
1502123201 302752
1502123201 408069
1502123201 408617
1502123201 513412
1502123201 648178
1502123201 743964
1502123201 888088
1502123201 897840
1502123201 993382
1502123202 90070
1502123202 127876
1502123202 195310
1502123202 348766
1502123202 396302
1502123202 570143
1502123202 607727
1502123202 790228
1502123202 819675
1502123202 923638
1502123202 992082
1502123203 38770
1502123203 145490
1502123203 154067
1502123203 327397
1502123203 375956
1502123203 528841
1502123203 577497
1502123203 759496
1502123203 807992
1502123203 874653
1502123203 903255
1502123204 8956
1502123204 18512
1502123204 143744
1502123204 239478
1502123204 383330
1502123204 421813
1502123204 604163
1502123204 652759
1502123204 814807
1502123204 844284
1502123204 949803
1502123204 949989
1502123205 83534
1502123205 171050
1502123205 284891
1502123205 391077
1502123205 410600
1502123205 535889
1502123205 621728
1502123205 641105
1502123205 823550
1502123205 861403
1502123205 938942
1502123206 110811
1502123206 150229
1502123206 283059
1502123206 293536
1502123206 475570
1502123206 505036
1502123206 561586
1502123206 639382
1502123206 830125
1502123206 849884
1502123206 955181
1502123207 79851
1502123207 224717
1502123207 310225
1502123207 310947
1502123207 492690
1502123207 502466
1502123207 646880
1502123207 713409
1502123207 886277
1502123207 915458
1502123208 40054
1502123208 145852
1502123208 289363
1502123208 299355
1502123208 462634
1502123208 538796
1502123208 683032
1502123208 721340
1502123208 798489
1502123208 855675
1502123209 37965
1502123209 76174
1502123209 191518
1502123209 220300
1502123209 287653
1502123209 364631
1502123209 421971
1502123209 508892
1502123209 537200
1502123209 777500
1502123209 805760
1502123209 940864
1502123209 959375
1502123210 84359
1502123210 113662
1502123210 199609
1502123210 238520
1502123210 362822
1502123210 362976
1502123210 535322
1502123210 602854
1502123210 641430
1502123210 861207
1502123210 910124
1502123211 4845
1502123211 82480
1502123211 130100
1502123211 255759
1502123211 312808
1502123211 447321
1502123211 484913
1502123211 543490
1502123211 600212
1502123211 705516
1502123211 812131
1502123211 839782
1502123211 927376
1502123212 3174
1502123212 176589
1502123212 177043
1502123212 407368
1502123212 416005
1502123212 502047
1502123212 636395
1502123212 666960
1502123212 866160
1502123212 916537
1502123213 106722
1502123213 127667
1502123213 192545
1502123213 252255
1502123213 405753
1502123213 461141
1502123213 626190
1502123213 720078
1502123213 731413
1502123213 864448
1502123213 971101
1502123214 114053
1502123214 219378
1502123214 220716
1502123214 392619
1502123214 593216
1502123214 777931
1502123214 804645
1502123214 941185
1502123214 977029
1502123215 140409
1502123215 151665
1502123215 293867
1502123215 305117
1502123215 438076
1502123215 506735
1502123215 649986
1502123215 687579
1502123215 756154
1502123215 860996
1502123215 880445
1502123216 62812
1502123216 128840
1502123216 226144
1502123216 350130
1502123216 465868
1502123216 503498
1502123216 589764
1502123216 609160
1502123216 714102
1502123216 800665
1502123216 896541
1502123216 906033
1502123216 983143
1502123217 97501
1502123217 156043
1502123217 174506
1502123217 327921
1502123217 405082
1502123217 405554
1502123217 501296
1502123217 626107
1502123217 654683
1502123217 799341
1502123217 846212
1502123218 48656
1502123218 57972
1502123218 134735
1502123218 259555
1502123218 374279
1502123218 432757
1502123218 527633
1502123218 528249
1502123218 652408
1502123218 661944
1502123218 796880
1502123218 930636
1502123218 969158
1502123219 35794
1502123219 199646
1502123219 228259
1502123219 305793
1502123219 419708
1502123219 516391
1502123219 669345
1502123219 755992
1502123219 784605
1502123219 862116
1502123219 996119
1502123220 14603
1502123220 188396
1502123220 264132
1502123220 379850
1502123220 456601
1502123220 648018
1502123220 648534
1502123220 772467
1502123220 802879
1502123220 864939
1502123221 52345
1502123221 60134
1502123221 167567
1502123221 213586
1502123221 359009
1502123221 482913
1502123221 579630
1502123221 693430
1502123221 713811
1502123221 837768
1502123221 839079
1502123221 943101
1502123222 11519
1502123222 125499
1502123222 164918
1502123222 346898
1502123222 376359
1502123222 452154
1502123222 519718
1502123222 586452
1502123222 673107
1502123222 798059
1502123222 941744
1502123222 979424
1502123223 105070
1502123223 152887
1502123223 258136
1502123223 287553
1502123223 450953
1502123223 488488
1502123223 642449
1502123223 738088
1502123223 843805
1502123223 940043
1502123224 6737
1502123224 189606
1502123224 218161
1502123224 391044
1502123224 476979
1502123224 592439
1502123224 602033
1502123224 822914
1502123224 832451
1502123224 919170
1502123225 72334
1502123225 81636
1502123225 206806
1502123225 331659
1502123225 398331
1502123225 455994
1502123225 618836
1502123225 648392
1502123225 734625
1502123225 810498
1502123225 946076
1502123225 983633
1502123226 118653
1502123226 223346
1502123226 309515
1502123226 387089
1502123226 463780
1502123226 588677
1502123226 636248
1502123226 722887
1502123226 828644
1502123226 829144
1502123226 923868
1502123226 934289
1502123227 20481
1502123227 30043
1502123227 164313
1502123227 173903
1502123227 289507
1502123227 356692
1502123227 519762
1502123227 548222
1502123227 644465
1502123227 721237
1502123227 778702
1502123227 903563
1502123228 18649
1502123228 86098
1502123228 143519
1502123228 296945
1502123228 307398
1502123228 517922
1502123228 546522
1502123228 718906
1502123228 739347
1502123228 930278
1502123228 988026
1502123229 179938
1502123229 247494
1502123229 295145
1502123229 478204
1502123229 544791
1502123229 583316
1502123229 727149
1502123229 746666
1502123229 900075
1502123229 928587
1502123230 24775
1502123230 149590
1502123230 197206
1502123230 332049
1502123230 360589
1502123230 514010
1502123230 523616
1502123230 609775
1502123230 677362
1502123230 792317
1502123230 849751
1502123230 946356
1502123231 108013
1502123231 119000
1502123231 281421
1502123231 292201
1502123231 378420
1502123231 492890
1502123231 569876
1502123231 703320
1502123231 839140
1502123231 877218
1502123231 934385
1502123232 48990
1502123232 164321
1502123232 203937
1502123232 375769
1502123232 423823
1502123232 510891
1502123232 644881
1502123232 692417
1502123232 769382
1502123232 874921
1502123232 883971
1502123233 47361
1502123233 133532
1502123233 172521
1502123233 306969
1502123233 402567
1502123233 518053
1502123233 574527
1502123233 593989
1502123233 766434
1502123233 824772
1502123233 968497
1502123233 987101
1502123234 120801
1502123234 140347
1502123234 255194
1502123234 294565
1502123234 360371
1502123234 446606
1502123234 496227
1502123234 677118
1502123234 697539
1502123234 859637
1502123234 947050
1502123235 109153
1502123235 139456
1502123235 243452
1502123235 244720
1502123235 339709
1502123235 427216
1502123235 435899
1502123235 532126
1502123235 590541
1502123235 732764
1502123235 849167
1502123235 905158
1502123236 2443
1502123236 30189
1502123236 154731
1502123236 155873
1502123236 298848
1502123236 385222
1502123236 395540
1502123236 482580
1502123236 529354
1502123236 654648
1502123236 654995
1502123236 827535
1502123236 903225
1502123236 923665
1502123237 85762
1502123237 125018
1502123237 354348
1502123237 365561
1502123237 519011
1502123237 527743
1502123237 605120
1502123237 710273
1502123237 797491
1502123237 930503
1502123237 950911
1502123238 75387
1502123238 112091
1502123238 285556
1502123238 315805
1502123238 554083
1502123238 574255
1502123238 756829
1502123238 822606
1502123238 881150
1502123238 977333
1502123239 44122
1502123239 169737
1502123239 302846
1502123239 351981
1502123239 494308
1502123239 534461
1502123239 696946
1502123239 744374
1502123239 850964
1502123239 897977
1502123239 947141
1502123240 80488
1502123240 119496
1502123240 235100
1502123240 243744
1502123240 387280
1502123240 484669
1502123240 492128
1502123240 636436
1502123240 686112
1502123240 731765
1502123240 811359
1502123240 934142
1502123241 21510
1502123241 118076
1502123241 202840
1502123241 291489
1502123241 452270
1502123241 511958
1502123241 596911
1502123241 636325
1502123241 845344
1502123241 866834
1502123242 1073
1502123242 104766
1502123242 135393
1502123242 258225
1502123242 308742
1502123242 450935
1502123242 567414
1502123242 709583
1502123242 788830
1502123242 841461
1502123242 894184
1502123243 35951
1502123243 124653
1502123243 201747
1502123243 247596
1502123243 374199
1502123243 429788
1502123243 602436
1502123243 614679
1502123243 749029
1502123243 766011
1502123243 852075
1502123243 969596
1502123244 73597
1502123244 141948
1502123244 274954
1502123244 296264
1502123244 478631
1502123244 495427
1502123244 658901
1502123244 661066
1502123244 852690
1502123244 908367
1502123244 958640
1502123245 13671
1502123245 121087
1502123245 225069
1502123245 370742
1502123245 426697
1502123245 506062
1502123245 589827
1502123245 697315
1502123245 793669
1502123245 801480
1502123245 993116
1502123246 52219
1502123246 146186
1502123246 302644
1502123246 347628
1502123246 397933
1502123246 540080
1502123246 561291
1502123246 705558
1502123246 732400
1502123246 801789
1502123246 936085
1502123247 1054
1502123247 60485
1502123247 240702
1502123247 290889
1502123247 394068
1502123247 406182
1502123247 615589
1502123247 617839
1502123247 730713
1502123247 771280
1502123247 807137
1502123247 941283
1502123248 20654
1502123248 133664
1502123248 164828
1502123248 261017
1502123248 364103
1502123248 375380
1502123248 452582
1502123248 488452
1502123248 596804
1502123248 692977
1502123248 728965
1502123248 846394
1502123248 987663
1502123249 9828
1502123249 83856
1502123249 182228
1502123249 199107
1502123249 268738
1502123249 431739
1502123249 439716
1502123249 670157
1502123249 681448
1502123249 890618
1502123249 901816
1502123250 27082
1502123250 92018
1502123250 113254
1502123250 257618
1502123250 284421
1502123250 379872
1502123250 526325
1502123250 620208
1502123250 670457
1502123250 735502
1502123250 850740
1502123250 861959
1502123250 947025
1502123251 35361
1502123251 111497
1502123251 138421
1502123251 339958
1502123251 361182
1502123251 543476
1502123251 580509
1502123251 716869
1502123251 820034
1502123251 956495
1502123252 21474
1502123252 186893
1502123252 232906
1502123252 367335
1502123252 369373
1502123252 580765
1502123252 635726
1502123252 782110
1502123252 866193
1502123252 952477
1502123253 12718
1502123253 96792
1502123253 184815
1502123253 327261
1502123253 425339
1502123253 518820
1502123253 608094
1502123253 730251
1502123253 799189
1502123253 845659
1502123253 943540
1502123253 950826
1502123254 36998
1502123254 39654
1502123254 193049
1502123254 260584
1502123254 296661
1502123254 394870
1502123254 431138
1502123254 517149
1502123254 605930
1502123254 680383
1502123254 788856
1502123254 939968
1502123254 990172
1502123255 26291
1502123255 124109
1502123255 256702
1502123255 352831
1502123255 354989
1502123255 488921
1502123255 573331
1502123255 709840
1502123255 813050
1502123255 815933
1502123255 902300
1502123256 72595
1502123256 151718
1502123256 158689
1502123256 292951
1502123256 382292
1502123256 427389
1502123256 487664
1502123256 580722
1502123256 602838
1502123256 763179
1502123256 862837
1502123257 3593
1502123257 6689
1502123257 198085
1502123257 243215
1502123257 409551
1502123257 511809
1502123257 659185
1502123257 723202
1502123257 793648
1502123257 899021
1502123257 905635
1502123258 33970
1502123258 126184
1502123258 187300
1502123258 292552
1502123258 298613
1502123258 385431
1502123258 542176
1502123258 558217
1502123258 724500
1502123258 778687
1502123258 868798
1502123258 883997
1502123259 66291
1502123259 118403
1502123259 296978
1502123259 300739
1502123259 469426
1502123259 531311
1502123259 584557
1502123259 617499
1502123259 770938
1502123259 815011
1502123260 1439
1502123260 35527
1502123260 260861
1502123260 304238
1502123260 366312
1502123260 457632
1502123260 548560
1502123260 553762
1502123260 755229
1502123260 798191
1502123260 841459
1502123261 14821
1502123261 47661
1502123261 187231
1502123261 259178
1502123261 345399
1502123261 388719
1502123261 581287
1502123261 604905
1502123261 691060
1502123261 734372
1502123261 892607
1502123261 916902
1502123261 978802
1502123262 51128
1502123262 185552
1502123262 238368
1502123262 429927
1502123262 454122
1502123262 550317
1502123262 584072
1502123262 675552
1502123262 727527
1502123262 896040
1502123262 986994
1502123263 107564
1502123263 217574
1502123263 231831
1502123263 341854
1502123263 462348
1502123263 477061
1502123263 620653
1502123263 692805
1502123263 697598
1502123263 821956
1502123263 941456
1502123264 33534
1502123264 110599
1502123264 200999
1502123264 296294
1502123264 331036
1502123264 456267
1502123264 517759
1502123264 633074
1502123264 638623
1502123264 748180
1502123264 830132
1502123264 910639
1502123264 983511
1502123265 83101
1502123265 89740
1502123265 224032
1502123265 256504
1502123265 320208
1502123265 444585
1502123265 506133
1502123265 601312
1502123265 694127
1502123265 780365
1502123265 856570
1502123265 870791
1502123265 933711
1502123266 24202
1502123266 135168
1502123266 186690
1502123266 298582
1502123266 427170
1502123266 500127
1502123266 599533
1502123266 701457
1502123266 742977
1502123266 839264
1502123266 854751
1502123267 28099
1502123267 31543
1502123267 232066
1502123267 248719
1502123267 338352
1502123267 450229
1502123267 555360
1502123267 558796
1502123267 664031
1502123267 747847
1502123267 798397
1502123267 961846
1502123267 968276
1502123268 86125
1502123268 172290
1502123268 207912
1502123268 258550
1502123268 383644
1502123268 400358
1502123268 505591
1502123268 537149
1502123268 649757
1502123268 700444
1502123268 726959
1502123268 880544
1502123268 901899
1502123269 14594
1502123269 65267
1502123269 110902
1502123269 151637
1502123269 216180
1502123269 285739
1502123269 381929
1502123269 456606
1502123269 583562
1502123269 687146
1502123269 830517
1502123269 842954
1502123269 974820
1502123270 51087
1502123270 53585
1502123270 195404
1502123270 303070
1502123270 390193
1502123270 415859
1502123270 552621
1502123270 656344
1502123270 756190
1502123270 761631
1502123270 992056
1502123270 994714
1502123271 225138
1502123271 251635
1502123271 455643
1502123271 491228
1502123271 638067
1502123271 741016
1502123271 820381
1502123271 894175
1502123272 59987
1502123272 114676
1502123272 156408
1502123272 290466
1502123272 364429
1502123272 462947
1502123272 498613
1502123272 567386
1502123272 661942
1502123272 692700
1502123272 806272
1502123272 903968
1502123272 988732
1502123273 57382
1502123273 84742
1502123273 171075
1502123273 277949
1502123273 391470
1502123273 402124
1502123273 536524
1502123273 593041
1502123273 758001
1502123273 813540
1502123273 882235
1502123273 918837
1502123274 24959
1502123274 45708
1502123274 237126
1502123274 264505
1502123274 352409
1502123274 485980
1502123274 562190
1502123274 591920
