1501772803 888700
1501772803 955674
1501772804 22653
1501772804 89770
1501772804 156826
1501772804 472781
1501772804 540716
1501772804 694210
1501772804 761222
1501772804 827589
1501772804 914733
1501772804 990878
1501772805 57091
1501772805 125163
1501772805 191417
1501772805 258578
1501772805 326762
1501772805 393798
1501772805 460015
1501772805 748639
1501772806 93562
1501772806 160593
1501772806 227784
1501772806 294937
1501772806 362103
1501772806 430165
1501772806 496420
1501772806 563567
1501772806 631583
1501772806 697954
1501772806 765990
1501772806 833065
1501772806 899352
1501772806 966508
1501772807 33773
1501772807 101680
1501772807 167915
1501772807 235115
1501772807 303177
1501772807 369400
1501772807 436589
1501772807 580875
1501772807 888551
1501772807 974702
1501772808 41048
1501772808 156331
1501772808 223367
1501772808 290531
1501772808 598175
1501772808 789723
1501772808 856851
1501772809 172
1501772809 67473
1501772809 134492
1501772809 201647
1501772809 268773
1501772809 336000
1501772809 403150
1501772809 471172
1501772809 537475
1501772809 643662
1501772809 709872
1501772809 778002
1501772809 921319
1501772809 988477
1501772810 65744
1501772810 132796
1501772810 199021
1501772810 267057
1501772810 333288
1501772810 544842
1501772810 841764
1501772810 927826
1501772811 138373
1501772811 244459
1501772811 310819
1501772811 377844
1501772811 493104
1501772811 560229
1501772811 666414
1501772811 732653
1501772811 808025
1501772811 933238
1501772811 999520
1501772812 67549
1501772812 133805
1501772812 364335
1501772812 603898
1501772812 671038
1501772812 777247
1501772812 844370
1501772812 987791
1501772813 83080
1501772813 150303
1501772813 256382
1501772813 322657
1501772813 553145
1501772813 697502
1501772813 927113
1501772813 994281
1501772814 62586
1501772814 129370
1501772814 195670
1501772814 262775
1501772814 330874
1501772814 397143
1501772814 464316
1501772814 532345
1501772814 599493
1501772814 665753
1501772814 733809
1501772814 800955
1501772814 867282
1501772814 935272
1501772815 11500
1501772815 135866
1501772815 212082
1501772815 317344
1501772815 489894
1501772815 566075
1501772815 633253
1501772815 700305
1501772815 825573
1501772815 901820
1501772816 122291
1501772816 256711
1501772816 351994
1501772816 477346
1501772816 697753
1501772816 773900
1501772816 851017
1501772816 927292
1501772817 166880
1501772817 243070
1501772817 319312
1501772817 395520
1501772817 683210
1501772817 769408
1501772817 845626
1501772817 921908
1501772818 430108
1501772818 507337
1501772818 583416
1501772818 679603
1501772818 755866
1501772819 101000
1501772819 215052
1501772819 292285
1501772819 368468
1501772819 435652
1501772819 502754
1501772819 569932
1501772819 637958
1501772819 704204
1501772819 772276
1501772819 838546
1501772819 905679
1501772819 973787
1501772820 40921
1501772820 108108
1501772820 175221
1501772820 242466
1501772820 328591
1501772820 395702
1501772820 461992
1501772820 530029
1501772820 597226
1501772820 664393
1501772820 731609
1501772820 798688
1501772820 865859
1501772820 932975
1501772821 90
1501772821 67251
1501772821 133535
1501772821 201561
1501772821 268741
1501772821 334971
1501772821 402164
1501772821 469333
1501772821 535581
1501772821 603619
1501772821 670035
1501772821 737982
1501772821 805126
1501772821 872234
1501772821 938467
1501772822 15587
1501772822 81882
1501772822 149130
1501772822 217135
1501772822 284210
1501772822 350459
1501772822 418572
1501772822 484799
1501772822 552891
1501772822 620069
1501772822 687204
1501772822 754399
1501772822 821441
1501772822 907708
1501772822 974871
1501772823 42064
1501772823 109203
1501772823 176340
1501772823 243482
1501772823 310688
1501772823 377805
1501772823 483090
1501772823 684568
1501772823 798974
1501772823 866062
1501772823 934171
1501772824 1277
1501772824 173776
1501772824 566641
1501772824 730169
1501772824 797127
1501772824 931401
1501772824 997702
1501772825 65752
1501772825 132869
1501772825 199199
1501772825 267229
1501772825 429775
1501772825 496845
1501772825 563969
1501772825 727293
1501772825 804464
1501772825 871639
1501772825 938838
1501772826 5927
1501772826 73113
1501772826 140251
1501772826 206494
1501772826 274518
1501772826 341758
1501772826 686680
1501772826 773813
1501772826 936326
1501772827 223759
1501772827 415299
1501772827 482400
1501772827 548762
1501772827 616780
1501772827 741131
1501772827 808277
1501772827 875427
1501772828 18766
1501772828 86012
1501772828 210290
1501772828 277394
1501772828 382674
1501772828 478005
1501772828 718498
1501772828 785683
1501772828 948144
1501772829 54346
1501772829 159526
1501772829 226718
1501772829 293899
1501772829 361004
1501772829 428382
1501772829 715877
1501772829 782959
1501772829 850134
1501772829 974506
1501772830 69766
1501772830 175988
1501772830 367369
1501772830 481742
1501772830 548898
1501772830 616979
1501772830 684104
1501772830 751322
1501772830 818410
1501772830 885574
1501772830 952788
1501772831 19891
1501772831 96112
1501772831 336632
1501772831 460952
1501772831 556205
1501772831 623376
1501772831 690536
1501772831 757757
1501772831 825830
1501772831 892907
1501772831 960142
1501772832 27259
1501772832 94395
1501772832 161520
1501772832 228767
1501772832 295889
1501772832 363098
1501772832 430200
1501772832 497330
1501772832 564476
1501772832 631598
1501772832 698757
1501772832 765993
1501772832 833099
1501772832 909447
1501772832 976518
1501772833 43618
1501772833 110789
1501772833 177967
1501772833 245120
1501772833 321352
1501772833 436645
1501772833 503713
1501772833 657169
1501772833 752422
1501772833 819585
1501772833 944956
1501772834 11886
1501772834 79066
1501772834 146664
1501772834 213415
1501772834 280560
1501772834 347679
1501772834 416360
1501772834 482071
1501772834 549184
1501772834 616358
1501772834 683515
1501772834 750801
1501772834 990208
1501772835 335048
1501772835 412259
1501772835 719139
1501772835 805159
1501772835 872296
1501772835 939429
1501772836 6629
1501772836 73763
1501772836 236242
1501772836 303359
1501772836 370525
1501772836 437732
1501772836 524844
1501772836 591950
1501772836 659117
1501772836 726323
1501772836 888791
1501772836 956025
1501772837 196351
1501772837 263582
1501772837 330656
1501772837 570300
1501772837 637437
1501772837 704522
1501772837 771750
1501772837 847971
1501772838 77574
1501772838 145684
1501772838 404239
1501772838 471415
1501772838 538561
1501772838 624854
1501772838 691906
1501772838 911623
1501772839 238259
1501772839 333532
1501772839 458744
1501772839 612189
1501772839 803632
1501772839 870911
1501772839 957061
1501772840 187552
1501772840 253851
1501772840 320862
1501772840 512393
1501772840 771170
1501772840 838233
1501772840 905422
1501772840 972531
1501772841 39671
1501772841 106788
1501772841 173946
1501772841 298261
1501772841 422773
1501772841 489891
1501772841 882863
1501772842 113319
1501772842 180658
1501772842 247638
1501772842 314690
1501772842 381873
1501772842 448989
1501772842 554291
1501772842 621402
1501772842 688555
1501772842 793881
1501772843 81548
1501772843 618785
1501772843 781209
1501772843 848345
1501772843 915491
1501772843 983586
1501772844 50705
1501772844 117870
1501772844 185044
1501772844 252282
1501772844 319380
1501772844 386520
1501772844 453686
1501772844 520819
1501772844 587983
1501772844 655075
1501772844 722276
1501772844 789506
1501772844 856575
1501772844 923726
1501772845 29115
1501772845 96178
1501772845 163356
1501772845 230535
1501772845 297685
1501772845 364777
1501772845 431895
1501772845 500156
1501772845 566295
1501772845 661589
1501772845 940203
1501772846 7317
1501772846 112557
1501772846 179750
1501772846 247017
1501772846 314032
1501772846 381190
1501772846 448375
1501772846 515495
1501772847 62957
1501772847 206146
1501772847 388511
1501772847 455732
1501772847 522841
1501772847 589992
1501772847 657139
1501772847 724364
1501772847 791463
1501772847 858588
1501772847 925749
1501772847 992948
1501772848 60074
1501772848 127224
1501772848 242580
1501772848 309678
1501772848 376829
1501772848 453132
1501772848 520351
1501772848 587417
1501772848 654641
1501772848 722042
1501772848 788984
1501772848 855979
1501772849 153601
1501772849 220896
1501772849 374176
1501772849 441291
1501772849 508444
1501772849 575772
1501772849 642789
1501772849 710041
1501772849 901417
1501772849 968604
1501772850 83858
1501772850 199336
1501772850 266224
1501772850 333386
1501772850 400529
1501772850 467695
1501772850 534851
1501772850 602007
1501772850 793509
1501772850 860697
1501772850 927763
1501772851 100243
1501772851 167366
1501772851 234524
1501772851 301709
1501772851 368812
1501772851 436043
1501772851 531270
1501772851 598470
1501772851 665717
1501772851 733610
1501772851 896300
1501772851 963354
1501772852 30488
1501772852 97558
1501772852 164696
1501772852 231932
1501772852 299079
1501772852 366181
1501772852 433332
1501772852 500524
1501772852 595790
1501772852 721045
1501772852 826320
1501772852 902539
1501772852 969710
1501772853 36838
1501772853 228398
1501772853 467906
1501772853 698417
1501772853 784759
1501772853 889965
1501772854 72370
1501772854 370070
1501772854 638621
1501772854 714846
1501772855 79706
1501772855 146790
1501772855 251251
1501772855 375520
1501772855 442606
1501772855 634175
1501772855 797585
1501772855 940856
1501772856 17072
1501772856 103296
1501772856 324001
1501772856 401071
1501772856 477196
1501772856 553504
1501772856 629681
1501772856 706890
1501772856 783142
1501772856 859278
1501772856 935496
1501772857 11701
1501772857 87931
1501772857 164197
1501772857 240385
1501772857 316678
1501772857 393830
1501772857 470104
1501772857 546340
1501772857 622528
1501772857 698785
1501772857 774992
1501772857 851270
1501772857 927507
1501772858 3691
1501772858 79851
1501772858 147026
1501772858 214166
1501772858 282249
1501772858 349373
1501772858 416576
1501772858 493110
1501772858 569996
1501772858 637084
1501772858 732400
1501772858 800388
1501772858 867567
1501772858 934738
1501772859 1894
1501772859 68981
1501772859 136153
1501772859 203436
1501772859 270508
1501772859 337638
1501772859 404763
1501772859 471963
1501772859 539156
1501772859 606283
1501772859 673422
1501772859 740607
1501772859 807746
1501772859 874862
1501772859 942001
1501772860 9211
1501772860 76375
1501772860 143506
1501772860 210695
1501772860 277788
1501772860 344988
1501772860 412124
1501772860 479276
1501772860 546424
1501772860 613581
1501772860 805138
1501772861 6576
1501772861 169914
1501772861 265186
1501772861 341404
1501772861 436732
1501772861 512926
1501772861 580073
1501772861 647282
1501772861 724412
1501772861 800654
1501772861 877743
1501772861 954044
1501772862 30500
1501772862 107331
1501772862 183546
1501772862 259783
1501772862 442249
1501772862 537627
1501772862 613787
1501772862 690027
1501772862 766211
1501772862 842444
1501772862 918751
1501772862 995771
1501772863 71990
1501772863 148272
1501772863 224453
1501772863 300787
1501772863 377028
1501772863 453200
1501772863 520355
1501772863 597485
1501772863 673749
1501772863 749976
1501772863 826261
1501772863 902424
1501772863 978610
1501772864 54886
1501772864 131106
1501772864 207395
1501772864 283617
1501772864 359847
1501772864 435983
1501772864 512297
1501772864 598436
1501772864 809104
1501772864 885257
1501772864 962411
1501772865 67757
1501772865 143868
1501772865 230993
1501772865 365377
1501772865 441585
1501772865 517798
1501772865 594905
1501772865 671109
1501772865 747367
1501772865 823579
1501772865 986975
1501772866 63334
1501772866 140344
1501772866 216560
1501772866 293028
1501772866 369957
1501772866 446148
1501772866 522398
1501772866 637648
1501772866 839126
1501772866 915357
1501772867 347291
1501772867 423593
1501772867 499803
1501772867 575977
1501772867 652240
1501772867 767465
1501772868 103241
1501772868 179589
1501772868 255766
1501772868 399115
1501772868 476188
1501772868 552428
1501772868 628695
1501772868 704932
1501772868 781170
1501772868 857609
1501772868 934640
1501772869 10761
1501772869 87094
1501772869 164166
1501772869 240355
1501772869 316546
1501772869 392774
1501772869 469120
1501772869 545329
1501772869 736814
1501772869 957273
1501772870 33487
1501772870 109844
1501772870 186046
1501772870 262167
1501772870 339393
1501772870 415612
1501772870 491849
1501772870 568089
1501772870 644461
1501772870 721416
1501772870 836824
1501772871 143412
1501772871 239576
1501772871 315759
1501772871 391999
1501772871 468265
1501772871 544605
1501772871 620870
1501772871 697914
1501772871 777992
1501772872 119902
1501772872 196176
1501772872 272475
1501772872 368617
1501772872 444824
1501772872 627250
1501772872 703400
1501772872 885837
1501772873 39186
1501772873 115416
1501772873 191714
1501772873 268715
1501772873 383190
1501772873 460232
1501772873 536532
1501772873 699816
1501772873 776023
1501772874 73743
1501772874 227104
1501772874 303355
1501772874 379481
1501772874 456712
1501772874 533122
1501772874 610129
1501772874 686388
1501772874 763479
1501772874 839626
1501772874 915833
1501772875 40191
1501772875 116460
1501772875 308849
1501772875 385080
1501772875 461435
1501772875 538441
1501772875 614676
1501772875 690868
1501772875 825302
1501772876 152347
1501772876 276413
1501772876 419641
1501772876 495835
1501772876 563007
1501772876 639190
1501772876 706314
1501772876 907850
1501772877 80285
1501772877 147378
1501772877 214563
1501772877 281841
1501772877 348908
1501772877 416019
1501772877 579561
1501772877 646562
1501772877 877207
1501772878 154855
1501772878 289076
1501772878 356252
1501772878 423366
1501772878 491920
1501772878 557645
1501772878 768350
1501772878 835378
1501772878 902632
1501772878 969789
1501772879 142277
1501772879 209302
1501772879 276396
1501772879 698576
1501772879 948061
1501772880 101361
1501772880 418113
1501772880 734884
1501772880 801954
1501772880 869105
1501772880 936289
1501772881 3373
1501772881 70532
1501772881 137755
1501772881 204981
1501772881 272091
1501772881 339308
1501772881 406344
1501772881 473505
1501772881 540624
1501772881 626871
1501772881 693992
1501772882 77063
1501772882 144105
1501772882 211321
1501772882 490086
1501772882 623374
1501772882 728584
1501772882 939152
1501772883 25372
1501772883 101681
1501772883 216777
1501772883 293212
1501772883 389389
1501772883 561672
1501772883 638047
1501772883 791296
1501772883 963810
1501772884 40915
1501772884 117053
1501772884 193326
1501772884 269719
1501772884 346720
1501772884 529156
1501772884 625251
1501772884 701488
1501772884 777833
1501772884 931101
1501772885 7448
1501772885 112556
1501772885 304105
1501772885 380334
1501772885 456597
1501772885 841477
1501772885 916735
1501772885 993867
1501772886 70104
1501772886 147191
1501772886 223392
1501772886 395824
1501772886 472017
1501772886 548249
1501772886 624456
1501772886 700736
1501772886 902275
1501772886 979278
1501772887 55568
1501772887 131801
1501772887 208268
1501772887 285166
1501772887 361504
1501772887 438556
1501772887 514799
1501772887 591886
1501772887 697216
1501772887 773431
1501772887 888719
1501772887 984850
1501772888 61125
1501772888 138133
1501772888 214587
1501772888 291599
1501772888 367949
1501772888 445045
1501772888 521196
1501772888 598337
1501772888 674653
1501772888 751671
1501772888 827931
1501772888 904151
1501772888 980421
1501772889 56652
1501772889 133765
1501772889 210060
1501772889 287198
1501772889 363344
1501772889 439600
1501772889 515832
1501772889 592069
1501772889 669235
1501772889 745421
1501772889 821715
1501772889 898767
1501772889 975079
1501772890 52136
1501772890 128460
1501772890 205624
1501772890 281855
1501772890 358918
1501772890 435116
1501772890 511382
1501772890 588415
1501772890 664705
1501772890 741863
1501772890 818682
1501772890 895736
1501772890 971481
1501772891 48691
1501772891 124954
1501772891 201970
1501772891 269060
1501772891 336283
1501772891 403389
1501772891 470555
1501772891 537820
1501772891 604960
1501772891 672014
1501772891 739263
1501772891 806422
1501772891 873636
1501772891 940729
1501772892 7795
1501772892 75082
1501772892 142336
1501772892 209481
1501772892 276567
1501772892 343658
1501772892 487908
1501772892 555079
1501772892 622181
1501772892 689346
1501772892 803668
1501772893 62881
1501772893 139558
1501772893 206754
1501772893 273812
1501772893 379108
1501772893 446204
1501772893 513354
1501772893 580575
1501772893 657645
1501772893 724817
1501772893 792049
1501772893 859131
1501772894 108698
1501772894 175841
1501772894 243011
1501772894 406344
1501772894 616987
1501772894 684083
1501772894 751232
1501772894 818424
1501772894 895643
1501772895 106167
1501772895 183244
1501772895 250319
1501772895 317496
1501772895 422734
1501772895 566118
1501772895 681358
1501772895 940179
1501772896 246796
1501772896 371142
1501772896 591861
1501772896 668838
1501772896 745886
1501772896 889264
1501772897 52667
1501772897 157879
1501772897 388457
1501772897 464663
1501772897 541766
1501772897 618032
1501772897 695141
1501772897 771365
1501772897 848533
1501772898 21129
1501772898 165217
1501772898 337634
1501772898 413930
1501772898 491004
1501772898 567279
1501772898 644449
1501772898 720600
1501772898 797753
1501772898 874023
1501772898 951131
1501772899 27380
1501772899 411252
1501772899 670921
1501772899 785305
1501772899 910454
1501772899 986641
1501772900 63708
1501772900 140050
1501772900 217145
1501772900 293339
1501772900 504849
1501772900 802527
1501772900 878664
1501772901 42030
1501772901 118294
1501772901 195604
1501772901 271706
1501772901 348798
1501772901 425024
1501772901 502107
1501772901 578353
1501772901 655478
1501772901 731730
1501772901 808888
1501772901 885083
1501772901 962226
1501772902 38446
1501772902 115668
1501772902 191850
1501772902 268916
1501772902 345216
1501772902 422364
1501772902 489482
1501772902 556605
1501772902 623853
1501772902 691011
1501772902 758138
1501772902 825263
1501772902 892359
1501772902 959676
1501772903 26689
1501772903 93874
1501772903 161138
1501772903 228228
1501772903 295400
1501772903 362474
1501772903 429674
1501772903 496774
1501772903 563965
1501772903 631108
1501772903 698294
1501772903 765471
1501772903 832582
1501772903 899786
1501772903 966858
1501772904 34179
1501772904 101232
1501772904 168327
1501772904 235535
1501772904 302624
1501772904 369804
1501772904 436963
1501772904 504096
1501772904 571283
1501772904 638729
1501772904 705624
1501772904 772719
1501772904 839909
1501772904 907127
1501772904 974266
1501772905 41389
1501772905 108508
1501772905 175709
1501772905 339082
1501772905 406197
1501772905 473296
1501772905 540508
1501772905 607678
1501772905 674806
1501772905 741960
1501772905 809164
1501772905 876351
1501772905 943421
1501772906 10611
1501772906 77799
1501772906 144913
1501772906 212135
1501772906 279163
1501772906 346349
1501772906 413754
1501772906 480857
1501772906 547907
1501772906 615037
1501772906 682190
1501772906 749273
1501772906 816430
1501772906 883621
1501772907 85150
1501772907 209468
1501772907 276552
1501772907 343688
1501772907 574365
1501772907 641361
1501772907 708500
1501772907 775930
1501772907 842839
1501772907 910018
1501772907 977297
1501772908 63366
1501772908 255007
1501772908 322044
1501772908 389203
1501772908 456348
1501772908 523460
1501772908 590609
1501772908 783147
1501772908 974533
1501772909 98845
1501772909 166034
1501772909 233161
1501772909 300298
1501772909 367420
1501772909 434760
1501772909 520866
1501772909 587967
1501772909 655129
1501772909 722434
1501772909 789431
1501772909 856654
1501772909 923723
1501772909 990877
1501772910 115255
1501772910 345732
1501772910 864104
1501772910 931087
1501772910 998379
1501772911 65371
1501772911 132563
1501772911 209737
1501772911 285954
1501772911 363070
1501772911 478397
1501772911 545459
1501772911 612571
1501772911 861384
1501772912 81917
1501772912 148970
1501772912 216076
1501772912 283292
1501772912 350418
1501772912 503884
1501772912 638082
1501772912 791497
1501772913 31155
1501772913 98208
1501772913 165336
1501772913 289737
1501772913 356801
1501772913 423965
1501772913 491226
1501772913 558452
1501772913 625458
1501772913 692590
1501772913 759849
1501772913 826945
1501772914 38505
1501772914 105643
1501772914 172665
1501772914 239819
1501772914 345219
1501772914 412220
1501772914 479464
1501772914 546586
1501772914 613795
1501772914 680873
1501772914 748132
1501772914 815254
1501772915 180172
1501772915 295355
1501772915 381597
1501772915 448727
1501772915 515758
1501772915 582972
1501772915 650104
1501772915 717265
1501772915 784527
1501772915 851515
1501772915 918766
1501772915 985904
1501772916 53041
1501772916 120176
1501772916 187317
1501772916 254505
1501772916 321656
1501772916 388804
1501772916 455935
1501772916 523118
1501772916 590268
1501772916 657432
1501772916 724545
1501772916 791840
1501772916 936049
1501772917 51286
1501772917 118397
1501772917 185580
1501772917 252760
1501772917 319909
1501772917 387163
1501772917 454337
1501772917 521406
1501772917 588554
1501772917 655737
1501772917 722913
1501772917 789986
1501772917 857172
1501772917 924338
1501772917 991452
1501772918 58709
1501772918 125894
1501772918 192921
1501772918 260092
1501772918 327215
1501772918 394379
1501772918 461567
1501772918 528694
1501772918 595885
1501772918 663011
1501772918 730175
1501772918 797310
1501772918 864441
1501772918 931645
1501772918 998824
1501772919 66013
1501772919 133123
1501772919 200262
1501772919 267471
1501772919 334534
1501772919 401711
1501772919 468904
1501772919 536033
1501772919 603225
1501772919 670335
1501772919 737573
1501772919 804651
1501772919 871786
1501772919 938944
1501772920 6143
1501772920 73249
1501772920 140383
1501772920 207562
1501772920 274778
1501772920 341925
1501772920 486274
1501772920 687724
1501772920 841035
1501772921 100556
1501772921 234915
1501772921 330218
1501772921 598871
1501772921 714058
1501772921 781245
1501772921 848403
1501772921 915535
1501772921 982646
1501772922 49828
1501772922 116942
1501772922 184089
1501772922 548960
1501772922 644259
1501772922 788511
1501772922 912864
1501772923 9064
1501772923 76276
1501772923 152494
1501772923 219606
1501772923 335075
1501772923 402112
1501772923 469272
1501772923 536289
1501772923 603456
1501772923 670633
1501772923 737865
1501772923 804924
1501772923 872081
1501772924 35446
1501772924 102615
1501772924 169749
1501772924 236936
1501772924 304099
1501772924 371284
1501772924 438475
1501772924 505524
1501772924 572635
1501772924 639866
1501772924 784166
1501772924 850384
1501772924 917500
1501772924 984729
1501772925 51811
1501772925 118976
1501772925 186126
1501772925 368616
1501772925 541058
1501772925 646262
1501772925 837839
1501772925 953023
1501772926 20156
1501772926 279769
1501772926 481316
1501772926 548321
1501772926 615509
1501772926 894223
1501772926 961230
1501772927 28447
1501772927 94650
1501772927 161797
1501772927 228921
1501772927 296091
1501772927 363303
1501772927 430431
1501772927 583847
1501772927 650920
1501772927 718102
1501772927 785260
1501772927 852366
1501772927 919570
1501772927 986726
1501772928 72942
1501772928 245533
1501772928 312579
1501772928 379657
1501772928 446794
1501772928 514011
1501772928 581119
1501772928 657389
1501772928 724554
1501772928 791654
1501772928 858903
1501772928 955120
1501772929 166541
1501772929 233631
1501772929 300802
1501772929 367929
1501772929 435217
1501772929 703705
1501772929 770833
1501772929 838074
1501772929 905179
1501772929 972321
1501772930 39445
1501772930 135632
1501772930 356205
1501772930 423364
1501772930 490571
1501772930 730150
1501772930 797285
1501772930 883477
1501772931 181133
1501772931 344496
1501772931 487962
1501772931 584161
1501772931 670273
1501772931 737398
1501772931 804636
1501772931 871736
1501772931 938892
1501772932 6083
1501772932 73229
1501772932 140348
1501772932 207611
1501772932 274691
1501772932 341870
1501772932 409046
1501772932 476225
1501772932 543325
1501772932 658666
1501772932 725716
1501772932 792823
1501772932 860022
1501772932 927152
1501772932 994357
1501772933 436324
1501772933 541617
1501772933 637735
1501772933 733944
1501772934 31763
1501772934 175227
1501772934 693208
1501772934 760357
1501772934 827526
1501772934 894646
1501772935 48029
1501772935 115159
1501772935 182321
1501772935 316646
1501772935 383803
1501772935 460937
1501772935 528095
1501772935 595216
1501772935 921040
1501772935 998175
1501772936 65341
1501772936 132446
1501772936 199581
1501772936 266937
1501772936 343949
1501772936 411083
1501772936 478208
1501772936 545604
1501772936 612521
1501772936 679776
1501772936 746947
1501772936 814035
1501772936 881163
1501772936 948306
1501772937 15504
1501772937 149810
1501772937 216928
1501772937 284084
1501772937 351339
1501772937 418412
1501772937 485544
1501772937 552715
1501772937 619810
1501772937 687005
1501772937 754249
1501772937 821394
1501772937 907657
1501772938 358626
1501772938 800546
1501772938 876713
1501772938 943919
1501772939 11070
1501772939 78310
1501772939 145401
1501772939 212584
1501772939 279743
1501772939 346861
1501772939 414011
1501772939 481213
1501772939 548324
1501772939 615496
1501772939 682716
1501772939 799525
1501772939 942305
1501772940 9447
1501772940 76544
1501772940 143640
1501772940 220777
1501772940 364199
1501772940 470475
1501772940 537471
1501772940 604627
1501772940 671788
1501772940 738959
1501772940 863293
1501772940 930573
1501772940 997624
1501772941 74745
1501772941 209059
1501772941 276248
1501772941 602978
1501772941 679129
1501772941 986810
1501772942 130269
1501772942 197301
1501772942 264495
1501772942 331711
1501772942 398762
1501772942 465903
1501772942 533032
1501772942 600383
1501772942 667512
1501772943 416229
1501772943 483273
1501772943 579505
1501772943 664839
1501772943 731905
1501772943 799104
1501772943 866318
1501772943 933402
1501772944 507
1501772944 67653
1501772944 134821
1501772944 202063
1501772944 384427
1501772944 451550
1501772944 518729
1501772944 585873
1501772944 653057
1501772944 720285
1501772944 787303
1501772944 854595
1501772944 921703
1501772944 988843
1501772945 55992
1501772945 123097
1501772945 190281
1501772945 257450
1501772945 458984
1501772945 632297
1501772945 747467
1501772945 910154
1501772945 987202
1501772946 54309
1501772946 131355
1501772946 236694
1501772946 303790
1501772946 370951
1501772946 438256
1501772946 505303
1501772946 639529
1501772946 937268
1501772947 148693
1501772947 215848
1501772947 311980
1501772947 493548
1501772947 560709
1501772947 637812
1501772947 973581
1501772948 59862
1501772948 261365
1501772948 328463
1501772948 539011
1501772948 606101
1501772948 673216
1501772948 740462
1501772948 816656
1501772948 883851
1501772948 951212
1501772949 123699
1501772949 430342
1501772949 574437
1501772949 641568
1501772949 843297
1501772949 910303
1501772949 977467
1501772950 390527
1501772950 563643
1501772950 630838
1501772950 697939
1501772950 765067
1501772950 832305
1501772950 899400
1501772950 966724
1501772951 120189
1501772951 187056
1501772951 254276
1501772951 321396
1501772951 388591
1501772951 455706
1501772951 657141
1501772951 782455
1501772951 848771
1501772951 915798
1501772951 982945
1501772952 50063
1501772952 117262
1501772952 184364
1501772952 251566
1501772952 318739
1501772952 385936
1501772952 453058
1501772952 520185
1501772952 587317
1501772952 702600
1501772952 914088
1501772953 201741
1501772953 268914
1501772953 336019
1501772953 403211
1501772953 470467
1501772953 537553
1501772953 604675
1501772953 797165
1501772953 902328
1501772954 132883
1501772954 199959
1501772954 267146
1501772954 497620
1501772954 564743
1501772954 718253
1501772954 804409
1501772955 73100
1501772955 140172
1501772955 207509
1501772955 274487
1501772955 342112
1501772955 744676
1501772955 956007
1501772956 167600
1501772956 301809
1501772956 397977
1501772956 465088
1501772956 532285
1501772956 599416
1501772956 685634
1501772957 50443
1501772957 203879
1501772957 280945
1501772957 646027
1501772957 876324
1501772957 962604
1501772958 222087
1501772958 289242
1501772958 384489
1501772958 451745
1501772958 518792
1501772958 585993
1501772958 797411
1501772958 864539
1501772958 931754
1501772959 66142
1501772959 162209
1501772959 295597
1501772959 362789
1501772959 449048
1501772959 555301
1501772959 804757
1501772959 871885
1501772960 168794
1501772960 380057
1501772960 447254
1501772960 514416
1501772960 581560
1501772960 648663
1501772960 715868
1501772960 783015
1501772960 850168
1501772960 917311
1501772960 984505
1501772961 51640
1501772961 118808
1501772961 311261
1501772961 435603
1501772961 598879
1501772961 666008
1501772961 752213
1501772961 819338
1501772961 886492
1501772961 972877
1501772962 87986
1501772962 155175
1501772962 222359
1501772962 289468
1501772962 356658
1501772962 423757
1501772962 749611
1501772962 855861
1501772962 922882
1501772962 990122
1501772963 57158
1501772963 124351
1501772963 286842
1501772963 354059
1501772963 421225
1501772963 709739
1501772963 776850
1501772963 844102
1501772964 169877
1501772964 236996
1501772964 304130
1501772964 515671
1501772964 582853
1501772964 698085
1501772964 765149
1501772964 832323
1501772964 899499
1501772964 966671
1501772965 33767
1501772965 100888
1501772965 168063
1501772965 235256
1501772965 302433
1501772965 369542
1501772965 436745
1501772965 503861
1501772965 571019
1501772965 638227
1501772965 705364
1501772965 772501
1501772965 839722
1501772965 906739
1501772965 974113
1501772966 41085
1501772966 108230
1501772966 175423
1501772966 367879
1501772966 435004
1501772966 502167
1501772966 569312
1501772966 636396
1501772966 703572
1501772966 770916
1501772966 837935
1501772966 905109
1501772966 972191
1501772967 49317
1501772967 211974
1501772967 299030
1501772967 365146
1501772967 432308
1501772967 614721
1501772967 681841
1501772967 778370
1501772967 845233
1501772967 912411
1501772968 27708
1501772968 94808
1501772968 161961
1501772968 229127
1501772968 296262
1501772968 363399
1501772968 430608
1501772968 497771
1501772968 564871
1501772968 632026
1501772968 871641
1501772969 54429
1501772969 150423
1501772969 246434
1501772969 341714
1501772969 408835
1501772969 475963
1501772969 543167
1501772969 610365
1501772969 821829
1501772970 417366
1501772970 484303
1501772970 733936
1501772970 801001
1501772970 887213
1501772970 954353
1501772971 21463
1501772971 88638
1501772971 155810
1501772971 222955
1501772971 472546
1501772971 539640
1501772971 606866
1501772971 789326
1501772971 971877
1501772972 38846
1501772972 182408
1501772972 336754
1501772972 403937
1501772972 470853
1501772972 567027
1501772972 634102
1501772972 701224
1501772972 960043
1501772973 27076
1501772973 267584
1501772973 333798
1501772973 507151
1501772973 660539
1501772973 727644
1501772973 803901
1501772973 871104
1501772973 938166
1501772974 5346
1501772974 72469
1501772974 139628
1501772974 437381
1501772974 590672
1501772974 974591
1501772975 51724
1501772975 127918
1501772975 377575
1501772975 656140
1501772975 723339
1501772975 819574
1501772975 886689
1501772975 953797
1501772976 59111
1501772976 126212
1501772976 193521
1501772976 260486
1501772976 327670
1501772976 394943
1501772976 461974
1501772976 529173
1501772976 596368
1501772976 702472
1501772976 826875
1501772976 932937
1501772977 70
1501772977 95380
1501772977 162572
1501772977 316839
1501772977 384007
1501772977 451206
1501772977 719826
1501772977 816013
1501772977 883133
1501772977 950292
1501772978 17513
1501772978 84571
1501772978 497509
1501772978 929673
1501772978 996599
1501772979 72823
1501772979 140219
1501772979 207202
1501772979 274389
1501772979 341502
1501772979 408660
1501772979 543051
1501772979 610115
1501772979 677242
1501772979 850590
1501772980 167439
1501772980 503192
1501772980 570269
1501772980 647466
1501772980 714555
1501772980 781683
1501772980 867956
1501772981 289879
1501772981 386071
1501772981 501349
1501772981 626587
1501772981 693729
1501772981 760867
1501772982 250501
1501772982 432826
1501772982 499722
1501772982 624907
1501772982 787543
1501772982 893569
1501772982 960610
1501772983 27750
1501772983 94896
1501772983 162150
1501772983 229241
1501772983 296403
1501772983 478857
1501772983 613170
1501772983 882092
1501772983 949104
1501772984 25715
1501772984 112301
1501772984 332781
1501772984 400057
1501772984 467063
1501772984 621337
1501772984 688514
1501772984 774997
1501772984 851096
1501772984 918125
1501772984 985216
1501772985 52378
1501772985 119563
1501772985 186740
1501772985 253851
1501772985 330974
1501772985 436254
1501772985 503436
1501772985 570646
1501772985 637754
1501772985 704892
1501772985 772187
1501772985 839245
1501772986 243024
1501772986 348653
1501772986 425814
1501772986 540446
1501772986 617076
1501772986 761267
1501772986 837434
1501772987 10826
1501772987 77978
1501772987 145089
1501772987 346643
1501772987 510059
1501772987 577073
1501772987 644337
1501772987 902945
1501772987 970065
1501772988 37199
1501772988 162492
1501772988 268056
1501772988 393094
1501772988 469191
1501772988 536309
1501772988 603471
1501772988 670641
1501772988 737757
1501772988 804893
1501772988 872083
1501772988 958355
1501772989 25450
1501772989 92589
1501772989 159734
1501772989 226932
1501772989 294115
1501772989 361239
1501772989 428347
1501772989 495549
1501772989 562776
1501772989 629865
1501772989 696978
1501772989 764219
1501772989 831402
1501772989 898474
1501772989 965605
1501772990 32856
1501772990 99986
1501772990 167091
1501772990 234236
1501772990 301458
1501772990 368546
1501772990 435680
1501772990 502905
1501772990 570070
1501772990 637172
1501772990 704465
1501772990 771521
1501772990 838734
1501772990 905839
1501772990 972938
1501772991 40099
1501772991 107295
1501772991 174464
1501772991 241600
1501772991 308713
1501772991 375992
1501772991 443018
1501772991 577492
1501772991 644520
1501772991 721662
1501772991 788780
1501772991 856018
1501772991 923172
1501772991 990284
1501772992 57413
1501772992 124554
1501772992 191746
1501772992 258912
1501772992 422505
1501772992 518440
1501772992 585625
1501772992 690857
1501772992 778122
1501772992 854203
1501772992 921340
1501772992 998520
1501772993 65697
1501772993 180950
1501772993 372403
1501772993 449669
1501772993 564808
1501772993 651128
1501772993 757186
1501772993 900591
1501772993 967760
1501772994 34901
1501772994 399827
1501772994 611263
1501772994 678322
1501772994 745557
1501772994 812658
1501772994 879779
1501772995 120392
1501772995 321831
1501772995 388853
1501772995 456017
1501772995 542225
1501772995 667493
1501772995 810863
1501772995 887975
1501772996 70584
1501772996 147534
1501772996 233780
1501772996 300978
1501772996 377142
1501772996 454264
1501772996 819218
1501772997 87837
1501772997 203129
1501772997 308277
1501772997 385415
1501772997 462525
1501772997 538851
1501772997 615956
1501772997 693142
1501772997 769357
1501772997 846423
1501772997 951623
1501772998 201337
1501772998 374562
1501772998 450802
1501772998 527939
1501772998 614147
1501772998 691269
1501772998 767551
1501772998 844680
1501772998 921840
1501772998 998096
1501772999 75311
1501772999 152270
1501772999 228591
1501772999 305620
1501772999 381942
1501772999 459062
1501772999 526195
1501772999 593397
1501772999 689599
1501772999 794896
1501772999 861998
1501772999 929064
1501772999 996248
1501773000 323055
1501773000 448229
1501773000 524522
1501773000 591591
1501773000 783976
1501773001 23618
1501773001 283253
1501773001 350294
1501773001 417409
1501773001 484550
1501773001 551696
1501773001 618890
1501773001 686164
1501773001 753287
1501773001 859459
1501773002 2736
1501773002 79909
1501773002 310420
1501773002 377559
1501773002 444767
1501773002 876807
1501773002 943860
1501773003 97196
1501773003 164351
1501773003 231755
1501773003 298716
1501773003 365870
1501773003 432968
1501773003 500158
1501773003 567380
1501773003 635328
1501773003 702640
1501773003 769678
1501773003 836802
1501773003 903979
1501773003 971158
1501773004 38404
1501773004 105472
1501773004 172604
1501773004 239781
1501773004 306945
1501773004 374119
1501773004 441194
1501773004 508399
1501773004 575553
1501773004 767950
1501773004 911377
1501773005 26621
1501773005 93790
1501773005 267183
1501773005 334198
1501773005 401377
1501773005 468557
1501773005 535721
1501773005 718127
1501773005 900574
1501773005 967625
1501773006 34841
1501773006 101986
1501773006 226326
1501773006 515002
1501773006 582111
1501773006 697397
1501773006 773464
1501773007 119385
1501773007 186439
1501773007 253596
1501773007 320762
1501773007 397922
1501773007 484118
1501773007 551278
1501773007 618407
1501773007 685560
1501773007 868007
1501773007 973217
1501773008 174999
1501773008 290178
1501773008 357242
1501773008 424395
1501773008 492442
1501773008 559540
1501773008 626709
1501773008 693767
1501773008 866220
1501773008 933332
1501773009 96744
1501773009 163895
1501773009 336347
1501773009 480571
1501773009 547781
1501773009 614925
1501773009 682075
1501773009 749291
1501773009 816387
1501773009 883547
1501773009 950671
1501773010 17835
1501773010 85920
1501773010 153069
1501773010 220214
1501773010 306433
1501773010 382636
1501773010 585021
1501773010 652127
1501773010 719336
1501773010 786483
1501773010 862689
1501773010 997064
1501773011 64214
1501773011 131354
1501773011 525242
1501773011 592358
1501773011 812876
1501773011 967213
1501773012 34314
1501773012 101417
1501773012 312039
1501773012 475430
1501773012 542553
1501773012 609745
1501773012 831097
1501773012 927293
1501773012 994442
1501773013 61617
1501773013 128760
1501773013 195929
1501773013 263045
1501773013 330292
1501773013 397429
1501773013 464532
1501773013 531652
1501773013 598898
1501773013 666054
1501773013 733164
1501773013 800308
1501773013 867477
1501773013 934745
1501773014 1878
1501773014 68912
1501773014 136121
1501773014 203254
1501773014 270402
1501773014 337614
1501773014 587156
1501773014 655309
1501773014 856863
1501773014 942893
1501773015 48131
1501773015 374856
1501773015 557348
1501773015 624398
1501773015 700625
1501773015 767757
1501773015 834967
1501773016 104479
1501773016 180720
1501773016 247861
1501773016 440313
1501773016 612728
1501773016 689817
1501773016 872296
1501773016 948465
1501773017 25566
1501773017 102749
1501773017 178963
1501773017 275289
1501773017 390829
1501773017 485347
1501773017 582823
1501773017 717196
1501773017 793373
1501773018 110141
1501773018 283471
1501773018 379554
1501773018 455875
1501773018 532968
1501773018 610093
1501773018 686328
1501773019 109308
1501773019 185493
1501773019 262603
1501773019 339735
1501773019 415970
1501773019 493291
1501773019 569369
1501773019 646458
1501773019 713698
1501773019 780787
1501773019 847917
1501773019 915055
1501773019 982238
1501773020 49437
1501773020 116529
1501773020 183820
1501773020 250886
1501773020 318923
1501773020 395161
1501773020 481363
1501773020 683747
1501773020 759952
1501773020 913344
1501773020 980466
1501773021 48527
1501773021 250154
1501773021 633995
1501773021 701177
1501773021 768219
1501773021 845342
1501773021 979736
1501773022 142165
1501773022 210187
1501773022 305440
1501773022 372627
1501773022 439761
1501773022 506951
1501773022 574078
1501773022 641227
1501773022 737458
1501773022 804599
1501773022 871706
1501773022 938880
1501773023 6011
1501773023 73214
1501773023 150329
1501773023 217491
1501773023 293756
1501773023 360886
1501773023 428898
1501773023 496120
1501773023 563257
1501773023 630500
1501773023 719862
1501773023 793810
1501773023 861030
1501773023 928073
1501773023 995229
1501773024 62351
1501773024 129573
1501773024 369125
1501773024 436275
1501773024 503410
1501773024 570589
1501773024 753105
1501773024 820117
1501773024 945590
1501773025 12571
1501773025 79722
1501773025 146822
1501773025 214038
1501773025 281191
1501773025 348315
1501773025 415460
1501773025 482613
1501773025 549971
1501773025 616948
1501773025 684068
1501773025 751229
1501773025 818457
1501773025 885588
1501773025 952786
1501773026 58899
1501773026 298552
1501773026 461907
1501773026 528993
1501773026 596194
1501773026 663245
1501773026 730411
1501773026 951883
1501773027 28168
1501773027 95274
1501773027 162430
1501773027 229565
1501773027 296728
1501773027 363889
1501773027 431986
1501773027 508162
1501773027 575379
1501773027 652449
1501773027 728702
1501773027 796743
1501773027 931045
1501773028 7337
1501773028 84658
1501773028 160692
1501773028 237807
1501773028 314938
1501773028 640733
1501773028 717846
1501773028 795034
1501773028 871274
1501773028 948408
1501773029 25540
1501773029 101805
1501773029 178887
1501773029 255082
1501773029 380536
1501773029 457559
1501773029 533869
1501773029 610954
1501773029 688008
1501773029 764257
1501773029 841371
1501773029 917628
1501773029 994714
1501773030 71936
1501773030 148120
1501773030 359532
1501773030 436630
1501773030 503861
1501773030 571001
1501773030 638155
1501773030 705268
1501773030 772472
1501773030 925848
1501773031 79185
1501773031 146363
1501773031 214417
1501773031 281564
1501773031 376863
1501773031 463996
1501773032 106551
1501773032 173658
1501773032 634794
1501773032 702047
1501773032 769044
1501773032 884190
1501773032 951343
1501773033 104854
1501773033 201039
1501773033 268141
1501773033 402416
1501773033 469574
1501773033 565779
1501773033 709162
1501773033 824413
1501773033 968734
1501773034 35864
1501773034 189232
1501773034 870795
1501773034 937907
1501773035 5011
1501773035 72214
1501773035 139359
1501773035 322110
1501773035 466196
1501773035 533284
1501773035 706606
1501773035 801934
1501773035 994352
1501773036 61431
1501773036 128624
1501773036 272907
1501773036 397251
1501773036 685031
1501773036 752156
1501773036 819192
1501773036 886374
1501773036 953487
1501773037 20632
1501773037 261165
1501773037 328300
1501773037 395589
1501773037 500858
1501773037 567844
1501773037 722088
1501773037 789275
1501773037 856449
1501773037 923589
1501773037 990731
1501773038 57948
1501773038 125068
1501773038 192196
1501773038 259328
1501773038 326555
1501773038 393671
1501773038 460830
1501773038 527982
1501773038 595260
1501773038 662419
1501773038 729541
1501773038 796645
1501773038 892817
1501773039 133397
1501773039 248568
1501773039 324834
1501773039 401966
1501773039 670666
1501773039 747684
1501773039 824029
1501773039 901072
1501773039 978242
1501773040 160614
1501773040 236849
1501773040 505529
1501773040 582698
1501773040 659806
1501773040 767184
1501773040 842367
1501773040 918490
1501773040 995506
1501773041 81768
1501773041 178021
1501773041 274188
1501773041 350363
1501773041 427447
1501773041 504575
1501773041 580815
1501773041 658084
1501773041 735113
1501773041 811358
1501773041 878479
1501773041 945644
1501773042 12832
1501773042 79980
1501773042 147164
1501773042 214269
1501773042 281446
1501773042 349489
1501773042 425792
1501773042 492878
1501773042 560056
1501773042 627194
1501773042 694468
1501773042 761572
1501773042 828612
1501773042 895816
1501773042 992323
1501773043 59313
1501773043 308726
1501773043 491243
1501773044 57557
1501773044 144546
1501773044 220751
1501773044 288025
1501773044 384122
1501773044 912286
1501773044 979489
1501773045 46590
1501773045 113731
1501773045 199995
1501773045 344294
1501773045 488559
1501773045 661095
1501773045 728174
1501773045 795322
1501773045 862454
1501773045 948654
1501773046 74124
1501773046 141098
1501773046 371661
1501773046 438719
1501773046 506018
1501773046 688307
1501773046 937873
1501773047 5003
1501773047 72124
1501773047 139323
1501773047 206522
1501773047 273731
1501773047 340723
1501773047 408009
1501773047 475089
1501773047 542263
1501773047 610328
1501773047 677456
1501773047 811760
1501773047 879263
1501773047 946149
1501773048 32298
1501773048 109457
1501773048 185880
1501773048 262786
1501773048 339030
1501773048 560613
1501773048 636711
1501773048 800306
1501773048 886238
1501773048 963362
1501773049 40747
1501773049 116838
1501773049 193894
1501773049 270204
1501773049 347427
1501773049 452571
1501773049 615927
1501773049 693138
1501773049 770200
1501773049 846432
1501773049 923566
1501773049 999778
1501773050 66900
1501773050 278373
1501773050 345637
1501773050 479876
1501773050 691296
1501773050 758402
1501773050 844658
1501773050 921857
1501773051 142438
1501773051 276958
1501773051 344060
1501773051 411119
1501773051 479097
1501773051 546278
1501773051 613324
1501773051 680462
1501773051 747622
1501773051 843882
1501773051 910953
1501773051 978145
1501773052 45274
1501773052 112408
1501773052 467365
1501773052 563474
1501773052 630676
1501773052 697785
1501773052 764956
1501773052 832083
1501773052 899305
1501773052 966411
1501773053 33555
1501773053 398362
1501773053 523820
1501773053 638948
1501773053 706147
1501773053 811296
1501773053 878434
1501773053 945580
1501773054 12741
1501773054 79918
1501773054 147067
1501773054 646316
1501773054 800514
1501773055 69317
1501773055 136310
1501773055 270536
1501773055 414866
1501773055 491097
1501773055 587353
1501773055 693460
1501773055 894879
1501773055 962076
1501773056 125464
1501773056 192656
1501773056 384126
1501773056 451198
1501773056 528343
1501773056 786952
1501773056 855089
1501773056 922347
1501773056 989387
1501773057 56560
1501773057 123655
1501773057 190916
1501773057 258014
1501773057 325190
1501773057 392297
1501773057 459413
1501773057 526682
1501773057 593783
1501773057 670882
1501773057 862425
1501773058 54775
1501773058 121950
1501773058 409628
1501773058 640531
1501773058 707513
1501773058 822679
1501773058 889759
1501773058 956909
1501773059 91312
1501773059 158286
1501773059 225439
1501773059 292604
1501773059 522257
1501773059 590294
1501773059 657444
1501773059 724569
1501773059 791701
1501773059 858888
1501773059 926075
1501773060 12332
1501773060 89411
1501773060 175606
1501773060 492343
1501773060 559460
1501773060 626736
1501773060 693775
1501773060 760955
1501773060 828132
1501773060 895278
1501773060 962459
1501773061 29600
1501773061 96708
1501773061 241112
1501773061 307300
1501773061 394387
1501773061 461495
1501773061 528701
1501773061 595816
1501773061 662975
1501773061 730121
1501773061 796370
1501773061 863602
1501773061 930809
1501773062 353650
1501773062 632195
1501773062 756599
1501773062 919903
1501773063 198473
1501773063 332758
1501773063 410076
1501773063 477111
1501773063 544249
1501773063 610506
1501773063 677663
1501773063 745045
1501773063 811987
1501773063 879162
1501773063 946334
1501773064 13448
1501773064 80560
1501773064 147732
1501773064 214895
1501773064 416475
1501773064 522604
1501773064 618751
1501773064 685902
1501773064 906423
1501773064 973639
1501773065 39858
1501773065 184205
1501773065 261432
1501773065 328416
1501773065 443668
1501773065 510781
1501773065 606979
1501773065 674112
1501773065 817716
1501773065 942893
1501773066 86241
1501773066 154271
1501773066 221389
1501773066 288522
1501773066 355732
1501773066 422842
1501773066 490009
1501773066 557136
1501773066 624334
1501773066 691533
1501773066 758634
1501773066 825795
1501773066 998472
1501773067 75381
1501773067 142531
1501773067 209642
1501773067 276796
1501773067 344051
1501773067 483264
1501773067 555392
1501773067 622544
1501773067 689782
1501773067 756915
1501773067 824042
1501773067 891196
1501773067 958453
1501773068 111779
1501773068 178992
1501773068 246047
1501773068 361329
1501773068 428399
1501773068 495603
1501773068 562861
1501773068 629903
1501773068 697023
1501773068 764226
1501773068 831390
1501773068 899424
1501773068 966627
1501773069 33769
1501773069 225319
1501773069 292500
1501773069 426700
1501773069 493882
1501773069 561089
1501773069 628150
1501773069 695298
1501773069 762495
1501773069 896792
1501773070 31187
1501773070 204471
1501773070 290704
1501773070 511220
1501773070 655706
1501773070 760810
1501773070 828055
1501773070 895056
1501773070 962201
1501773071 29336
1501773071 96555
1501773071 163656
1501773071 230840
1501773071 298891
1501773071 366045
1501773071 433191
1501773071 500330
1501773071 566636
1501773071 633819
1501773071 701844
1501773072 229739
1501773072 296433
1501773072 363466
1501773072 430539
1501773072 497731
1501773072 564819
1501773072 738295
1501773072 804444
1501773072 881652
1501773073 15868
1501773073 236415
1501773073 303607
1501773073 370694
1501773073 620436
1501773073 937026
1501773074 244673
1501773074 340870
1501773074 407997
1501773074 513469
1501773074 580599
1501773074 647671
1501773074 801259
1501773074 869144
1501773074 936366
1501773075 3350
1501773075 69556
1501773075 136749
1501773075 204825
1501773075 271938
1501773075 338213
1501773075 405346
1501773075 472491
1501773075 539686
1501773075 606786
1501773075 673936
1501773075 741117
1501773075 808268
1501773075 875415
1501773076 38812
1501773076 125046
1501773076 297947
1501773076 422956
1501773076 489997
1501773076 566260
1501773076 634189
1501773076 701281
1501773076 768392
1501773076 835591
1501773076 902751
1501773076 979042
1501773077 171368
1501773077 238523
1501773077 305618
1501773077 372831
1501773077 439963
1501773077 507108
1501773077 613311
1501773077 756670
1501773078 25354
1501773078 227779
1501773078 294993
1501773078 362140
1501773078 429383
1501773078 496289
1501773078 563442
1501773078 630636
1501773078 803337
1501773078 870329
1501773078 937385
1501773079 81676
1501773079 148795
1501773079 590198
1501773079 657060
1501773079 725043
1501773079 792231
1501773079 859536
1501773079 926541
1501773079 993720
1501773080 194408
1501773080 367092
1501773080 559028
1501773080 626185
1501773080 693437
1501773080 760625
1501773080 828592
1501773080 895705
1501773080 962941
1501773081 30108
1501773081 97225
1501773081 307935
1501773081 375043
1501773081 481204
1501773081 797933
1501773081 922124
1501773082 18367
1501773082 85476
1501773082 219842
1501773082 287084
1501773082 574617
1501773082 738016
1501773083 83887
1501773083 457651
1501773083 582119
1501773083 735372
1501773083 812461
1501773083 889566
1501773083 965813
1501773084 43033
1501773084 120228
1501773084 196332
1501773084 273520
1501773084 350669
1501773084 417845
1501773084 734567
1501773084 829760
1501773085 156627
1501773085 233710
1501773085 492277
1501773085 569416
1501773085 722768
1501773085 789948
1501773085 867152
1501773086 178667
1501773086 178691
1501773086 395262
1501773086 471990
1501773086 538729
1501773086 605984
1501773086 673828
1501773086 741072
1501773086 836394
1501773086 903599
1501773086 970646
1501773087 38725
1501773087 105797
1501773087 192033
1501773087 259174
1501773087 326472
1501773087 393476
1501773087 720299
1501773087 844573
1501773087 911690
1501773088 142356
1501773088 209543
1501773088 295582
1501773088 362755
1501773088 429941
1501773088 536026
1501773088 746654
1501773089 54549
1501773089 121570
1501773089 639715
1501773089 706766
1501773089 841069
1501773089 939090
1501773090 4333
1501773090 71515
1501773090 138648
1501773090 205835
1501773090 272950
1501773090 340163
1501773090 408243
1501773090 475449
1501773090 609671
1501773090 685994
1501773090 753022
1501773090 964547
1501773091 41700
1501773091 195022
1501773091 339300
1501773091 406390
1501773091 473601
1501773091 540791
1501773091 607987
1501773091 675049
1501773092 11127
1501773092 107092
1501773092 251350
1501773092 337538
1501773092 404805
1501773092 471830
1501773092 539088
1501773092 606325
1501773092 673321
1501773092 778620
1501773092 845785
1501773092 912977
1501773092 980987
1501773093 48088
1501773093 115242
1501773093 182454
1501773093 249587
1501773093 316734
1501773093 383869
1501773093 451387
1501773093 518368
1501773093 585445
1501773093 652536
1501773093 767821
1501773093 834990
1501773093 960183
1501773094 27393
1501773094 103576
1501773094 170866
1501773094 266917
1501773094 372672
1501773094 439307
1501773094 564757
1501773094 631738
1501773094 698862
1501773094 804147
1501773095 34730
1501773095 101800
1501773095 255348
1501773095 322434
1501773095 389564
1501773095 641641
1501773095 644372
1501773095 706178
1501773095 773400
1501773095 841419
1501773095 908732
1501773096 32903
1501773096 100057
1501773096 167267
1501773096 234527
1501773096 378748
1501773096 493130
1501773096 599262
1501773096 666338
1501773096 733504
1501773096 800708
1501773096 867811
1501773096 934969
1501773097 2111
1501773097 69236
1501773097 136376
1501773097 203944
1501773097 328806
1501773097 405143
1501773097 501315
1501773097 568554
1501773097 654655
1501773097 731854
1501773097 808935
1501773097 885140
1501773098 29483
1501773098 173709
1501773098 249924
1501773098 327196
1501773098 404320
1501773098 480675
1501773098 557628
1501773098 633847
1501773098 710952
1501773098 788107
1501773098 864307
1501773098 941528
1501773099 18605
1501773099 94870
1501773099 171987
1501773099 248218
1501773099 325495
1501773099 402550
1501773099 478733
1501773099 555900
1501773099 633020
1501773099 709223
1501773099 786597
1501773099 853483
1501773099 920692
1501773099 987847
1501773100 55137
1501773100 132315
1501773100 199296
1501773100 266405
1501773100 333599
1501773100 401071
1501773100 467991
1501773100 707504
1501773100 813753
1501773101 15183
1501773101 235832
1501773101 369969
1501773101 485338
1501773101 552345
1501773101 648609
1501773101 754761
1501773101 850039
1501773101 917176
1501773101 984364
1501773102 109571
1501773102 176759
1501773102 244107
1501773102 321044
1501773102 388319
1501773102 455318
1501773102 522533
1501773102 589614
1501773102 694949
