1502209474 579652
1502209474 676990
1502209474 866568
1502209475 73402
1502209475 337881
1502209475 507446
1502209475 685866
1502209475 919252
1502209476 26724
1502209476 217037
1502209476 402728
1502209476 483023
1502209476 695915
1502209476 804546
1502209477 24668
1502209477 287126
1502209477 444920
1502209477 670853
1502209477 831786
1502209477 912999
1502209478 174084
1502209478 285255
1502209478 553996
1502209478 763094
1502209478 959358
1502209479 88815
1502209479 243204
1502209479 403208
1502209479 649706
1502209479 797461
1502209479 989414
1502209480 116063
1502209480 324582
1502209480 463654
1502209480 685550
1502209480 917603
1502209481 88172
1502209481 338449
1502209481 498008
1502209481 591401
1502209481 849523
1502209482 63394
1502209482 314420
1502209482 474274
1502209482 643014
1502209482 883838
1502209483 76403
1502209483 250141
1502209483 507265
1502209483 676177
1502209483 825347
1502209483 966834
1502209484 203009
1502209484 383389
1502209484 553735
1502209484 716579
1502209484 945912
1502209485 92311
1502209485 179386
1502209485 278447
1502209485 506264
1502209485 682380
1502209485 879644
1502209485 985146
1502209486 156960
1502209486 287819
1502209486 544160
1502209486 797487
1502209486 918290
1502209487 81719
1502209487 214761
1502209487 451468
1502209487 607663
1502209487 749112
1502209487 935363
1502209488 165772
1502209488 293422
1502209488 436782
1502209488 562796
1502209488 687401
1502209488 881811
1502209488 989817
1502209489 167081
1502209489 316467
1502209489 462861
1502209489 721513
1502209489 853773
1502209489 933883
1502209490 62183
1502209490 282689
1502209490 377182
1502209490 467314
1502209490 667383
1502209490 898824
1502209491 123124
1502209491 311857
1502209491 548154
1502209491 650280
1502209491 740279
1502209491 968068
1502209492 84893
1502209492 217887
1502209492 402514
1502209492 614912
1502209492 814650
1502209492 889888
1502209493 68927
1502209493 229428
1502209493 302629
1502209493 547091
1502209493 709387
1502209493 908947
1502209494 170149
1502209494 248870
1502209494 360082
1502209494 537308
1502209494 791661
1502209494 957213
1502209495 106573
1502209495 358447
1502209495 617508
1502209495 792377
1502209495 971581
1502209496 75049
1502209496 309412
1502209496 543150
1502209496 803327
1502209497 32924
1502209497 238428
1502209497 353921
1502209497 618198
1502209497 854017
1502209498 33404
1502209498 239492
1502209498 446810
1502209498 562456
1502209498 761238
1502209498 944416
1502209499 208140
1502209499 382418
1502209499 585800
1502209499 707293
1502209499 942477
1502209500 104228
1502209500 273537
1502209500 346824
1502209500 537185
1502209500 687339
1502209500 942825
1502209501 114592
1502209501 365668
1502209501 453392
1502209501 659437
1502209501 852897
1502209502 98489
1502209502 215903
1502209502 433183
1502209502 524639
1502209502 734914
1502209502 927397
1502209503 113837
1502209503 378045
1502209503 462764
1502209503 579018
1502209503 796618
1502209504 23817
1502209504 124359
1502209504 229113
1502209504 341335
1502209504 459035
1502209504 568207
1502209504 755438
1502209504 925854
1502209505 134267
1502209505 221797
1502209505 425913
1502209505 513420
1502209505 750498
1502209505 924193
1502209506 120789
1502209506 367076
1502209506 544590
1502209506 739510
1502209506 973311
1502209507 138077
1502209507 222566
1502209507 333388
1502209507 567889
1502209507 658337
1502209507 798317
1502209507 912666
1502209508 111960
1502209508 315764
1502209508 502939
1502209508 745353
1502209508 925189
1502209509 107151
1502209509 295385
1502209509 511537
1502209509 613648
1502209509 880886
1502209510 23542
1502209510 197010
1502209510 423465
1502209510 587741
1502209510 780519
1502209510 956685
1502209511 181122
1502209511 311823
1502209511 422945
1502209511 660246
1502209511 743816
1502209511 824748
1502209511 979022
1502209512 192795
1502209512 407890
1502209512 565317
1502209512 688594
1502209512 795060
1502209513 51360
1502209513 195764
1502209513 346145
1502209513 487509
1502209513 691901
1502209513 791371
1502209514 19660
1502209514 256066
1502209514 525601
1502209514 770123
1502209514 986690
1502209515 201408
1502209515 328662
1502209515 482976
1502209515 631123
1502209515 768721
1502209515 942969
1502209516 175508
1502209516 375863
1502209516 523309
1502209516 763635
1502209516 917106
1502209517 88509
1502209517 334146
1502209517 531472
1502209517 786611
1502209517 898476
1502209518 88638
1502209518 220163
1502209518 462436
1502209518 601089
1502209518 709147
1502209518 952432
1502209519 172036
1502209519 290050
1502209519 489800
1502209519 745135
1502209519 868791
1502209520 114163
1502209520 297658
1502209520 474017
1502209520 664472
1502209520 844789
1502209521 105269
1502209521 273921
1502209521 536590
1502209521 669194
1502209521 928966
1502209522 74609
1502209522 320278
1502209522 539437
1502209522 688865
1502209522 772735
1502209522 969782
1502209523 105430
1502209523 353554
1502209523 489020
1502209523 611399
1502209523 790719
1502209523 876978
1502209523 981367
1502209524 239435
1502209524 330494
1502209524 408186
1502209524 617375
1502209524 803920
1502209524 884528
1502209524 971410
1502209525 111681
1502209525 306157
1502209525 471456
1502209525 641110
1502209525 879582
1502209525 969762
1502209526 128016
1502209526 243244
1502209526 466448
1502209526 614963
1502209526 699335
1502209526 845636
1502209527 97820
1502209527 308449
1502209527 399967
1502209527 492086
1502209527 696329
1502209527 903882
1502209528 31265
1502209528 257688
1502209528 517993
1502209528 668833
1502209528 806315
1502209528 907615
1502209529 171628
1502209529 361432
1502209529 468968
1502209529 592686
1502209529 843064
1502209530 89973
1502209530 219706
1502209530 433806
1502209530 558378
1502209530 671398
1502209530 834958
1502209530 926023
1502209531 120625
1502209531 228891
1502209531 439154
1502209531 530826
1502209531 742811
1502209531 960248
1502209532 42769
1502209532 238025
1502209532 327625
1502209532 563447
1502209532 672022
1502209532 813400
1502209532 999505
1502209533 132170
1502209533 266316
1502209533 435763
1502209533 563071
1502209533 673563
1502209533 754774
1502209534 3142
1502209534 267427
1502209534 487147
1502209534 606408
1502209534 769040
1502209534 926180
1502209535 23499
1502209535 226834
1502209535 356430
1502209535 478575
1502209535 629997
1502209535 783223
1502209535 895446
1502209536 9861
1502209536 259178
1502209536 371644
1502209536 522068
1502209536 780321
1502209536 937683
1502209537 53522
1502209537 174406
1502209537 324747
1502209537 521054
1502209537 788342
1502209537 933224
1502209538 75397
1502209538 173715
1502209538 303252
1502209538 488175
1502209538 664791
1502209538 841071
1502209539 103524
1502209539 282256
1502209539 461570
1502209539 631707
1502209539 726238
1502209539 954819
1502209540 30876
1502209540 246127
1502209540 352622
1502209540 536728
1502209540 713129
1502209540 807698
1502209541 71846
1502209541 310415
1502209541 508179
1502209541 586705
1502209541 690718
1502209541 786967
1502209542 44127
1502209542 147654
1502209542 408509
1502209542 619627
1502209542 848863
1502209543 72766
1502209543 308839
1502209543 539462
1502209543 637827
1502209543 829484
1502209543 961739
1502209544 127971
1502209544 253445
1502209544 509767
1502209544 721215
1502209544 908722
1502209545 155288
1502209545 304767
1502209545 518086
1502209545 741642
1502209545 890029
1502209546 151411
1502209546 254887
1502209546 414142
1502209546 507603
1502209546 765772
1502209546 929322
1502209547 140968
1502209547 273279
1502209547 456347
1502209547 686936
1502209547 904646
1502209548 53759
1502209548 269432
1502209548 525712
1502209548 658466
1502209548 870893
1502209548 967840
1502209549 166106
1502209549 370447
1502209549 485060
1502209549 666265
1502209549 810068
1502209549 998946
1502209550 93621
1502209550 267996
1502209550 475318
1502209550 565656
1502209550 783983
1502209550 926403
1502209551 142996
1502209551 347401
1502209551 488894
1502209551 609047
1502209551 826267
1502209551 939095
1502209552 36029
1502209552 264188
1502209552 482747
1502209552 556176
1502209552 739151
1502209552 904981
1502209553 128495
1502209553 322711
1502209553 413191
1502209553 601218
1502209553 846673
1502209553 952473
1502209554 136729
1502209554 289004
1502209554 460443
1502209554 554859
1502209554 672152
1502209554 826228
1502209555 87546
1502209555 317046
1502209555 505670
1502209555 679155
1502209555 912532
1502209556 178884
1502209556 291556
1502209556 388869
1502209556 544978
1502209556 710364
1502209556 933855
1502209557 104034
1502209557 320572
1502209557 542102
1502209557 744664
1502209557 976073
1502209558 140552
1502209558 267642
1502209558 498027
1502209558 769937
1502209558 912414
1502209559 86896
1502209559 229124
1502209559 403453
1502209559 533290
1502209559 616255
1502209559 798350
1502209560 35160
1502209560 124556
1502209560 330274
1502209560 433838
1502209560 649460
1502209560 803960
1502209560 962927
1502209561 204213
1502209561 343083
1502209561 473397
1502209561 583832
1502209561 699116
1502209561 928545
1502209562 158761
1502209562 311256
1502209562 572533
1502209562 766141
1502209562 849724
1502209562 954785
1502209563 191953
1502209563 386627
1502209563 515910
1502209563 622519
1502209563 746467
1502209563 888950
1502209563 973344
1502209564 215330
1502209564 431788
1502209564 562489
1502209564 777787
1502209565 40143
1502209565 286732
1502209565 434236
1502209565 542600
1502209565 653764
1502209565 799032
1502209566 63363
1502209566 166096
1502209566 362212
1502209566 587897
1502209566 838159
1502209567 51783
1502209567 257487
1502209567 481022
1502209567 659151
1502209567 829506
1502209567 939085
1502209568 186215
1502209568 435746
1502209568 523317
1502209568 777656
1502209568 967095
1502209569 183511
1502209569 355919
1502209569 534494
1502209569 683813
1502209569 849208
1502209569 940615
1502209570 84835
1502209570 227999
1502209570 468885
1502209570 606017
1502209570 842203
1502209570 956717
1502209571 65146
1502209571 147270
1502209571 239344
1502209571 367716
1502209571 586037
1502209571 814569
1502209571 912847
1502209572 141055
1502209572 397770
1502209572 480071
1502209572 641544
1502209572 825052
1502209572 999419
1502209573 219662
1502209573 441231
1502209573 559662
1502209573 794891
1502209573 992623
1502209574 184887
1502209574 380633
1502209574 464907
1502209574 676939
1502209574 876369
1502209575 47934
1502209575 259243
1502209575 426093
1502209575 571193
1502209575 672359
1502209575 838547
1502209575 960100
1502209576 186324
1502209576 268869
1502209576 415932
1502209576 613264
1502209576 712894
1502209576 929026
1502209577 168475
1502209577 258341
1502209577 458094
1502209577 659842
1502209577 753141
1502209577 873587
1502209578 36672
1502209578 271965
1502209578 379883
1502209578 533428
1502209578 746493
1502209578 927627
1502209579 187972
1502209579 375712
1502209579 609224
1502209579 689422
1502209579 820763
1502209579 949103
1502209580 131767
1502209580 385713
1502209580 635462
1502209580 770777
1502209580 953219
1502209581 123649
1502209581 284010
1502209581 411605
1502209581 494661
1502209581 717848
1502209581 932528
1502209582 41886
1502209582 193105
1502209582 396602
1502209582 601789
1502209582 707237
1502209582 872435
1502209583 56903
1502209583 176442
1502209583 345673
1502209583 513029
1502209583 585415
1502209583 818721
1502209583 965203
1502209584 151374
1502209584 331173
1502209584 495326
1502209584 688794
1502209584 934948
1502209585 154570
1502209585 371147
1502209585 610519
1502209585 826125
1502209585 941541
1502209586 71964
1502209586 233101
1502209586 468549
1502209586 662942
1502209586 810449
1502209587 56747
1502209587 246371
1502209587 515791
1502209587 658292
1502209587 898829
1502209588 120337
1502209588 221963
1502209588 401982
1502209588 578292
1502209588 780859
1502209589 10174
1502209589 277270
1502209589 535273
1502209589 716902
1502209589 832838
1502209590 91892
1502209590 327404
1502209590 518887
1502209590 704540
1502209590 832348
1502209591 39106
1502209591 186107
1502209591 430436
1502209591 582197
1502209591 766626
1502209591 937033
1502209592 37463
1502209592 277716
1502209592 527252
1502209592 771127
1502209592 884353
1502209593 17574
1502209593 254003
1502209593 464401
1502209593 729835
1502209593 880691
1502209594 27966
1502209594 178491
1502209594 337155
1502209594 536623
1502209594 777283
1502209594 932783
1502209595 80978
1502209595 258728
1502209595 344924
1502209595 605106
1502209595 708656
1502209595 894113
1502209596 32349
1502209596 141652
1502209596 353490
1502209596 486697
1502209596 722997
1502209596 851561
1502209597 27577
1502209597 254129
1502209597 490027
1502209597 666768
1502209597 753288
1502209597 890637
1502209597 970761
1502209598 177028
1502209598 300843
1502209598 540033
1502209598 641335
1502209598 759144
1502209598 999842
1502209599 252339
1502209599 436024
1502209599 642585
1502209599 836084
1502209599 985332
1502209600 204678
1502209600 402047
1502209600 485634
1502209600 619762
1502209600 880941
1502209601 103630
1502209601 222952
1502209601 491325
1502209601 754033
1502209601 947500
1502209602 36953
1502209602 127310
1502209602 273525
1502209602 429744
1502209602 580990
1502209602 743432
1502209602 875908
1502209602 963611
1502209603 85166
1502209603 167494
1502209603 298576
1502209603 480594
1502209603 657453
1502209603 761639
1502209603 899053
1502209604 30623
1502209604 164367
1502209604 376836
1502209604 486293
1502209604 657980
1502209604 860297
1502209605 31339
1502209605 246836
1502209605 496707
1502209605 593096
1502209605 833343
1502209605 930023
1502209606 91073
1502209606 338430
1502209606 585266
1502209606 774412
1502209606 984088
1502209607 201466
1502209607 418896
1502209607 591388
1502209607 746811
1502209607 882079
1502209608 70339
1502209608 147850
1502209608 327014
1502209608 515295
1502209608 661782
1502209608 863129
1502209609 82834
1502209609 340055
1502209609 487579
1502209609 629052
1502209609 779354
1502209609 922876
1502209610 127017
1502209610 374610
1502209610 572210
1502209610 779239
1502209610 936684
1502209611 96044
1502209611 298599
1502209611 506016
1502209611 584208
1502209611 827590
1502209611 965255
1502209612 57484
1502209612 189720
1502209612 437880
1502209612 641894
1502209612 760021
1502209613 1246
1502209613 256775
1502209613 374421
1502209613 495769
1502209613 746206
1502209614 1615
1502209614 87025
1502209614 167461
1502209614 418555
1502209614 674158
1502209614 776849
1502209614 876786
1502209614 972147
1502209615 206448
1502209615 476875
1502209615 613462
1502209615 693672
1502209615 800914
1502209615 892155
1502209616 98297
1502209616 219026
1502209616 460047
1502209616 640654
1502209616 847146
1502209617 52638
1502209617 199242
1502209617 402391
1502209617 577852
1502209617 750423
1502209617 928732
1502209618 50950
1502209618 304141
1502209618 413415
1502209618 632350
1502209618 840987
1502209618 997539
1502209619 139383
1502209619 330961
1502209619 585441
1502209619 709228
1502209619 966402
1502209620 122892
1502209620 208270
1502209620 459422
1502209620 622040
1502209620 767295
1502209620 852011
1502209621 45836
1502209621 202241
1502209621 415651
1502209621 549210
1502209621 641455
1502209621 905666
1502209622 30138
1502209622 271336
1502209622 442961
1502209622 702312
1502209622 838873
1502209622 937314
1502209623 27578
1502209623 107809
1502209623 331951
1502209623 420483
1502209623 585637
1502209623 776094
1502209623 856479
1502209624 20848
1502209624 171980
1502209624 415326
1502209624 577836
1502209624 759242
1502209625 2031
1502209625 247276
1502209625 454643
1502209625 644105
1502209625 728580
1502209625 946828
1502209626 131383
1502209626 313662
1502209626 466161
1502209626 620460
1502209626 881734
1502209627 14416
1502209627 196758
1502209627 307148
1502209627 464369
1502209627 701700
1502209627 792208
1502209628 22253
1502209628 167911
1502209628 312522
1502209628 479634
1502209628 701024
1502209628 939804
1502209629 191414
1502209629 314347
1502209629 498957
1502209629 723164
1502209629 827643
1502209630 19377
1502209630 264814
1502209630 532133
1502209630 662506
1502209630 935842
1502209631 78500
1502209631 347842
1502209631 521339
1502209631 594076
1502209631 839292
1502209631 989636
1502209632 161094
1502209632 423455
1502209632 503009
1502209632 691752
1502209632 765590
1502209632 878832
1502209633 12049
1502209633 152597
1502209633 322726
1502209633 543249
1502209633 620610
1502209633 816731
1502209634 54359
1502209634 290860
1502209634 531524
1502209634 662944
1502209634 785350
1502209634 910383
1502209635 136874
1502209635 226474
1502209635 447724
1502209635 530787
1502209635 697142
1502209635 834341
1502209636 10754
1502209636 93123
1502209636 335375
1502209636 533847
1502209636 723590
1502209636 981670
1502209637 96161
1502209637 253736
1502209637 377059
1502209637 477280
1502209637 639337
1502209637 856194
1502209637 962629
1502209638 205955
1502209638 415406
1502209638 602686
1502209638 698298
1502209638 937501
1502209639 39190
1502209639 302967
1502209639 541527
1502209639 631646
1502209639 897828
1502209640 40316
1502209640 165645
1502209640 278057
1502209640 495360
1502209640 741857
1502209640 925146
1502209641 68673
1502209641 299746
1502209641 538596
1502209641 797086
1502209641 869825
1502209642 126810
1502209642 356429
1502209642 455236
1502209642 718137
1502209642 923714
1502209643 33188
1502209643 258269
1502209643 404913
1502209643 645244
1502209643 908750
1502209643 991518
1502209644 68936
1502209644 144969
1502209644 407916
1502209644 622525
1502209644 876028
1502209645 57725
1502209645 275990
1502209645 438873
1502209645 595968
1502209645 704202
1502209645 972427
1502209646 240201
1502209646 466874
1502209646 727513
1502209646 908832
1502209647 78343
1502209647 200025
1502209647 420213
1502209647 647684
1502209647 895200
1502209647 997462
1502209648 240839
1502209648 366614
1502209648 476701
1502209648 600523
1502209648 718958
1502209648 819511
1502209649 56723
1502209649 164366
1502209649 258431
1502209649 366634
1502209649 489951
1502209649 584527
1502209649 686515
1502209649 918891
1502209650 10178
1502209650 211262
1502209650 436748
1502209650 554335
1502209650 794468
1502209650 890130
1502209651 64329
1502209651 200785
1502209651 443242
1502209651 710544
1502209651 820322
1502209652 85563
1502209652 330065
1502209652 594448
1502209652 785198
1502209653 54894
1502209653 300019
1502209653 546580
1502209653 627390
1502209653 746458
1502209654 8737
1502209654 238280
1502209654 504939
1502209654 731854
1502209654 877965
1502209655 70351
1502209655 243787
1502209655 386092
1502209655 547524
1502209655 686651
1502209655 898832
1502209656 140420
1502209656 386163
1502209656 563744
1502209656 827132
1502209656 947698
1502209657 37054
1502209657 147201
1502209657 316457
1502209657 419775
1502209657 495401
1502209657 638295
1502209657 829600
1502209657 919964
1502209658 18271
1502209658 243611
1502209658 434893
1502209658 566353
1502209658 730709
1502209658 828165
1502209659 26277
1502209659 233698
1502209659 465136
1502209659 671797
1502209659 847145
1502209660 73650
1502209660 322092
1502209660 469674
1502209660 578039
1502209660 729609
1502209660 963668
1502209661 107004
1502209661 269275
1502209661 498754
1502209661 623348
1502209661 711688
1502209661 843689
1502209661 981307
1502209662 190628
1502209662 335916
1502209662 474027
1502209662 613381
1502209662 697689
1502209662 927977
1502209663 26481
1502209663 296663
1502209663 535018
1502209663 654946
1502209663 769857
1502209664 11066
1502209664 245009
1502209664 490619
1502209664 646193
1502209664 803395
1502209665 70609
1502209665 267277
1502209665 504934
1502209665 618327
1502209665 775529
1502209665 939081
1502209666 161518
1502209666 317091
1502209666 506375
1502209666 584547
1502209666 696834
1502209666 854118
1502209666 953614
1502209667 121678
1502209667 373159
1502209667 610658
1502209667 742005
1502209667 972413
1502209668 94875
1502209668 168230
1502209668 395527
1502209668 571004
1502209668 654367
1502209668 788459
1502209668 964759
1502209669 186066
1502209669 358829
1502209669 579020
1502209669 812520
1502209670 52162
1502209670 191138
1502209670 312813
1502209670 401463
1502209670 523508
1502209670 708709
1502209670 920224
1502209671 65658
1502209671 310959
1502209671 416571
1502209671 647712
1502209671 770564
1502209671 859739
1502209671 981822
1502209672 238218
1502209672 401458
1502209672 642170
1502209672 858057
1502209672 978551
1502209673 138546
1502209673 259730
1502209673 525036
1502209673 637414
1502209673 800756
1502209673 922149
1502209674 168647
1502209674 261980
1502209674 360483
1502209674 462639
1502209674 634890
1502209674 834951
1502209674 936745
1502209675 141114
1502209675 238298
1502209675 496137
1502209675 695473
1502209675 803555
1502209675 948775
1502209676 104124
1502209676 197744
1502209676 323839
1502209676 521454
1502209676 650503
1502209676 792835
1502209677 33158
1502209677 213734
1502209677 359884
1502209677 605403
1502209677 687022
1502209677 907972
1502209678 2584
1502209678 266635
1502209678 469398
1502209678 628777
1502209678 819251
1502209678 950553
1502209679 150983
1502209679 382563
1502209679 642959
1502209679 782538
1502209679 956657
1502209680 171522
1502209680 291848
1502209680 422151
1502209680 640206
1502209680 731654
1502209680 845533
1502209681 109996
1502209681 315398
1502209681 538086
1502209681 807015
1502209681 919186
1502209682 148524
1502209682 396964
1502209682 595504
1502209682 856525
1502209682 977721
1502209683 96226
1502209683 361455
1502209683 563849
1502209683 651529
1502209683 815767
1502209683 894970
1502209684 41033
1502209684 293422
1502209684 387124
1502209684 551606
1502209684 810833
1502209685 58316
1502209685 217886
1502209685 381424
1502209685 489693
1502209685 751699
1502209685 944466
1502209686 100849
1502209686 234308
1502209686 326533
1502209686 448745
1502209686 609969
1502209686 856413
1502209687 40022
1502209687 294408
1502209687 370780
1502209687 585133
1502209687 832549
1502209687 992300
1502209688 95444
1502209688 296898
1502209688 468279
1502209688 703673
1502209688 884021
1502209689 138390
1502209689 238085
1502209689 325286
1502209689 579465
1502209689 763284
1502209689 927390
1502209690 190814
1502209690 305414
1502209690 510696
1502209690 752190
1502209690 859797
1502209691 43912
1502209691 232785
1502209691 345745
1502209691 557110
1502209691 696536
1502209691 806774
1502209691 922026
1502209692 193129
1502209692 353631
1502209692 559001
1502209692 766408
1502209692 872215
1502209692 996332
1502209693 235077
1502209693 313184
1502209693 473467
1502209693 594658
1502209693 703960
1502209693 915292
1502209694 168705
1502209694 346560
1502209694 444657
1502209694 690158
1502209694 819511
1502209695 40744
1502209695 267298
1502209695 443918
1502209695 653187
1502209695 905681
1502209696 11269
1502209696 141573
1502209696 305744
1502209696 415198
1502209696 592267
1502209696 810677
1502209696 953294
1502209697 153654
1502209697 332091
1502209697 526295
1502209697 603776
1502209697 861727
1502209698 11511
1502209698 165781
1502209698 373284
1502209698 506744
1502209698 617416
1502209698 836722
1502209698 978830
1502209699 213074
1502209699 371651
1502209699 528963
1502209699 670213
1502209699 885788
1502209700 151013
1502209700 347588
1502209700 551249
1502209700 666486
1502209700 853175
1502209701 95184
1502209701 317184
1502209701 589472
1502209701 851778
1502209702 2832
1502209702 221900
1502209702 454716
1502209702 655015
1502209702 874403
1502209703 10780
1502209703 268389
1502209703 408212
1502209703 587464
1502209703 679715
1502209703 838005
1502209704 49331
1502209704 290872
1502209704 483318
1502209704 566826
1502209704 712838
1502209704 881322
1502209704 981757
1502209705 59863
1502209705 208894
1502209705 398320
1502209705 478877
1502209705 636935
1502209705 713349
1502209705 837609
1502209705 944640
1502209706 156192
1502209706 288487
1502209706 401767
1502209706 523204
1502209706 743336
1502209706 940367
1502209707 81433
1502209707 323432
1502209707 443212
1502209707 543594
1502209707 639533
1502209707 831250
1502209708 52517
1502209708 198941
1502209708 402455
1502209708 651495
1502209708 901155
1502209709 148070
1502209709 293299
1502209709 445999
1502209709 623254
1502209709 831459
1502209709 965026
1502209710 207455
1502209710 333707
1502209710 414038
1502209710 670291
1502209710 773967
1502209710 885184
1502209710 967294
1502209711 113614
1502209711 335986
1502209711 466687
1502209711 624858
1502209711 723996
1502209711 860211
1502209712 90465
1502209712 357094
1502209712 619579
1502209712 818202
1502209712 960727
1502209713 88894
1502209713 217612
1502209713 413740
1502209713 621261
1502209713 709590
1502209713 888866
1502209714 110350
1502209714 318645
1502209714 560230
1502209714 679758
1502209714 864845
1502209714 981161
1502209715 168721
1502209715 294284
1502209715 557241
1502209715 695849
1502209715 869307
1502209716 137985
1502209716 370350
1502209716 450581
1502209716 638711
1502209716 857290
1502209717 120322
1502209717 354827
1502209717 504407
1502209717 663751
1502209717 853034
1502209718 98624
1502209718 212154
1502209718 374960
1502209718 490505
1502209718 695204
1502209718 852359
1502209719 11468
1502209719 175268
1502209719 262480
1502209719 354660
1502209719 553015
1502209719 652030
1502209719 736728
1502209719 868004
1502209719 959971
1502209720 170283
1502209720 434633
1502209720 616605
1502209720 720685
1502209720 814160
1502209721 30183
1502209721 283463
1502209721 513326
1502209721 658729
1502209721 791104
1502209721 883326
1502209722 101607
1502209722 358868
1502209722 437470
1502209722 568854
1502209722 679261
1502209722 904383
1502209723 80772
1502209723 176162
1502209723 403520
1502209723 507971
1502209723 626139
1502209723 807330
1502209723 983915
1502209724 246348
1502209724 400931
1502209724 669160
1502209724 799778
1502209724 976101
1502209725 178755
1502209725 331949
1502209725 479361
1502209725 737482
1502209726 2233
1502209726 120735
1502209726 265735
1502209726 434133
1502209726 516488
1502209726 650865
1502209726 764423
1502209727 11625
1502209727 191211
1502209727 337430
1502209727 571834
1502209727 692464
1502209727 914633
1502209727 992039
1502209728 92237
1502209728 300580
1502209728 475941
1502209728 696324
1502209728 958786
1502209729 68350
1502209729 153840
1502209729 263975
1502209729 387116
1502209729 482319
1502209729 572633
1502209729 772830
1502209729 980278
1502209730 107778
1502209730 304034
1502209730 559682
1502209730 761017
1502209731 11383
1502209731 221987
1502209731 403461
1502209731 623881
1502209731 713485
1502209731 934776
1502209732 18052
1502209732 266270
1502209732 517840
1502209732 758499
1502209732 932603
1502209733 110596
1502209733 202895
1502209733 307082
1502209733 442112
1502209733 571291
1502209733 756013
1502209733 854486
1502209734 19395
1502209734 164771
1502209734 283074
1502209734 454610
1502209734 597157
1502209734 831541
1502209734 947840
1502209735 171172
1502209735 389458
1502209735 636057
1502209735 796526
1502209735 953002
1502209736 185285
1502209736 283706
1502209736 432986
1502209736 539294
1502209736 746868
1502209736 975947
1502209737 140492
1502209737 236983
1502209737 405177
1502209737 544795
1502209737 772956
1502209738 15464
1502209738 104814
1502209738 221224
1502209738 310319
1502209738 516596
1502209738 621969
1502209738 697258
1502209738 852548
1502209738 975842
1502209739 53111
1502209739 136152
1502209739 228796
1502209739 318887
1502209739 488645
1502209739 703334
1502209739 806705
1502209739 923984
1502209740 135197
1502209740 316619
1502209740 552997
1502209740 738888
1502209740 855425
1502209740 940423
1502209741 140605
1502209741 294041
1502209741 448464
1502209741 656263
1502209741 860208
1502209742 1637
1502209742 248461
1502209742 515400
1502209742 648091
1502209742 794115
1502209742 902898
1502209743 98243
1502209743 305225
1502209743 490102
1502209743 708223
1502209743 952782
1502209744 90287
1502209744 234695
1502209744 354881
1502209744 554121
1502209744 629635
1502209744 849976
1502209745 47261
1502209745 142822
1502209745 262972
1502209745 484265
1502209745 698760
1502209745 772137
1502209746 28449
1502209746 168016
1502209746 296404
1502209746 424599
1502209746 675722
1502209746 889737
1502209746 971930
1502209747 162955
1502209747 360472
1502209747 561901
1502209747 704159
1502209747 901737
1502209748 40048
1502209748 135450
1502209748 333643
1502209748 490063
1502209748 622539
1502209748 865092
1502209749 3318
1502209749 166743
1502209749 378153
1502209749 530006
1502209749 671465
1502209749 934345
1502209750 102848
1502209750 311387
1502209750 467955
1502209750 686957
1502209750 955827
1502209751 212366
1502209751 368983
1502209751 534148
1502209751 649656
1502209751 812659
1502209752 26324
1502209752 133797
1502209752 377020
1502209752 562728
1502209752 701047
1502209752 901406
1502209753 120720
1502209753 372216
1502209753 598003
1502209753 678280
1502209753 886704
1502209754 49960
1502209754 273381
1502209754 529826
1502209754 699342
1502209754 793812
1502209754 914217
1502209754 993271
1502209755 165466
1502209755 416863
1502209755 585551
1502209755 760886
1502209755 919292
1502209756 60699
1502209756 289109
1502209756 440953
1502209756 703812
1502209756 876468
1502209756 965194
1502209757 52183
1502209757 199632
1502209757 435738
1502209757 570081
1502209757 680500
1502209757 834461
1502209758 93256
1502209758 309827
1502209758 424399
1502209758 635194
1502209758 762808
1502209758 849030
1502209758 941626
1502209759 147972
1502209759 365169
1502209759 521897
1502209759 726696
1502209759 958369
1502209760 96116
1502209760 293304
1502209760 486043
1502209760 659140
1502209760 766902
1502209760 929814
1502209761 177099
1502209761 309024
1502209761 506431
1502209761 638667
1502209761 874896
1502209761 967275
1502209762 201521
1502209762 402054
1502209762 496249
1502209762 627653
1502209762 714083
1502209762 908253
1502209763 82941
1502209763 189268
1502209763 355056
1502209763 581641
1502209763 844206
1502209763 932806
1502209764 127908
1502209764 253380
1502209764 330764
1502209764 460988
1502209764 583204
1502209764 720550
1502209764 866679
1502209765 35194
1502209765 177428
1502209765 267396
1502209765 395521
1502209765 601706
1502209765 785351
1502209765 980207
1502209766 171665
1502209766 261083
1502209766 399075
1502209766 593446
1502209766 761096
1502209767 17618
1502209767 276113
1502209767 390771
1502209767 577816
1502209767 748226
1502209767 896834
1502209767 992766
1502209768 172298
1502209768 384538
1502209768 578617
1502209768 726874
1502209768 899299
1502209769 125608
1502209769 337895
1502209769 451649
1502209769 555544
1502209769 792977
1502209770 14817
1502209770 100729
1502209770 251877
1502209770 392649
1502209770 548229
1502209770 665503
1502209770 780423
1502209770 937921
1502209771 143256
1502209771 236833
1502209771 311267
1502209771 523940
1502209771 746605
1502209771 820169
1502209771 939747
1502209772 18411
