1502375115 175104
1502375115 189615
1502375115 241445
1502375115 256924
1502375116 277809
1502375116 294508
1502375116 344988
1502375116 361164
1502375116 412194
1502375116 428341
1502375116 479171
1502375116 495477
1502375116 974030
1502375116 984896
1502375117 362264
1502375117 378530
1502375117 429409
1502375117 445830
1502375117 496508
1502375117 512876
1502375117 691286
1502375117 705219
1502375117 890417
1502375117 906736
1502375118 236165
1502375118 252568
1502375118 360455
1502375118 376995
1502375118 429676
1502375118 443899
1502375118 782516
1502375118 799696
1502375119 205383
1502375119 221905
1502375119 445003
1502375119 462174
1502375119 532119
1502375119 548333
1502375119 666380
1502375119 682795
1502375120 501322
1502375120 517629
1502375121 29457
1502375121 45733
1502375121 605973
1502375121 621993
1502375121 922459
1502375121 938823
1502375122 75755
1502375122 92047
1502375122 142987
1502375122 159242
1502375122 211031
1502375122 226567
1502375122 277255
1502375122 293626
1502375122 344435
1502375122 360906
1502375122 516820
1502375122 534216
1502375122 584000
1502375122 601133
1502375122 737351
1502375122 754533
1502375123 361694
1502375123 379012
1502375123 428962
1502375123 445990
1502375123 640362
1502375123 659275
1502375124 619533
1502375124 635833
1502375124 792904
1502375124 809236
1502375124 917147
1502375124 933395
1502375125 272936
1502375125 289171
1502375125 541679
1502375125 557840
1502375125 781129
1502375125 797689
1502375125 848227
1502375125 865579
1502375125 916346
1502375125 932592
1502375125 991006
1502375126 9149
1502375126 175088
1502375126 191314
1502375126 254072
1502375126 268519
1502375127 163402
1502375127 180449
1502375127 259413
1502375127 275729
1502375127 700615
1502375127 718351
1502375127 767653
1502375127 785005
1502375128 65315
1502375128 82529
1502375128 438274
1502375128 456128
1502375128 505716
1502375128 523658
1502375128 649704
1502375128 667853
1502375128 784223
1502375128 802155
1502375128 956689
1502375128 979500
1502375129 177073
1502375129 195365
1502375129 312327
1502375129 329407
1502375129 503732
1502375129 522120
1502375129 744168
1502375129 761405
1502375129 811360
1502375129 828468
1502375130 118072
1502375130 136209
1502375131 30165
1502375131 47327
