1500541505 377439
1500541505 530636
1500541505 664947
1500541505 828385
1500541506 744
1500541506 164178
1500541506 346824
1500541506 489866
1500541506 653252
1500541506 787667
1500541506 969906
1500541507 142557
1500541507 276534
1500541507 410985
1500541507 564507
1500541507 737707
1500541507 901070
1500541508 54401
1500541508 208086
1500541508 390324
1500541508 534571
1500541508 678029
1500541508 860449
1500541509 33673
1500541509 197077
1500541509 379511
1500541509 561866
1500541509 715132
1500541509 849328
1500541510 31988
1500541510 204699
1500541510 386885
1500541510 569040
1500541510 722642
1500541510 904990
1500541511 78210
1500541511 260619
1500541511 442969
1500541511 577179
1500541511 759980
1500541511 904362
1500541512 38674
1500541512 191714
1500541512 364121
1500541512 527666
1500541512 681042
1500541512 834438
1500541513 16892
1500541513 171044
1500541513 324330
1500541513 468699
1500541513 602957
1500541513 785404
1500541513 928762
1500541514 92432
1500541514 255690
1500541514 437823
1500541514 582021
1500541514 754741
1500541514 907896
1500541515 52304
1500541515 215469
1500541515 378734
1500541515 550521
1500541515 724040
1500541515 896331
1500541516 59779
1500541516 232060
1500541516 405269
1500541516 577763
1500541516 751071
1500541516 904496
1500541517 67850
1500541517 231111
1500541517 413634
1500541517 566907
1500541517 749393
1500541517 892756
1500541518 56187
1500541518 238460
1500541518 401775
1500541518 584371
1500541518 766755
1500541518 948966
1500541519 102440
1500541519 285046
1500541519 438312
1500541519 611668
1500541519 794065
1500541519 966443
1500541520 148917
1500541520 293052
1500541520 436620
1500541520 618906
1500541520 763303
1500541520 926554
1500541521 108087
1500541521 261579
1500541521 434699
1500541521 588212
1500541521 751451
1500541521 895801
1500541522 30084
1500541522 183497
1500541522 336848
1500541522 510132
1500541522 653584
1500541522 836006
1500541522 980436
1500541523 124491
1500541523 297141
1500541523 460194
1500541523 613563
1500541523 758029
1500541523 902342
1500541524 74494
1500541524 227993
1500541524 391562
1500541524 573823
1500541524 746319
1500541524 919531
1500541525 101892
1500541525 274289
1500541525 447602
1500541525 610212
1500541525 783552
1500541525 936866
1500541526 81268
1500541526 253641
1500541526 407002
1500541526 551356
1500541526 704652
1500541526 887046
1500541527 31590
1500541527 184717
1500541527 367078
1500541527 530625
1500541527 673986
1500541527 837185
1500541527 990544
1500541528 153802
1500541528 327114
1500541528 499682
1500541528 672349
1500541528 854657
1500541529 27877
1500541529 210277
1500541529 354623
1500541529 537000
1500541529 680276
1500541529 862907
1500541530 25174
1500541530 159575
1500541530 332712
1500541530 477015
1500541530 630589
1500541530 793814
1500541530 966310
1500541531 119751
1500541531 273709
1500541531 427161
1500541531 599651
1500541531 744270
1500541531 897297
1500541532 70645
1500541532 253064
1500541532 387399
1500541532 550645
1500541532 733055
1500541532 896003
1500541533 78041
1500541533 222203
1500541533 385547
1500541533 548915
1500541533 712234
1500541533 855786
1500541534 38107
1500541534 201789
1500541534 345890
1500541534 489082
1500541534 623495
1500541534 786922
1500541534 940406
1500541535 94519
1500541535 228727
1500541535 401514
1500541535 564550
1500541535 736988
1500541535 900591
1500541536 63743
1500541536 246436
1500541536 399479
1500541536 562859
1500541536 715417
1500541536 878440
1500541537 32904
1500541537 186321
1500541537 329595
1500541537 492939
1500541537 646320
1500541537 790674
1500541537 973237
1500541538 136864
1500541538 299743
1500541538 453165
1500541538 635651
1500541538 818030
1500541539 515
1500541539 143835
1500541539 307503
1500541539 461270
1500541539 595783
1500541539 768282
1500541539 921616
1500541540 84835
1500541540 248179
1500541540 411356
1500541540 593951
1500541540 766283
1500541540 938843
1500541541 121398
1500541541 284680
1500541541 437951
1500541541 601232
1500541541 764571
1500541541 928027
1500541542 81228
1500541542 253964
1500541542 427327
1500541542 580654
1500541542 733877
1500541542 906474
1500541543 60655
1500541543 232915
1500541543 406855
1500541543 578666
1500541543 732111
1500541543 905457
1500541544 67792
1500541544 241232
1500541544 413780
1500541544 586070
1500541544 730134
1500541544 894021
1500541545 57051
1500541545 220497
1500541545 402843
1500541545 575370
1500541545 738648
1500541545 892055
1500541546 36170
1500541546 208629
1500541546 371962
1500541546 535378
1500541546 679654
1500541546 862218
1500541547 24570
1500541547 198082
1500541547 341453
1500541547 504797
1500541547 658894
1500541547 831236
1500541548 3969
1500541548 157023
1500541548 310523
1500541548 493116
1500541548 637205
1500541548 781478
1500541548 954049
1500541549 136567
1500541549 318729
1500541549 501145
1500541549 645408
1500541549 789675
1500541549 952137
1500541550 135077
1500541550 288992
1500541550 432263
1500541550 576584
1500541550 758825
1500541550 922210
1500541551 75659
1500541551 228849
1500541551 402331
1500541551 536676
1500541551 709054
1500541551 891429
1500541552 64747
1500541552 218037
1500541552 400834
1500541552 544122
1500541552 726365
1500541552 880797
1500541553 53132
1500541553 197454
1500541553 350841
1500541553 533167
1500541553 715553
1500541553 888054
1500541554 61309
1500541554 214752
1500541554 368113
1500541554 541330
1500541554 694733
1500541554 877183
1500541555 59509
1500541555 231985
1500541555 395343
1500541555 539614
1500541555 702980
1500541555 885333
1500541556 38879
1500541556 211230
1500541556 355554
1500541556 517794
1500541556 691468
1500541556 853773
1500541557 36270
1500541557 180354
1500541557 343908
1500541557 497158
1500541557 650376
1500541557 794673
1500541557 977220
1500541558 149820
1500541558 322081
1500541558 476241
1500541558 610686
1500541558 764081
1500541558 946651
1500541559 118897
1500541559 291982
1500541559 436511
1500541559 599145
1500541559 772393
1500541559 915634
1500541560 97993
1500541560 271394
1500541560 434730
1500541560 578414
1500541560 751506
1500541560 933851
1500541561 77143
1500541561 250615
1500541561 432873
1500541561 615362
1500541561 778767
1500541561 951214
1500541562 133537
1500541562 306133
1500541562 479582
1500541562 642697
1500541562 825098
1500541562 997589
1500541563 150856
1500541563 324301
1500541563 487622
1500541563 641048
1500541563 775214
1500541563 957621
1500541564 91918
1500541564 236183
1500541564 370598
1500541564 542981
1500541564 725588
1500541564 907735
1500541565 71175
1500541565 262580
1500541565 407088
1500541565 579339
1500541565 732701
1500541565 896157
1500541566 49449
1500541566 212859
1500541566 376434
1500541566 520356
1500541566 682931
1500541566 846275
1500541567 9555
1500541567 192258
1500541567 374567
1500541567 518625
1500541567 701299
1500541567 863465
1500541568 26930
1500541568 209320
1500541568 382578
1500541568 555097
1500541568 689393
1500541568 861779
1500541569 16140
1500541569 188664
1500541569 370966
1500541569 553422
1500541569 735690
1500541569 899173
1500541570 52581
1500541570 205744
1500541570 369220
1500541570 551570
1500541570 714892
1500541570 878335
1500541571 31792
1500541571 214017
1500541571 396476
1500541571 578756
1500541571 761260
1500541571 943615
1500541572 97385
1500541572 270470
1500541572 423721
1500541572 587209
1500541572 740348
1500541572 904018
1500541573 86110
1500541573 268559
1500541573 441153
1500541573 595247
1500541573 748776
1500541573 921361
1500541574 103759
1500541574 285946
1500541574 439392
1500541574 583561
1500541574 728057
1500541574 891332
1500541575 63787
1500541575 227013
1500541575 409476
1500541575 572866
1500541575 755304
1500541575 927796
1500541576 81192
1500541576 254383
1500541576 436865
1500541576 580956
1500541576 753325
1500541576 916841
1500541577 60155
1500541577 213595
1500541577 376961
1500541577 549489
1500541577 722597
1500541577 885965
1500541578 57815
1500541578 230939
1500541578 384452
1500541578 566914
1500541578 739974
1500541578 883380
1500541579 27725
1500541579 210174
1500541579 382506
1500541579 516834
1500541579 690149
1500541579 833531
1500541579 977918
1500541580 131196
1500541580 285492
1500541580 428842
1500541580 611151
1500541580 755613
1500541580 927990
1500541581 82355
1500541581 244800
1500541581 408103
1500541581 562082
1500541581 705826
1500541581 859776
1500541582 32372
1500541582 185675
1500541582 349266
1500541582 521519
1500541582 704159
1500541582 876399
1500541583 58830
1500541583 193310
1500541583 366571
1500541583 538879
1500541583 683086
1500541583 865568
1500541584 9863
1500541584 182360
1500541584 326639
1500541584 499026
1500541584 652332
1500541584 795659
1500541584 969031
1500541585 151445
1500541585 333877
1500541585 478236
1500541585 660664
1500541585 803959
1500541585 948214
1500541586 92780
1500541586 254905
1500541586 399408
1500541586 562741
1500541586 716101
1500541586 879227
1500541587 23856
1500541587 196182
1500541587 368633
1500541587 550999
1500541587 695133
1500541587 829706
1500541588 2938
1500541588 175342
1500541588 338589
1500541588 491833
1500541588 645431
1500541588 789774
1500541588 943136
1500541589 116518
1500541589 250703
1500541589 433278
1500541589 577379
1500541589 739846
1500541589 913120
1500541590 76540
1500541590 258943
1500541590 441221
1500541590 594652
1500541590 766995
1500541590 940476
1500541591 103677
1500541591 247243
1500541591 391325
1500541591 544851
1500541591 689029
1500541591 861513
1500541592 24970
1500541592 169123
1500541592 312796
1500541592 466702
1500541592 639281
1500541592 811842
1500541592 984195
1500541593 166695
1500541593 310820
1500541593 473291
1500541593 636596
1500541593 810100
1500541593 963440
1500541594 107425
1500541594 270165
1500541594 414255
1500541594 567721
1500541594 750064
1500541594 904405
1500541595 76978
1500541595 240116
1500541595 403561
1500541595 575838
1500541595 739227
1500541595 911856
1500541596 65903
1500541596 209432
1500541596 373028
1500541596 526102
1500541596 670280
1500541596 852776
1500541597 26072
1500541597 198434
1500541597 351818
1500541597 505318
1500541597 687850
1500541597 869982
1500541598 14393
1500541598 196765
1500541598 350152
1500541598 523444
1500541598 687101
1500541598 830216
1500541599 12608
1500541599 195033
1500541599 339437
1500541599 492879
1500541599 656138
1500541599 828525
1500541599 991803
1500541600 145240
1500541600 298471
1500541600 471882
1500541600 635213
1500541600 807717
1500541600 980146
1500541601 134377
1500541601 287753
1500541601 450969
1500541601 633621
1500541601 797045
1500541601 940318
1500541602 113613
1500541602 296130
1500541602 459279
1500541602 622025
1500541602 795173
1500541602 929405
1500541603 111703
1500541603 256262
1500541603 409376
1500541603 553727
1500541603 707041
1500541603 860515
1500541604 23915
1500541604 168146
1500541604 311720
1500541604 485119
1500541604 667258
1500541604 829709
1500541605 3199
1500541605 147246
1500541605 319823
1500541605 502111
1500541605 674524
1500541605 837942
1500541605 972299
1500541606 135543
1500541606 298975
1500541606 481373
1500541606 663722
1500541606 836116
1500541606 970557
1500541607 124661
1500541607 278074
1500541607 431405
1500541607 585132
1500541607 729115
1500541607 902615
1500541608 74949
1500541608 247364
1500541608 429772
1500541608 612003
1500541608 794488
1500541608 967965
1500541609 140507
1500541609 313615
1500541609 456926
1500541609 639929
1500541609 822013
1500541609 966208
1500541610 129581
1500541610 311922
1500541610 484265
1500541610 628676
1500541610 801076
1500541610 954321
1500541611 108707
1500541611 251969
1500541611 406336
1500541611 569162
1500541611 732109
1500541611 905434
1500541612 77793
1500541612 260400
1500541612 432833
1500541612 606115
1500541612 759494
1500541612 903714
1500541613 85086
1500541613 258458
1500541613 430848
1500541613 565203
1500541613 699531
1500541613 882138
1500541614 26331
1500541614 170398
1500541614 353150
1500541614 506566
1500541614 678825
1500541614 833046
1500541614 986465
1500541615 149984
1500541615 322146
1500541615 504796
1500541615 648970
1500541615 812381
1500541615 974674
1500541616 128905
1500541616 292224
1500541616 473703
1500541616 618034
1500541616 752331
1500541616 925705
1500541617 98171
1500541617 232474
1500541617 404832
1500541617 568217
1500541617 712347
1500541617 866146
1500541618 29169
1500541618 182595
1500541618 326769
1500541618 471124
1500541618 653582
1500541618 825909
1500541618 988486
1500541619 151892
1500541619 334485
1500541619 507362
1500541619 690180
1500541619 833244
1500541620 16006
1500541620 198544
1500541620 351639
1500541620 533866
1500541620 697287
1500541620 860640
1500541621 33209
1500541621 206385
1500541621 349801
1500541621 523082
1500541621 667467
1500541621 810717
1500541621 974036
1500541622 156603
1500541622 329218
1500541622 492410
1500541622 636602
1500541622 799994
1500541622 943361
1500541623 97590
1500541623 241131
1500541623 404366
1500541623 557798
1500541623 711322
1500541623 874836
1500541624 37904
1500541624 191236
1500541624 335536
1500541624 479157
1500541624 623226
1500541624 767422
1500541624 929990
1500541625 65139
1500541625 237598
1500541625 410052
1500541625 554354
1500541625 707625
1500541625 880163
1500541626 62483
1500541626 196851
1500541626 341185
1500541626 523524
1500541626 696039
1500541626 849254
1500541627 12500
1500541627 186142
1500541627 348544
1500541627 511844
1500541627 694194
1500541627 838415
1500541628 20741
1500541628 193312
1500541628 375941
1500541628 549429
1500541628 721433
1500541628 865911
1500541629 48246
1500541629 182470
1500541629 365225
1500541629 509238
1500541629 681637
1500541629 825913
1500541629 979256
1500541630 161611
1500541630 334199
1500541630 478411
1500541630 660799
1500541630 823245
1500541630 995627
1500541631 188431
1500541631 331548
1500541631 514020
1500541631 686307
1500541631 859761
1500541632 31982
1500541632 176308
1500541632 358640
1500541632 512179
1500541632 694569
1500541632 857784
1500541633 30356
1500541633 193762
1500541633 347049
1500541633 501480
1500541633 664591
1500541633 827156
1500541633 971747
1500541634 153799
1500541634 317025
1500541634 480474
1500541634 634046
1500541634 787002
1500541634 969399
1500541635 142869
1500541635 305370
1500541635 478809
1500541635 632144
1500541635 766480
1500541635 948855
1500541636 102177
1500541636 275376
1500541636 457964
1500541636 640292
1500541636 784644
1500541636 919013
1500541637 91428
1500541637 273831
1500541637 418210
1500541637 600468
1500541637 754026
1500541637 926230
1500541638 99416
1500541638 262999
1500541638 435526
1500541638 617818
1500541638 781192
1500541638 953661
1500541639 116880
1500541639 280241
1500541639 462672
1500541639 626001
1500541639 779129
1500541639 962086
1500541640 125200
1500541640 307291
1500541640 471013
1500541640 633284
1500541640 777593
1500541640 950107
1500541641 104504
1500541641 247808
1500541641 392020
1500541641 574405
1500541641 718586
1500541641 901304
1500541642 73445
1500541642 256125
1500541642 438372
1500541642 610863
1500541642 784192
1500541642 947771
1500541643 90809
1500541643 273186
1500541643 427525
1500541643 600041
1500541643 763329
1500541643 926822
1500541644 99113
1500541644 271519
1500541644 425798
1500541644 569307
1500541644 751546
1500541644 934024
1500541645 88154
1500541645 270792
1500541645 424118
1500541645 568397
1500541645 730891
1500541645 904356
1500541646 86486
1500541646 230928
1500541646 384239
1500541646 537840
1500541646 690857
1500541646 864490
1500541647 26832
1500541647 200174
1500541647 382314
1500541647 535808
1500541647 680096
1500541647 852601
1500541648 34960
1500541648 217509
1500541648 370827
1500541648 533136
1500541648 687538
1500541648 860111
1500541649 42515
1500541649 224682
1500541649 407160
1500541649 560451
1500541649 723909
1500541649 867146
1500541650 21524
1500541650 174940
1500541650 318241
1500541650 481652
1500541650 635030
1500541650 808592
1500541650 990817
1500541651 163344
1500541651 316522
1500541651 479994
1500541651 624072
1500541651 768455
1500541651 922052
1500541652 85339
1500541652 267767
1500541652 411077
1500541652 583425
1500541652 746701
1500541652 900595
1500541653 82597
1500541653 256023
1500541653 399375
1500541653 581809
1500541653 755149
1500541653 898450
1500541654 52648
1500541654 196045
1500541654 368536
1500541654 541842
1500541654 685527
1500541654 848504
1500541654 992896
1500541655 175236
1500541655 328816
1500541655 510200
1500541655 645330
1500541655 798622
1500541655 962317
1500541656 134562
1500541656 278802
1500541656 432420
1500541656 576469
1500541656 729789
1500541656 902382
1500541657 84892
1500541657 267053
1500541657 440620
1500541657 622933
1500541657 805380
1500541657 977660
1500541658 121930
1500541658 304571
1500541658 448698
1500541658 621112
1500541658 803511
1500541658 985907
1500541659 139278
1500541659 321680
1500541659 474984
1500541659 648574
1500541659 801907
1500541659 946119
1500541660 118562
1500541660 292237
1500541660 435275
1500541660 598465
1500541660 752009
1500541660 896223
1500541661 59692
1500541661 222872
1500541661 366356
1500541661 529951
1500541661 712032
1500541661 875349
1500541662 28913
1500541662 182922
1500541662 345886
1500541662 489911
1500541662 663309
1500541662 835678
1500541662 979905
1500541663 152422
1500541663 324690
1500541663 479023
1500541663 661464
1500541663 833971
1500541663 978006
1500541664 150490
1500541664 304801
1500541664 458100
1500541664 640700
1500541664 793985
1500541664 947197
1500541665 110494
1500541665 264156
1500541665 418291
1500541665 580869
1500541665 734108
1500541665 878589
1500541666 60882
1500541666 243421
1500541666 386786
1500541666 549945
1500541666 694226
1500541666 828711
1500541666 992099
1500541667 145313
1500541667 308762
1500541667 462042
1500541667 615412
1500541667 769811
1500541667 932191
1500541668 76488
1500541668 248893
1500541668 422123
1500541668 594574
1500541668 747899
1500541668 911216
1500541669 55407
1500541669 218902
1500541669 391571
1500541669 535768
1500541669 718084
1500541669 881328
1500541670 63858
1500541670 207131
1500541670 370544
1500541670 543027
1500541670 706551
1500541670 888882
1500541671 61249
1500541671 243839
1500541671 387883
1500541671 541283
1500541671 722981
1500541671 905120
1500541672 87607
1500541672 250961
1500541672 424277
1500541672 577812
1500541672 721846
1500541672 904345
1500541673 86712
1500541673 269080
1500541673 422584
1500541673 605041
1500541673 758481
1500541673 911881
1500541674 65885
1500541674 219257
1500541674 401888
1500541674 545092
1500541674 737555
1500541674 919890
1500541675 82290
1500541675 245828
1500541675 419255
1500541675 562405
1500541675 726115
1500541675 870275
1500541676 42582
1500541676 195990
1500541676 359291
1500541676 522665
1500541676 666942
1500541676 839411
1500541677 11721
1500541677 165992
1500541677 300375
1500541677 443678
1500541677 626005
1500541677 789533
1500541677 981975
1500541678 154262
1500541678 307689
1500541678 481234
1500541678 625353
1500541678 788045
1500541678 980027
1500541679 133459
1500541679 305885
1500541679 479343
1500541679 651697
1500541679 804988
1500541679 949208
1500541680 121645
1500541680 275041
1500541680 438315
1500541680 601681
1500541680 774267
1500541680 956660
1500541681 130264
1500541681 312543
1500541681 474792
1500541681 638083
1500541681 801470
1500541681 945803
1500541682 118253
1500541682 271517
1500541682 415879
1500541682 560142
1500541682 722904
1500541682 905018
1500541683 58685
1500541683 202709
1500541683 385116
1500541683 557462
1500541683 701806
1500541683 874218
1500541684 28543
1500541684 210948
1500541684 354323
1500541684 517788
1500541684 661812
1500541684 825068
1500541684 978671
1500541685 150966
1500541685 295324
1500541685 429697
1500541685 592972
1500541685 775396
1500541685 957925
1500541686 140345
1500541686 284956
1500541686 447072
1500541686 629513
1500541686 783746
1500541686 956419
1500541687 119413
1500541687 301976
1500541687 484747
1500541687 647823
1500541687 801013
1500541687 973468
1500541688 117625
1500541688 261880
1500541688 415418
1500541688 587997
1500541688 732249
1500541688 885818
1500541689 59237
1500541689 231178
1500541689 375414
1500541689 547978
1500541689 692331
1500541689 864572
1500541690 47203
1500541690 220620
1500541690 402926
1500541690 546284
1500541690 690612
1500541690 824813
1500541690 988338
1500541691 160583
1500541691 323896
1500541691 487250
1500541691 640625
1500541691 803999
1500541691 948108
1500541692 130655
1500541692 294001
1500541692 437442
1500541692 610988
1500541692 755032
1500541692 898484
1500541693 51906
1500541693 234140
1500541693 378486
1500541693 522815
1500541693 675226
1500541693 857536
1500541694 11863
1500541694 175528
1500541694 318697
1500541694 472071
1500541694 654594
1500541694 798849
1500541694 972090
1500541695 125710
1500541695 297889
1500541695 460341
1500541695 652804
1500541695 835304
1500541696 7633
1500541696 200216
1500541696 353631
1500541696 506721
1500541696 689045
1500541696 824408
1500541696 997023
1500541697 179311
1500541697 332482
1500541697 485965
1500541697 668504
1500541697 831557
1500541697 994925
1500541698 168436
1500541698 340757
1500541698 503945
1500541698 676478
1500541698 849771
1500541699 12235
1500541699 156576
1500541699 309921
1500541699 492414
1500541699 674882
1500541699 829021
1500541699 982583
1500541700 145781
1500541700 328260
1500541700 481703
1500541700 634900
1500541700 779329
1500541700 942676
1500541701 85802
1500541701 249283
1500541701 412561
1500541701 556920
1500541701 720393
1500541701 863625
1500541702 18314
1500541702 200286
1500541702 353961
1500541702 497976
1500541702 679653
1500541702 833794
1500541702 977125
1500541703 159765
1500541703 303771
1500541703 448171
1500541703 591587
1500541703 736281
1500541703 927301
1500541704 90722
1500541704 254008
1500541704 388339
1500541704 570823
1500541704 753154
1500541704 897374
1500541705 50799
1500541705 204046
1500541705 358503
1500541705 521070
1500541705 675230
1500541705 818574
1500541706 10951
1500541706 183427
1500541706 328026
1500541706 471917
1500541706 654357
1500541706 797673
1500541706 961169
1500541707 142663
1500541707 316017
1500541707 460182
1500541707 632585
1500541707 795995
1500541707 987865
1500541708 179858
1500541708 343374
1500541708 525941
1500541708 668926
1500541708 851420
1500541709 43934
1500541709 226208
1500541709 408759
1500541709 561988
1500541709 735435
1500541709 918137
1500541710 90194
1500541710 262568
1500541710 425996
1500541710 580163
1500541710 762730
1500541710 935139
1500541711 88534
1500541711 261835
1500541711 424347
1500541711 578505
1500541711 721864
1500541711 876309
1500541712 39607
1500541712 221918
1500541712 374331
1500541712 518677
1500541712 672004
1500541712 826360
1500541712 999007
1500541713 171083
1500541713 353621
1500541713 516922
1500541713 661171
1500541713 814540
1500541713 968127
1500541714 131302
1500541714 294650
1500541714 448067
1500541714 621611
1500541714 774950
1500541714 947089
1500541715 90491
1500541715 244729
1500541715 388118
1500541715 542435
1500541715 685912
1500541715 859155
1500541716 40770
1500541716 204053
1500541716 367511
1500541716 511960
1500541716 655023
1500541716 799485
1500541716 952813
1500541717 97043
1500541717 250469
1500541717 432969
1500541717 615237
1500541717 749606
1500541717 912820
1500541718 66350
1500541718 210413
1500541718 354921
1500541718 537447
1500541718 709677
1500541718 873025
1500541719 55504
1500541719 237832
1500541719 401260
1500541719 573582
1500541719 746942
1500541719 910364
1500541720 63912
1500541720 235971
1500541720 390373
1500541720 562819
1500541720 716321
1500541720 888580
1500541721 32795
1500541721 206264
1500541721 359862
1500541721 532134
1500541721 695510
1500541721 848759
1500541722 22112
1500541722 204657
1500541722 386914
1500541722 578324
1500541722 751536
1500541722 923933
1500541723 116523
1500541723 288897
1500541723 461216
1500541723 634594
1500541723 798220
1500541723 961441
1500541724 123819
1500541724 306311
1500541724 460624
1500541724 613751
1500541724 777535
1500541724 969030
1500541725 142289
1500541725 295547
1500541725 468034
1500541725 650311
1500541725 823625
1500541725 985922
1500541726 178405
1500541726 331841
1500541726 505241
1500541726 658348
1500541726 830797
1500541727 4234
1500541727 186733
1500541727 339910
1500541727 493528
1500541727 675871
1500541727 820376
1500541727 973611
1500541728 117715
1500541728 300099
1500541728 463574
1500541728 606991
1500541728 751329
1500541728 894459
1500541729 38900
1500541729 192194
1500541729 364617
1500541729 547064
1500541729 710218
1500541729 863805
1500541730 27021
1500541730 181509
1500541730 334904
1500541730 517237
1500541730 670526
1500541730 823938
1500541730 997116
1500541731 140756
1500541731 294788
1500541731 438308
1500541731 592806
1500541731 775318
1500541731 937435
1500541732 130142
1500541732 302268
1500541732 456603
1500541732 628858
1500541732 801416
1500541732 973607
1500541733 136919
1500541733 280317
1500541733 434783
1500541733 578010
1500541733 731405
1500541733 913986
1500541734 96280
1500541734 278832
1500541734 433165
1500541734 605549
1500541734 797961
1500541734 941233
1500541735 104457
1500541735 286970
1500541735 479549
1500541735 622708
1500541735 805398
1500541735 949304
1500541736 131887
1500541736 323391
1500541736 486691
1500541736 669043
1500541736 822455
1500541736 995050
1500541737 187304
1500541737 369715
1500541737 514129
1500541737 696377
1500541737 868761
1500541738 51191
1500541738 223594
1500541738 396865
1500541738 550474
1500541738 694754
1500541738 858164
1500541739 40604
1500541739 231874
1500541739 405303
1500541739 586641
1500541739 730972
1500541739 904320
1500541740 47516
1500541740 221155
1500541740 374477
1500541740 537648
1500541740 681106
1500541740 854461
1500541741 17745
1500541741 181103
1500541741 353520
1500541741 526071
1500541741 708675
1500541741 890782
1500541742 54144
1500541742 227425
1500541742 399893
1500541742 572388
1500541742 735814
1500541742 880109
1500541743 62621
1500541743 244836
1500541743 417421
1500541743 590434
1500541743 762981
1500541743 926266
1500541744 98741
1500541744 272408
1500541744 425459
1500541744 569953
1500541744 761439
1500541744 934586
1500541745 87787
1500541745 260334
1500541745 453071
1500541745 616242
1500541745 798482
1500541745 941946
1500541746 124311
1500541746 278682
1500541746 431929
1500541746 604589
1500541746 786946
1500541746 931360
1500541747 113445
1500541747 276815
1500541747 449447
1500541747 604055
1500541747 776118
1500541747 948342
1500541748 121734
1500541748 285111
1500541748 447412
1500541748 630051
1500541748 774178
1500541748 956686
1500541749 129852
1500541749 312548
1500541749 484741
1500541749 647122
1500541749 821016
1500541750 12154
1500541750 194411
1500541750 358034
1500541750 540117
1500541750 712773
1500541750 876113
1500541751 39275
1500541751 202846
1500541751 345997
1500541751 519342
1500541751 701714
1500541751 865226
1500541752 37501
1500541752 190836
1500541752 335175
1500541752 507841
1500541752 680986
1500541752 853356
1500541753 26726
1500541753 199054
1500541753 371628
1500541753 525794
1500541753 698226
1500541753 861611
1500541754 5075
1500541754 158428
1500541754 302719
1500541754 446838
1500541754 590339
1500541754 753996
1500541754 907969
1500541755 61518
1500541755 214631
1500541755 397151
1500541755 579602
1500541755 742836
1500541755 915155
1500541756 69201
1500541756 223083
1500541756 386345
1500541756 529677
1500541756 673958
1500541756 837347
1500541757 19778
1500541757 162984
1500541757 306344
1500541757 461032
1500541757 624024
1500541757 796398
1500541757 949903
1500541758 103355
1500541758 276560
1500541758 429921
1500541758 612252
1500541758 775573
1500541758 958087
1500541759 140546
1500541759 303768
1500541759 457244
1500541759 610708
1500541759 774031
1500541759 927540
1500541760 71699
1500541760 234919
1500541760 417520
1500541760 580673
1500541760 734091
1500541760 887513
1500541761 41135
1500541761 223183
1500541761 396366
1500541761 579099
1500541761 751306
1500541761 933835
1500541762 97302
1500541762 250441
1500541762 394746
1500541762 539096
1500541762 701733
1500541762 865015
1500541763 47120
1500541763 229525
1500541763 402831
1500541763 566375
1500541763 719652
1500541763 911252
1500541764 65716
1500541764 247855
1500541764 410656
1500541764 593039
1500541764 765406
1500541764 928625
1500541765 82925
1500541765 265235
1500541765 408788
1500541765 552845
1500541765 735326
1500541765 917710
1500541766 90028
1500541766 234269
1500541766 406930
1500541766 551146
1500541766 704638
1500541766 886939
1500541767 60308
1500541767 223543
1500541767 396003
1500541767 588492
1500541767 770822
1500541767 924091
1500541768 68544
1500541768 250787
1500541768 403578
1500541768 585767
1500541768 749165
1500541768 931405
1500541769 84846
1500541769 258075
1500541769 411577
1500541769 564934
1500541769 718656
1500541769 862517
1500541770 16006
1500541770 169360
1500541770 312704
1500541770 466298
1500541770 639248
1500541770 782860
1500541770 975164
1500541771 119543
1500541771 272941
1500541771 426208
1500541771 570565
1500541771 733864
1500541771 877225
1500541772 50621
1500541772 233128
1500541772 405688
1500541772 578939
1500541772 741243
1500541772 923701
1500541773 116042
1500541773 269336
1500541773 432944
1500541773 586087
1500541773 759499
1500541773 912722
1500541774 95101
1500541774 239396
1500541774 402011
1500541774 555269
1500541774 737844
1500541774 892169
1500541775 64639
1500541775 208573
1500541775 372286
1500541775 545045
1500541775 708024
1500541775 851246
1500541775 995389
1500541776 178135
1500541776 331047
1500541776 504670
1500541776 658046
1500541776 830400
1500541777 22831
1500541777 185992
1500541777 339593
1500541777 511905
1500541777 656231
1500541777 819609
1500541777 982872
1500541778 165356
1500541778 308856
1500541778 462995
1500541778 635364
1500541778 798705
1500541778 971267
1500541779 144629
1500541779 326900
1500541779 480521
1500541779 662877
1500541779 835139
1500541780 17569
1500541780 210142
1500541780 382315
1500541780 536649
1500541780 709427
1500541780 891586
1500541781 73987
1500541781 218346
1500541781 380544
1500541781 553010
1500541781 697634
1500541781 841746
1500541781 985998
1500541782 148343
1500541782 302679
1500541782 446024
1500541782 609636
1500541782 753692
1500541782 926125
1500541783 89370
1500541783 242811
1500541783 396942
1500541783 579591
1500541783 733223
1500541783 905401
1500541784 78634
1500541784 241196
1500541784 423452
1500541784 577681
1500541784 760187
1500541784 913843
1500541785 77007
1500541785 240217
1500541785 393582
1500541785 566072
1500541785 729330
1500541785 911962
1500541786 75287
1500541786 247588
1500541786 420850
1500541786 612414
1500541786 804901
1500541786 958128
1500541787 102426
1500541787 246752
1500541787 399467
1500541787 553388
1500541787 735993
1500541787 918209
1500541788 99894
1500541788 282423
1500541788 445529
1500541788 609081
1500541788 791350
1500541788 954558
1500541789 99030
1500541789 242239
1500541789 386450
1500541789 558830
1500541789 741488
1500541789 914868
1500541790 106618
1500541790 288811
1500541790 451918
1500541790 596300
1500541790 749687
1500541790 923084
1500541791 76834
1500541791 249121
1500541791 431432
1500541791 585523
1500541791 739064
1500541791 921348
1500541792 103805
1500541792 246904
1500541792 420367
1500541792 573902
1500541792 746259
1500541792 909534
1500541793 62999
1500541793 207080
1500541793 351635
1500541793 495068
1500541793 677411
1500541793 840753
1500541794 13999
1500541794 167370
1500541794 320513
1500541794 484152
1500541794 656507
1500541794 829842
1500541794 973416
1500541795 155644
1500541795 337828
1500541795 482235
1500541795 664934
1500541795 857156
1500541796 39539
1500541796 201907
1500541796 346098
1500541796 519878
1500541796 672979
1500541796 817316
1500541796 970871
1500541797 153106
1500541797 306457
1500541797 450790
1500541797 594102
1500541797 776514
1500541797 930047
1500541798 122245
1500541798 266605
1500541798 409852
1500541798 554190
1500541798 726764
1500541798 881162
1500541799 24318
1500541799 168875
1500541799 341201
1500541799 514636
1500541799 667758
1500541799 812151
1500541799 984595
1500541800 158015
1500541800 301152
1500541800 445591
1500541800 608900
1500541800 772118
1500541800 925451
1500541801 69711
1500541801 223117
1500541801 395622
1500541801 549225
1500541801 722519
1500541801 895076
1500541802 38973
1500541802 192221
1500541802 336866
1500541802 519125
1500541802 701550
1500541802 884132
1500541803 47390
