1500541505 848085
1500541509 869120
1500541523 920939
1500541548 330365
1500541563 170855
1500541571 234123
1500541577 397124
1500541577 905956
1500541583 386583
1500541584 28978
1500541587 850131
1500541592 659390
1500541593 656949
1500541595 759550
1500541605 521416
1500541613 719908
1500541614 525716
1500541619 171288
1500541620 880091
1500541622 176038
1500541629 202016
1500541631 16009
1500541641 920942
1500541647 872086
1500541649 62869
1500541653 419761
1500541654 389114
1500541657 460108
1500541658 823341
1500541680 621704
1500541684 998549
1500541691 968020
1500541694 818564
1500541786 95835
1500541787 573893
