1502355224 202587
1502355224 297762
1502355224 576838
1502355224 682952
1502355224 788024
1502355224 913381
1502355225 153115
1502355225 229999
1502355225 373554
1502355225 546927
1502355225 748348
1502355225 987992
1502355226 170309
1502355226 429913
1502355226 535114
1502355226 622325
1502355226 717467
1502355226 860991
1502355227 5239
1502355227 149370
1502355227 283879
1502355227 523404
1502355227 773187
1502355228 13399
1502355228 185834
1502355228 311266
1502355228 579826
1502355228 829340
1502355228 934594
1502355229 97800
1502355229 319241
1502355229 405492
1502355229 626226
1502355229 875447
1502355230 688
1502355230 183140
1502355230 278329
1502355230 431883
1502355230 538010
1502355230 777436
1502355231 27245
1502355231 171253
1502355231 315633
1502355240 296002
1502355240 565319
1502355240 737729
1502355240 939157
1502355241 207855
1502355241 409324
1502355241 649794
1502355241 813146
1502355242 33582
1502355242 369460
1502355242 609014
1502355242 829470
1502355242 973809
1502355243 194358
1502355243 348622
1502355243 443910
1502355243 607255
1502355243 799013
1502355243 972219
1502355244 288806
1502355244 490305
1502355244 672698
1502355244 845174
1502355244 922185
1502355245 123662
1502355245 344254
1502355245 536611
1502355245 824260
1502355246 54830
1502355246 304358
1502355246 572929
1502355246 765389
1502355247 24028
1502355247 283638
1502355247 427788
1502355247 696538
1502355247 811732
1502355248 281909
1502355248 378058
1502355248 589458
1502355248 781007
1502355248 953406
1502355249 174806
1502355249 472450
1502355249 577720
1502355249 702082
1502355249 942519
1502355250 268402
1502355250 355434
1502355250 546916
1502355250 921837
1502355251 132291
1502355251 362886
1502355251 526217
1502355251 631402
1502355251 775909
1502355251 929285
1502355252 92665
1502355252 256228
1502355252 428520
1502355252 649755
1502355252 870219
1502355253 119815
1502355253 273069
1502355253 503690
1502355253 666992
1502355253 868478
1502355254 876732
1502355255 136280
1502355255 279559
1502355255 501022
1502355255 644455
1502355255 826890
1502355256 105501
1502355256 258750
1502355256 364964
1502355256 604540
1502355256 796220
1502355256 892242
1502355257 93858
1502355257 179875
1502355257 381357
1502355257 563864
1502355257 813422
