1502210673 72755
1502210673 177934
1502210673 428413
1502210673 581742
1502210673 677958
1502210673 860380
1502210674 110127
1502210674 195989
1502210674 330349
1502210674 435620
1502210674 599053
1502210674 695158
1502210674 791419
1502210674 896682
1502210675 1887
1502210675 117114
1502210675 280468
1502210675 491919
1502210675 750582
1502210676 20064
1502210676 144418
1502210676 297789
1502210676 490163
1502210676 567435
1502210676 729757
1502210676 922177
1502210677 66410
1502210677 286971
1502210677 450329
1502210677 593656
1502210677 834456
1502210677 949471
1502210678 83758
1502210678 284314
1502210678 380508
1502210678 554046
1502210678 649102
1502210678 755305
1502210678 860572
1502210679 13881
1502210679 215380
1502210679 426845
1502210679 513088
1502210679 743546
1502210679 819773
1502210679 925940
1502210680 12177
1502210680 271740
1502210680 358003
1502210680 521282
1502210680 751792
1502210680 981436
1502210681 202818
1502210681 404279
1502210681 557648
1502210681 701988
1502210681 817184
1502210681 903694
1502210682 133956
1502210682 392564
1502210682 633046
1502210682 767461
1502210682 997832
1502210683 151294
1502210683 237411
1502210683 438901
1502210683 516181
1502210683 612398
1502210683 832756
1502210684 44259
1502210684 302997
1502210684 457099
1502210684 667678
1502210684 841025
1502210685 52446
1502210685 195876
1502210685 426312
1502210685 560630
1502210685 733949
1502210685 916374
1502210686 107925
1502210686 262147
1502210686 396470
1502210686 607060
1502210686 837820
1502210687 19946
1502210687 164248
1502210687 272069
1502210687 461874
1502210687 701424
1502210687 787671
1502210687 912902
1502210688 57264
1502210688 181496
1502210688 441312
1502210688 632812
1502210688 776908
1502210688 892182
1502210689 115234
1502210689 199700
1502210689 295020
1502210689 564504
1502210689 756139
1502210690 15621
1502210690 236111
1502210690 399467
1502210690 610896
1502210690 869528
1502210691 22896
1502210691 186287
1502210691 455085
1502210691 628191
1502210691 772512
1502210691 983050
1502210692 79279
1502210692 242541
1502210692 473078
1502210692 664552
1502210692 895077
1502210693 87454
1502210693 356070
1502210693 567615
1502210693 826189
1502210693 969556
1502210694 142958
1502210694 411587
1502210694 671148
1502210694 901525
1502210695 25916
1502210695 189292
1502210695 380795
1502210695 592160
1502210695 698387
1502210695 784543
1502210695 956997
1502210696 206580
1502210696 427942
1502210696 638504
1502210696 791945
1502210696 926205
1502210697 175704
1502210697 338157
1502210697 482777
1502210697 755173
1502210697 895489
1502210698 145028
1502210698 317418
1502210698 463231
1502210698 691257
1502210698 787528
1502210698 911853
1502210699 27140
1502210699 276644
1502210699 468998
1502210699 641814
1502210699 814860
1502210699 940321
1502210700 208733
1502210700 448194
1502210700 697797
1502210700 823037
1502210701 91669
1502210701 225941
1502210701 465560
1502210701 706023
1502210701 830374
1502210702 22697
1502210702 234189
1502210702 396619
1502210702 646182
1502210702 752412
1502210702 991962
1502210703 165292
1502210703 395004
1502210703 548242
1502210703 702517
1502210703 894031
1502210704 38303
1502210704 229803
1502210704 355001
1502210704 566425
1502210704 690910
1502210704 844274
1502210705 65636
1502210705 160906
1502210705 296115
1502210705 458557
1502210705 621942
1502210705 795182
1502210706 44858
1502210706 313472
1502210706 572957
1502210706 707253
1502210706 956819
1502210707 91197
1502210707 321820
1502210707 561220
1502210707 714584
1502210707 858829
1502210707 974178
1502210708 156529
1502210708 387086
1502210708 569470
1502210708 684684
1502210708 828098
1502210709 10539
1502210709 193022
1502210709 423505
1502210709 615827
1502210709 865375
1502210710 9671
1502210710 95854
1502210710 278372
1502210710 517871
1502210710 633099
1502210710 815585
1502210710 978914
1502210711 94168
1502210711 228390
1502210711 488088
1502210711 631507
1502210711 784732
1502210711 899997
1502210712 130514
1502210712 264856
1502210712 457138
1502210712 543424
1502210712 706776
1502210712 956338
1502210713 167775
1502210713 253989
1502210713 417354
1502210713 503592
1502210713 599721
1502210713 830206
1502210713 954927
1502210714 165985
1502210714 252223
1502210714 512352
1502210714 665209
1502210714 799675
1502210714 933747
1502210715 145208
1502210715 384981
1502210715 480995
1502210715 653423
1502210715 864890
1502210716 76337
1502210716 306813
1502210716 403088
1502210716 661739
1502210716 776969
1502210716 959299
1502210717 141748
1502210717 315157
1502210717 429525
1502210717 544640
1502210717 631824
1502210717 861391
1502210718 72824
1502210718 246148
1502210718 437728
1502210718 649438
1502210718 888691
1502210719 41994
1502210719 253521
1502210719 493195
1502210719 608338
1502210719 713631
1502210719 963188
1502210720 164718
1502210720 366954
1502210720 472279
1502210720 721797
1502210720 904217
1502210721 124767
1502210721 384290
1502210721 480456
1502210721 595715
1502210721 701127
1502210721 797233
1502210721 883526
1502210722 36856
1502210722 181118
1502210722 286401
1502210722 372565
1502210722 487923
1502210722 632152
1502210722 900988
1502210723 45195
1502210723 227423
1502210723 477091
1502210723 678466
1502210723 831836
1502210724 43989
1502210724 293263
1502210724 379382
1502210724 465336
1502210724 667648
1502210724 811056
1502210725 51763
1502210725 262160
1502210725 412040
1502210725 675042
1502210725 876663
1502210725 962619
1502210726 48923
1502210726 289486
1502210726 404548
1502210726 509848
1502210726 721425
1502210726 855693
1502210727 38089
1502210727 277708
1502210727 527266
1502210727 652419
1502210727 843935
1502210728 36338
1502210728 266889
1502210728 478446
1502210728 573523
1502210728 794986
1502210728 871226
1502210728 986415
1502210729 82723
1502210729 168947
1502210729 303152
1502210729 456562
1502210729 571825
1502210729 764213
1502210729 965649
1502210730 128191
1502210730 397656
1502210730 550117
1502210730 761543
1502210731 1209
1502210731 117022
1502210731 221569
1502210731 433038
1502210731 596364
1502210731 807093
1502210732 37501
1502210732 258147
1502210732 373304
1502210732 488540
1502210732 622821
1502210732 882368
1502210733 142224
1502210733 381468
1502210733 641035
1502210733 852477
1502210733 986892
1502210734 102146
1502210734 255436
1502210734 494968
1502210734 735540
1502210734 975071
1502210735 224586
1502210735 435147
1502210735 627498
1502210735 877244
1502210736 126649
1502210736 299067
1502210736 539885
1502210736 711965
1502210736 894773
1502210737 153910
1502210737 403942
1502210737 633997
1502210737 787350
1502210737 969765
1502210738 75048
1502210738 257469
1502210738 420811
1502210738 574172
1502210738 727554
1502210738 987095
1502210739 198555
1502210739 400017
1502210739 515242
1502210739 726778
1502210739 957226
1502210740 43437
1502210740 302090
1502210740 561640
1502210740 676836
1502210740 907382
1502210741 3839
1502210741 195062
1502210741 444643
1502210741 704197
1502210741 800381
1502210742 50034
1502210742 193266
1502210742 394893
1502210742 645292
1502210742 827726
1502210742 923030
1502210743 29371
1502210743 220642
1502210743 297869
1502210743 480121
1502210743 633505
1502210743 902168
1502210744 17458
1502210744 151727
1502210744 247925
1502210744 440283
1502210744 622746
1502210744 737064
1502210744 833241
1502210745 73734
1502210745 169077
1502210745 409526
1502210745 533776
1502210745 755469
1502210745 908635
1502210746 42971
1502210746 282550
1502210746 522994
1502210746 733579
1502210746 974022
1502210747 146442
1502210747 328865
1502210747 568463
1502210747 760892
1502210747 953214
1502210748 192803
1502210748 442570
1502210748 567648
1502210748 662967
1502210748 884309
1502210748 970528
1502210749 239176
1502210749 421581
1502210749 652137
1502210749 910712
1502210749 995996
1502210750 92186
1502210750 217438
1502210750 428891
1502210750 591354
1502210750 764643
1502210751 23289
1502210751 100402
1502210751 311861
1502210751 416218
1502210751 598714
1502210751 733928
1502210751 877228
1502210752 136865
1502210752 290158
1502210752 501620
1502210752 684051
1502210752 799482
1502210752 981715
1502210753 221292
1502210753 489888
1502210753 586024
1502210753 787635
1502210753 969975
1502210754 104283
1502210754 229512
1502210754 479110
1502210754 613392
1502210754 756739
1502210754 997271
1502210755 141529
1502210755 352078
1502210755 544471
1502210755 640660
1502210755 842120
1502210756 14547
1502210756 129813
1502210756 331296
1502210756 475560
1502210756 725214
1502210756 955621
1502210757 166917
1502210757 320479
1502210757 406686
1502210757 502916
1502210757 732456
1502210757 847810
1502210758 11073
1502210758 212557
1502210758 336823
1502210758 500220
1502210758 759021
1502210758 865029
1502210759 37446
1502210759 267988
1502210759 498483
1502210759 651834
1502210759 834306
1502210760 25711
1502210760 247155
1502210760 352435
1502210760 601943
1502210760 851579
1502210760 975934
1502210761 62983
1502210761 216332
1502210761 321616
1502210761 504099
1502210761 667348
1502210761 811119
1502210762 12241
1502210762 98421
1502210762 185577
1502210762 454224
1502210762 655628
1502210762 828065
1502210763 48647
1502210763 269116
1502210763 518777
1502210763 633953
1502210763 845379
1502210763 950676
1502210764 363625
1502210764 633105
1502210764 738375
1502210764 968944
1502210765 151310
1502210765 333731
1502210765 583311
1502210765 813769
1502210766 53325
1502210766 245759
1502210766 341880
1502210766 571565
1502210766 677739
1502210766 860104
1502210767 3601
1502210767 195957
1502210767 464500
1502210767 636953
1502210767 810426
1502210767 982694
1502210768 136071
1502210768 328536
1502210768 511006
1502210768 616261
1502210768 798548
1502210769 9970
1502210769 96216
1502210769 278634
1502210769 519132
1502210769 653356
1502210769 816766
1502210769 999205
1502210770 133472
1502210770 344032
1502210770 431132
1502210770 641650
1502210770 815012
1502210770 997426
1502210771 179812
1502210771 304140
1502210771 534662
1502210771 707083
1502210771 956633
1502210772 206192
1502210772 426668
1502210772 657228
1502210772 782475
1502210773 32002
1502210773 290703
1502210773 405961
1502210773 521128
1502210773 627332
1502210773 847855
1502210773 972175
1502210774 221846
1502210774 356033
1502210774 490456
1502210774 691831
1502210774 827041
1502210774 913300
1502210775 37654
1502210775 133774
1502210775 249030
1502210775 364294
1502210775 507653
1502210775 767220
1502210776 25864
1502210776 180173
1502210776 323510
1502210776 477906
1502210776 688340
1502210776 899810
1502210777 149374
1502210777 379826
1502210777 591340
1502210777 840885
1502210777 975212
1502210778 176685
1502210778 359149
1502210778 522418
1502210778 733847
1502210778 992504
1502210779 193994
1502210779 443500
1502210779 684004
1502210779 818298
1502210779 971731
1502210780 240330
1502210780 489898
1502210780 605200
1502210780 835665
1502210781 95162
1502210781 248532
1502210781 373771
1502210781 459998
1502210781 623338
1502210781 833918
1502210782 93386
1502210782 294910
1502210782 410187
1502210782 582577
1502210782 832175
1502210782 928394
1502210783 62638
1502210783 167919
1502210783 283206
1502210783 494597
1502210783 725144
1502210783 821328
1502210783 984067
1502210784 118074
1502210784 281465
1502210784 435685
1502210784 551014
1502210784 713395
1502210784 847695
1502210785 50112
1502210785 212481
1502210785 423969
1502210785 549176
1502210785 664435
1502210785 798760
1502210785 942162
1502210786 211646
1502210786 403136
1502210786 633686
1502210786 816173
1502210787 55686
1502210787 219000
1502210787 363350
1502210787 564817
1502210787 795301
1502210787 900539
1502210788 111970
1502210788 313444
1502210788 534882
1502210788 659183
1502210788 879757
1502210789 148380
1502210789 301772
1502210789 494142
1502210789 676536
1502210789 877977
1502210789 964214
1502210790 213760
1502210790 482407
1502210790 703790
1502210790 905271
1502210791 10562
1502210791 116751
1502210791 308214
1502210791 404415
1502210791 615868
1502210791 702054
1502210791 788290
1502210791 960679
1502210792 143114
1502210792 248391
1502210792 402622
1502210792 507957
1502210792 642250
1502210792 795621
1502210792 882697
1502210792 987991
1502210793 199464
1502210793 352845
1502210793 554301
1502210793 650450
1502210793 851926
1502210793 938143
1502210794 82442
1502210794 322102
1502210794 437285
1502210794 638769
1502210794 812088
1502210794 965430
1502210795 118821
1502210795 301262
1502210795 388286
1502210795 656982
1502210795 925551
1502210796 49881
1502210796 251353
1502210796 404815
1502210796 587135
1502210796 712338
1502210796 827608
1502210796 961966
1502210797 201541
1502210797 326835
1502210797 518198
1502210797 700629
1502210797 825893
1502210798 27361
1502210798 161674
1502210798 266934
1502210798 497467
1502210798 603660
1502210798 757002
1502210799 6629
1502210799 159897
1502210799 381457
1502210799 582800
1502210799 688020
1502210799 803324
1502210800 33856
1502210800 158163
1502210800 349671
1502210800 599192
1502210800 704465
1502210800 906955
1502210801 156439
1502210801 271684
1502210801 540297
1502210801 626518
1502210801 857074
1502210802 68746
1502210802 308047
1502210802 471438
1502210802 576657
1502210802 788307
1502210803 47693
1502210803 278158
1502210803 392579
1502210803 594966
1502210803 853529
1502210804 103196
1502210804 218345
1502210804 352617
1502210804 564072
1502210804 784641
1502210804 909183
1502210805 53263
1502210805 225718
1502210805 311899
1502210805 418064
1502210805 571448
1502210805 782918
1502210805 936214
1502210806 127796
1502210806 358233
1502210806 607809
1502210806 790190
1502210806 915428
1502210807 155021
1502210807 385539
1502210807 481755
1502210807 616018
1502210807 865588
1502210807 980944
1502210808 77005
1502210808 230446
1502210808 470892
1502210808 720481
1502210808 835727
1502210809 94378
1502210809 257713
1502210809 401934
1502210809 507220
1502210809 593499
1502210809 862096
1502210810 54449
1502210810 226902
1502210810 467397
1502210810 591756
1502210810 687910
1502210810 832183
1502210811 81753
1502210811 197007
1502210811 369403
1502210811 609909
1502210811 725217
1502210811 830404
1502210811 916646
1502210812 31915
1502210812 195257
1502210812 463885
1502210812 550117
1502210812 809625
1502210812 886797
1502210813 1988
1502210813 87341
1502210813 308765
1502210813 490295
1502210813 586466
1502210813 806988
1502210814 37526
1502210814 248918
1502210814 364195
1502210814 507549
1502210814 661850
1502210814 786171
1502210815 54861
1502210815 304405
1502210815 467751
1502210815 698299
1502210815 956932
1502210816 92109
1502210816 283601
1502210816 360712
1502210816 446926
1502210816 686557
1502210816 897937
1502210817 90322
1502210817 291829
1502210817 531428
1502210817 790968
1502210817 877128
1502210818 88576
1502210818 299992
1502210818 539615
1502210818 741076
1502210818 923529
1502210819 622
1502210819 240230
1502210819 403519
1502210819 585967
1502210819 720248
1502210819 864601
1502210819 988932
1502210820 85107
1502210820 296529
1502210820 420863
1502210820 546085
1502210820 737580
1502210820 997160
1502210821 256674
1502210821 381015
1502210821 506240
1502210821 621463
1502210821 706784
1502210821 947286
1502210822 90653
1502210822 302207
1502210822 561663
1502210822 695978
1502210822 887463
1502210823 21821
1502210823 204168
1502210823 338457
1502210823 424709
1502210823 674335
1502210823 818563
1502210824 29998
1502210824 125392
1502210824 269593
1502210824 355872
1502210824 442081
1502210824 624413
1502210824 729875
1502210824 912129
1502210825 152741
1502210825 344139
1502210825 574581
1502210825 756987
1502210825 978392
1502210826 83774
1502210826 323283
1502210826 544774
1502210826 765205
1502210826 928515
1502210827 197182
1502210827 417724
1502210827 591119
1502210827 687232
1502210827 782507
1502210828 13026
1502210828 205440
1502210828 301602
1502210828 445009
1502210828 522178
1502210828 770823
1502210828 982198
1502210829 174631
1502210829 357053
1502210829 577589
1502210829 673769
1502210829 856188
1502210829 971436
1502210830 230083
1502210830 393419
1502210830 652952
1502210830 883500
1502210831 74925
1502210831 257295
1502210831 430664
1502210831 660304
1502210831 765544
1502210831 851758
1502210831 947963
1502210832 73322
1502210832 207638
1502210832 351801
1502210832 447117
1502210832 543456
1502210832 687594
1502210832 783724
1502210832 994370
1502210833 234852
1502210833 369144
1502210833 551534
1502210833 762986
1502210834 2522
1502210834 184919
1502210834 271140
1502210834 520730
1502210834 713167
1502210834 943644
1502210835 116143
1502210835 365581
1502210835 576195
1502210835 663349
1502210835 749483
1502210835 980935
1502210836 133698
1502210836 344905
1502210836 488211
1502210836 642564
1502210836 766865
1502210837 7382
1502210837 198872
1502210837 439254
1502210837 582625
1502210837 775111
1502210837 861281
1502210838 24696
1502210838 168968
1502210838 351316
1502210838 485617
1502210838 716083
1502210838 926598
1502210839 109017
1502210839 253328
1502210839 368591
1502210839 511968
1502210839 685303
1502210839 915810
1502210840 50152
1502210840 184474
1502210840 385969
1502210840 616436
1502210840 750825
1502210840 836913
1502210840 971438
1502210841 115537
1502210841 220813
1502210841 451321
1502210841 566778
1502210841 807090
1502210841 893240
1502210842 104688
1502210842 209955
1502210842 296133
1502210842 440441
1502210842 536672
1502210842 776264
1502210842 872476
1502210842 978656
1502210843 102202
1502210843 198246
1502210843 303633
1502210843 515307
1502210843 649295
1502210843 793556
1502210843 956920
1502210844 158408
1502210844 340757
1502210844 580373
1502210844 714807
1502210844 878121
1502210845 108809
1502210845 213854
1502210845 454280
1502210845 549605
1502210845 780115
1502210846 20566
1502210846 212045
1502210846 481626
1502210846 624953
1502210846 884488
1502210846 970782
1502210847 115250
1502210847 325570
1502210847 488919
1502210847 719460
1502210847 843760
1502210847 969078
1502210848 55251
1502210848 304736
1502210848 439102
1502210848 698623
1502210848 871065
1502210849 63441
1502210849 293928
1502210849 437369
1502210849 600666
1502210849 735054
1502210849 879304
1502210849 994528
1502210850 138888
1502210850 282187
1502210850 397422
1502210850 512709
1502210850 705226
1502210850 992765
1502210851 204222
1502210851 386724
1502210851 549976
1502210851 789601
1502210852 949
1502210852 125415
1502210852 384891
1502210852 653474
1502210852 855094
1502210853 85813
1502210853 316043
1502210853 527441
1502210853 603664
1502210853 748066
1502210853 978454
1502210854 199112
1502210854 295253
1502210854 477606
1502210854 727128
1502210854 890482
1502210855 53834
1502210855 284358
1502210855 543001
1502210855 677307
1502210855 831569
1502210856 52107
1502210856 177359
1502210856 359757
1502210856 551217
1502210856 819863
1502210857 69385
1502210857 203689
1502210857 424265
1502210857 635790
1502210857 721947
1502210857 924336
1502210858 144824
1502210858 231019
1502210858 461537
1502210858 633962
1502210858 749190
1502210858 836322
1502210859 104882
1502210859 325467
1502210859 545943
1502210859 718370
1502210859 891738
1502210860 112268
1502210860 285595
1502210860 534236
1502210860 726619
1502210860 812820
1502210860 956292
1502210861 52426
1502210861 205820
1502210861 331006
1502210861 599607
1502210861 763019
1502210861 973555
1502210862 98775
1502210862 329286
1502210862 491803
1502210862 646042
1502210862 732218
1502210862 971830
1502210863 126075
1502210863 279469
1502210863 375599
1502210863 529024
1502210863 663334
1502210863 788586
1502210864 18169
1502210864 230310
1502210864 479170
1502210864 575421
1502210864 747838
1502210864 988259
1502210865 199716
1502210865 458480
1502210865 573579
1502210865 679739
1502210865 823212
1502210866 91798
1502210866 361311
1502210866 514682
1502210866 600885
1502210866 706361
1502210866 965727
1502210867 52043
1502210867 158107
1502210867 416731
1502210867 599182
1502210867 781617
1502210867 906825
1502210868 165482
1502210868 319699
1502210868 405891
1502210868 645505
1502210868 732636
1502210868 953119
1502210869 202756
1502210869 423287
1502210869 672766
1502210869 903273
1502210870 171893
1502210870 306238
1502210870 411533
1502210870 516746
1502210870 661050
1502210870 814453
1502210871 35901
1502210871 218268
1502210871 428813
1502210871 650281
1502210871 803766
1502210871 918888
1502210872 53138
1502210872 139393
1502210872 225600
1502210872 495133
1502210872 648479
1502210872 859919
1502210873 51428
1502210873 252879
1502210873 445255
1502210873 608620
1502210873 791061
1502210874 1680
1502210874 107746
1502210874 232084
1502210874 481641
1502210874 664040
1502210874 875490
1502210875 125047
1502210875 240295
1502210875 383686
1502210875 605122
1502210875 815659
1502210876 65241
1502210876 266675
1502210876 353797
1502210876 593428
1502210876 727710
1502210876 977319
1502210877 207803
1502210877 333026
1502210877 505965
1502210877 697004
1502210877 812161
1502210878 61758
1502210878 311410
1502210878 513642
1502210878 696051
1502210878 830462
1502210878 954696
1502210879 213380
1502210879 348590
1502210879 588137
1502210879 780539
1502210879 933917
1502210880 125375
1502210880 365887
1502210880 615545
1502210880 711654
1502210880 827125
1502210881 104618
1502210881 277965
1502210881 469438
1502210881 623874
1502210881 806082
1502210882 36592
1502210882 160984
1502210882 286225
1502210882 391440
1502210882 612295
1502210882 699184
1502210882 890537
1502210883 34850
1502210883 255368
1502210883 332481
1502210883 601133
1502210883 859779
1502210884 13110
1502210884 109366
1502210884 310783
1502210884 522248
1502210884 771816
1502210885 21411
1502210885 251844
1502210885 463298
1502210885 654821
1502210885 780065
1502210885 904358
1502210886 77693
1502210886 317272
1502210886 480809
1502210886 595931
1502210886 691220
1502210886 825478
1502210886 969846
1502210887 229317
1502210887 324624
1502210887 555125
1502210887 757521
1502210887 968221
1502210888 112733
1502210888 284741
1502210888 496224
1502210888 745764
1502210888 966310
1502210889 62554
1502210889 148672
1502210889 245107
1502210889 388218
1502210889 599700
1502210889 763051
1502210889 897356
1502210890 100404
1502210890 300295
1502210890 482689
1502210890 588075
1502210890 847517
1502210891 88024
1502210891 174236
1502210891 423875
1502210891 644335
1502210891 883907
1502210892 37302
1502210892 257771
1502210892 517362
1502210892 747860
1502210892 834040
1502210893 64612
1502210893 217936
1502210893 371274
1502210893 525533
1502210893 649924
1502210893 823259
1502210894 62873
1502210894 148984
1502210894 341409
1502210894 523843
1502210894 687193
1502210894 821485
1502210894 955872
1502210895 205426
1502210895 377782
1502210895 483091
1502210895 627359
1502210895 771623
1502210896 21229
1502210896 145512
1502210896 308861
1502210896 481289
1502210896 567574
1502210896 808008
1502210896 913285
1502210897 57573
1502210897 307109
1502210897 451488
1502210897 652932
1502210897 806336
1502210897 892502
1502210898 132930
1502210898 238262
1502210898 468706
1502210898 670165
1502210898 756433
1502210898 900721
1502210899 93401
1502210899 342683
1502210899 601285
1502210899 764666
1502210899 966112
1502210900 215736
1502210900 321835
1502210900 590477
1502210900 801025
1502210900 955288
1502210901 89571
1502210901 175779
1502210901 434547
1502210901 684942
1502210901 819288
1502210901 905449
1502210902 10687
1502210902 203265
1502210902 413813
1502210902 635076
1502210902 769453
1502210903 28125
1502210903 115186
1502210903 316633
1502210903 499158
1502210903 652457
1502210903 872974
1502210904 84345
1502210904 209675
1502210904 343926
1502210904 516311
1502210904 688762
1502210904 784933
1502210904 986423
1502210905 207944
1502210905 332139
1502210905 533646
1502210905 629968
1502210905 898469
1502210906 23720
1502210906 244222
1502210906 378479
1502210906 493748
1502210906 599093
1502210906 848629
1502210907 2923
1502210907 185346
1502210907 280642
1502210907 511152
1502210907 617285
1502210907 875987
1502210908 125485
1502210908 231680
1502210908 461285
1502210908 682657
1502210908 932274
1502210909 18584
1502210909 239012
1502210909 354451
1502210909 488562
1502210909 575793
1502210909 844382
1502210910 73879
1502210910 180202
1502210910 362461
1502210910 631068
1502210910 841664
1502210910 947841
1502210911 111194
1502210911 340860
1502210911 590331
1502210911 782662
1502210911 878891
1502210911 975127
1502210912 80687
1502210912 311134
1502210912 445200
1502210912 560492
1502210912 819985
1502210913 2374
1502210913 136703
1502210913 299159
1502210913 424411
1502210913 673968
1502210913 837341
1502210914 19760
1502210914 278396
1502210914 528812
1502210914 797464
1502210915 66334
1502210915 152312
1502210915 305625
1502210915 507212
1502210915 747732
1502210915 920111
1502210916 6326
1502210916 274906
1502210916 515362
1502210916 774043
1502210917 33526
1502210917 148782
1502210917 398304
1502210917 503696
1502210917 715096
1502210917 897431
1502210918 21836
1502210918 252275
1502210918 425749
1502210918 598090
1502210918 723306
1502210918 886654
1502210918 972838
1502210919 107173
1502210919 337645
1502210919 587339
1502210919 855976
1502210920 105433
1502210920 277848
1502210920 499287
1502210920 623625
1502210920 825101
1502210920 959462
1502210921 208969
1502210921 420710
1502210921 660928
1502210921 871416
1502210921 977604
1502210922 63904
1502210922 265324
1502210922 361465
1502210922 514842
1502210922 688173
1502210922 917818
1502210923 81138
1502210923 302698
1502210923 397850
1502210923 667416
1502210923 753547
1502210923 887938
1502210924 41261
1502210924 156486
1502210924 357963
1502210924 444173
1502210924 559459
1502210924 713774
1502210924 857102
1502210925 49578
1502210925 299056
1502210925 443453
1502210925 701966
1502210925 865351
1502210926 114893
1502210926 240215
1502210926 441581
1502210926 691377
1502210926 834602
1502210927 36915
1502210927 123376
1502210927 305514
1502210927 439879
1502210927 603203
1502210927 746638
1502210927 919971
1502210928 44207
1502210928 226634
1502210928 331984
1502210928 485245
1502210928 735800
1502210928 975320
1502210929 119606
1502210929 273058
1502210929 484455
1502210929 695019
1502210929 964521
1502210930 98847
1502210930 309346
1502210930 415745
1502210930 549927
1502210930 751323
1502210930 876561
1502210931 87137
1502210931 346665
1502210931 480905
1502210931 740471
1502210931 826791
1502210932 95290
1502210932 248702
1502210932 353896
1502210932 574660
1502210932 728739
1502210932 882122
1502210933 150759
1502210933 410286
1502210933 621760
1502210933 832273
1502210934 33739
1502210934 207042
1502210934 408523
1502210934 532888
1502210934 763412
1502210934 936678
1502210935 157236
1502210935 330570
1502210935 522078
1502210935 694545
1502210935 964052
1502210936 184541
1502210936 270784
1502210936 376892
1502210936 606520
1502210936 856121
1502210936 991288
1502210937 86567
1502210937 346224
1502210937 547617
1502210937 691889
1502210937 826241
1502210937 979538
1502210938 85760
1502210938 171965
1502210938 421548
1502210938 652018
1502210938 872583
1502210939 93169
1502210939 199258
1502210939 371671
1502210939 592187
1502210939 774631
1502210939 861700
1502210940 72263
1502210940 178436
1502210940 264663
1502210940 369985
1502210940 591393
1502210940 820969
1502210940 994301
1502210941 214822
1502210941 464530
1502210941 656799
1502210941 791106
1502210942 11581
1502210942 232141
1502210942 405465
1502210942 645013
1502210942 827434
1502210942 952654
1502210943 57992
1502210943 183233
1502210943 403744
1502210943 547976
1502210943 730385
1502210943 892814
1502210944 123381
1502210944 392866
1502210944 642436
1502210944 795842
1502210945 26320
1502210945 198803
1502210945 362296
1502210945 582641
1502210945 678895
1502210945 775051
1502210945 947470
1502210946 62999
1502210946 197040
1502210946 331383
1502210946 533680
1502210946 792359
1502210946 984725
1502210947 167119
1502210947 339541
1502210947 492945
1502210947 675304
1502210947 867679
1502210948 107394
1502210948 270678
1502210948 356876
1502210948 616379
1502210948 750718
1502210948 924052
1502210949 106443
1502210949 221682
1502210949 404090
1502210949 509380
1502210949 691768
1502210949 845132
1502210949 931517
1502210950 75728
1502210950 239041
1502210950 373337
1502210950 641957
1502210950 910570
1502210951 179232
1502210951 323485
1502210951 582144
1502210951 841646
1502210951 927886
1502210952 120265
1502210952 369929
1502210952 599524
1502210952 858962
1502210953 22286
1502210953 271928
1502210953 425276
1502210953 531456
1502210953 693971
1502210953 781022
1502210953 955638
1502210954 222059
1502210954 490676
1502210954 731139
1502210954 913531
1502210955 66884
1502210955 230291
1502210955 383745
1502210955 614118
1502210955 787469
1502210955 969885
1502210956 56172
1502210956 228481
1502210956 449084
1502210956 603326
1502210956 871889
1502210956 958155
1502210957 131485
1502210957 342032
1502210957 524482
1502210957 658750
1502210957 764886
1502210957 956387
1502210958 42632
1502210958 196037
1502210958 292305
1502210958 465521
1502210958 589838
1502210958 858462
1502210959 88989
1502210959 252366
1502210959 501887
1502210959 665246
1502210959 770490
1502210959 857605
1502210960 40045
1502210960 241513
1502210960 481053
1502210960 749685
1502210960 874950
1502210960 990207
1502210961 191659
1502210961 384041
1502210961 633629
1502210961 863387
1502210961 978430
1502210962 199904
1502210962 324216
1502210962 553859
1502210962 813359
1502210963 43949
1502210963 226233
1502210963 341538
1502210963 513942
1502210963 610127
1502210963 744510
1502210963 955942
1502210964 186554
1502210964 407003
1502210964 522221
1502210964 647416
1502210964 916056
1502210965 2261
1502210965 127453
1502210965 338254
1502210965 559505
1502210965 750967
1502210965 837123
1502210966 67700
1502210966 288173
1502210966 557736
1502210966 730111
1502210966 864429
1502210967 65940
1502210967 315468
1502210967 488856
1502210967 680270
1502210967 785601
1502210967 978021
1502210968 160371
1502210968 429015
1502210968 534231
1502210968 649504
1502210968 870075
1502210969 5242
1502210969 139591
1502210969 408186
1502210969 494434
1502210969 763199
1502210969 955449
1502210970 70668
1502210970 329350
1502210970 588849
1502210970 675044
