1502210673 93140
1502210673 198448
1502210673 447901
1502210673 602227
1502210673 697505
1502210673 879922
1502210674 129477
1502210674 215568
1502210674 350826
1502210674 455143
1502210674 618597
1502210674 714784
1502210674 810956
1502210674 916271
1502210675 21534
1502210675 136760
1502210675 300083
1502210675 511608
1502210675 790383
1502210676 42117
1502210676 157625
1502210676 311050
1502210676 503411
1502210676 589345
1502210676 742990
1502210676 935470
1502210677 78986
1502210677 300174
1502210677 462613
1502210677 606926
1502210677 847437
1502210677 962657
1502210678 96970
1502210678 298434
1502210678 394710
1502210678 567086
1502210678 663289
1502210678 768507
1502210678 874718
1502210679 28121
1502210679 229524
1502210679 441006
1502210679 527236
1502210679 757643
1502210679 834902
1502210679 940203
1502210680 26309
1502210680 285911
1502210680 372439
1502210680 535482
1502210680 765884
1502210680 996408
1502210681 216938
1502210681 418437
1502210681 571747
1502210681 716135
1502210681 831296
1502210681 917480
1502210682 148273
1502210682 407588
1502210682 647171
1502210682 781533
1502210683 12011
1502210683 165342
1502210683 251514
1502210683 453050
1502210683 530307
1502210683 626428
1502210683 846886
1502210684 58432
1502210684 318253
1502210684 471276
1502210684 681810
1502210684 855154
1502210685 65690
1502210685 209998
1502210685 440427
1502210685 574816
1502210685 747473
1502210685 929754
1502210686 122021
1502210686 275398
1502210686 409863
1502210686 621376
1502210686 851798
1502210687 33996
1502210687 178375
1502210687 292694
1502210687 475102
1502210687 715790
1502210687 801827
1502210687 927088
1502210688 70398
1502210688 195687
1502210688 454322
1502210688 646667
1502210688 815490
1502210688 910123
1502210689 131556
1502210689 217621
1502210689 313794
1502210689 582283
1502210689 773818
1502210690 33575
1502210690 253821
1502210690 417215
1502210690 628660
1502210690 887253
1502210691 41566
1502210691 204036
1502210691 473582
1502210691 645980
1502210691 790213
1502210692 859
1502210692 97008
1502210692 260414
1502210692 490884
1502210692 683282
1502210692 912855
1502210693 105199
1502210693 373888
1502210693 585424
1502210693 844864
1502210693 988233
1502210694 161722
1502210694 430209
1502210694 688871
1502210694 919411
1502210695 44519
1502210695 207890
1502210695 399382
1502210695 628618
1502210695 714283
1502210695 800610
1502210695 973799
1502210696 223385
1502210696 444500
1502210696 655416
1502210696 808784
1502210696 943148
1502210697 192581
1502210697 356026
1502210697 500359
1502210697 768898
1502210697 913222
1502210698 162766
1502210698 335188
1502210698 479509
1502210698 710024
1502210698 805313
1502210698 930538
1502210699 45961
1502210699 295418
1502210699 491117
1502210699 675223
1502210699 832596
1502210699 958368
1502210700 226419
1502210700 467146
1502210700 716399
1502210700 840786
1502210701 109466
1502210701 243870
1502210701 484196
1502210701 723875
1502210701 849199
1502210702 40530
1502210702 251891
1502210702 415537
1502210702 664860
1502210702 770510
1502210703 10574
1502210703 183030
1502210703 413564
1502210703 566951
1502210703 721240
1502210703 912805
1502210704 56965
1502210704 249387
1502210704 373690
1502210704 585183
1502210704 709540
1502210704 863735
1502210705 84363
1502210705 180429
1502210705 314776
1502210705 478090
1502210705 640642
1502210705 813943
1502210706 67004
1502210706 332105
1502210706 591681
1502210706 725958
1502210706 975663
1502210707 109807
1502210707 340503
1502210707 579879
1502210707 734126
1502210707 877529
1502210707 992752
1502210708 175155
1502210708 405736
1502210708 588115
1502210708 703413
1502210708 847730
1502210709 30034
1502210709 212501
1502210709 442989
1502210709 634501
1502210709 884334
1502210710 28312
1502210710 114807
1502210710 297055
1502210710 536582
1502210710 651841
1502210710 834611
1502210710 997608
1502210711 113253
1502210711 247146
1502210711 506609
1502210711 650973
1502210711 804517
1502210711 919701
1502210712 151198
1502210712 284555
1502210712 475870
1502210712 562366
1502210712 726523
1502210712 975000
1502210713 186475
1502210713 272679
1502210713 436014
1502210713 522166
1502210713 618395
1502210713 848828
1502210713 974287
1502210714 184730
1502210714 270986
1502210714 530484
1502210714 684097
1502210714 818520
1502210714 952450
1502210715 163899
1502210715 403478
1502210715 499691
1502210715 673060
1502210715 883576
1502210716 94982
1502210716 325525
1502210716 421937
1502210716 680385
1502210716 795689
1502210716 977926
1502210717 160658
1502210717 333819
1502210717 449109
1502210717 564227
1502210717 650476
1502210717 880952
1502210718 92334
1502210718 265267
1502210718 458065
1502210718 667933
1502210718 908138
1502210719 61777
1502210719 275082
1502210719 512620
1502210719 628087
1502210719 734028
1502210719 983586
1502210720 184158
1502210720 385601
1502210720 491924
1502210720 741457
1502210720 923812
1502210721 144329
1502210721 404749
1502210721 500158
1502210721 614407
1502210721 720609
1502210721 816828
1502210721 903155
1502210722 56343
1502210722 200675
1502210722 305937
1502210722 392065
1502210722 507408
1502210722 651672
1502210722 920409
1502210723 64623
1502210723 247001
1502210723 496765
1502210723 698093
1502210723 851442
1502210724 67681
1502210724 312436
1502210724 401261
1502210724 486083
1502210724 686709
1502210724 830636
1502210725 70290
1502210725 281670
1502210725 430497
1502210725 694546
1502210725 895159
1502210725 981276
1502210726 68378
1502210726 308057
1502210726 423368
1502210726 528489
1502210726 740012
1502210726 874249
1502210727 56748
1502210727 302914
1502210727 546821
1502210727 671043
1502210727 863475
1502210728 54935
1502210728 285864
1502210728 497463
1502210728 592118
1502210728 812627
1502210728 889818
1502210729 5136
1502210729 101353
1502210729 187449
1502210729 321798
1502210729 475299
1502210729 590552
1502210729 783350
1502210729 984309
1502210730 147647
1502210730 416342
1502210730 569681
1502210730 781154
1502210731 20642
1502210731 135922
1502210731 241990
1502210731 452671
1502210731 625132
1502210731 827430
1502210732 57073
1502210732 278556
1502210732 394036
1502210732 509227
1502210732 643484
1502210732 901873
1502210733 161704
1502210733 401996
1502210733 660493
1502210733 872024
1502210734 6564
1502210734 121577
1502210734 275015
1502210734 515456
1502210734 758102
1502210734 994629
1502210735 244186
1502210735 456098
1502210735 648050
1502210735 897668
1502210736 147222
1502210736 319525
1502210736 559102
1502210736 732431
1502210736 914845
1502210737 174423
1502210737 423967
1502210737 654401
1502210737 807812
1502210737 990202
1502210738 95581
1502210738 277952
1502210738 441475
1502210738 594585
1502210738 748037
1502210739 7531
1502210739 219020
1502210739 420482
1502210739 535752
1502210739 747392
1502210739 977671
1502210740 63828
1502210740 322820
1502210740 582035
1502210740 697279
1502210740 927835
1502210741 24064
1502210741 215469
1502210741 465051
1502210741 724568
1502210741 820822
1502210742 70314
1502210742 213717
1502210742 423237
1502210742 661147
1502210742 843611
1502210742 939669
1502210743 45037
1502210743 237387
1502210743 314534
1502210743 497145
1502210743 650293
1502210743 918893
1502210744 36431
1502210744 168516
1502210744 264655
1502210744 457071
1502210744 639520
1502210744 753806
1502210744 850001
1502210745 90490
1502210745 186663
1502210745 426402
1502210745 551456
1502210745 772092
1502210745 925478
1502210746 59970
1502210746 300226
1502210746 539746
1502210746 751202
1502210746 990808
1502210747 164133
1502210747 346870
1502210747 586125
1502210747 777674
1502210747 969931
1502210748 209593
1502210748 459151
1502210748 584463
1502210748 680595
1502210748 901086
1502210748 987328
1502210749 255898
1502210749 438339
1502210749 668807
1502210749 928654
1502210750 14644
1502210750 110872
1502210750 235242
1502210750 446990
1502210750 609951
1502210750 782359
1502210751 41898
1502210751 119060
1502210751 330715
1502210751 435750
1502210751 618171
1502210751 752480
1502210751 896909
1502210752 155394
1502210752 308728
1502210752 520183
1502210752 702673
1502210752 817876
1502210753 261
1502210753 240817
1502210753 509365
1502210753 605654
1502210753 807170
1502210753 989745
1502210754 123804
1502210754 248110
1502210754 497713
1502210754 631952
1502210754 776507
1502210755 16794
1502210755 160114
1502210755 371611
1502210755 563957
1502210755 659339
1502210755 861691
1502210756 34091
1502210756 149370
1502210756 350782
1502210756 495152
1502210756 744706
1502210756 975418
1502210757 187483
1502210757 339988
1502210757 426257
1502210757 522356
1502210757 752911
1502210757 868128
1502210758 30560
1502210758 232950
1502210758 357274
1502210758 530608
1502210758 787068
1502210758 885618
1502210759 57917
1502210759 288417
1502210759 518908
1502210759 672436
1502210759 855536
1502210760 47051
1502210760 267556
1502210760 372806
1502210760 622415
1502210760 873111
1502210760 997404
1502210761 83507
1502210761 236790
1502210761 342922
1502210761 525452
1502210761 688958
1502210761 832548
1502210762 33559
1502210762 119798
1502210762 205973
1502210762 474580
1502210762 676065
1502210762 849419
1502210763 69869
1502210763 290468
1502210763 539953
1502210763 655344
1502210763 865716
1502210763 971955
1502210764 384998
1502210764 653986
1502210764 758723
1502210764 989352
1502210765 171718
1502210765 354101
1502210765 603642
1502210765 834100
1502210766 73771
1502210766 266135
1502210766 362378
1502210766 593074
1502210766 698144
1502210766 880482
1502210767 24752
1502210767 216505
1502210767 485831
1502210767 658271
1502210767 830699
1502210768 4026
1502210768 157618
1502210768 348925
1502210768 531248
1502210768 637434
1502210768 819880
1502210769 30391
1502210769 117489
1502210769 299920
1502210769 539503
1502210769 673785
1502210769 837206
1502210770 19799
1502210770 153885
1502210770 365333
1502210770 451533
1502210770 662976
1502210770 835433
1502210771 17904
1502210771 200196
1502210771 325406
1502210771 555246
1502210771 728374
1502210771 977894
1502210772 227491
1502210772 448015
1502210772 678491
1502210772 802885
1502210773 52372
1502210773 311937
1502210773 427213
1502210773 542767
1502210773 647701
1502210773 868251
1502210773 993524
1502210774 243068
1502210774 377343
1502210774 511680
1502210774 712287
1502210774 846583
1502210774 933695
1502210775 57935
1502210775 154136
1502210775 269430
1502210775 384689
1502210775 528324
1502210775 787635
1502210776 47250
1502210776 200103
1502210776 343975
1502210776 497548
1502210776 708749
1502210776 920197
1502210777 169742
1502210777 400260
1502210777 611700
1502210777 861224
1502210777 995564
1502210778 197293
1502210778 379480
1502210778 542786
1502210778 753387
1502210779 12848
1502210779 214352
1502210779 463959
1502210779 704364
1502210779 838695
1502210779 992117
1502210780 260937
1502210780 510495
1502210780 625822
1502210780 855984
1502210781 115543
1502210781 268873
1502210781 393465
1502210781 480330
1502210781 643766
1502210781 854287
1502210782 113831
1502210782 315285
1502210782 430539
1502210782 603240
1502210782 852590
1502210782 948721
1502210783 83085
1502210783 189168
1502210783 304433
1502210783 514954
1502210783 745534
1502210783 841701
1502210784 5016
1502210784 139348
1502210784 302720
1502210784 456047
1502210784 571307
1502210784 734676
1502210784 868974
1502210785 70434
1502210785 233779
1502210785 444347
1502210785 569590
1502210785 684834
1502210785 819168
1502210785 963488
1502210786 231997
1502210786 424678
1502210786 654036
1502210786 836433
1502210787 76951
1502210787 240266
1502210787 383633
1502210787 585198
1502210787 815665
1502210787 921846
1502210788 132366
1502210788 334704
1502210788 555211
1502210788 679645
1502210788 901100
1502210789 169638
1502210789 323027
1502210789 514529
1502210789 696884
1502210789 899208
1502210789 985441
1502210790 235092
1502210790 503690
1502210790 724183
1502210790 925569
1502210791 30983
1502210791 136190
1502210791 328564
1502210791 424955
1502210791 635364
1502210791 722417
1502210791 808661
1502210791 981149
1502210792 163640
1502210792 269642
1502210792 423000
1502210792 528313
1502210792 662600
1502210792 816909
1502210792 903078
1502210793 8377
1502210793 219805
1502210793 373149
1502210793 574645
1502210793 670864
1502210793 872304
1502210793 958496
1502210794 102733
1502210794 343356
1502210794 458510
1502210794 660098
1502210794 832447
1502210794 985900
1502210795 140162
1502210795 322463
1502210795 408737
1502210795 677319
1502210795 945999
1502210796 71286
1502210796 272622
1502210796 426150
1502210796 608522
1502210796 732767
1502210796 848102
1502210796 982313
1502210797 222831
1502210797 347069
1502210797 539562
1502210797 721922
1502210797 846241
1502210798 47732
1502210798 182011
1502210798 288192
1502210798 517905
1502210798 624032
1502210798 777434
1502210799 26872
1502210799 180277
1502210799 401697
1502210799 603164
1502210799 708447
1502210799 823766
1502210800 54161
1502210800 179509
1502210800 370926
1502210800 619589
1502210800 725859
1502210800 926290
1502210801 175963
1502210801 295040
1502210801 559955
1502210801 646965
1502210801 877620
1502210802 87925
1502210802 328409
1502210802 491769
1502210802 597149
1502210802 808496
1502210803 67405
1502210803 297728
1502210803 412905
1502210803 614288
1502210803 873911
1502210804 123668
1502210804 238646
1502210804 373033
1502210804 584460
1502210804 804950
1502210804 930188
1502210805 73607
1502210805 246881
1502210805 333158
1502210805 438419
1502210805 591801
1502210805 803329
1502210805 956623
1502210806 148923
1502210806 379520
1502210806 629048
1502210806 811496
1502210806 935773
1502210807 176272
1502210807 406934
1502210807 502976
1502210807 637334
1502210807 885885
1502210808 1118
1502210808 97375
1502210808 250795
1502210808 491353
1502210808 758315
1502210808 852527
1502210809 111938
1502210809 275572
1502210809 419578
1502210809 524886
1502210809 611126
1502210809 879717
1502210810 72147
1502210810 244491
1502210810 485002
1502210810 609398
1502210810 705546
1502210810 849860
1502210811 99432
1502210811 214794
1502210811 387057
1502210811 628274
1502210811 742859
1502210811 848101
1502210811 934329
1502210812 49637
1502210812 213126
1502210812 481575
1502210812 567706
1502210812 827303
1502210812 904489
1502210813 19636
1502210813 105859
1502210813 326420
1502210813 508960
1502210813 605074
1502210813 825580
1502210814 56396
1502210814 267497
1502210814 382795
1502210814 526222
1502210814 680649
1502210814 804783
1502210815 73407
1502210815 322956
1502210815 486244
1502210815 717353
1502210815 976431
1502210816 110546
1502210816 302095
1502210816 379193
1502210816 465794
1502210816 705010
1502210816 916578
1502210817 110999
1502210817 310419
1502210817 550016
1502210817 809390
1502210817 895783
1502210818 107208
1502210818 317673
1502210818 558236
1502210818 759642
1502210818 942014
1502210819 19162
1502210819 258708
1502210819 422495
1502210819 604414
1502210819 738854
1502210819 883107
1502210820 7406
1502210820 103710
1502210820 315088
1502210820 439766
1502210820 564621
1502210820 756136
1502210821 15654
1502210821 275338
1502210821 399623
1502210821 523863
1502210821 639164
1502210821 726300
1502210821 965782
1502210822 109260
1502210822 320800
1502210822 580547
1502210822 714891
1502210822 906081
1502210823 40325
1502210823 222763
1502210823 357987
1502210823 444514
1502210823 693709
1502210823 837388
1502210824 48658
1502210824 143802
1502210824 288085
1502210824 374297
1502210824 460471
1502210824 643066
1502210824 749170
1502210824 931614
1502210825 171124
1502210825 363515
1502210825 593466
1502210825 776646
1502210825 995968
1502210826 102164
1502210826 341792
1502210826 562341
1502210826 783659
1502210826 947146
1502210827 216308
1502210827 436252
1502210827 609588
1502210827 704867
1502210827 802228
1502210828 31466
1502210828 223058
1502210828 319226
1502210828 463577
1502210828 540693
1502210828 790137
1502210829 1062
1502210829 193236
1502210829 375549
1502210829 597242
1502210829 692240
1502210829 875079
1502210829 989917
1502210830 249661
1502210830 411994
1502210830 671445
1502210830 902010
1502210831 93429
1502210831 275927
1502210831 449245
1502210831 679812
1502210831 785279
1502210831 871267
1502210831 967668
1502210832 92696
1502210832 227098
1502210832 370298
1502210832 466680
1502210832 562850
1502210832 707164
1502210832 803290
1502210833 13781
1502210833 254372
1502210833 388542
1502210833 571044
1502210833 782543
1502210834 22104
1502210834 204690
1502210834 291011
1502210834 540486
1502210834 732788
1502210834 963374
1502210835 135483
1502210835 385194
1502210835 596666
1502210835 682727
1502210835 769004
1502210835 999613
1502210836 152019
1502210836 363367
1502210836 506777
1502210836 661178
1502210836 785379
1502210837 26157
1502210837 217323
1502210837 457852
1502210837 601213
1502210837 793916
1502210837 880236
1502210838 43086
1502210838 187364
1502210838 370038
1502210838 504119
1502210838 734601
1502210838 945157
1502210839 127597
1502210839 271976
1502210839 387321
1502210839 531342
1502210839 703846
1502210839 934325
1502210840 68620
1502210840 202973
1502210840 404451
1502210840 635106
1502210840 769231
1502210840 856575
1502210840 990655
1502210841 134010
1502210841 240249
1502210841 470799
1502210841 586080
1502210841 825565
1502210841 911797
1502210842 123243
1502210842 228561
1502210842 315789
1502210842 460119
1502210842 555232
1502210842 795753
1502210842 891637
1502210842 997207
1502210843 121474
1502210843 218058
1502210843 322920
1502210843 534510
1502210843 668874
1502210843 813220
1502210843 976576
1502210844 177285
1502210844 359360
1502210844 599133
1502210844 734161
1502210844 896533
1502210845 127098
1502210845 233270
1502210845 472795
1502210845 569066
1502210845 799533
1502210846 39124
1502210846 230587
1502210846 499248
1502210846 643471
1502210846 903005
1502210846 989252
1502210847 133557
1502210847 344051
1502210847 507398
1502210847 737886
1502210847 863146
1502210847 987489
1502210848 73696
1502210848 323559
1502210848 458551
1502210848 717104
1502210848 890864
1502210849 81883
1502210849 312440
1502210849 456794
1502210849 620340
1502210849 754423
1502210849 897825
1502210850 13580
1502210850 157345
1502210850 300725
1502210850 415991
1502210850 531268
1502210850 747072
1502210851 7892
1502210851 219119
1502210851 401563
1502210851 563934
1502210851 804440
1502210852 15955
1502210852 140559
1502210852 399847
1502210852 668364
1502210852 869848
1502210853 100378
1502210853 335121
1502210853 542281
1502210853 618533
1502210853 767030
1502210853 993337
1502210854 213805
1502210854 310361
1502210854 492399
1502210854 741961
1502210854 905366
1502210855 68733
1502210855 299216
1502210855 557857
1502210855 710437
1502210855 852890
1502210856 73381
1502210856 198624
1502210856 380931
1502210856 572452
1502210856 841054
1502210857 90627
1502210857 224965
1502210857 445467
1502210857 656897
1502210857 743111
1502210857 944649
1502210858 165269
1502210858 252259
1502210858 482761
1502210858 655177
1502210858 770391
1502210858 856902
1502210859 125244
1502210859 346655
1502210859 567164
1502210859 739614
1502210859 912089
1502210860 133501
1502210860 310418
1502210860 555556
1502210860 747859
1502210860 834134
1502210860 977469
1502210861 73639
1502210861 227035
1502210861 352268
1502210861 621070
1502210861 783331
1502210861 994845
1502210862 120152
1502210862 349648
1502210862 512951
1502210862 666274
1502210862 753421
1502210862 993039
1502210863 146423
1502210863 300676
1502210863 395940
1502210863 550188
1502210863 684555
1502210863 808869
1502210864 39405
1502210864 250875
1502210864 500425
1502210864 596590
1502210864 769010
1502210865 8625
1502210865 220008
1502210865 479554
1502210865 594899
1502210865 700061
1502210865 844594
1502210866 113031
1502210866 381695
1502210866 534997
1502210866 622085
1502210866 727445
1502210866 986977
1502210867 73135
1502210867 178423
1502210867 437930
1502210867 620373
1502210867 802836
1502210867 927119
1502210868 186628
1502210868 340004
1502210868 427110
1502210868 666727
1502210868 752942
1502210868 974372
1502210869 223911
1502210869 444420
1502210869 693121
1502210869 923583
1502210870 192186
1502210870 327444
1502210870 431727
1502210870 538224
1502210870 682283
1502210870 835703
1502210871 56281
1502210871 238719
1502210871 450543
1502210871 670541
1502210871 823917
1502210871 939166
1502210872 73486
1502210872 159734
1502210872 245940
1502210872 515449
1502210872 668816
1502210872 880181
1502210873 71713
1502210873 275016
1502210873 465609
1502210873 628914
1502210873 811348
1502210874 22803
1502210874 127999
1502210874 252396
1502210874 501998
1502210874 684344
1502210874 895783
1502210875 145349
1502210875 260591
1502210875 404884
1502210875 625667
1502210875 836874
1502210876 86459
1502210876 287888
1502210876 374116
1502210876 614640
1502210876 748907
1502210876 998478
1502210877 228995
1502210877 353311
1502210877 527237
1502210877 718090
1502210877 833335
1502210878 82925
1502210878 332552
1502210878 533917
1502210878 716365
1502210878 850714
1502210878 975880
1502210879 234532
1502210879 368872
1502210879 609341
1502210879 800842
1502210879 955134
1502210880 146586
1502210880 386230
1502210880 636660
1502210880 731941
1502210880 864945
1502210881 122205
1502210881 294625
1502210881 486939
1502210881 640394
1502210881 822779
1502210882 53210
1502210882 177625
1502210882 302870
1502210882 408330
1502210882 629508
1502210882 715666
1502210882 907206
1502210883 51552
1502210883 272028
1502210883 349159
1502210883 618008
1502210883 876436
1502210884 30647
1502210884 125980
1502210884 328365
1502210884 539001
1502210884 788436
1502210885 38045
1502210885 268513
1502210885 480017
1502210885 671467
1502210885 796671
1502210885 921041
1502210886 94288
1502210886 334088
1502210886 497335
1502210886 612577
1502210886 708651
1502210886 843091
1502210886 986422
1502210887 246066
1502210887 342119
1502210887 572722
1502210887 774268
1502210888 1060
1502210888 133512
1502210888 305904
1502210888 517419
1502210888 766982
1502210888 987585
1502210889 83687
1502210889 169896
1502210889 266087
1502210889 409446
1502210889 621146
1502210889 784247
1502210889 918623
1502210890 120102
1502210890 321511
1502210890 503959
1502210890 609224
1502210890 868730
1502210891 108318
1502210891 194510
1502210891 444062
1502210891 665541
1502210891 905177
1502210892 59111
1502210892 278981
1502210892 538482
1502210892 769071
1502210892 855287
1502210893 85966
1502210893 238245
1502210893 392534
1502210893 545869
1502210893 670151
1502210893 843570
1502210894 83141
1502210894 169362
1502210894 361746
1502210894 544153
1502210894 707531
1502210894 841758
1502210894 976091
1502210895 225629
1502210895 398963
1502210895 504375
1502210895 648562
1502210895 791999
1502210896 41512
1502210896 166772
1502210896 330110
1502210896 502526
1502210896 588686
1502210896 829218
1502210896 934533
1502210897 78751
1502210897 328343
1502210897 472613
1502210897 673172
1502210897 827402
1502210897 913660
1502210898 153219
1502210898 259396
1502210898 489041
1502210898 691425
1502210898 777689
1502210898 921085
1502210899 113372
1502210899 362977
1502210899 622664
1502210899 785842
1502210899 987323
1502210900 236800
1502210900 342208
1502210900 610711
1502210900 822287
1502210900 975629
1502210901 109864
1502210901 196147
1502210901 455638
1502210901 705273
1502210901 839480
1502210901 925828
1502210902 31914
1502210902 223538
1502210902 434909
1502210902 655344
1502210902 789739
1502210903 49244
1502210903 135404
1502210903 336898
1502210903 519292
1502210903 673576
1502210903 894163
1502210904 105554
1502210904 229909
1502210904 364274
1502210904 537433
1502210904 709897
1502210904 806136
1502210905 7589
1502210905 228161
1502210905 353382
1502210905 554797
1502210905 651055
1502210905 919643
1502210906 44853
1502210906 265404
1502210906 399771
1502210906 514908
1502210906 620264
1502210906 869767
1502210907 23164
1502210907 205673
1502210907 301764
1502210907 532309
1502210907 637631
1502210907 897132
1502210908 146660
1502210908 252809
1502210908 482677
1502210908 703833
1502210908 953359
1502210909 39641
1502210909 260188
1502210909 375435
1502210909 509774
1502210909 595963
1502210909 865456
1502210910 94994
1502210910 201141
1502210910 382795
1502210910 652275
1502210910 862935
1502210910 968996
1502210911 131989
1502210911 361924
1502210911 611492
1502210911 802957
1502210911 899211
1502210911 995415
1502210912 100679
1502210912 331112
1502210912 465477
1502210912 580708
1502210912 840268
1502210913 22639
1502210913 156911
1502210913 320310
1502210913 444659
1502210913 694216
1502210913 857541
1502210914 39938
1502210914 299488
1502210914 549078
1502210914 817775
1502210915 86312
1502210915 173422
1502210915 326780
1502210915 528417
1502210915 767854
1502210915 941139
1502210916 27511
1502210916 296007
1502210916 536484
1502210916 795135
1502210917 55020
1502210917 169861
1502210917 419446
1502210917 524774
1502210917 736159
1502210917 918582
1502210918 42896
1502210918 273516
1502210918 446778
1502210918 619357
1502210918 744653
1502210918 906892
1502210918 993995
1502210919 128324
1502210919 358773
1502210919 608376
1502210919 876983
1502210920 126573
1502210920 298992
1502210920 520403
1502210920 644730
1502210920 846228
1502210920 980541
1502210921 230086
1502210921 441518
1502210921 681956
1502210921 892564
1502210921 998757
1502210922 84954
1502210922 286365
1502210922 382568
1502210922 535985
1502210922 708408
1502210922 938911
1502210923 102228
1502210923 322830
1502210923 418999
1502210923 687618
1502210923 773823
1502210923 908196
1502210924 62438
1502210924 177618
1502210924 379091
1502210924 465356
1502210924 580596
1502210924 733891
1502210924 878307
1502210925 69735
1502210925 319328
1502210925 463586
1502210925 723103
1502210925 886443
1502210926 136016
1502210926 260332
1502210926 461810
1502210926 711414
1502210926 855733
1502210927 57132
1502210927 143411
1502210927 325675
1502210927 460058
1502210927 623381
1502210927 767632
1502210927 940112
1502210928 65351
1502210928 247749
1502210928 353075
1502210928 506552
1502210928 756012
1502210928 996559
1502210929 139870
1502210929 294070
1502210929 504672
1502210929 716150
1502210929 984763
1502210930 119085
1502210930 330554
1502210930 435781
1502210930 570295
1502210930 771533
1502210930 896841
1502210931 108187
1502210931 366875
1502210931 501214
1502210931 760699
1502210931 846889
1502210932 115576
1502210932 269827
1502210932 375137
1502210932 595627
1502210932 749915
1502210932 903226
1502210933 171942
1502210933 431458
1502210933 642023
1502210933 853433
1502210934 54902
1502210934 228247
1502210934 429679
1502210934 554034
1502210934 784801
1502210934 957809
1502210935 178459
1502210935 350831
1502210935 543198
1502210935 715692
1502210935 985108
1502210936 205644
1502210936 291845
1502210936 397128
1502210936 627709
1502210936 877436
1502210937 11602
1502210937 107817
1502210937 367302
1502210937 581595
1502210937 713005
1502210937 847351
1502210938 703
1502210938 106876
1502210938 193044
1502210938 442612
1502210938 673085
1502210938 893671
1502210939 114190
1502210939 220361
1502210939 392804
1502210939 613396
1502210939 795785
1502210939 882900
1502210940 93376
1502210940 199541
1502210940 285848
1502210940 391091
1502210940 612484
1502210940 842116
1502210941 15424
1502210941 235957
1502210941 485588
1502210941 677876
1502210941 812228
1502210942 32724
1502210942 253289
1502210942 426544
1502210942 666395
1502210942 848547
1502210942 973779
1502210943 79090
1502210943 204337
1502210943 424783
1502210943 569121
1502210943 751585
1502210943 914050
1502210944 150818
1502210944 413162
1502210944 662823
1502210944 816963
1502210945 47435
1502210945 219851
1502210945 383228
1502210945 603769
1502210945 699979
1502210945 796175
1502210945 968531
1502210946 83946
1502210946 218139
1502210946 352599
1502210946 553898
1502210946 813483
1502210947 5883
1502210947 188223
1502210947 360634
1502210947 514102
1502210947 696576
1502210947 888080
1502210948 128382
1502210948 291835
1502210948 378009
1502210948 637535
1502210948 771931
1502210948 944250
1502210949 126710
1502210949 242016
1502210949 424329
1502210949 529688
1502210949 712302
1502210949 866350
1502210949 952609
1502210950 96804
1502210950 259266
1502210950 393586
1502210950 662273
1502210950 931794
1502210951 200375
1502210951 343691
1502210951 603206
1502210951 862746
1502210951 949247
1502210952 141406
1502210952 391028
1502210952 620575
1502210952 880052
1502210953 43400
1502210953 292952
1502210953 446485
1502210953 552525
1502210953 714990
1502210953 802076
1502210953 974675
1502210954 243152
1502210954 511849
1502210954 752254
1502210954 934696
1502210955 88015
1502210955 251413
1502210955 404727
1502210955 635230
1502210955 807664
1502210955 990089
1502210956 77267
1502210956 249640
1502210956 470193
1502210956 624432
1502210956 893010
1502210956 979317
1502210957 151687
1502210957 363171
1502210957 545574
1502210957 679866
1502210957 786317
1502210957 977500
1502210958 63712
1502210958 217094
1502210958 313227
1502210958 486668
1502210958 610975
1502210958 879597
1502210959 110125
1502210959 273421
1502210959 523026
1502210959 686300
1502210959 791705
1502210959 878753
1502210960 61194
1502210960 261734
1502210960 502192
1502210960 770812
1502210960 895182
1502210961 10398
1502210961 212773
1502210961 404264
1502210961 653876
1502210961 884296
1502210961 999535
1502210962 220285
1502210962 345373
1502210962 574928
1502210962 834445
1502210963 64993
1502210963 247394
1502210963 362611
1502210963 535042
1502210963 631217
1502210963 765615
1502210963 976981
1502210964 207528
1502210964 428110
1502210964 543308
1502210964 668554
1502210964 937153
1502210965 23415
1502210965 148597
1502210965 359216
1502210965 580605
1502210965 771994
1502210965 858314
1502210966 88832
1502210966 309327
1502210966 578780
1502210966 751237
1502210966 885608
1502210967 87072
1502210967 336627
1502210967 509915
1502210967 701344
1502210967 806720
1502210967 999100
1502210968 181490
1502210968 450143
1502210968 556274
1502210968 670726
1502210968 891163
1502210969 26359
1502210969 160784
1502210969 429282
1502210969 515508
1502210969 784201
1502210969 976565
1502210970 91741
1502210970 350483
1502210970 609925
1502210970 696131
