1502722325 227942
1502722325 352684
1502722325 602430
1502722325 707466
1502722325 948008
1502722326 149459
1502722326 389054
1502722326 581531
1502722326 744852
1502722326 879219
1502722327 32500
1502722327 273066
1502722327 397327
1502722327 579693
1502722327 665920
1502722327 935473
1502722328 107925
1502722328 223154
1502722328 395683
1502722328 645158
1502722328 846671
1502722329 115378
1502722329 201412
1502722329 287758
1502722329 499067
1502722329 604310
1502722329 815905
1502722329 902072
1502722330 113552
1502722330 344022
1502722330 497410
1502722330 641720
1502722330 775992
1502722330 910295
1502722331 25519
1502722331 130813
1502722331 246163
1502722331 505616
1502722331 591866
1502722331 793402
1502722331 889510
1502722331 994794
1502722332 216221
1502722332 474875
1502722332 676298
1502722332 772625
1502722332 954882
1502722333 195394
1502722333 367830
1502722333 636363
1502722333 761601
1502722333 895929
1502722334 164720
1502722334 423176
1502722334 615581
1502722334 884169
1502722335 56782
1502722335 180982
1502722335 363500
1502722335 613027
1502722335 776323
1502722335 977726
1502722336 218330
1502722336 419770
1502722336 525048
1502722336 659308
1502722336 803556
1502722337 15143
1502722337 120301
1502722337 321860
1502722337 409093
1502722337 524223
1502722337 725710
1502722337 965238
1502722338 80423
1502722338 204896
1502722338 368244
1502722338 617730
1502722338 857319
1502722338 992557
1502722339 164861
1502722339 366488
1502722339 462691
1502722339 586891
1502722339 788470
1502722339 961632
1502722340 172154
1502722340 325633
1502722340 566112
1502722340 796525
1502722341 46180
1502722341 266634
1502722341 352850
1502722341 496261
1502722341 592459
1502722341 678680
1502722341 899144
1502722342 72509
1502722342 312127
1502722342 475489
