1501146510 577693
1501146510 635563
1501146510 692619
1501146510 788794
1501146510 846971
1501146510 903250
1501146510 961181
1501146511 153751
1501146511 268011
1501146511 345148
1501146511 412259
1501146511 479313
1501146511 546806
1501146511 612825
1501146511 718987
1501146511 834298
1501146512 275686
1501146512 341559
1501146512 476069
1501146512 552955
1501146512 812954
1501146513 33125
1501146513 138282
1501146513 320870
1501146513 406951
1501146513 513045
1501146513 580231
1501146513 647462
1501146513 714432
1501146513 781691
1501146513 848855
1501146513 916068
1501146514 40416
1501146514 251985
1501146514 318955
1501146514 674861
1501146514 741144
1501146514 866116
1501146515 76988
1501146515 288450
1501146515 355473
1501146515 422548
1501146515 489699
1501146515 556830
1501146515 624256
1501146515 691433
1501146515 758235
1501146515 825347
1501146515 892559
1501146515 960647
1501146516 305717
1501146516 382755
1501146516 449768
1501146516 517009
1501146516 584071
1501146516 651310
1501146516 718482
1501146516 785546
1501146516 987175
1501146517 93253
1501146517 160320
1501146517 227570
1501146517 294532
1501146517 361859
1501146517 428972
1501146517 496087
1501146517 563332
1501146517 630439
1501146517 697664
1501146517 764619
1501146517 831952
1501146517 899114
1501146517 966217
1501146518 34147
1501146518 101424
1501146518 168565
1501146518 235685
1501146518 303125
1501146518 369184
1501146518 436246
1501146518 503644
1501146518 570581
1501146518 637777
1501146518 811263
1501146518 944702
1501146519 11740
1501146519 79027
1501146519 145969
1501146519 213217
1501146519 280498
1501146519 347510
1501146519 827947
1501146519 971998
1501146520 125107
1501146520 192404
1501146520 711751
1501146520 777958
1501146520 844902
1501146520 912074
1501146520 980101
1501146521 46575
1501146521 113735
1501146521 296073
1501146521 363169
1501146521 430283
1501146521 497253
1501146521 602604
1501146521 891419
1501146522 131027
1501146522 542944
1501146522 609254
1501146522 705349
1501146522 772574
1501146522 839594
1501146522 906657
1501146522 973696
1501146523 40997
1501146523 108081
1501146523 185316
1501146523 252346
1501146523 319647
1501146523 386771
1501146523 453874
1501146523 520960
1501146523 588356
1501146523 655460
1501146523 722406
1501146523 789626
1501146523 856779
1501146523 924002
1501146523 991201
1501146524 59284
1501146524 125474
1501146524 192798
1501146524 259913
1501146524 326947
1501146524 394071
1501146524 461263
1501146524 528382
1501146524 778233
1501146524 845345
1501146525 37761
1501146525 152024
1501146525 229057
1501146525 478683
1501146525 544798
1501146525 611144
1501146525 669139
1501146525 736274
1501146525 793282
1501146525 851553
1501146525 918588
1501146525 985966
1501146526 43070
1501146526 101260
1501146526 205699
1501146526 263575
1501146526 320781
1501146526 378865
1501146526 435820
1501146526 494046
1501146526 551228
1501146526 608752
1501146526 675569
1501146526 733657
1501146526 790734
1501146526 848848
1501146526 906097
1501146526 964127
1501146527 98528
1501146527 155686
1501146527 213817
1501146527 270210
1501146527 385376
1501146527 548642
1501146527 634860
1501146527 692809
1501146527 749879
1501146527 808135
1501146527 865231
1501146527 923513
1501146528 202116
1501146528 259261
1501146528 440724
1501146528 497872
1501146528 555899
1501146528 652453
1501146528 718352
1501146528 862776
1501146528 930157
1501146529 149614
1501146529 351970
1501146529 418179
1501146529 533500
1501146529 600440
1501146529 667695
1501146529 734746
1501146529 802075
1501146529 869159
1501146530 359331
1501146530 426480
1501146530 493510
1501146530 560571
1501146530 820346
1501146530 886419
1501146530 953602
1501146531 20702
1501146531 87868
1501146531 155046
1501146531 223056
1501146531 289320
1501146531 356514
1501146531 423575
1501146531 490883
1501146531 557856
1501146531 625058
1501146531 692272
1501146531 759296
1501146531 826550
1501146531 893771
1501146531 960850
1501146532 28053
1501146532 96145
1501146532 162346
1501146532 229473
1501146532 297041
1501146532 363818
1501146532 430971
1501146532 594243
1501146532 661357
1501146532 766700
1501146532 833832
1501146533 16418
1501146533 458416
1501146533 525388
1501146533 592603
1501146533 659622
1501146533 726859
1501146533 794189
1501146533 861117
1501146533 928413
1501146533 995589
1501146534 62678
1501146534 130731
1501146534 196857
1501146534 264022
1501146534 360633
1501146534 493726
1501146534 934976
1501146535 22065
1501146535 337808
1501146535 404878
1501146535 472155
1501146535 539203
1501146535 606342
1501146535 798751
1501146535 865841
1501146535 933034
1501146536 29382
1501146536 95552
1501146536 239773
1501146536 306857
1501146536 373917
1501146536 498347
1501146536 566462
1501146536 689835
1501146536 930339
1501146536 997655
1501146537 64770
1501146537 131899
1501146537 208947
1501146537 275986
1501146537 419669
1501146537 486734
1501146537 601967
1501146537 669102
1501146537 736438
1501146537 804250
1501146537 870539
1501146537 937710
1501146538 4883
1501146538 71878
1501146538 139261
1501146538 206240
1501146538 321530
1501146538 629272
1501146538 695442
1501146538 762681
1501146538 829890
1501146538 896961
1501146538 964112
1501146539 31213
1501146539 98367
1501146539 165378
1501146539 261781
1501146539 454126
1501146539 732830
1501146539 924357
1501146539 990519
1501146540 57624
1501146540 124712
1501146540 278987
1501146540 498860
1501146540 565842
1501146540 633018
1501146540 700192
1501146540 767050
1501146540 834409
1501146540 902439
1501146541 17091
1501146541 112226
1501146541 179296
1501146541 265502
1501146541 640458
1501146541 773756
1501146541 850774
1501146542 119891
1501146542 186855
1501146542 282010
1501146542 349263
1501146542 416210
1501146542 483328
1501146542 550429
1501146542 617620
1501146542 694691
1501146542 772109
1501146542 857385
1501146542 924370
1501146542 991542
1501146543 155168
1501146543 385580
1501146543 500759
1501146543 635252
1501146543 788626
1501146543 932862
1501146544 201355
1501146544 268545
1501146544 470908
1501146544 537138
1501146544 614266
1501146544 786928
1501146545 180617
1501146545 411296
1501146545 487352
1501146545 804151
1501146545 900199
1501146545 967468
1501146546 120708
1501146546 274984
1501146546 437480
1501146546 504500
1501146546 571690
1501146546 638789
1501146546 705937
1501146546 802262
1501146546 926565
1501146546 993662
1501146547 61604
1501146547 128923
1501146547 195339
1501146547 262371
1501146547 329405
1501146547 396551
1501146547 482859
1501146547 733430
1501146547 799853
1501146547 924811
1501146547 991014
1501146548 57249
1501146548 115451
1501146548 181687
1501146548 239613
1501146548 296776
1501146548 450283
1501146548 508401
1501146548 565355
1501146548 623432
1501146548 680826
1501146548 738709
1501146548 795892
1501146548 853926
1501146548 911125
1501146548 969120
1501146549 26389
1501146549 84419
1501146549 141659
1501146549 198741
1501146549 257099
1501146549 314126
1501146549 372232
1501146549 429371
1501146549 487424
1501146549 544582
1501146549 602877
1501146549 659894
1501146549 718036
1501146549 775216
1501146549 831451
1501146549 889320
1501146549 946619
1501146550 4696
1501146550 62049
1501146550 120014
1501146550 234371
1501146550 340463
1501146550 781784
1501146550 944952
1501146551 3015
1501146551 59352
1501146551 184409
1501146551 261568
1501146551 347837
1501146551 406021
1501146551 577735
1501146551 923649
1501146551 990447
1501146552 402667
1501146552 468760
1501146552 536734
1501146552 602936
1501146552 670323
1501146552 756252
1501146552 824244
1501146552 919586
1501146552 986805
1501146553 53832
1501146553 121207
1501146553 188193
1501146553 256241
1501146553 447917
1501146553 640378
1501146553 706543
1501146553 783858
1501146553 850013
1501146554 349355
1501146554 417093
1501146554 483271
1501146554 598523
1501146554 675597
1501146554 858181
1501146554 953468
1501146555 20757
1501146555 87730
1501146555 154927
1501146555 385428
1501146555 452675
1501146555 624956
1501146555 865479
1501146555 931567
1501146555 998834
1501146556 66890
1501146556 219374
1501146556 286510
1501146556 353601
1501146556 421791
1501146556 487909
1501146556 660428
1501146556 823561
1501146556 938808
1501146557 35043
1501146557 160481
1501146557 236642
1501146557 533513
1501146557 600760
1501146558 137990
1501146558 426554
1501146558 530789
1501146558 597936
1501146558 723328
1501146558 789491
1501146558 856465
1501146558 923894
1501146558 989938
1501146559 57086
1501146559 124311
1501146559 192168
1501146559 259529
1501146559 324815
1501146559 382913
1501146559 449046
1501146559 507248
1501146559 564454
1501146559 622677
1501146559 679625
1501146559 736744
1501146559 794849
1501146559 851936
1501146559 909244
1501146560 43696
1501146560 226069
1501146560 284098
1501146560 341176
1501146560 397456
1501146560 455438
1501146560 782487
1501146560 839497
1501146560 896565
1501146560 954707
1501146561 99139
1501146561 252458
1501146561 395898
1501146561 462209
1501146561 529073
1501146561 759938
1501146561 961387
1501146562 28422
1501146562 95651
1501146562 163660
1501146562 229688
1501146562 296829
1501146562 364077
1501146562 431159
1501146562 498546
1501146562 566401
1501146562 632579
1501146562 699959
1501146562 766850
1501146562 834121
1501146562 901269
1501146562 968475
1501146563 35551
1501146563 102836
1501146563 198907
1501146563 266223
1501146563 429507
1501146563 592785
1501146563 708425
1501146563 937755
1501146564 5824
1501146564 71836
1501146564 178065
1501146564 244526
1501146564 311593
1501146564 445917
1501146564 512814
1501146564 580058
1501146564 782523
1501146564 848720
1501146564 915870
1501146565 156737
1501146565 223751
1501146565 289896
1501146565 357012
1501146565 425191
1501146565 491330
1501146565 558403
1501146565 721942
1501146565 789067
1501146565 856257
1501146565 923274
1501146566 29310
1501146566 96517
1501146566 163702
1501146566 230811
1501146566 297880
1501146566 365055
1501146566 432294
1501146566 499505
1501146566 566558
1501146566 633804
1501146566 700937
1501146566 768193
1501146567 84960
1501146567 152201
1501146567 220044
1501146567 286311
1501146567 353770
1501146567 420479
1501146567 487885
1501146567 554766
1501146567 622114
1501146567 689339
1501146567 756251
1501146567 824419
1501146567 890690
1501146567 976846
1501146568 188370
1501146568 255573
1501146568 322713
1501146568 390015
1501146568 457085
1501146568 524220
1501146568 591409
1501146568 658271
1501146568 725529
1501146568 792910
1501146568 859969
1501146568 927911
1501146569 109448
1501146569 233881
1501146569 301822
1501146569 367996
1501146569 435118
1501146569 502346
1501146569 617604
1501146569 684787
1501146569 751996
1501146569 819181
1501146569 886209
1501146570 116887
1501146570 223165
1501146570 519961
1501146570 635061
1501146570 903809
1501146571 9697
1501146571 77077
1501146571 143125
1501146571 210257
1501146571 306509
1501146571 383615
1501146571 499099
1501146571 632362
1501146571 699751
1501146572 7262
1501146572 73408
1501146572 140662
1501146572 255725
1501146572 390023
1501146572 457239
1501146572 524505
1501146572 592307
1501146572 706715
1501146572 773844
1501146572 956543
1501146573 23605
1501146573 176905
1501146573 474926
1501146573 589932
1501146573 657050
1501146573 724066
1501146573 791254
1501146574 80087
1501146574 146071
1501146574 213341
1501146574 386004
1501146574 452828
1501146574 520789
1501146574 587111
1501146574 654336
1501146574 721336
1501146574 904099
1501146574 970153
1501146575 37360
1501146575 104419
1501146575 172578
1501146575 238754
1501146575 305848
1501146575 603746
1501146575 815013
1501146575 881309
1501146575 939754
1501146576 6397
1501146576 360678
1501146576 475813
1501146576 533726
1501146576 590870
1501146576 648926
1501146576 706163
1501146576 772373
1501146576 993133
1501146577 99473
1501146577 156282
1501146577 329687
1501146577 386869
1501146577 472151
1501146577 596330
1501146577 662693
1501146577 729823
1501146577 797049
1501146577 864067
1501146577 931159
1501146577 998338
1501146578 65477
1501146578 132674
1501146578 199765
1501146578 267001
1501146578 334013
1501146578 401370
1501146578 469424
1501146578 535536
1501146578 602672
1501146578 669949
1501146578 737004
1501146578 804160
1501146578 871364
1501146578 938782
1501146579 5738
1501146579 72936
1501146579 140074
1501146579 208046
1501146579 274384
1501146579 504952
1501146579 657409
1501146579 800748
1501146580 108538
1501146580 184579
1501146580 250919
1501146580 318016
1501146580 424286
1501146580 509543
1501146580 691876
1501146580 759132
1501146580 826199
1501146581 18846
1501146581 267504
1501146581 449833
1501146581 516905
1501146581 584894
1501146581 651130
1501146581 718305
1501146581 785424
1501146581 852561
1501146581 919849
1501146581 986958
1501146582 54031
1501146582 121302
1501146582 189334
1501146582 255519
1501146582 322678
1501146582 390044
1501146582 534268
1501146582 620283
1501146582 687442
1501146582 754524
1501146582 821855
1501146582 889000
1501146582 956208
1501146583 52581
1501146583 119501
1501146583 388295
1501146583 456182
1501146583 522349
1501146583 589497
1501146583 868184
1501146583 935269
1501146584 2572
1501146584 69516
1501146584 136770
1501146584 271196
1501146584 472841
1501146584 549691
1501146584 616894
1501146584 684183
1501146584 751157
1501146584 818358
1501146584 885460
1501146584 952767
1501146585 19723
1501146585 87049
1501146585 461741
1501146585 596172
1501146585 692273
1501146585 787569
1501146585 854680
1501146585 921744
1501146586 162607
1501146586 229644
1501146586 295831
1501146586 429163
1501146586 573486
1501146586 639790
1501146586 697704
1501146586 764802
1501146586 822151
1501146586 880072
1501146586 937330
1501146586 995393
1501146587 62548
1501146587 129879
1501146587 195956
1501146587 311353
1501146587 532758
1501146587 657366
1501146587 714156
1501146587 771367
1501146587 944726
1501146588 20871
1501146588 270603
1501146588 327699
1501146588 384781
1501146588 566387
1501146588 777822
1501146589 36388
1501146589 103693
1501146589 458432
1501146589 524713
1501146589 591899
1501146589 658954
1501146589 726038
1501146589 793263
1501146589 860386
1501146589 928272
1501146589 995495
1501146590 62648
1501146590 129725
1501146590 196829
1501146590 264064
1501146590 331569
1501146590 397707
1501146590 464811
1501146590 753534
1501146590 849193
1501146590 915828
1501146591 11222
1501146591 202866
1501146591 269898
1501146591 336291
1501146591 403214
1501146591 662961
1501146591 757980
1501146591 873314
1501146592 84929
1501146592 151022
1501146592 247328
1501146592 313370
1501146592 381457
1501146592 495957
1501146592 687437
1501146592 859955
1501146592 925942
1501146592 993089
1501146593 204713
1501146593 270854
1501146593 329217
1501146593 396090
1501146593 453309
1501146593 510300
1501146593 566635
1501146593 710995
1501146593 769127
1501146593 941507
1501146594 103970
1501146594 248335
1501146594 305328
1501146594 372449
1501146594 449594
1501146594 515842
1501146594 794709
1501146595 485384
1501146595 552319
1501146595 618529
1501146595 724726
1501146595 791004
1501146595 858101
1501146595 925168
1501146595 992309
1501146596 59449
1501146596 126874
1501146596 194582
1501146596 261802
1501146596 329284
1501146596 395446
1501146596 462540
1501146596 529638
1501146596 597631
1501146596 663883
1501146596 730989
1501146596 798074
1501146596 865250
1501146596 932363
1501146597 38803
1501146597 115072
1501146597 258366
1501146597 334562
1501146597 536202
1501146597 603293
1501146597 669496
1501146597 736638
1501146597 803823
1501146597 871010
1501146597 938966
1501146598 5215
1501146598 72400
1501146598 197609
1501146598 350115
1501146598 418221
1501146598 484458
1501146598 551466
1501146598 618624
1501146598 685762
1501146598 752994
1501146598 820270
1501146598 887249
1501146599 50694
1501146599 117745
1501146599 184933
1501146599 252195
1501146599 319222
1501146599 386263
1501146599 453632
1501146599 520589
1501146599 587824
1501146599 655068
1501146599 732072
1501146599 828297
1501146599 895378
1501146599 962421
1501146600 29876
1501146600 97023
1501146600 164022
1501146600 356810
1501146600 422836
1501146600 490089
1501146600 557133
1501146600 672273
1501146600 874031
1501146601 104574
1501146601 170658
1501146601 237776
1501146601 304911
1501146601 372118
1501146601 439239
1501146601 506468
1501146601 573609
1501146601 640599
1501146601 717751
1501146601 783935
1501146601 841119
1501146601 899127
1501146601 956419
1501146602 14355
1501146602 71489
1501146602 129802
1501146602 254100
1501146602 312221
1501146602 369341
1501146602 425779
1501146602 483781
1501146602 540947
1501146602 598970
1501146602 656166
1501146602 771316
1501146602 858729
1501146602 972858
1501146603 40031
1501146603 98184
1501146603 174227
1501146603 232387
1501146603 299552
1501146603 424844
1501146603 490992
1501146603 577270
1501146603 635436
1501146603 692724
1501146603 750076
1501146603 912198
1501146603 970162
1501146604 37282
1501146604 104488
1501146604 171769
1501146604 238912
1501146604 306015
1501146604 373094
1501146604 440334
1501146605 122022
1501146605 188971
1501146605 400475
1501146605 466719
1501146605 533883
1501146605 640041
1501146605 744552
1501146605 812440
1501146605 878884
1501146605 945813
1501146606 186425
1501146606 396980
1501146606 502128
1501146606 569564
1501146606 637669
1501146606 704692
1501146606 770838
1501146606 837950
1501146606 953183
1501146607 40412
1501146607 442593
1501146607 605734
1501146607 682788
1501146607 749892
1501146607 894277
1501146607 960446
1501146608 27596
1501146608 94831
1501146608 162090
1501146608 229088
1501146608 297100
1501146608 363359
1501146608 430579
1501146608 497642
1501146608 564907
1501146608 631972
1501146608 699225
1501146608 766368
1501146608 833514
1501146608 900795
1501146608 967844
1501146609 35928
1501146609 102075
1501146609 169205
1501146609 236476
1501146609 303527
1501146609 370704
1501146609 437900
1501146609 505055
1501146609 572261
1501146609 640355
1501146609 706331
1501146609 773638
1501146609 840835
1501146609 908057
1501146609 975143
1501146610 42287
1501146610 109337
1501146610 176625
1501146610 369154
1501146610 493402
1501146610 560499
1501146610 627706
1501146610 694744
1501146610 761847
1501146610 829059
1501146610 896269
1501146610 963403
1501146611 30453
1501146611 145855
1501146611 213119
1501146611 299064
1501146611 386243
1501146611 452446
1501146611 519570
1501146611 693367
1501146611 760178
1501146611 874635
1501146611 940727
1501146612 7810
1501146612 74998
1501146612 142173
1501146612 209300
1501146612 276655
1501146612 469094
1501146612 564283
1501146612 746760
1501146612 841925
1501146613 81476
1501146613 196713
1501146613 282874
1501146613 379302
1501146613 494337
1501146613 638933
1501146613 695907
1501146613 792082
1501146613 848264
1501146613 906457
1501146613 963760
1501146614 137006
1501146614 203130
1501146614 261242
1501146614 337432
1501146614 472762
1501146614 567996
1501146614 635176
1501146614 702218
1501146614 769425
1501146614 836741
1501146614 922894
1501146614 989944
1501146615 86106
1501146615 144334
1501146615 210808
1501146615 344852
1501146615 402900
1501146615 470110
1501146615 604486
1501146615 748856
1501146615 835151
1501146615 901948
1501146615 968203
1501146616 35638
1501146616 102526
1501146616 169584
1501146616 236944
1501146616 304022
1501146616 371161
1501146616 438243
1501146616 505326
1501146616 572467
1501146616 649800
1501146617 168439
1501146617 340634
1501146617 426720
1501146617 532875
1501146617 598970
1501146617 666417
1501146617 733239
1501146617 800753
1501146617 867600
1501146617 935682
1501146618 2067
1501146618 69157
1501146618 136401
1501146618 203486
1501146618 270566
1501146618 337777
1501146618 404830
1501146618 472352
1501146618 540102
1501146618 606294
1501146618 673464
1501146618 740841
1501146618 942413
1501146619 38477
1501146619 105406
1501146619 182684
1501146619 536832
1501146619 699979
1501146619 767101
1501146619 834206
1501146619 901417
1501146619 968509
1501146620 689234
1501146620 755494
1501146620 860706
1501146620 927775
1501146620 995031
1501146621 61981
1501146621 129380
1501146621 196308
1501146621 264344
1501146621 455002
1501146621 609340
1501146621 771819
1501146621 857999
1501146621 925118
1501146622 2239
1501146622 242041
1501146622 319052
1501146622 386136
1501146622 453459
1501146622 520415
1501146622 616903
1501146622 703040
1501146622 808098
1501146623 46882
1501146623 113983
1501146623 181186
1501146623 306342
1501146623 373503
1501146623 536903
1501146623 603081
1501146623 661113
1501146623 832805
1501146623 919931
1501146623 977000
1501146624 225989
1501146624 551481
1501146624 714790
1501146624 772926
1501146624 829987
1501146624 887157
1501146624 945407
1501146625 2346
1501146625 69900
1501146625 126805
1501146625 193885
1501146625 309268
1501146625 394616
1501146625 702207
1501146625 769389
1501146625 836521
1501146625 903800
1501146625 970892
1501146626 96051
1501146626 220504
1501146626 363811
1501146626 430960
1501146626 498127
1501146626 565171
1501146626 632222
1501146626 699459
1501146626 766590
1501146626 833681
1501146627 83501
1501146627 151492
1501146627 217957
1501146627 429169
1501146627 496282
1501146627 563730
1501146627 630726
1501146627 696800
1501146627 773948
1501146627 841101
1501146628 100743
1501146628 387498
1501146628 541732
1501146628 607988
1501146628 790543
1501146628 857515
1501146628 924698
1501146629 107287
1501146629 203197
1501146629 270350
1501146629 396128
1501146629 463012
1501146629 528974
1501146629 596147
1501146629 663376
1501146629 731458
1501146630 38241
1501146630 104362
1501146630 171511
1501146630 278052
1501146630 344932
1501146630 411233
1501146630 478166
1501146630 545359
1501146630 612575
1501146630 679662
1501146630 997651
1501146631 63815
1501146631 131729
1501146631 207852
1501146631 294118
1501146631 361305
1501146631 428442
1501146631 495516
1501146631 562761
1501146631 629733
1501146631 764317
1501146632 235465
1501146632 301548
1501146632 368698
1501146632 435014
1501146632 502036
1501146632 569149
1501146632 636318
1501146632 712493
1501146632 770639
1501146632 933983
1501146633 29274
1501146633 86584
1501146633 143637
1501146633 200854
1501146633 276945
1501146633 516779
1501146633 602972
1501146633 660866
1501146633 718124
1501146633 776245
1501146633 833338
1501146633 900372
1501146633 967452
1501146634 188334
1501146634 255334
1501146634 313382
1501146634 389595
1501146634 523119
1501146634 590052
1501146634 657261
1501146634 724699
1501146634 791669
1501146634 858813
1501146634 926135
1501146634 993062
1501146635 60515
1501146635 128557
1501146635 406123
1501146635 473187
1501146635 751943
1501146635 905378
1501146636 87782
1501146636 154879
1501146636 222064
1501146636 289983
1501146636 490874
1501146636 557680
1501146636 663955
1501146636 730026
1501146636 797241
1501146636 941671
1501146637 7685
1501146637 74910
1501146637 142207
1501146637 209344
1501146637 277293
1501146637 343451
1501146637 410819
1501146637 477898
1501146637 544928
1501146637 612172
1501146637 679198
1501146637 987009
1501146638 63235
1501146638 158620
1501146638 224751
1501146638 291879
1501146638 359080
1501146638 426187
1501146638 494131
1501146638 560481
1501146638 627986
1501146638 693921
1501146638 762090
1501146638 828116
1501146638 895344
1501146638 963668
1501146639 29630
1501146639 96923
1501146639 163998
1501146639 231357
1501146639 568022
1501146639 634194
1501146639 701250
1501146639 768505
1501146639 835590
1501146639 902882
1501146640 27935
1501146640 142311
1501146640 411276
1501146640 526302
1501146640 669601
1501146640 795135
1501146640 890108
1501146640 948123
1501146641 5469
1501146641 63324
1501146641 120539
1501146641 178649
1501146641 235743
1501146641 292048
1501146641 398288
1501146641 522670
1501146641 637020
1501146641 704224
1501146641 771320
1501146641 838512
1501146641 896677
1501146641 962705
1501146642 29801
1501146642 97003
1501146642 164236
1501146642 231346
1501146642 346642
1501146642 423920
1501146642 490880
1501146642 558079
1501146642 625108
1501146642 692400
1501146642 759467
1501146642 826583
1501146642 893716
1501146643 172507
1501146643 335895
1501146643 402240
1501146643 469323
1501146643 537223
1501146643 603554
1501146643 670613
1501146643 737781
1501146643 805068
1501146643 872078
1501146643 939211
1501146644 6411
1501146644 150903
1501146644 304309
1501146644 495835
1501146644 716264
1501146644 821422
1501146644 887835
1501146644 954726
1501146645 21904
1501146645 99088
1501146645 166070
1501146645 233187
1501146645 300513
1501146645 367538
1501146645 434740
1501146645 501800
1501146645 569058
1501146645 761716
1501146645 866878
1501146645 943140
1501146646 124563
1501146646 191707
1501146646 258012
1501146646 325117
1501146646 392227
1501146646 459323
1501146646 526576
1501146646 593722
1501146646 660902
1501146646 747080
1501146646 881420
1501146646 939707
1501146647 34684
1501146647 101955
1501146647 160011
1501146647 226284
1501146647 284293
1501146647 350656
1501146647 436808
1501146647 494873
1501146647 562303
1501146647 724550
1501146647 790869
1501146648 79359
1501146648 145506
1501146648 203639
1501146648 269813
1501146648 337184
1501146648 557694
1501146648 624618
1501146648 690949
1501146648 835523
1501146648 921626
1501146649 17019
1501146649 227217
1501146649 294476
1501146649 361568
1501146649 428752
1501146649 495879
1501146649 592087
1501146649 659258
1501146649 726382
1501146649 793564
1501146649 899597
1501146650 5055
1501146650 101167
1501146650 168381
1501146650 312719
1501146650 378869
1501146650 724770
1501146650 791968
1501146650 945289
1501146651 89483
1501146651 194750
1501146651 358320
1501146651 425425
1501146651 521485
1501146651 588602
1501146651 655763
1501146651 722881
1501146651 790032
1501146651 934383
1501146652 11376
1501146652 537967
1501146652 605099
1501146652 672269
1501146652 739276
1501146652 806515
1501146653 28071
1501146653 114422
1501146653 181350
1501146653 247465
1501146653 334567
1501146653 507056
1501146653 573402
1501146653 640521
1501146653 707662
1501146653 774810
1501146653 841919
1501146653 909009
1501146653 976073
1501146654 44111
1501146654 110546
1501146654 177669
1501146654 244918
1501146654 311953
1501146654 379211
1501146654 446275
1501146654 513440
1501146654 579870
1501146654 646951
1501146654 713821
1501146654 780933
1501146654 848262
1501146654 914576
1501146654 972530
1501146655 28880
1501146655 86947
1501146655 144459
1501146655 202520
1501146655 259454
1501146655 451227
1501146655 547345
1501146655 614262
1501146655 767804
1501146655 883107
1501146656 103659
1501146656 160504
1501146656 217700
1501146656 275948
1501146656 390364
1501146656 496377
1501146656 562400
1501146656 629841
1501146656 840639
1501146656 907458
1501146657 90058
1501146657 157002
1501146657 224216
1501146657 291472
1501146657 387693
1501146657 502900
1501146657 609101
1501146657 675190
1501146657 771584
1501146657 896857
1501146658 165524
1501146658 232638
1501146658 481283
1501146658 548467
1501146658 654614
1501146658 798041
1501146658 864974
1501146658 931146
1501146658 998373
1501146659 65399
1501146659 132625
1501146659 199674
1501146659 266954
1501146659 334024
1501146659 402112
1501146659 468336
1501146659 535509
1501146659 602627
1501146659 670135
1501146659 737239
1501146659 918564
1501146659 995669
1501146660 62726
1501146660 129920
1501146660 197167
1501146660 264301
1501146660 398560
1501146660 523852
1501146660 590172
1501146660 657301
1501146660 724517
1501146660 935984
1501146661 174747
1501146661 241971
1501146661 309204
1501146661 376507
1501146661 443367
1501146661 510350
1501146661 778313
1501146661 845276
1501146661 941452
1501146662 8760
1501146662 75578
1501146662 296563
1501146662 363600
1501146662 439589
1501146662 497724
1501146662 554796
1501146662 611972
1501146662 668250
1501146662 889888
1501146662 947178
1501146663 4178
1501146663 272856
1501146663 339927
1501146663 407051
1501146663 541358
1501146663 608493
1501146663 666528
1501146663 751931
1501146663 915276
1501146663 992252
1501146664 135892
1501146664 251106
1501146664 491592
1501146664 557696
1501146664 625836
1501146664 692145
1501146664 759225
1501146664 826473
1501146664 893524
1501146664 961571
1501146665 27771
1501146665 94850
1501146665 162021
1501146665 229165
1501146665 296405
1501146665 364440
1501146665 430631
1501146665 603956
1501146665 670203
1501146665 737523
1501146665 804639
1501146665 871818
1501146665 938874
1501146666 6104
1501146666 141280
1501146666 207581
1501146666 293669
1501146666 360935
1501146666 429074
1501146666 495444
1501146666 562385
1501146666 687684
1501146666 753805
1501146666 820864
1501146667 51731
1501146667 128859
1501146667 194942
1501146667 282069
1501146667 454617
1501146667 665177
1501146667 866526
1501146667 932891
1501146668 28898
1501146668 96122
1501146668 163106
1501146668 230237
1501146668 297390
1501146668 364604
1501146668 431855
1501146668 498995
1501146668 614468
1501146668 681488
1501146668 749572
1501146668 815788
1501146668 941046
1501146669 401290
1501146669 516274
1501146669 592456
1501146669 659633
1501146669 775017
1501146669 841246
1501146669 907363
1501146669 993620
1501146670 51656
1501146670 108835
1501146670 167220
1501146670 272230
1501146670 338329
1501146670 395556
1501146670 453627
1501146670 510925
1501146670 569044
1501146670 626107
1501146670 683338
1501146670 740556
1501146670 806857
1501146670 874007
1501146670 931873
1501146670 999180
1501146671 199671
1501146671 266784
1501146671 334038
1501146671 403708
1501146671 469162
1501146671 554524
1501146671 621472
1501146671 689023
1501146671 755902
1501146671 823106
1501146671 890261
1501146671 958323
1501146672 43716
1501146672 312379
1501146672 380388
1501146672 668371
1501146672 974905
1501146673 119068
1501146673 243420
1501146673 309512
1501146673 876024
1501146673 942295
1501146674 96519
1501146674 162745
1501146674 393529
1501146674 460484
1501146674 526768
1501146674 593887
1501146674 660972
1501146675 54873
1501146675 275580
1501146675 343425
1501146675 409613
1501146675 476978
1501146675 553834
1501146675 659298
1501146675 726339
1501146675 908857
1501146675 975871
1501146676 43265
1501146676 129300
1501146676 195584
1501146676 262767
1501146676 329744
1501146676 396977
1501146676 464037
1501146676 531239
1501146676 598435
1501146676 665460
1501146676 723619
1501146676 789880
1501146676 867379
1501146676 934143
1501146677 545
1501146677 298217
1501146677 356237
1501146677 422448
1501146677 480619
1501146677 537662
1501146677 594786
1501146677 652976
1501146677 710109
1501146677 767282
1501146677 833612
1501146677 977830
1501146678 34915
1501146678 93043
1501146678 322759
1501146678 389783
1501146678 457067
1501146678 514963
1501146678 802005
1501146678 898072
1501146679 3482
1501146679 71384
1501146679 359150
1501146679 483623
1501146679 597765
1501146679 664816
1501146679 732849
1501146679 838514
1501146679 905506
1501146679 971543
1501146680 38742
1501146680 105988
1501146680 173812
1501146680 240319
1501146680 307299
1501146680 374581
1501146680 441632
1501146680 508880
1501146680 653338
1501146680 719387
1501146680 786466
1501146680 854645
1501146680 920832
1501146680 987962
1501146681 55174
1501146681 209480
1501146681 420073
1501146681 612506
1501146681 698629
1501146681 880282
1501146681 947208
1501146682 14388
1501146682 81589
1501146682 148625
1501146682 274037
1501146682 455568
1501146682 570986
1501146682 637014
1501146682 714090
1501146682 828584
1501146683 49120
1501146683 136095
1501146683 202154
1501146683 269510
1501146683 433162
1501146683 500230
1501146683 711136
1501146683 835011
1501146684 132636
1501146684 267888
1501146684 651524
1501146684 717861
1501146684 784259
1501146685 120155
1501146685 207147
1501146685 388637
1501146685 648177
1501146685 714365
1501146685 829405
1501146685 896790
1501146685 962839
1501146686 21056
1501146686 78073
1501146686 135276
1501146686 212465
1501146686 298843
1501146686 356776
1501146686 414125
1501146686 471179
1501146686 605591
1501146686 912321
1501146687 170930
1501146687 237890
1501146687 295910
1501146687 362218
1501146687 429480
1501146687 496769
1501146687 563628
1501146687 629861
1501146687 697330
1501146687 764392
1501146687 831624
1501146687 917735
1501146688 330756
1501146688 397758
1501146688 465060
1501146688 552041
1501146688 618542
1501146688 752862
1501146688 819893
1501146688 886184
1501146688 954118
1501146689 20201
1501146689 87467
1501146689 154641
1501146689 222691
1501146689 298946
1501146689 365113
1501146689 432461
1501146689 509569
1501146689 750130
1501146689 817103
1501146689 931655
1501146689 998554
1501146690 105329
1501146690 287206
1501146690 449604
1501146690 516956
1501146690 727554
1501146691 5301
1501146691 72414
1501146691 140267
1501146691 206518
1501146691 369744
1501146691 476113
1501146691 542258
1501146691 608650
1501146691 675594
1501146691 743190
1501146691 810004
1501146691 896680
1501146692 10694
1501146692 77701
1501146692 144767
1501146692 318572
1501146692 385512
1501146692 480653
1501146692 566880
1501146692 634005
1501146692 701191
1501146692 768219
1501146692 902663
1501146693 36992
1501146693 104063
1501146693 161122
1501146693 219231
1501146693 363900
1501146693 430791
1501146693 583440
1501146693 727554
1501146693 785708
1501146693 842707
1501146693 899786
1501146693 956185
1501146694 71736
1501146694 129410
1501146694 186674
1501146694 244713
1501146694 302013
1501146694 360001
1501146694 417222
1501146694 483642
1501146694 541597
1501146694 598694
1501146694 664951
1501146694 857650
1501146694 962929
1501146695 154244
1501146695 230401
1501146695 345735
1501146695 412787
1501146695 594522
1501146695 689690
1501146695 882107
1501146696 169786
1501146696 476581
1501146696 543517
1501146696 686981
1501146696 753076
1501146696 820416
1501146696 886701
1501146696 953775
1501146697 20905
1501146697 87886
1501146697 155148
1501146697 222260
1501146697 289324
1501146697 346591
1501146697 404967
1501146697 470916
1501146697 529118
1501146697 586101
1501146697 643229
1501146697 701268
1501146697 758643
1501146697 816590
1501146697 873801
1501146697 940173
1501146697 998250
1501146698 55254
1501146698 121558
1501146698 188899
1501146698 254939
1501146698 322190
1501146698 648196
1501146698 715287
1501146698 783324
1501146698 849485
1501146698 916685
1501146698 983780
1501146699 51841
1501146699 185277
1501146699 262456
1501146699 357609
1501146699 655557
1501146699 837814
1501146699 971318
1501146700 39313
1501146700 105430
1501146700 173444
1501146700 239741
1501146700 306926
1501146700 374022
1501146700 489275
1501146700 575478
1501146700 643677
1501146700 921533
1501146701 36811
1501146701 103702
1501146701 371507
1501146701 439394
1501146701 543901
1501146701 611883
1501146701 793533
1501146701 860546
1501146701 926917
1501146701 993093
1501146702 60113
1501146702 127542
1501146702 194425
1501146702 261525
1501146702 337751
1501146702 453186
1501146702 511216
1501146702 577406
1501146702 635495
1501146702 692632
1501146702 749984
1501146702 808131
1501146702 865144
1501146702 922251
1501146702 980475
1501146703 161823
1501146703 335343
1501146703 392649
1501146703 449693
1501146703 612034
1501146703 679332
1501146703 746414
1501146703 842584
1501146703 900493
1501146703 966892
1501146704 33987
1501146704 101247
1501146704 168309
1501146704 226404
1501146704 292715
1501146704 475113
1501146704 782853
1501146704 868863
1501146704 964265
1501146705 69437
1501146705 135675
1501146705 202841
1501146705 366148
1501146705 491604
1501146705 750213
1501146706 105079
1501146706 277463
1501146706 363656
1501146706 429931
1501146706 727741
1501146707 34458
1501146707 101564
1501146707 235692
1501146707 301927
1501146707 522720
1501146707 617754
1501146707 684919
1501146707 753122
1501146707 820094
1501146707 886367
1501146707 953392
1501146708 20599
1501146708 87730
1501146708 154958
1501146708 221987
1501146708 289214
1501146708 356508
1501146708 422676
1501146708 480676
1501146708 586059
1501146708 644112
1501146708 749338
1501146708 806587
1501146708 863647
1501146708 920822
1501146709 151494
1501146709 209496
1501146709 266722
1501146709 323841
1501146709 380854
1501146709 437928
1501146709 496100
1501146709 553342
1501146709 956596
1501146710 62546
1501146710 398497
1501146710 484628
1501146710 724232
1501146710 791317
1501146710 857675
1501146710 924660
1501146710 991837
1501146711 59064
1501146711 146045
1501146711 212411
1501146711 318428
1501146711 423736
1501146711 489973
1501146711 557147
1501146711 624394
1501146711 691409
1501146711 826918
1501146711 970292
1501146712 180789
1501146712 449454
1501146712 517566
1501146712 651750
1501146712 718024
1501146712 785131
1501146712 853036
1501146712 919323
1501146713 25478
1501146713 245246
1501146713 380499
1501146713 494813
1501146713 572057
1501146713 696397
1501146713 763323
1501146713 829751
1501146713 954143
1501146714 21244
1501146714 116575
1501146714 222667
1501146714 298845
1501146714 365787
1501146714 472097
1501146714 538271
1501146714 605431
1501146714 682562
1501146714 845120
1501146714 911278
1501146714 978425
1501146715 45601
1501146715 420577
1501146715 487765
1501146715 553841
1501146715 621053
1501146715 688136
1501146715 755269
1501146715 822380
1501146715 928597
1501146715 994880
1501146716 62154
1501146716 129149
1501146716 195515
1501146716 253467
1501146716 310686
1501146716 367807
1501146716 425002
1501146716 482219
1501146716 548538
1501146716 615977
1501146716 682749
1501146716 748939
1501146716 816095
1501146716 883288
1501146717 8880
1501146717 123882
1501146717 353443
1501146717 449547
1501146717 515833
1501146717 583089
1501146717 650225
1501146717 717554
1501146717 784392
1501146717 852699
1501146717 918723
1501146717 986673
1501146718 53046
1501146718 120351
1501146718 437020
1501146718 523305
1501146718 590311
1501146718 657619
1501146718 725575
1501146718 791782
1501146718 858925
1501146718 926264
1501146718 994184
1501146719 80487
1501146719 203760
1501146719 367246
1501146719 491700
1501146719 741218
1501146720 250067
1501146720 316520
1501146720 382774
1501146720 536145
1501146720 651429
1501146720 728380
1501146720 795565
1501146720 862845
1501146720 929885
1501146721 6014
1501146721 72398
1501146721 168636
1501146721 234874
1501146721 350093
1501146721 408089
1501146721 465252
1501146721 714096
1501146721 771168
1501146721 866625
1501146721 933488
1501146721 999818
1501146722 240474
1501146722 538135
1501146722 748630
1501146722 815754
1501146722 882871
1501146722 948964
1501146723 151638
1501146723 218717
1501146723 285754
1501146723 372131
1501146723 439131
1501146723 505613
1501146723 572459
1501146723 678786
1501146723 744882
1501146724 177157
1501146724 245248
1501146724 312094
1501146724 378343
1501146724 551755
1501146724 627959
1501146724 694166
1501146724 761301
1501146724 829460
1501146724 895862
1501146724 962967
1501146725 29964
1501146725 97979
1501146725 164178
1501146725 231377
1501146725 298617
1501146725 577368
1501146725 701696
1501146725 835991
1501146725 902138
1501146726 94663
1501146726 161790
1501146726 602840
1501146726 871595
1501146727 274430
1501146727 427616
1501146727 715343
1501146727 781598
1501146727 848755
1501146727 955042
1501146728 50212
1501146728 117232
1501146728 184437
1501146728 406206
1501146728 616663
1501146728 837167
1501146728 904084
1501146728 970444
1501146729 316352
1501146729 517702
1501146729 652054
1501146729 719104
1501146729 785373
1501146729 852615
1501146729 919658
1501146730 15848
1501146730 83066
1501146730 150220
1501146730 217296
1501146730 322604
1501146730 388867
1501146730 446854
1501146730 503975
1501146730 561181
1501146730 618353
1501146730 684531
1501146730 751765
1501146730 809808
1501146730 866910
1501146730 933261
1501146731 575
1501146731 67661
1501146731 134773
1501146731 200947
1501146731 268183
1501146731 336069
1501146731 402201
1501146731 469701
1501146731 536620
1501146731 603866
1501146731 690035
1501146731 758210
1501146731 824434
1501146732 74163
1501146732 180299
1501146732 266350
1501146732 476848
1501146732 610590
1501146732 772879
1501146732 840876
1501146732 927100
1501146732 993231
1501146733 61481
1501146733 204739
1501146733 271857
1501146733 339036
1501146733 406259
1501146733 473279
1501146733 742087
1501146733 809026
1501146733 924281
1501146733 991448
1501146734 59455
1501146734 125704
1501146734 193016
1501146734 298577
1501146734 441852
1501146734 518936
1501146734 662478
1501146734 729438
1501146734 824702
1501146734 901046
1501146735 121372
1501146735 437243
1501146735 504425
1501146735 581545
1501146735 658606
1501146735 724890
1501146735 792192
1501146735 859277
1501146735 964382
1501146736 175237
1501146736 232312
1501146736 452907
1501146736 615396
1501146736 836716
1501146736 893830
1501146736 959983
1501146737 28115
1501146737 94447
1501146737 161529
1501146737 229535
1501146737 296099
1501146737 362907
1501146737 429017
1501146737 544524
1501146737 611513
1501146737 678682
1501146737 745791
1501146737 813867
1501146737 899259
1501146737 966309
1501146738 33497
1501146738 158874
1501146738 225205
1501146738 293099
1501146738 359462
1501146738 426476
1501146738 493623
1501146738 561722
1501146738 715475
1501146738 782199
1501146738 848452
1501146738 915502
1501146738 982762
1501146739 49936
1501146739 117099
1501146739 185338
1501146739 251468
1501146739 319613
1501146739 385690
1501146739 453757
1501146739 520119
1501146739 616359
1501146739 942272
1501146740 18350
1501146740 85416
1501146740 152597
1501146740 334930
1501146740 709970
1501146740 796258
1501146740 911360
1501146740 977588
1501146741 45691
1501146741 112678
1501146741 179075
1501146741 246086
1501146741 313273
1501146741 380313
1501146741 447583
1501146741 515573
1501146741 581917
1501146741 649015
1501146741 716287
1501146741 841542
1501146741 966005
1501146742 205454
1501146742 272573
1501146742 338844
1501146742 405787
1501146742 521126
1501146742 588237
1501146742 673918
1501146742 837106
1501146742 895022
1501146742 952176
1501146743 9353
1501146743 66542
1501146743 354241
1501146743 420456
1501146743 478666
1501146743 544778
1501146743 718212
1501146743 813634
1501146744 24071
1501146744 91395
1501146744 167507
1501146744 234410
1501146744 426048
1501146744 493319
1501146744 560372
1501146744 626483
1501146744 732818
1501146744 962868
1501146745 107105
1501146745 260046
1501146745 355658
1501146745 470579
1501146746 151723
1501146746 622450
1501146746 832971
1501146747 53478
1501146747 120545
1501146747 187570
1501146747 292854
1501146747 369036
1501146747 436102
1501146747 839359
1501146747 907429
1501146748 300440
1501146748 367489
1501146748 434650
1501146748 510730
1501146749 10312
1501146749 77155
1501146749 144086
1501146749 210439
1501146749 432107
1501146749 604327
1501146749 671337
1501146749 737548
1501146749 804962
1501146749 871796
1501146749 938164
1501146749 996257
1501146750 72518
1501146750 303303
1501146750 456535
1501146750 561609
1501146750 801291
1501146750 944673
1501146751 21674
1501146751 184272
1501146751 241293
1501146751 308435
1501146751 375527
1501146751 442762
1501146751 508937
1501146751 577101
1501146751 662557
1501146751 730433
1501146751 796825
1501146751 863863
1501146751 930980
1501146752 18034
1501146752 170636
1501146752 564709
1501146752 746763
1501146752 889596
1501146753 52906
1501146753 330574
1501146753 397677
1501146753 464692
1501146753 532731
1501146753 599043
1501146753 666264
1501146753 733211
1501146753 800358
1501146753 868519
1501146753 934878
1501146754 1921
1501146754 69366
1501146754 136246
1501146754 204387
1501146754 271438
1501146754 337692
1501146754 404928
1501146754 471996
1501146754 539183
1501146754 607294
1501146754 673521
1501146754 741427
1501146754 807708
1501146754 874856
1501146754 980249
1501146755 249939
1501146755 556737
1501146755 758193
1501146755 911561
1501146756 35750
1501146756 141832
1501146756 266452
1501146756 400532
1501146756 534982
1501146756 726479
1501146756 917488
1501146756 984415
1501146757 206228
1501146757 435861
1501146757 503046
1501146757 570116
1501146757 752870
1501146757 983434
1501146758 300064
1501146758 386304
1501146758 692855
1501146758 759960
1501146758 885424
1501146759 19639
1501146759 95940
1501146759 162981
1501146759 230055
1501146759 402675
1501146759 565226
1501146759 642162
1501146759 785662
1501146759 920033
1501146759 986977
1501146760 82282
1501146760 159109
1501146760 225702
1501146760 292782
1501146760 359053
1501146760 494379
1501146760 561446
1501146760 628590
1501146760 695642
1501146760 761946
1501146760 820204
1501146760 887241
1501146760 944327
1501146761 1503
1501146761 58787
1501146761 115889
1501146761 182019
1501146761 240142
1501146761 306537
1501146761 373491
1501146761 566127
1501146761 700484
1501146761 767638
1501146761 834552
1501146761 900783
1501146761 968267
1501146762 35104
1501146762 101336
1501146762 168526
1501146762 274775
1501146762 340994
1501146762 409103
1501146762 476163
1501146762 542632
1501146762 783113
1501146762 888408
1501146762 955443
1501146763 387498
1501146763 521791
1501146763 588940
1501146763 656002
1501146763 722363
1501146763 799220
1501146763 866406
1501146763 933530
1501146764 886
1501146764 67875
1501146764 135193
1501146764 202224
1501146764 269282
1501146764 394745
1501146764 460811
1501146764 528924
1501146764 595144
1501146764 662263
1501146764 729642
1501146764 796776
1501146764 902998
1501146765 56381
1501146765 171622
1501146765 334287
1501146765 592586
1501146765 658776
1501146765 726006
1501146765 792227
1501146765 859275
1501146766 3658
1501146766 79830
1501146766 147041
1501146766 223337
1501146766 299654
1501146766 356753
1501146766 413743
1501146766 471083
1501146766 529169
1501146766 701629
1501146766 768762
1501146766 941238
1501146767 238039
1501146767 430361
1501146767 497327
1501146767 698166
1501146767 765342
1501146767 832243
1501146767 899496
1501146767 967421
1501146768 33680
1501146768 341441
1501146768 436745
1501146768 503734
1501146768 570976
1501146768 638073
1501146768 868899
1501146768 935992
1501146769 2925
1501146769 69304
1501146769 136365
1501146769 203640
1501146769 270562
1501146769 338664
1501146769 404875
1501146769 472140
1501146769 654714
1501146769 769866
1501146769 846054
1501146769 913114
1501146769 990373
1501146770 57454
1501146770 123677
1501146770 190979
1501146770 316322
1501146770 383316
1501146770 449525
1501146770 882554
1501146770 949717
1501146771 73914
1501146771 208238
1501146771 322561
1501146771 447853
1501146771 514181
1501146771 609379
1501146771 676418
1501146771 802027
1501146771 898243
1501146771 964130
1501146772 30525
1501146772 165621
1501146772 289890
1501146772 356143
1501146772 423168
1501146772 490681
1501146772 557684
1501146772 623975
1501146772 691016
1501146772 758107
1501146772 825237
1501146772 892661
1501146772 959642
1501146773 25897
1501146773 285598
1501146773 342730
1501146773 399877
1501146773 457163
1501146773 514100
1501146773 571246
1501146773 637574
1501146773 704656
1501146773 887140
1501146773 954282
1501146774 233182
1501146774 300112
1501146774 367428
1501146774 434279
1501146774 500702
1501146774 567757
1501146774 634903
1501146774 702925
1501146774 769147
1501146774 836419
1501146774 903578
1501146774 970667
1501146775 57891
1501146775 249829
1501146775 383979
1501146775 450766
1501146775 594310
1501146775 661283
1501146775 727658
1501146775 794920
1501146775 862882
1501146775 948162
1501146776 15177
1501146776 92535
1501146776 159596
1501146776 437152
1501146776 562478
1501146776 764175
1501146776 831192
1501146776 898294
1501146776 965426
1501146777 31821
1501146777 186106
1501146777 253071
1501146777 320114
1501146777 656217
1501146777 722365
1501146777 789448
1501146777 856640
1501146777 923706
1501146778 19219
1501146778 431117
1501146778 575351
1501146778 642528
1501146778 825068
1501146778 892117
1501146778 978273
1501146779 102513
1501146779 168806
1501146779 236194
1501146779 303183
1501146779 408489
1501146779 475466
1501146779 532651
1501146779 589782
1501146779 646938
1501146779 704250
1501146779 770782
1501146779 942924
1501146780 86582
1501146780 220800
1501146780 287694
1501146780 469211
1501146780 565362
1501146780 709725
1501146780 775986
1501146780 844050
1501146781 141024
1501146781 226200
1501146781 293246
1501146781 360442
1501146781 428352
1501146781 494627
1501146781 561878
1501146781 628981
1501146781 821649
1501146782 71101
1501146782 138234
1501146782 204333
1501146782 271793
1501146782 376949
1501146782 501297
1501146782 568217
1501146782 644410
1501146782 710935
1501146782 797032
1501146782 940407
1501146783 209329
1501146783 343475
1501146783 467971
1501146783 583040
1501146783 650285
1501146783 976145
1501146784 72054
1501146784 138295
1501146784 206507
1501146784 465221
1501146784 599248
1501146784 704483
1501146784 770827
1501146784 925033
1501146784 991492
1501146785 116704
1501146785 289165
1501146785 432461
1501146785 528812
1501146785 653052
1501146785 758339
1501146786 113329
1501146786 180444
1501146786 247439
1501146786 314573
1501146786 381599
1501146786 447836
1501146786 515050
1501146786 582350
1501146786 649366
1501146786 715555
1501146786 773584
1501146786 830862
1501146786 887991
1501146787 165938
1501146787 232882
1501146787 328235
1501146787 414323
1501146787 481563
1501146787 548660
1501146787 614875
1501146787 682992
1501146787 749180
1501146788 172351
1501146788 402785
1501146788 469872
1501146788 604194
1501146788 738364
1501146788 805501
1501146788 872052
1501146788 939047
1501146789 54130
1501146789 121374
1501146789 227642
1501146789 601640
1501146790 33628
1501146790 157901
1501146790 224976
1501146790 292073
1501146790 358206
1501146790 425364
1501146790 493450
1501146790 559617
1501146790 626779
1501146790 693930
1501146790 761296
1501146790 828367
1501146790 896428
1501146791 29850
1501146791 308583
1501146791 375613
1501146791 451675
1501146791 518876
1501146791 585997
1501146791 653205
1501146791 816689
1501146791 998315
1501146792 65299
1501146792 133411
1501146792 200512
1501146792 267037
1501146792 333068
1501146792 438305
1501146792 688012
1501146792 870434
1501146793 61925
1501146793 292538
1501146793 378607
1501146793 445614
1501146793 511830
1501146793 578961
1501146793 646044
1501146793 732472
1501146793 799556
1501146793 991087
1501146794 125752
1501146794 182507
1501146794 240564
1501146794 326837
1501146794 384014
1501146794 440961
1501146794 661845
1501146794 786190
1501146794 843221
1501146794 910273
1501146794 976471
1501146795 43657
1501146795 111972
1501146795 178912
1501146795 245256
1501146795 312418
1501146795 380502
1501146795 447459
1501146795 513849
1501146795 581068
1501146795 648147
1501146795 715370
1501146795 782518
1501146795 859558
1501146795 925890
1501146796 118328
1501146796 185481
1501146796 299722
1501146796 367951
1501146796 434878
1501146796 521149
1501146796 587351
1501146796 654516
1501146796 722660
1501146796 847162
1501146797 86658
1501146797 181924
1501146797 316355
1501146797 412301
1501146797 479481
1501146797 546595
1501146797 613755
1501146797 679938
1501146797 747391
1501146797 815313
1501146797 882360
1501146797 948604
1501146798 15691
1501146798 160121
1501146798 226337
1501146798 341594
1501146798 504094
1501146798 571324
1501146798 638417
1501146798 705575
1501146798 772734
1501146798 839895
1501146798 906949
1501146798 973357
1501146799 41565
1501146799 252097
1501146799 520684
1501146799 587736
1501146799 654819
1501146799 722059
1501146799 817320
1501146799 884341
1501146799 999052
1501146800 94146
1501146800 161127
1501146800 246341
1501146800 371821
1501146800 505999
1501146800 563163
1501146800 783876
1501146800 937077
1501146801 109655
1501146801 166744
1501146801 261918
1501146801 349080
1501146801 463322
1501146801 521419
1501146801 587672
1501146802 58945
1501146802 222189
1501146802 384607
1501146802 451774
1501146802 518766
1501146802 586965
1501146802 654009
1501146802 855716
1501146802 922647
1501146802 988964
1501146803 277629
1501146803 469228
1501146803 584368
1501146803 756869
1501146803 823818
1501146803 890999
1501146803 958109
1501146804 25345
1501146804 92323
1501146804 158657
1501146804 225818
1501146804 293007
1501146804 360093
1501146804 428190
1501146804 495461
1501146804 562553
1501146804 629819
1501146804 696805
1501146804 763100
1501146804 840187
1501146804 906335
1501146804 974451
1501146805 40782
1501146805 107849
1501146805 175016
1501146805 243097
1501146805 309294
1501146805 376461
1501146805 463701
1501146805 626207
1501146805 732257
1501146805 846934
1501146805 961999
1501146806 29129
1501146806 96254
1501146806 335852
1501146806 470224
1501146806 988489
1501146807 54602
1501146807 237064
1501146807 304154
1501146807 371428
1501146807 438538
1501146807 505583
1501146807 572656
1501146807 638987
1501146807 706276
1501146807 773128
1501146807 840306
1501146807 907725
1501146807 974847
1501146808 41881
1501146808 109190
1501146808 176103
1501146808 252508
1501146808 309750
1501146808 366620
1501146808 424774
