1502722325 248943
1502722325 374026
1502722325 623243
1502722325 728622
1502722325 968341
1502722326 169729
1502722326 410344
1502722326 601830
1502722326 764976
1502722326 899451
1502722327 52943
1502722327 293476
1502722327 417709
1502722327 600028
1502722327 687047
1502722327 955707
1502722328 128026
1502722328 243451
1502722328 416732
1502722328 665278
1502722328 866874
1502722329 136364
1502722329 222542
1502722329 308735
1502722329 519433
1502722329 625496
1502722329 836051
1502722329 923122
1502722330 47377
1502722330 134080
1502722330 172505
1502722330 229776
1502722330 286933
1502722330 364706
1502722330 460136
1502722330 517637
1502722330 662138
1502722330 699767
1502722330 767153
1502722330 796188
1502722330 930588
1502722331 7448
1502722331 45833
1502722331 151167
1502722331 266427
1502722331 487485
1502722331 525786
1502722331 612045
1502722331 737104
1502722331 813958
1502722331 852292
1502722331 909759
1502722332 15074
1502722332 91986
1502722332 158967
1502722332 236356
1502722332 332380
1502722332 389547
1502722332 447585
1502722332 495184
1502722332 697451
1502722332 792854
1502722332 926797
1502722332 975097
1502722333 167210
1502722333 215634
1502722333 406899
1502722333 473985
1502722333 541326
1502722333 609171
1502722333 656637
1502722333 781841
1502722333 848880
1502722333 916231
1502722334 88515
1502722334 155405
1502722334 184813
1502722334 289823
1502722334 357185
1502722334 444305
1502722334 664722
1502722334 731910
1502722334 799176
1502722334 856154
1502722334 904539
1502722335 77909
1502722335 173993
1502722335 202519
1502722335 240127
1502722335 307188
1502722335 384645
1502722335 441696
1502722335 508779
1502722335 575713
1502722335 634321
1502722335 797451
1502722335 883527
1502722335 950607
1502722335 998026
1502722336 190213
1502722336 238530
1502722336 442229
1502722336 545905
1502722336 679642
1502722336 823879
1502722336 919775
1502722336 986899
1502722337 35373
1502722337 140661
1502722337 226684
1502722337 293731
1502722337 342960
1502722337 428649
1502722337 543610
1502722337 745972
1502722337 840999
1502722337 908119
1502722337 985497
1502722338 100743
1502722338 225147
1502722338 388378
1502722338 455329
1502722338 522485
1502722338 589579
1502722338 646307
1502722338 830084
1502722338 878497
1502722339 12915
1502722339 69600
1502722339 136866
1502722339 185234
1502722339 386644
1502722339 482744
1502722339 607997
1502722339 809537
1502722339 857319
1502722339 924493
1502722339 981969
1502722340 164023
1502722340 193400
1502722340 288563
1502722340 347190
1502722340 538215
1502722340 586358
1502722340 778782
1502722340 816814
1502722341 18079
1502722341 66607
1502722341 288084
1502722341 374238
1502722341 517607
1502722341 565416
1502722341 613056
1502722341 699718
1502722341 805061
1502722341 872040
1502722341 920466
1502722342 92853
1502722342 178795
1502722342 246114
1502722342 333274
1502722342 495907
1502722342 553746
1502722342 620897
