1499342496 593036
1499342496 763244
1499342496 948871
1499342497 135042
1499342497 360665
1499342497 601145
1499342497 791952
1499342497 967803
1499342498 143344
1499342498 313871
1499342498 549235
1499342498 764736
1499342499 26263
1499342499 201727
1499342499 372578
1499342499 563084
1499342499 803639
1499342500 94510
1499342500 485187
1499342500 660888
1499342500 831158
1499342501 36472
1499342501 232373
1499342501 427873
1499342501 698822
1499342501 869205
1499342502 39634
1499342502 220642
1499342502 446541
1499342502 636957
1499342502 827234
1499342502 997682
1499342503 168094
1499342503 363837
1499342503 554325
1499342503 740054
1499342504 156014
1499342504 331610
1499342504 517639
1499342504 713298
1499342504 953623
1499342505 139171
1499342505 524331
1499342505 694809
1499342505 870649
1499342506 56331
1499342506 231512
1499342506 552351
1499342507 27816
1499342507 198487
1499342507 383940
1499342507 575329
1499342507 790876
1499342508 81409
1499342508 371943
1499342508 542414
1499342508 712686
1499342508 898330
1499342509 103710
1499342509 314738
1499342509 795633
1499342509 966335
1499342510 146726
1499342510 327744
1499342510 513628
1499342510 829037
1499342511 149446
1499342511 325204
1499342511 500965
1499342511 687144
1499342511 877654
1499342512 184110
1499342512 355143
1499342512 531227
1499342512 717040
1499342512 918003
1499342513 103387
1499342513 359582
1499342513 660129
1499342513 835802
1499342514 21391
1499342514 212574
1499342514 438275
1499342514 664031
1499342514 899849
1499342515 70260
1499342515 250449
1499342515 430907
1499342515 612095
1499342515 783078
1499342516 63629
1499342516 239376
1499342516 415405
1499342516 621340
1499342516 796923
1499342517 72625
1499342517 478299
1499342517 649808
1499342517 830685
1499342518 11229
1499342518 186853
1499342518 422113
1499342518 753055
1499342518 924076
1499342519 100163
1499342519 290619
1499342519 476593
1499342519 677457
1499342519 937885
1499342520 109075
1499342520 294548
1499342520 474882
1499342520 706176
1499342520 946924
1499342521 317906
1499342521 488651
1499342521 669909
1499342521 845982
1499342522 76820
1499342522 387988
1499342522 578720
1499342522 749659
1499342522 930698
1499342523 131360
1499342523 312172
1499342523 562825
1499342523 848550
1499342524 24300
1499342524 204888
1499342524 405307
1499342524 601418
1499342524 882184
1499342525 183329
1499342525 354466
1499342525 530915
1499342525 721982
1499342525 922928
1499342526 229156
1499342526 575376
1499342526 746238
1499342526 932363
1499342527 123785
1499342527 299711
1499342527 546301
1499342528 2446
1499342528 178504
1499342528 359356
1499342528 545128
1499342528 760787
1499342529 61946
1499342529 523244
1499342529 698839
1499342529 875196
1499342530 80962
1499342530 256743
1499342530 507381
1499342530 683476
1499342530 859475
1499342531 35566
1499342531 216013
1499342531 411410
1499342531 612189
1499342532 87899
1499342532 263861
1499342532 450200
1499342532 636307
1499342532 882362
1499342533 178428
1499342533 609018
1499342533 779915
1499342533 960976
1499342534 146872
1499342534 377558
1499342534 558346
1499342534 924205
1499342535 95045
1499342535 275795
1499342535 466584
1499342535 682755
1499342535 998958
1499342536 284617
1499342536 455824
1499342536 641705
1499342536 812599
1499342537 33521
1499342537 229304
1499342537 660177
1499342537 830970
1499342538 16866
1499342538 198031
1499342538 423990
1499342538 684882
1499342538 910712
1499342539 86381
1499342539 256695
1499342539 428063
1499342539 653924
1499342539 929733
1499342540 165244
1499342540 335902
1499342540 516583
1499342540 697375
1499342540 878443
1499342541 74248
1499342541 535209
1499342541 706203
1499342541 876992
1499342542 52859
1499342542 248780
1499342542 534610
1499342542 765854
1499342542 937060
1499342543 118099
1499342543 299091
1499342543 525278
1499342543 826571
1499342544 167560
1499342544 343423
1499342544 524606
1499342544 705663
1499342544 936742
1499342545 213166
1499342545 499277
1499342545 670208
1499342545 841218
1499342546 37169
1499342546 253206
1499342546 574009
1499342546 935040
1499342547 106098
1499342547 282070
1499342547 462949
1499342547 633788
1499342547 834617
1499342548 30712
1499342548 206636
1499342548 392484
1499342548 573113
1499342548 794045
1499342549 10063
1499342549 321626
1499342549 496987
1499342549 672749
1499342549 879257
1499342550 115260
1499342550 406800
1499342550 778043
1499342550 953976
1499342551 124262
1499342551 309891
1499342551 520330
1499342551 701411
1499342552 138310
1499342552 309753
1499342552 481320
1499342552 662452
1499342552 848600
1499342553 19444
1499342553 360556
1499342553 531529
1499342553 707444
1499342553 913228
1499342554 134117
1499342554 430093
1499342554 601661
1499342554 772335
1499342554 943613
1499342555 129941
1499342555 361231
1499342555 602414
1499342556 22900
1499342556 193820
1499342556 370256
1499342556 571460
1499342556 797290
1499342557 63459
1499342557 519523
1499342557 690704
1499342557 861920
1499342558 33223
1499342558 233886
1499342558 524827
1499342558 896062
1499342559 67504
1499342559 253293
1499342559 424209
1499342559 630491
1499342559 846404
1499342560 222334
1499342560 393219
1499342560 579273
1499342560 785162
1499342561 15965
1499342561 237232
1499342561 653598
1499342561 829919
1499342562 11025
1499342562 206871
1499342562 452759
1499342562 633613
1499342562 864836
1499342563 41423
1499342563 212492
1499342563 388704
1499342563 569723
1499342563 805393
1499342563 996772
1499342564 167909
1499342564 353370
1499342564 539810
1499342564 756160
1499342565 32284
1499342565 298509
1499342565 474818
1499342565 646114
1499342565 846672
1499342566 67983
1499342566 254391
1499342566 455844
1499342566 626922
1499342566 812934
1499342567 13761
1499342567 235336
1499342567 456578
1499342567 873379
1499342568 44575
1499342568 220376
1499342568 426663
1499342568 657691
1499342568 838814
1499342569 54627
1499342569 230730
1499342569 412131
1499342569 603167
1499342569 799111
1499342570 65537
1499342570 251966
1499342570 422850
1499342570 609057
1499342570 804892
1499342571 632
1499342571 241676
1499342571 593100
1499342571 769208
1499342571 945417
1499342572 121633
1499342572 322822
1499342572 553851
1499342572 879748
1499342573 56166
1499342573 237299
1499342573 427834
1499342573 643606
1499342573 915045
1499342574 225937
1499342574 401511
1499342574 587978
1499342574 794155
1499342575 4858
1499342575 240340
1499342575 681367
1499342575 857057
1499342576 38220
1499342576 214703
1499342576 441236
1499342576 677362
1499342576 938221
1499342577 114289
1499342577 300747
1499342577 496367
1499342577 677358
1499342577 958485
1499342578 409405
1499342578 580296
1499342578 756198
1499342578 932301
1499342579 158416
1499342579 469407
1499342579 865049
1499342580 41123
1499342580 226916
1499342580 402672
1499342580 603629
1499342580 784576
1499342581 245600
1499342581 421892
1499342581 592734
1499342581 794442
1499342581 975727
1499342582 146791
1499342582 562754
1499342582 733681
1499342582 904602
1499342583 95607
1499342583 311344
1499342583 502340
1499342583 738239
1499342583 909092
1499342584 89948
1499342584 270751
1499342584 486392
1499342584 687490
1499342585 58709
1499342585 230114
1499342585 416186
1499342585 606934
1499342585 782841
1499342586 83841
1499342586 444914
1499342586 620843
1499342586 806784
1499342586 997680
1499342587 203487
1499342587 524293
1499342587 750351
1499342587 926346
1499342588 107474
1499342588 288295
1499342588 469392
1499342588 755606
1499342589 106969
1499342589 277923
1499342589 449369
1499342589 655360
1499342589 896355
1499342590 152619
1499342590 333129
1499342590 509128
1499342590 694849
1499342590 876093
1499342591 111881
1499342591 327670
1499342591 588882
1499342591 764362
1499342591 940592
1499342592 116708
1499342592 312828
1499342592 524198
1499342592 950164
1499342593 121274
1499342593 297445
1499342593 488510
1499342593 704600
1499342593 905623
1499342594 366296
1499342594 542177
1499342594 712600
1499342594 918507
1499342595 149564
1499342595 405398
1499342595 591289
1499342595 762073
1499342595 942855
1499342596 118742
1499342596 309510
1499342596 575193
1499342597 61018
1499342597 236798
1499342597 417883
1499342597 608488
1499342597 784062
1499342598 94741
1499342598 491188
1499342598 667229
1499342598 853092
1499342599 48762
1499342599 224555
1499342599 469997
1499342599 925370
1499342600 96552
1499342600 272292
1499342600 473216
1499342600 710292
1499342600 966359
1499342601 377650
1499342601 548519
1499342601 729368
1499342601 930416
1499342602 176086
1499342602 441994
1499342602 922655
1499342603 98488
1499342603 284503
1499342603 460186
1499342603 696456
1499342603 907167
1499342604 233067
1499342604 403796
1499342604 589443
1499342604 794784
1499342605 20468
1499342605 270849
1499342605 511351
1499342605 686943
1499342605 857558
1499342606 53232
1499342606 253951
1499342606 499691
1499342606 780530
1499342606 956374
1499342607 142073
1499342607 327539
1499342607 527963
1499342607 698883
1499342608 10139
1499342608 181122
1499342608 361906
1499342608 557309
1499342608 783268
1499342609 29299
1499342609 515295
1499342609 691490
1499342609 862139
1499342610 32771
1499342610 223940
1499342610 534510
1499342610 859925
1499342611 30625
1499342611 211096
1499342611 386565
1499342611 622183
1499342611 898650
1499342612 319357
1499342612 495777
1499342612 681444
1499342612 856784
1499342613 27432
1499342613 313054
1499342613 768547
1499342613 939060
1499342614 115291
1499342614 315646
1499342614 521969
1499342614 797414
1499342615 23967
1499342615 199887
1499342615 385329
1499342615 580794
1499342615 766408
1499342615 962293
1499342616 147567
1499342616 318139
1499342616 503899
1499342616 699735
1499342616 880471
1499342617 196046
1499342617 617459
1499342617 793293
1499342617 974644
1499342618 164918
1499342618 371523
1499342618 587113
1499342619 53421
1499342619 229356
1499342619 414911
1499342619 590784
1499342619 816550
1499342619 986982
1499342620 472836
1499342620 648047
1499342620 828487
1499342621 19351
1499342621 190370
1499342621 480877
1499342621 931323
1499342622 102262
1499342622 288305
1499342622 463642
1499342622 664406
1499342622 840127
1499342623 240680
1499342623 416120
1499342623 601873
1499342623 797109
1499342624 38278
1499342624 259283
1499342624 474900
1499342624 645431
1499342624 816043
1499342625 1768
1499342625 192957
1499342625 378431
1499342625 858751
1499342626 29435
1499342626 205150
1499342626 381230
1499342626 572236
1499342626 857956
1499342627 273921
1499342627 449285
1499342627 634874
1499342627 830824
1499342628 31829
1499342628 322239
1499342628 803060
1499342628 978828
1499342629 164323
1499342629 355552
1499342629 551401
1499342629 857128
1499342630 27925
1499342630 203792
1499342630 384384
1499342630 590306
1499342630 805908
1499342630 981654
1499342631 162598
1499342631 337789
1499342631 508318
1499342631 709353
1499342631 939873
1499342632 130435
1499342632 360948
1499342632 536600
1499342632 722613
1499342632 893592
1499342633 88901
1499342633 339767
1499342633 670469
1499342633 841735
1499342634 17723
1499342634 208426
1499342634 403673
1499342634 674220
1499342635 140045
1499342635 310882
1499342635 486671
1499342635 687263
1499342635 927879
1499342636 203864
1499342636 479464
1499342636 650258
1499342636 836340
1499342637 36974
1499342637 237893
1499342637 548614
1499342637 749466
1499342637 924873
1499342638 105322
1499342638 295404
1499342638 525676
1499342638 710864
1499342639 16279
1499342639 187283
1499342639 367726
1499342639 538680
1499342639 729326
1499342639 955122
1499342640 321110
1499342640 492239
1499342640 662672
1499342640 837878
1499342641 8571
1499342641 254513
1499342641 540063
1499342641 710966
1499342641 882136
1499342642 88481
1499342642 334381
1499342642 560137
1499342642 975713
1499342643 146378
1499342643 332240
1499342643 522919
1499342643 764107
1499342644 20015
1499342644 230310
1499342644 400968
1499342644 586748
1499342644 757342
1499342644 952999
1499342645 238699
1499342645 484790
1499342645 655537
1499342645 831735
1499342646 12697
1499342646 218624
1499342646 409113
1499342646 639627
1499342646 815789
1499342647 1722
1499342647 177694
1499342647 378500
1499342647 614233
1499342647 910254
1499342648 85943
1499342648 256581
1499342648 442206
1499342648 662665
1499342648 948414
1499342649 159230
1499342649 334669
1499342649 520336
1499342649 696227
1499342649 876495
1499342650 132450
1499342650 438383
1499342650 614177
1499342650 789639
1499342650 985567
1499342651 161640
1499342651 412279
1499342651 582912
1499342651 753673
1499342651 924361
1499342652 105217
1499342652 351123
1499342652 632053
1499342653 57980
1499342653 233991
1499342653 409855
1499342653 616143
1499342653 797220
1499342654 23080
1499342654 309295
1499342654 479926
1499342654 666000
1499342654 846957
1499342655 22821
1499342655 349225
1499342655 545466
1499342655 716516
1499342655 902464
1499342656 93216
1499342656 264548
1499342656 570363
1499342656 811335
1499342656 987054
1499342657 167808
1499342657 343616
1499342657 559518
1499342657 855506
1499342658 231425
1499342658 407313
1499342658 588380
1499342658 769060
1499342659 54
1499342659 250628
1499342659 571325
1499342659 742355
1499342659 927816
1499342660 133633
1499342660 379122
1499342660 575157
1499342660 826190
1499342661 2191
1499342661 182858
1499342661 373481
1499342661 544151
1499342661 855459
1499342662 176405
1499342662 347609
1499342662 528198
1499342662 719742
1499342662 925755
1499342663 186553
1499342663 597497
1499342663 773538
1499342663 954160
1499342664 130312
1499342664 365891
1499342664 651772
1499342664 872949
1499342665 44052
1499342665 224777
1499342665 395548
1499342665 576302
1499342665 766965
1499342666 128676
1499342666 299267
1499342666 480679
1499342666 651697
1499342666 867415
1499342667 183607
1499342667 504608
1499342667 680372
1499342667 856267
1499342668 42079
1499342668 263112
1499342668 574370
1499342668 894985
1499342669 70900
1499342669 246973
1499342669 452330
1499342669 638034
1499342669 949176
1499342670 339855
1499342670 510658
1499342670 696461
1499342670 897228
1499342671 73042
1499342671 319418
1499342671 805516
1499342671 981806
1499342672 152906
1499342672 338649
1499342672 539558
1499342672 785543
1499342672 981893
1499342673 152889
1499342673 334305
1499342673 530380
1499342673 751206
1499342674 62174
1499342674 274061
1499342674 450115
1499342674 630837
1499342674 802233
1499342675 13156
1499342675 339166
1499342675 650519
1499342675 826063
1499342676 1917
1499342676 202737
1499342676 389121
1499342676 585047
1499342676 816028
1499342676 987098
1499342677 157980
1499342677 363472
1499342677 548990
1499342677 859890
1499342678 35833
1499342678 211456
1499342678 387456
1499342678 583731
1499342678 785578
1499342679 6887
1499342679 197570
1499342679 368604
1499342679 544293
1499342679 745013
1499342679 970972
1499342680 151640
1499342680 477712
1499342680 653556
1499342680 839417
1499342681 20511
1499342681 211195
1499342681 512023
1499342681 973119
1499342682 144075
1499342682 330304
1499342682 531392
1499342682 732645
1499342682 978658
1499342683 179774
1499342683 355859
1499342683 536626
1499342683 737791
1499342683 943581
1499342684 219436
1499342684 670568
1499342684 846241
1499342685 17187
1499342685 198022
1499342685 378789
1499342685 634922
1499342685 905597
1499342686 76469
1499342686 251899
1499342686 432891
1499342686 644448
1499342686 935502
1499342687 321277
1499342687 491913
1499342687 662570
1499342687 858652
1499342688 84471
1499342688 360564
1499342688 646638
1499342688 817577
1499342689 3763
1499342689 194893
1499342689 415754
1499342689 671896
1499342689 877952
1499342690 53574
1499342690 229446
1499342690 410392
1499342690 596917
1499342690 897333
1499342691 368183
1499342691 539000
1499342691 709574
1499342691 885227
1499342692 126393
1499342692 323086
1499342692 714164
1499342692 889839
1499342693 70266
1499342693 271159
1499342693 472314
1499342693 798392
1499342694 109647
1499342694 281295
