1502208797 960099
1502208798 200746
1502208798 420194
1502208798 641787
1502208798 871366
1502208799 73758
1502208799 265136
1502208799 505647
1502208799 649200
1502208799 745164
1502208799 860476
1502208800 71890
1502208800 196193
1502208800 436724
1502208800 503842
1502208800 647451
1502208800 858681
1502208800 974105
1502208801 185358
1502208801 300674
1502208801 387030
1502208801 502329
1502208801 713525
1502208801 837921
1502208801 914977
1502208802 30356
1502208802 212647
1502208802 433153
1502208802 682710
1502208802 759871
1502208802 970428
1502208803 162837
1502208803 345217
1502208803 421432
1502208803 565745
1502208803 661933
1502208803 824355
1502208803 958678
1502208804 73932
1502208804 141109
1502208804 227302
1502208804 294470
1502208804 457822
1502208804 669279
1502208804 793616
1502208805 4999
1502208805 120307
1502208805 254660
1502208805 504200
1502208805 657497
1502208805 724744
1502208805 974329
1502208806 118574
1502208806 329969
1502208806 483355
1502208806 598636
1502208806 809210
1502208807 1519
1502208807 222042
1502208807 289230
1502208807 433467
1502208807 673952
1502208807 836437
1502208807 913585
1502208808 76906
1502208808 144073
1502208808 297418
1502208808 403605
1502208808 643212
1502208808 787554
1502208808 979208
1502208809 190385
1502208809 410993
1502208809 574323
1502208809 718551
1502208809 814800
1502208809 987220
1502208810 179622
1502208810 371118
1502208810 486375
1502208810 630634
1502208810 870183
1502208810 995407
1502208811 110685
1502208811 350277
1502208811 571684
1502208811 801272
1502208811 869364
1502208811 964608
1502208812 156961
1502208812 224177
1502208812 415693
1502208812 511868
1502208812 598079
1502208812 790455
1502208813 21059
1502208813 107173
1502208813 279617
1502208813 423926
1502208813 529184
1502208813 673458
1502208813 903961
1502208814 47354
1502208814 162691
1502208814 287796
1502208814 402203
1502208814 565533
1502208814 806054
1502208815 55605
1502208815 151831
1502208815 238047
1502208815 362317
1502208815 583758
1502208815 679169
1502208815 842455
1502208815 976690
1502208816 92663
1502208816 293163
1502208816 523656
1502208816 619834
1502208816 706038
1502208816 802222
1502208816 984715
1502208817 234206
1502208817 339810
1502208817 435066
1502208817 579325
1502208817 665525
1502208817 780799
1502208817 992372
1502208818 107510
1502208818 193800
1502208818 395181
1502208818 625731
1502208818 740925
1502208818 865255
1502208818 999607
1502208819 172247
1502208819 344545
1502208819 546796
1502208819 796341
1502208819 959697
1502208820 170309
1502208820 333712
1502208820 535308
1502208820 631309
1502208820 813692
1502208821 34171
1502208821 264721
1502208821 398980
1502208821 485279
1502208821 562383
1502208821 629637
1502208821 696704
1502208821 878445
1502208822 88174
1502208822 231563
1502208822 298596
1502208822 548268
1502208822 643590
1502208822 864991
1502208823 94662
1502208823 219830
1502208823 440389
1502208823 574908
1502208823 680907
1502208823 767020
1502208823 979273
1502208824 199875
1502208824 285257
1502208824 438580
1502208824 506636
1502208824 688222
1502208824 794434
1502208824 995773
1502208825 72903
1502208825 216307
1502208825 350642
1502208825 533053
1502208825 716252
1502208825 868787
1502208826 81179
1502208826 281676
1502208826 406058
1502208826 636608
1502208826 703769
1502208826 915183
1502208827 20450
1502208827 194593
1502208827 318073
1502208827 500587
1502208827 692925
1502208827 932655
1502208828 9606
1502208828 143989
1502208828 249283
1502208828 374430
1502208828 546902
1502208828 719810
1502208828 901691
1502208828 997910
1502208829 210112
1502208829 439793
1502208829 689463
1502208829 757463
1502208829 871843
1502208830 55120
1502208830 269199
1502208830 370928
1502208830 514333
1502208830 582493
1502208830 773864
1502208830 928023
1502208831 61517
1502208831 244729
1502208831 311067
1502208831 370841
1502208831 532528
1502208831 704896
1502208831 840111
1502208831 916370
1502208831 993673
1502208832 108159
1502208832 226997
1502208832 405768
1502208832 520807
1502208832 597969
1502208832 799558
1502208832 914693
1502208833 135490
1502208833 365738
1502208833 596997
1502208833 678416
1502208833 827792
1502208834 28137
1502208834 238727
1502208834 392936
1502208834 517195
1502208834 767731
1502208834 901444
1502208834 959995
1502208835 45614
1502208835 161665
1502208835 372219
1502208835 449152
1502208835 630976
1502208835 756334
1502208835 844243
1502208835 986460
1502208836 120841
1502208836 216122
1502208836 293325
1502208836 399596
1502208836 552801
1502208836 725299
1502208836 878564
1502208837 109872
1502208837 215264
1502208837 302296
1502208837 444856
1502208837 608212
1502208837 831587
1502208837 964836
1502208838 69311
1502208838 280567
1502208838 338656
1502208838 472167
1502208838 578203
1502208838 808344
1502208838 914976
1502208839 67490
1502208839 249897
1502208839 432451
1502208839 585684
1502208839 768879
1502208839 874158
1502208839 932172
1502208840 113845
1502208840 258238
1502208840 353378
1502208840 421345
1502208840 560233
1502208840 766234
1502208840 843489
1502208840 977712
1502208841 208367
1502208841 342897
1502208841 544852
1502208841 640154
1502208841 870318
1502208842 44089
1502208842 167671
1502208842 322471
1502208842 543170
1502208842 715585
1502208842 916285
1502208842 993285
1502208843 192044
1502208843 329121
1502208843 502488
1502208843 741965
1502208843 896193
1502208843 952542
1502208844 135042
1502208844 366420
1502208844 567759
1502208844 730564
1502208844 980588
1502208845 201339
1502208845 363850
1502208845 469953
1502208845 613291
1502208845 767413
1502208845 862847
1502208846 73416
1502208846 275615
1502208846 515314
1502208846 611514
1502208846 668629
1502208846 745855
1502208846 976340
1502208847 81564
1502208847 254826
1502208847 312108
1502208847 485280
1502208847 686909
1502208847 763098
1502208847 945547
1502208848 147773
1502208848 224042
1502208848 301164
1502208848 482783
1502208848 637891
1502208848 723242
1502208848 809448
1502208849 10955
1502208849 146094
1502208849 384862
1502208849 443689
1502208849 673302
1502208849 837554
1502208850 88925
1502208850 210657
1502208850 374004
1502208850 479198
1502208850 661731
1502208850 815970
1502208850 902146
1502208851 133419
1502208851 209635
1502208851 430294
1502208851 593658
1502208851 776139
1502208851 862278
1502208851 949264
1502208852 198871
1502208852 351445
1502208852 572923
1502208852 822438
1502208853 42983
1502208853 236126
1502208853 321573
1502208853 542082
1502208853 629072
1502208853 820672
1502208853 925885
1502208854 61096
1502208854 137325
1502208854 386981
1502208854 570244
1502208854 693691
1502208854 944113
1502208855 20517
1502208855 252898
1502208855 395956
1502208855 626443
1502208855 769920
1502208855 894373
1502208856 124906
1502208856 354481
1502208856 537635
1502208856 618546
1502208856 797193
1502208856 874270
1502208857 56067
1502208857 123062
1502208857 305455
1502208857 410975
1502208857 593104
1502208857 813600
1502208857 928917
1502208857 996043
1502208858 160213
1502208858 380891
1502208858 515242
1502208858 687832
1502208858 860861
1502208859 81433
1502208859 292017
1502208859 379919
1502208859 522456
1502208859 723958
1502208859 935374
1502208860 69661
1502208860 146796
1502208860 396377
1502208860 606900
1502208860 818288
1502208860 999863
1502208861 125160
1502208861 374728
1502208861 605163
1502208861 691424
1502208861 787735
1502208861 873796
1502208862 104297
1502208862 190561
1502208862 247675
1502208862 450066
1502208862 584391
1502208862 652296
1502208862 776033
1502208863 6474
1502208863 188822
1502208863 342178
1502208863 553839
1502208863 717011
1502208863 832949
1502208863 908460
1502208864 52809
1502208864 216019
1502208864 331537
1502208864 437816
1502208864 609881
1502208864 811396
1502208865 60920
1502208865 291380
1502208865 483313
1502208865 704309
1502208865 933948
1502208866 174404
1502208866 308747
1502208866 548321
1502208866 663651
1502208866 904057
1502208867 105542
1502208867 210864
1502208867 441316
1502208867 584775
1502208867 672708
1502208867 883165
1502208868 17597
1502208868 257162
1502208868 462857
1502208868 651169
1502208868 859165
1502208869 102034
1502208869 246382
1502208869 322538
1502208869 553131
1502208869 783624
1502208869 888814
1502208869 976755
1502208870 52213
1502208870 120292
1502208870 320915
1502208870 391554
1502208870 580852
1502208870 823110
1502208870 993264
1502208871 100220
1502208871 165692
1502208871 310723
1502208871 444274
1502208871 569339
1502208871 656639
1502208871 906111
1502208872 87707
1502208872 192966
1502208872 365440
1502208872 570958
1502208872 758666
1502208872 817432
1502208872 893601
1502208873 134105
1502208873 287475
1502208873 488907
1502208873 642292
1502208873 891796
1502208873 978952
1502208874 132271
1502208874 296496
1502208874 478049
1502208874 689342
1502208874 755711
1502208874 967211
1502208875 101503
1502208875 334785
1502208875 567793
1502208875 793070
1502208876 4433
1502208876 90619
1502208876 157831
1502208876 254075
1502208876 417310
1502208876 522653
1502208876 676035
1502208876 906491
1502208877 137047
1502208877 213282
1502208877 309439
1502208877 396470
1502208877 558156
1502208877 722283
1502208877 903904
1502208878 38208
1502208878 250527
1502208878 432060
1502208878 566270
1502208878 807654
1502208879 28173
1502208879 199804
1502208879 382130
1502208879 593652
1502208879 727906
1502208879 968430
1502208880 208712
1502208880 333233
1502208880 448583
1502208880 698084
1502208880 832357
1502208880 889777
1502208880 995730
1502208881 120024
1502208881 226234
1502208881 341465
1502208881 417722
1502208881 638246
1502208881 696632
1502208881 801920
1502208882 42007
1502208882 272592
1502208882 377823
1502208882 570344
1502208882 694548
1502208882 780772
1502208882 915862
1502208883 155536
1502208883 280633
1502208883 405958
1502208883 645520
1502208883 731455
1502208883 971446
1502208884 210909
1502208884 326237
1502208884 480484
1502208884 662846
1502208884 739924
1502208884 922514
1502208885 27793
1502208885 210055
1502208885 325257
1502208885 507101
1502208885 728333
1502208885 900747
1502208885 958782
1502208886 35081
1502208886 160333
1502208886 351767
1502208886 592649
1502208886 726895
1502208886 807308
1502208887 43323
1502208887 215742
1502208887 379026
1502208887 542375
1502208887 772918
1502208887 888129
1502208887 993428
1502208888 205609
1502208888 330088
1502208888 435344
1502208888 502481
1502208888 655907
1502208888 829205
1502208888 905479
1502208889 127724
1502208889 318427
1502208889 548905
1502208889 769386
1502208889 903767
1502208890 78637
1502208890 249495
1502208890 442648
1502208890 652472
1502208890 739953
1502208890 882919
1502208891 36258
1502208891 228715
1502208891 352932
1502208891 574481
1502208891 717780
1502208891 890245
1502208892 82567
1502208892 255061
1502208892 399381
1502208892 456478
1502208892 533649
1502208892 639098
1502208892 745160
1502208892 927498
1502208893 61796
1502208893 128890
1502208893 282336
1502208893 416614
1502208893 647926
1502208893 838664
1502208894 69302
1502208894 270634
1502208894 472054
1502208894 568260
1502208894 817879
1502208894 923999
1502208895 153559
1502208895 278899
1502208895 490157
1502208895 700840
1502208895 883265
1502208896 27572
1502208896 257150
1502208896 439699
1502208896 584863
1502208896 661139
1502208896 891409
1502208897 44815
1502208897 227180
1502208897 303528
1502208897 514844
1502208897 630241
1502208897 735524
1502208897 822546
1502208897 994967
1502208898 130087
1502208898 215496
1502208898 282608
1502208898 389014
1502208898 542510
1502208898 677307
1502208898 734567
1502208898 917026
1502208898 974966
1502208899 93155
1502208899 194620
1502208899 416109
1502208899 617602
1502208899 828142
1502208900 58629
1502208900 270031
1502208900 442521
1502208900 596806
1502208900 846350
1502208901 19539
1502208901 104919
1502208901 191250
1502208901 250146
1502208901 469795
1502208901 681289
1502208901 853631
1502208902 7917
1502208902 170460
1502208902 232232
1502208902 381888
1502208902 526274
1502208902 765959
1502208902 999768
1502208903 162721
1502208903 236716
1502208903 332332
1502208903 466827
1502208903 659682
1502208903 735373
1502208903 793438
1502208903 946287
1502208904 89715
1502208904 243296
1502208904 386540
1502208904 617105
1502208904 857513
1502208904 915428
1502208905 154228
1502208905 327804
1502208905 530782
1502208905 768652
1502208905 990027
1502208906 162466
1502208906 306834
1502208906 564695
1502208906 776852
1502208906 978342
1502208907 103552
1502208907 208840
1502208907 334032
1502208907 420248
1502208907 535546
1502208907 717876
1502208907 909314
1502208908 72785
1502208908 255135
1502208908 390190
1502208908 466601
1502208908 542847
1502208908 706160
1502208908 936700
1502208909 167107
1502208909 253374
1502208909 378495
1502208909 560169
1502208909 723465
1502208909 829688
1502208910 2096
1502208910 213659
1502208910 347818
1502208910 578365
1502208910 751579
1502208910 836968
1502208910 991275
1502208911 86601
1502208911 230844
1502208911 461337
1502208911 643804
1502208911 759035
1502208911 826134
1502208911 893293
1502208911 960476
1502208912 18543
1502208912 201755
1502208912 411437
1502208912 526678
1502208912 709130
1502208912 872544
1502208913 16728
1502208913 266344
1502208913 496886
1502208913 573112
1502208913 631178
1502208913 803580
1502208913 995963
1502208914 82184
1502208914 197410
1502208914 312712
1502208914 514992
1502208914 571362
1502208914 801837
1502208915 3412
1502208915 61328
1502208915 185743
1502208915 253759
1502208915 378099
1502208915 464374
1502208915 627684
1502208915 791008
1502208915 925360
1502208916 11567
1502208916 164972
1502208916 280198
1502208916 395379
1502208916 473342
1502208916 558700
1502208916 664016
1502208916 741131
1502208916 885533
1502208916 990689
1502208917 211289
1502208917 364599
1502208917 586008
1502208917 805717
1502208917 911798
1502208918 94182
1502208918 314787
1502208918 526231
1502208918 650566
1502208918 804773
1502208918 891046
1502208918 996321
1502208919 130624
1502208919 254928
1502208919 437344
1502208919 668628
1502208919 773081
1502208919 888434
1502208920 41854
1502208920 205063
1502208920 454626
1502208920 628015
1502208920 829378
1502208920 915716
1502208921 69096
1502208921 203341
1502208921 385716
1502208921 462895
1502208921 597203
1502208921 808629
1502208921 923956
1502208922 87226
1502208922 173399
1502208922 326831
1502208922 480224
1502208922 576368
1502208922 653565
1502208922 835885
1502208922 941223
1502208923 27455
1502208923 238907
1502208923 325169
1502208923 440387
1502208923 545583
1502208923 776060
1502208923 833229
1502208924 15713
1502208924 207118
1502208924 437702
1502208924 678150
1502208924 850621
1502208924 917667
1502208925 129937
1502208925 282536
1502208925 503085
1502208925 695486
1502208925 839710
1502208925 983424
1502208926 126541
1502208926 319035
1502208926 482276
1502208926 683782
1502208926 808169
1502208926 991239
1502208927 96671
1502208927 308124
1502208927 470639
1502208927 529469
1502208927 633839
1502208927 720052
1502208927 875200
1502208927 941461
1502208928 65914
1502208928 229143
1502208928 449738
1502208928 545912
1502208928 767368
1502208928 881671
1502208928 968764
1502208929 122202
1502208929 256505
1502208929 457942
1502208929 640339
1502208929 765544
1502208929 928910
1502208930 158525
1502208930 350900
1502208930 533360
1502208930 744762
1502208930 811942
1502208930 917188
1502208931 118701
1502208931 330021
1502208931 512569
1502208931 714006
1502208931 867308
1502208932 12426
1502208932 146562
1502208932 386514
1502208932 626031
1502208932 722201
1502208932 904646
1502208933 96113
1502208933 211359
1502208933 451880
1502208933 557052
1502208933 720479
1502208933 825728
1502208933 970029
1502208934 133350
1502208934 248671
1502208934 459361
1502208934 574550
1502208934 699632
1502208934 863069
1502208935 26378
1502208935 198804
1502208935 448445
1502208935 659768
1502208935 794059
1502208935 899356
1502208936 62772
1502208936 302398
1502208936 446574
1502208936 658012
1502208936 907611
1502208937 109132
1502208937 195273
1502208937 339582
1502208937 541813
1502208937 598262
1502208937 713579
1502208937 876912
1502208937 943984
1502208938 99014
1502208938 270733
1502208938 434025
1502208938 491204
1502208938 721686
1502208938 923144
1502208939 57487
1502208939 124563
1502208939 269055
1502208939 374102
1502208939 518512
1502208939 748954
1502208939 854313
1502208939 921479
1502208940 103880
1502208940 200006
1502208940 372450
1502208940 439585
1502208940 516753
1502208940 718280
1502208940 795345
1502208940 862642
1502208940 967845
1502208941 53963
1502208941 188311
1502208941 303576
1502208941 543115
1502208941 640149
1502208941 802617
1502208941 946985
1502208942 120175
1502208942 224669
1502208942 388778
1502208942 589380
1502208942 671047
1502208942 771852
1502208942 898001
1502208943 69464
1502208943 300014
1502208943 482450
1502208943 577717
1502208943 770974
1502208943 981593
1502208944 115977
1502208944 356253
1502208944 537840
1502208944 653066
1502208944 846364
1502208944 912645
1502208944 988894
1502208945 162275
1502208945 353301
1502208945 478038
1502208945 700240
1502208945 929093
1502208946 102451
1502208946 198558
1502208946 361053
1502208946 496275
1502208946 697683
1502208946 937249
1502208947 110720
1502208947 302122
1502208947 522625
1502208947 676064
1502208947 849319
1502208948 2715
1502208948 117904
1502208948 329399
1502208948 434654
1502208948 608007
1502208948 761423
1502208948 895685
1502208949 59034
1502208949 202615
1502208949 384791
1502208949 596324
1502208949 749749
1502208949 903879
1502208950 28273
1502208950 220602
1502208950 277798
1502208950 393088
1502208950 508284
1502208950 652552
1502208950 806866
1502208950 873048
1502208951 7440
1502208951 151624
1502208951 382218
1502208951 451061
1502208951 612685
1502208951 708850
1502208951 919495
1502208952 64564
1502208952 275204
1502208952 361368
1502208952 495726
1502208952 707049
1502208952 840584
1502208953 81098
1502208953 245218
1502208953 349751
1502208953 465076
1502208953 676372
1502208953 800757
1502208953 983143
1502208954 127456
1502208954 309812
1502208954 492253
1502208954 607470
1502208954 789842
1502208954 943272
1502208955 87435
1502208955 298012
1502208955 424078
1502208955 490429
1502208955 730058
1502208955 797231
1502208955 874354
1502208956 56744
1502208956 200997
1502208956 287250
1502208956 450579
1502208956 584882
1502208956 681929
1502208956 815332
1502208956 968775
1502208957 64979
1502208957 199278
1502208957 324403
1502208957 410778
1502208957 651114
1502208957 775632
1502208957 889885
1502208957 967022
1502208958 187563
1502208958 303621
1502208958 533362
1502208958 745558
1502208958 879149
1502208958 975288
1502208959 120367
1502208959 254764
1502208959 494289
1502208959 589665
1502208959 753032
1502208959 829443
1502208959 935441
1502208960 2473
1502208960 126902
1502208960 328306
1502208960 491712
1502208960 732184
1502208960 856534
1502208961 67970
1502208961 135141
1502208961 203914
1502208961 280150
1502208961 451824
1502208961 692267
1502208961 855666
1502208962 95277
1502208962 229476
1502208962 421916
1502208962 567129
1502208962 661516
1502208962 776846
1502208962 930205
1502208963 170632
1502208963 313994
1502208963 458303
1502208963 534780
1502208963 602493
1502208963 745928
1502208963 813107
1502208963 976488
1502208964 110861
1502208964 283275
1502208964 436613
1502208964 513897
1502208964 658780
1502208964 744307
1502208964 811358
1502208965 41919
1502208965 157172
1502208965 387658
1502208965 559977
1502208965 627271
1502208965 713406
1502208965 857743
1502208966 78271
1502208966 204306
1502208966 414909
1502208966 645477
1502208966 780072
1502208966 894970
1502208967 88156
1502208967 172733
1502208967 316989
1502208967 531487
1502208967 700869
1502208967 912258
1502208968 94747
1502208968 334284
1502208968 497647
1502208968 593897
1502208968 709082
1502208968 929642
1502208969 44888
1502208969 237235
1502208969 390640
1502208969 630109
1502208969 793663
1502208969 860759
1502208970 5005
1502208970 120999
1502208970 331734
1502208970 561451
1502208970 744567
1502208970 830778
1502208971 52168
1502208971 137529
1502208971 368116
1502208971 560425
1502208971 742828
1502208971 838385
1502208971 905308
1502208972 87760
1502208972 270142
1502208972 433446
1502208972 567752
1502208972 624921
1502208972 798304
1502208972 893577
1502208972 989820
1502208973 134907
1502208973 287418
1502208973 421707
1502208973 585052
1502208973 719462
1502208973 920877
1502208974 7067
1502208974 170449
1502208974 391226
1502208974 602445
1502208974 698596
1502208974 813824
1502208974 929099
1502208975 139640
1502208975 226753
1502208975 409912
1502208975 629702
1502208975 706821
1502208975 898299
1502208976 91429
1502208976 292153
1502208976 474581
1502208976 676023
1502208976 849375
1502208976 935595
1502208977 2686
1502208977 137034
1502208977 367580
1502208977 492680
1502208977 588211
1502208977 808594
1502208977 885745
1502208978 87456
1502208978 279193
1502208978 365788
1502208978 510125
1502208978 701537
1502208978 942175
1502208979 105378
1502208979 249542
1502208979 402154
1502208979 537541
1502208979 719679
1502208979 815077
1502208980 16563
1502208980 131755
1502208980 266994
1502208980 487611
1502208980 670088
1502208980 900379
1502208981 16431
1502208981 169026
1502208981 255250
1502208981 399558
1502208981 562915
1502208981 735351
1502208981 869583
1502208981 974844
1502208982 187775
1502208982 435997
1502208982 627424
1502208982 858030
1502208983 1317
1502208983 126523
1502208983 193682
1502208983 366175
1502208983 510399
1502208983 577501
1502208983 692795
1502208983 846184
1502208984 9479
1502208984 153821
1502208984 326460
1502208984 441479
1502208984 537737
1502208984 652892
1502208984 844371
1502208984 960568
1502208985 161979
1502208985 372615
1502208985 545911
1502208985 785437
1502208986 25878
1502208986 93191
1502208986 189237
1502208986 284762
1502208986 399937
1502208986 467093
1502208986 582166
1502208986 754698
1502208986 976106
1502208987 81419
1502208987 158577
1502208987 311954
1502208987 456285
1502208987 580684
1502208987 743863
1502208987 840098
1502208988 51651
1502208988 146844
1502208988 233895
1502208988 320897
1502208988 396406
1502208988 493339
1502208988 599535
1502208988 790266
1502208988 857493
1502208988 953548
1502208989 20735
1502208989 203151
1502208989 442720
1502208989 519915
1502208989 635080
1502208989 731335
1502208989 894609
1502208990 86102
1502208990 259400
1502208990 316656
1502208990 508995
1502208990 681450
1502208990 844825
1502208991 84472
1502208991 218660
1502208991 439513
1502208991 651561
1502208991 842163
1502208991 910300
1502208991 967377
1502208992 206941
1502208992 410073
1502208992 619989
1502208992 716087
1502208992 889400
1502208993 33775
1502208993 119049
1502208993 254243
1502208993 464796
1502208993 695349
1502208993 878428
1502208994 108197
1502208994 242422
1502208994 367768
1502208994 550275
1502208994 645555
1502208994 886003
1502208995 68420
1502208995 154536
1502208995 269762
1502208995 414085
1502208995 596472
1502208995 778945
1502208995 846939
1502208995 970462
1502208996 181866
1502208996 374153
1502208996 509310
1502208996 575684
1502208996 806301
1502208996 902203
1502208997 64870
1502208997 209141
1502208997 344117
1502208997 410607
1502208997 631130
1502208997 823472
1502208997 939017
1502208998 140169
1502208998 351607
1502208998 495244
1502208998 639242
1502208998 879872
1502208998 975186
1502208999 62978
1502208999 263709
1502208999 427027
1502208999 580498
1502208999 753626
1502208999 935242
1502209000 41494
1502209000 175751
1502209000 281083
1502209000 368041
1502209000 568730
1502209000 809160
1502209000 943414
1502209001 30605
1502209001 231303
1502209001 326393
1502209001 489750
1502209001 566837
1502209001 682253
1502209001 749264
1502209001 816435
1502209001 922519
1502209002 27928
1502209002 277490
1502209002 344658
1502209002 488054
1502209002 623390
1502209002 738765
1502209002 852771
1502209002 988042
1502209003 208523
1502209003 304780
1502209003 477960
1502209003 688677
1502209003 784835
1502209003 861301
1502209003 928192
1502209004 53501
1502209004 283945
1502209004 351260
1502209004 427418
1502209004 504488
1502209004 686928
1502209004 821933
1502209004 975350
1502209005 119612
1502209005 301240
1502209005 369147
1502209005 464718
1502209005 676046
1502209005 886626
1502209006 50067
1502209006 290431
1502209006 424774
1502209006 607222
1502209006 856697
1502209006 981052
1502209007 96299
1502209007 202451
1502209007 423800
1502209007 605328
1502209007 748805
1502209007 979352
1502209008 56474
1502209008 123573
1502209008 181605
1502209008 238906
1502209008 373136
1502209008 431198
1502209008 488528
1502209008 613795
1502209008 796899
1502209009 16563
1502209009 92756
1502209009 323225
1502209009 562966
1502209009 669051
1502209009 908606
1502209010 14692
1502209010 91025
1502209010 340630
1502209010 407791
1502209010 493922
1502209010 676383
1502209010 926018
1502209011 99268
1502209011 252653
1502209011 386994
1502209011 512227
1502209011 694587
1502209011 761787
1502209011 944263
1502209012 97559
1502209012 164642
1502209012 279940
1502209012 395373
1502209012 597416
1502209012 817102
1502209012 971434
1502209013 76694
1502209013 259128
1502209013 393474
1502209013 517712
1502209013 691203
1502209013 893354
1502209014 84911
1502209014 141232
1502209014 342670
1502209014 573230
1502209014 717496
1502209014 938770
1502209015 34221
1502209015 273923
1502209015 388976
1502209015 542377
1502209015 667562
1502209015 743840
1502209015 831012
1502209016 3462
1502209016 175882
1502209016 290997
1502209016 357791
1502209016 569641
1502209016 771130
1502209016 924470
1502209016 991654
1502209017 116963
1502209017 366440
1502209017 586994
1502209017 759377
1502209017 912952
1502209017 979957
1502209018 57679
1502209018 220805
1502209018 450863
1502209018 604263
1502209018 824891
1502209018 949103
1502209019 74365
1502209019 160695
1502209019 284846
1502209019 390110
1502209019 601607
1502209019 668791
1502209019 764925
1502209019 994535
1502209020 148879
1502209020 235232
1502209020 418303
1502209020 541712
1502209020 629648
1502209020 763223
1502209020 983810
1502209021 195276
1502209021 262369
1502209021 453902
1502209021 617194
1502209021 818623
1502209022 20099
1502209022 202523
1502209022 289668
1502209022 472043
1502209022 683454
1502209022 778734
1502209022 845532
1502209022 913070
1502209023 9222
1502209023 95495
1502209023 335942
1502209023 470308
1502209023 642713
1502209023 873223
1502209024 114484
1502209024 286919
1502209024 478524
1502209024 612857
1502209024 795469
1502209024 986667
1502209025 111961
1502209025 236317
1502209025 322526
1502209025 533033
1502209025 600146
1502209025 802673
1502209026 23100
1502209026 234479
1502209026 377927
1502209026 484087
1502209026 541187
1502209026 781720
1502209026 944224
1502209027 59480
1502209027 126541
1502209027 308989
1502209027 558629
1502209027 712806
1502209027 876126
1502209027 933332
1502209028 124756
1502209028 288147
1502209028 451252
1502209028 556714
1502209028 808190
1502209029 17809
1502209029 200327
1502209029 353586
1502209029 564977
1502209029 747487
1502209029 862721
1502209030 26102
1502209030 227619
1502209030 371826
1502209030 535041
1502209030 650399
1502209030 832839
1502209031 24313
1502209031 168597
1502209031 312897
1502209031 399139
1502209031 609743
1502209031 821145
1502209031 937110
1502209032 99724
1502209032 166840
1502209032 272332
1502209032 512560
1502209032 617911
1502209032 684990
1502209032 877347
1502209033 11746
1502209033 97881
1502209033 165055
1502209033 357353
1502209033 491766
1502209033 577985
1502209033 798547
1502209033 932849
1502209034 115238
1502209034 221342
1502209034 326696
1502209034 480102
1502209034 681523
1502209034 777748
1502209034 921978
1502209035 104464
1502209035 315931
1502209035 507285
1502209035 670636
1502209035 853124
1502209035 987435
1502209036 170685
1502209036 400360
1502209036 496506
1502209036 582728
1502209036 679055
1502209036 842340
1502209036 928498
1502209037 33874
1502209037 197094
1502209037 350473
1502209037 455813
1502209037 513936
1502209037 753374
1502209037 878668
1502209038 90049
1502209038 224587
1502209038 367885
1502209038 541117
1502209038 771858
1502209038 982954
1502209039 97499
1502209039 260814
1502209039 424861
1502209039 606549
1502209039 721739
1502209039 798878
1502209039 904104
1502209040 48444
1502209040 182751
1502209040 395037
1502209040 604777
1502209040 671978
1502209040 873395
1502209041 46782
1502209041 210039
1502209041 373366
1502209041 487759
1502209041 641975
1502209041 814367
1502209041 919798
1502209042 34907
1502209042 169296
1502209042 313581
1502209042 418855
1502209042 534088
1502209042 668384
1502209042 869932
1502209042 966081
1502209043 91361
1502209043 301821
1502209043 513342
1502209043 580466
1502209043 733854
1502209043 964342
1502209044 204745
1502209044 290961
1502209044 502496
1502209044 636705
1502209044 693955
1502209044 761088
1502209044 972559
1502209045 87792
1502209045 270230
1502209045 423578
1502209045 557845
1502209045 759395
1502209045 989832
1502209046 210460
1502209046 354678
1502209046 575997
1502209046 805701
1502209046 872815
1502209047 55247
1502209047 304868
1502209047 449146
1502209047 678657
1502209047 842054
1502209048 53503
1502209048 235853
1502209048 303097
1502209048 504512
1502209048 735046
1502209048 822139
1502209048 888441
1502209049 89843
1502209049 224201
1502209049 320380
1502209049 550880
1502209049 675210
1502209049 886730
1502209050 40000
1502209050 232386
1502209050 299634
1502209050 452934
1502209050 520041
1502209050 654520
1502209050 894901
1502209051 77336
1502209051 211599
1502209051 374998
1502209051 538312
1502209051 748849
1502209051 893089
1502209052 27412
1502209052 228901
1502209052 335066
1502209052 545707
1502209052 708964
1502209052 882349
1502209053 16620
1502209053 112741
1502209053 295150
1502209053 534793
1502209053 630994
1502209053 832403
1502209053 918698
1502209054 149136
1502209054 369707
1502209054 504003
1502209054 677374
1502209054 907843
1502209054 975071
1502209055 176464
1502209055 339809
1502209055 406989
1502209055 579439
1502209055 646590
1502209055 839003
1502209056 59536
1502209056 309031
1502209056 539489
1502209056 692835
1502209056 904339
1502209057 86788
1502209057 144789
1502209057 326279
1502209057 489623
1502209057 624011
1502209057 787341
1502209057 893535
1502209058 55949
1502209058 248329
1502209058 306453
1502209058 440766
1502209058 536136
1502209058 766469
1502209059 6064
1502209059 169409
1502209059 351867
1502209059 524298
1502209059 765564
1502209059 870108
1502209059 928093
1502209060 168495
1502209060 379970
1502209060 580665
1502209060 714962
1502209060 955450
1502209061 165986
1502209061 378238
1502209061 482705
1502209061 694113
1502209061 771232
1502209062 1800
1502209062 107113
1502209062 222233
1502209062 289481
1502209062 356548
1502209062 520020
1502209062 707097
1502209062 951002
1502209063 182470
1502209063 412983
1502209063 643388
1502209063 748672
1502209063 815943
1502209063 873207
1502209064 75506
1502209064 181494
1502209064 276856
1502209064 478336
1502209064 583611
1502209064 814138
1502209064 900314
1502209065 130844
1502209065 332267
1502209065 543719
1502209065 774219
1502209065 841461
1502209066 42853
1502209066 292442
1502209066 512955
1502209066 705294
1502209066 877709
1502209067 70948
1502209067 280630
1502209067 521167
1502209067 665468
1502209067 780661
1502209067 914996
1502209067 982352
1502209068 87477
1502209068 202718
1502209068 433258
1502209068 500350
1502209068 634639
1502209068 749903
1502209068 942372
1502209069 19334
1502209069 171890
1502209069 335253
1502209069 517646
1502209069 613812
1502209069 855586
1502209070 55830
1502209070 238179
1502209070 448826
1502209070 660243
1502209070 756482
1502209070 833616
1502209071 15814
1502209071 92221
1502209071 169378
1502209071 370812
1502209071 534194
1502209071 601274
1502209071 706558
1502209071 783659
1502209072 33245
1502209072 196650
1502209072 360767
1502209072 503289
1502209072 618656
1502209072 705038
1502209072 887216
1502209072 954418
1502209073 31573
1502209073 117839
1502209073 357288
1502209073 597889
1502209073 732088
1502209073 848203
1502209074 10665
1502209074 77827
1502209074 183157
1502209074 269308
1502209074 384582
1502209074 547909
1502209074 634071
1502209074 868214
1502209075 85117
1502209075 142404
1502209075 228534
1502209075 401933
1502209075 613297
1502209075 842988
1502209075 920307
1502209076 150651
1502209076 246710
1502209076 477253
1502209076 678729
1502209076 823030
1502209076 995467
1502209077 188661
1502209077 389312
1502209077 580847
1502209077 812263
1502209078 41842
1502209078 281363
1502209078 416623
1502209078 492866
1502209078 685307
1502209078 771499
1502209078 972928
1502209079 126283
1502209079 241570
1502209079 463775
1502209079 578216
1502209079 635386
1502209079 779713
1502209080 10267
1502209080 125470
1502209080 240572
1502209080 375008
1502209080 432130
1502209080 595595
1502209080 729826
1502209080 816081
1502209081 27532
1502209081 189937
1502209081 372405
1502209081 516703
1502209081 641923
1502209081 881420
1502209081 977586
1502209082 44798
1502209082 140947
1502209082 304304
1502209082 428652
1502209082 640192
1502209082 755395
1502209082 889774
1502209083 4926
1502209083 62153
1502209083 235446
1502209083 388790
1502209083 475062
1502209083 628332
1502209083 686418
1502209083 849788
1502209083 955081
1502209084 99385
1502209084 215382
1502209084 339017
1502209084 425220
1502209084 627496
1502209084 713800
1502209084 953328
1502209085 68530
1502209085 279680
1502209085 443348
1502209085 634878
1502209085 769089
1502209085 875286
1502209086 85852
1502209086 268288
1502209086 325416
1502209086 565941
1502209086 797206
1502209086 920821
1502209087 132249
1502209087 218431
1502209087 362810
1502209087 516106
1502209087 669578
1502209087 775653
1502209087 929004
1502209088 111385
1502209088 293833
1502209088 370080
1502209088 428112
1502209088 514375
1502209088 707527
1502209088 898138
1502209088 984406
1502209089 80595
1502209089 273054
1502209089 407387
1502209089 608786
1502209089 848361
1502209090 2654
1502209090 213241
1502209090 424636
1502209090 558929
1502209090 722265
1502209090 885598
1502209091 97093
1502209091 173329
1502209091 326687
1502209091 509153
1502209091 710563
1502209091 893064
1502209092 47248
1502209092 163532
1502209092 267814
1502209092 431139
1502209092 660690
1502209092 815048
1502209093 45543
1502209093 236949
1502209093 371249
1502209093 477422
1502209093 563712
1502209093 794191
1502209093 976604
1502209094 111053
1502209094 235296
1502209094 427603
1502209094 677157
1502209094 830587
1502209095 51184
1502209095 233506
1502209095 415894
1502209095 538781
1502209095 655554
