1502203561 53187
1502203561 244611
1502203561 369893
1502203561 513248
1502203561 762919
1502203561 907173
1502203562 155744
1502203562 310085
1502203562 434364
1502203562 596891
1502203562 827287
1502203563 75941
1502203563 182204
1502203563 421712
1502203563 603201
1502203563 785720
1502203563 900875
1502203564 92429
1502203564 284763
1502203564 533529
1502203564 725789
1502203564 975390
1502203565 138695
1502203565 339296
1502203565 493610
1502203565 752176
1502203565 885609
1502203566 68071
1502203566 260365
1502203566 490029
1502203566 653310
1502203566 873943
1502203567 85317
1502203567 314980
1502203567 478271
1502203567 631712
1502203567 853053
1502203568 73713
1502203568 197946
1502203568 456582
1502203568 628974
1502203568 820461
1502203568 935001
1502203569 59183
1502203569 241507
1502203569 452122
1502203569 653567
1502203569 884065
1502203570 85587
1502203570 345029
1502203570 573819
1502203570 795236
1502203570 881397
1502203571 91926
1502203571 312474
1502203571 427723
1502203571 523038
1502203571 705477
1502203571 916919
1502203572 90194
1502203572 281619
1502203572 396007
1502203572 588372
1502203572 817966
1502203573 77495
1502203573 172869
1502203573 421446
1502203573 536735
1502203573 700076
1502203573 786304
1502203573 997738
1502203574 218270
1502203574 467804
1502203574 641163
1502203574 832635
1502203574 928033
1502203575 90419
1502203575 243818
1502203575 417056
1502203575 598605
1502203575 791050
1502203575 972523
1502203576 87849
1502203576 202043
1502203576 432574
1502203576 673057
1502203576 864542
1502203576 978881
1502203577 209435
1502203577 334654
1502203577 516094
1502203577 707627
1502203577 803815
1502203577 938184
1502203578 120542
1502203578 265071
1502203578 494414
1502203578 609658
1502203578 839321
1502203579 21660
1502203579 126917
1502203579 347527
1502203579 509816
1502203579 673246
1502203579 893748
1502203580 38066
1502203580 143301
1502203580 304855
1502203580 564354
1502203580 765890
1502203581 6314
1502203581 120751
1502203581 341231
1502203581 466451
1502203581 725958
1502203581 984670
1502203582 166178
1502203582 271394
1502203582 462948
1502203582 683421
1502203582 865023
1502203583 38273
1502203583 267839
1502203583 393072
1502203583 622723
1502203583 746985
1502203583 890407
1502203584 14733
1502203584 158066
1502203584 244281
1502203584 330584
1502203584 600121
1502203584 839694
1502203585 108320
1502203585 328814
1502203585 587438
1502203585 750019
1502203585 836074
1502203586 47561
1502203586 259054
1502203586 422336
1502203586 603837
1502203586 738127
1502203586 978637
1502203587 73898
1502203587 304510
1502203587 399772
1502203587 495889
1502203587 744533
1502203587 946020
1502203588 51358
1502203588 128405
1502203588 377978
1502203588 455217
1502203588 665724
1502203588 771920
1502203588 896124
1502203589 20506
1502203589 231012
1502203589 365367
1502203589 479624
1502203589 575838
1502203589 691133
1502203589 930695
1502203590 55169
1502203590 256522
1502203590 370916
1502203590 620418
1502203590 812833
1502203590 985217
1502203591 223866
1502203591 483516
1502203591 588669
1502203591 713077
1502203591 856437
1502203592 67852
1502203592 201251
1502203592 460854
1502203592 729443
1502203592 920945
1502203593 35302
1502203593 169599
1502203593 284804
1502203593 544419
1502203593 774049
1502203593 888405
1502203594 70691
1502203594 301302
1502203594 502763
1502203594 666258
1502203594 896556
1502203594 982987
1502203595 213238
1502203595 347631
1502203595 473040
1502203595 683352
1502203595 770493
1502203595 932966
1502203596 173393
1502203596 259619
1502203596 422029
1502203596 690681
1502203596 863966
1502203597 36420
1502203597 285292
1502203597 409447
1502203597 514684
1502203597 706148
1502203597 926690
1502203598 156254
1502203598 346950
1502203598 539263
1502203598 768916
1502203598 855149
1502203598 970295
1502203599 181814
1502203599 401399
1502203599 526662
1502203599 641033
1502203599 718124
1502203599 890655
1502203599 995834
1502203600 216279
1502203600 340713
1502203600 570250
1502203600 685538
1502203600 916012
1502203601 21455
1502203601 117451
1502203601 223664
1502203601 396090
1502203601 568655
1502203601 808141
1502203601 999520
1502203602 103930
1502203602 210143
1502203602 468753
1502203602 728331
1502203602 862576
1502203603 95317
1502203603 320893
1502203603 408006
1502203603 589486
1502203603 683885
1502203603 857219
1502203604 115845
1502203604 364530
1502203604 566038
1502203604 825599
1502203604 978894
1502203605 74239
1502203605 322803
1502203605 525174
1502203605 610543
1502203605 706775
1502203605 792904
1502203605 880025
1502203605 985243
1502203606 157751
1502203606 378237
1502203606 559873
1502203606 733067
1502203606 972701
1502203607 116269
1502203607 345670
1502203607 567063
1502203607 796678
1502203607 998153
1502203608 152399
1502203608 411022
1502203608 506351
1502203608 592606
1502203608 765892
1502203608 986315
1502203609 196998
1502203609 340376
1502203609 512791
1502203609 608205
1502203609 829430
1502203609 972939
1502203610 97141
1502203610 345849
1502203610 432143
1502203610 643535
1502203610 863997
1502203611 45531
1502203611 159912
1502203611 323283
1502203611 552885
1502203611 735293
1502203611 841366
1502203612 100002
1502203612 176193
1502203612 306030
1502203612 440311
1502203612 689930
1502203612 815144
1502203613 5724
1502203613 140043
1502203613 236215
1502203613 437703
1502203613 667336
1502203613 811575
1502203614 22104
1502203614 118297
1502203614 290948
1502203614 444278
1502203614 606605
1502203614 837050
1502203614 999518
1502203615 114800
1502203615 278154
1502203615 354310
1502203615 564954
1502203615 709156
1502203615 833482
1502203615 995936
1502203616 216542
1502203616 331770
1502203616 562183
1502203616 716468
1502203616 946063
1502203617 147550
1502203617 281883
1502203617 436110
1502203617 665694
1502203617 819115
1502203618 87706
1502203618 286457
1502203618 467975
1502203618 669424
1502203618 842880
1502203618 986147
1502203619 72353
1502203619 254844
1502203619 447160
1502203619 657701
1502203619 791084
1502203619 954442
1502203620 126851
1502203620 366431
1502203620 528942
1502203620 711490
1502203620 969950
1502203621 218580
1502203621 421013
1502203621 669630
1502203621 881077
1502203622 101640
1502203622 216888
1502203622 399275
1502203622 505414
1502203622 754148
1502203622 831248
1502203622 993700
1502203623 166248
1502203623 329434
1502203623 471969
1502203623 664284
1502203623 798623
1502203624 47299
1502203624 231742
1502203624 383960
1502203624 479238
1502203624 661636
1502203624 815007
1502203625 64573
1502203625 227898
1502203625 458428
1502203625 583666
1502203625 727051
1502203625 880432
1502203625 985675
1502203626 253451
1502203626 445767
1502203626 686285
1502203626 858658
1502203627 21126
1502203627 162716
1502203627 412321
1502203627 604643
1502203627 748027
1502203627 833386
1502203628 92956
1502203628 256221
1502203628 351537
1502203628 523946
1502203628 735379
1502203628 850645
1502203629 52101
1502203629 291718
1502203629 445123
1502203629 685547
1502203629 887036
1502203630 78497
1502203630 337190
1502203630 451532
1502203630 720127
1502203630 855320
1502203631 27767
1502203631 111268
1502203631 321818
1502203631 504175
1502203631 715620
1502203631 955247
1502203632 50487
1502203632 184864
1502203632 396303
1502203632 625877
1502203632 818353
1502203632 932610
1502203633 183051
1502203633 278454
1502203633 470049
1502203633 584220
1502203633 805555
1502203633 929919
1502203634 121579
1502203634 264893
1502203634 370088
1502203634 628722
1502203634 714948
1502203634 964529
1502203635 89750
1502203635 214034
1502203635 386499
1502203635 501702
1502203635 712249
1502203635 818483
1502203635 913738
1502203636 154211
1502203636 259457
1502203636 470057
1502203636 642456
1502203636 728748
1502203636 977590
1502203637 131561
1502203637 217833
1502203637 466514
1502203637 591682
1502203637 792274
1502203637 936558
1502203638 109873
1502203638 263323
1502203638 377592
1502203638 531893
1502203638 685263
1502203638 905757
1502203639 59121
1502203639 298669
1502203639 384918
1502203639 605512
1502203639 845068
1502203640 65595
1502203640 160840
1502203640 267211
1502203640 487795
1502203640 582850
1502203640 822380
1502203641 33169
1502203641 138243
1502203641 310746
1502203641 425026
1502203641 674551
1502203641 934098
1502203642 183629
1502203642 365155
1502203642 509503
1502203642 729961
1502203642 930531
1502203643 171018
1502203643 429645
1502203643 621162
1502203643 707529
1502203643 946039
1502203644 23138
1502203644 157429
1502203644 234708
1502203644 483269
1502203644 742826
1502203644 905249
1502203644 991496
1502203645 78581
1502203645 183866
1502203645 404397
1502203645 605237
1502203645 835404
1502203645 912564
1502203646 180274
1502203646 315517
1502203646 391736
1502203646 525138
1502203646 698442
1502203646 773771
1502203646 966217
1502203647 109535
1502203647 378199
1502203647 464354
1502203647 723932
1502203647 992556
1502203648 88760
1502203648 270266
1502203648 539772
1502203648 779410
1502203649 28102
1502203649 257695
1502203649 343862
1502203649 536238
1502203649 622430
1502203649 881956
1502203650 15365
1502203650 102489
1502203650 361182
1502203650 475573
1502203650 580982
1502203650 811431
1502203650 992755
1502203651 233239
1502203651 405666
1502203651 481918
1502203651 654358
1502203651 807763
1502203651 951116
1502203652 151589
1502203652 315006
1502203652 545461
1502203652 650746
1502203652 890362
1502203653 100910
1502203653 178039
1502203653 302369
1502203653 426725
1502203653 647212
1502203653 771608
1502203653 982129
1502203654 126395
1502203654 212899
1502203654 326949
1502203654 548348
1502203654 711028
1502203654 921372
1502203655 142744
1502203655 305168
1502203655 391431
1502203655 525733
1502203655 631921
1502203655 823391
1502203656 53037
1502203656 312500
1502203656 475223
1502203656 743696
1502203656 935088
1502203657 107502
1502203657 299002
1502203657 432415
1502203657 634778
1502203657 778158
1502203657 912416
1502203658 46821
1502203658 306391
1502203658 487826
1502203658 670230
1502203658 919798
1502203659 169402
1502203659 438862
1502203659 687569
1502203659 936232
1502203660 42410
1502203660 243947
1502203660 406373
1502203660 502523
1502203660 722087
1502203660 924558
1502203661 115931
1502203661 230388
1502203661 383647
1502203661 470158
1502203661 584184
1502203661 776578
1502203661 862771
1502203662 26192
1502203662 150491
1502203662 342008
1502203662 543365
1502203662 676810
1502203662 916431
1502203663 41609
1502203663 252264
1502203663 414610
1502203663 606995
1502203663 827498
1502203663 960966
1502203664 191435
1502203664 420997
1502203664 507190
1502203664 718690
1502203664 919322
1502203665 119878
1502203665 225151
1502203665 454727
1502203665 599053
1502203665 694342
1502203665 885816
1502203666 93
1502203666 191539
1502203666 278775
1502203666 508272
1502203666 671619
1502203666 785983
1502203667 35668
1502203667 237890
1502203667 333225
1502203667 505673
1502203667 698014
1502203667 890375
1502203668 71909
1502203668 158157
1502203668 408580
1502203668 493962
1502203668 629079
1502203668 849701
1502203668 944976
1502203669 127373
1502203669 233499
1502203669 454141
1502203669 540333
1502203669 721701
1502203669 836975
1502203670 58479
1502203670 259046
1502203670 336147
1502203670 546606
1502203670 739019
1502203670 920602
1502203671 16762
1502203671 209164
1502203671 419689
1502203671 544026
1502203671 736421
1502203671 850759
1502203671 985124
1502203672 254610
1502203672 417019
1502203672 666561
1502203672 829936
1502203672 993240
1502203673 145776
1502203673 319072
1502203673 462473
1502203673 683035
1502203673 864473
1502203674 17834
1502203674 228464
1502203674 371815
1502203674 564193
1502203674 717543
1502203674 880058
1502203675 109550
1502203675 369114
1502203675 531652
1502203675 723077
1502203675 905449
1502203676 11765
1502203676 193098
1502203676 385515
1502203676 471683
1502203676 721364
1502203676 942681
1502203677 191347
1502203677 354693
1502203677 603491
1502203677 728623
1502203677 929213
1502203678 25414
1502203678 139685
1502203678 361145
1502203678 523726
1502203678 599848
1502203678 715098
1502203678 925640
1502203679 117998
1502203679 213499
1502203679 442854
1502203679 539141
1502203679 634352
1502203679 740576
1502203679 970174
1502203680 200583
1502203680 344889
1502203680 430413
1502203680 660779
1502203680 746968
1502203680 824138
1502203681 35612
1502203681 169115
1502203681 399534
1502203681 514017
1502203681 619525
1502203681 743625
1502203681 936111
1502203682 41226
1502203682 289676
1502203682 444117
1502203682 606423
1502203682 740751
1502203682 914143
1502203683 47531
1502203683 210795
1502203683 336082
1502203683 489407
1502203683 689953
1502203683 825313
1502203684 35796
1502203684 161067
1502203684 419607
1502203684 612104
1502203684 870578
1502203685 101151
1502203685 312605
1502203685 571226
1502203685 715539
1502203685 884091
1502203686 60382
1502203686 194634
1502203686 280897
1502203686 435176
1502203686 578609
1502203686 828111
1502203687 67691
1502203687 221107
1502203687 345382
1502203687 546899
1502203687 757420
1502203687 900842
1502203688 102235
1502203688 284670
1502203688 467057
1502203688 725724
1502203688 898996
1502203689 80508
1502203689 186876
1502203689 455293
1502203689 598696
1502203689 713989
1502203689 886388
1502203689 971707
1502203690 231300
1502203690 384547
1502203690 634199
1502203690 768476
1502203690 883752
1502203690 979967
1502203691 210456
1502203691 344708
1502203691 546200
1502203691 690508
1502203691 805710
1502203691 997295
1502203692 197882
1502203692 303126
1502203692 464581
1502203692 638863
1502203692 878437
1502203693 31796
1502203693 271354
1502203693 443783
1502203693 606188
1502203693 692519
1502203693 855803
1502203694 48248
1502203694 172702
1502203694 315919
1502203694 412306
1502203694 555514
1502203694 805067
1502203695 35550
1502203695 217990
1502203695 313224
1502203695 419468
1502203695 639045
1502203695 869545
1502203696 90054
1502203696 186206
1502203696 367776
1502203696 528428
1502203696 710814
1502203696 797956
1502203696 951349
1502203697 84704
1502203697 344250
1502203697 506658
1502203697 737325
1502203697 861517
1502203698 130229
1502203698 388775
1502203698 552171
1502203698 733756
1502203698 839798
1502203699 86347
1502203699 309846
1502203699 501373
1502203699 615964
1502203699 750110
1502203699 893496
1502203700 85803
1502203700 219203
1502203700 488750
1502203700 699340
1502203700 890785
1502203700 985977
1502203701 168456
1502203701 254744
1502203701 340870
1502203701 427977
1502203701 686599
1502203701 849050
1502203702 31459
1502203702 223860
1502203702 434374
1502203702 530554
1502203702 625952
1502203702 837262
1502203703 47942
1502203703 287506
1502203703 469036
1502203703 603389
1502203703 690315
1502203703 900932
1502203704 34375
1502203704 236771
1502203704 466399
1502203704 553435
1502203704 715855
1502203704 860195
1502203704 984505
1502203705 214244
1502203705 472696
1502203705 598013
1502203705 779400
1502203705 866603
1502203705 961864
1502203706 87081
1502203706 335732
1502203706 566197
1502203706 815860
1502203706 978303
1502203707 55475
1502203707 169751
1502203707 256911
1502203707 458411
1502203707 544627
1502203707 784217
1502203708 4608
1502203708 167068
1502203708 378459
1502203708 608158
1502203708 770520
1502203709 11109
1502203709 164431
1502203709 297793
1502203709 509255
1502203709 757982
1502203710 27420
1502203710 103652
1502203710 333267
1502203710 419502
1502203710 573784
1502203710 822399
1502203710 976674
1502203711 110081
1502203711 350566
1502203711 523008
1502203711 618317
1502203711 723593
1502203711 837920
1502203711 953201
1502203712 39546
1502203712 250876
1502203712 519424
1502203712 634709
1502203712 740900
1502203713 9459
1502203713 104836
1502203713 335379
1502203713 487814
1502203713 651155
1502203713 766365
1502203714 6988
1502203714 141220
1502203714 303692
1502203714 505117
1502203714 764866
1502203714 937255
1502203715 61399
1502203715 320940
1502203715 435261
1502203715 550724
1502203715 761170
1502203715 953461
1502203716 67895
1502203716 212077
1502203716 451615
1502203716 663145
1502203716 883728
1502203717 17942
1502203717 266554
1502203717 478088
1502203717 564232
1502203717 812916
1502203717 995332
1502203718 110557
1502203718 370172
1502203718 535754
1502203718 657679
1502203718 906542
1502203719 136966
1502203719 252353
1502203719 405505
1502203719 625993
1502203719 759536
1502203719 989998
1502203720 86173
1502203720 248629
1502203720 479077
1502203720 584402
1502203720 795859
1502203720 996373
1502203721 246898
1502203721 486487
1502203721 687119
1502203721 936570
1502203722 206132
1502203722 378513
1502203722 540964
1502203722 685242
1502203722 809596
1502203723 59276
1502203723 183505
1502203723 442127
1502203723 556469
1502203723 767917
1502203723 930332
1502203724 112977
1502203724 228090
1502203724 548325
1502203724 784378
1502203724 870536
1502203725 23879
1502203725 177244
1502203725 291646
1502203725 387922
1502203725 522129
1502203725 684533
1502203725 944020
1502203726 106530
1502203726 289005
1502203726 432284
1502203726 566689
1502203726 778084
1502203726 891995
1502203727 7724
1502203727 161204
1502203727 305422
1502203727 432482
1502203727 574055
1502203727 727380
1502203727 813559
1502203727 937926
1502203728 62179
1502203728 138394
1502203728 272725
1502203728 570390
1502203728 742823
1502203729 2389
1502203729 270916
1502203729 348133
1502203729 443411
1502203729 528821
1502203729 731042
1502203729 807323
1502203730 17904
1502203730 95017
1502203730 337029
1502203730 545134
1502203730 717613
1502203730 899972
1502203731 111594
1502203731 236585
1502203731 418143
1502203731 619588
1502203731 889279
1502203732 51614
1502203732 303568
1502203732 388243
1502203732 560658
1502203732 829319
1502203732 953713
1502203733 68047
1502203733 221390
1502203733 307710
1502203733 471118
1502203733 566304
1502203733 739494
1502203733 863879
1502203734 84319
1502203734 217743
1502203734 324149
1502203734 592621
1502203734 931029
1502203735 52678
1502203735 139786
1502203735 360467
1502203735 455607
1502203735 667072
1502203735 906681
1502203736 88220
1502203736 357690
1502203736 616299
1502203736 846805
1502203737 38315
1502203737 172049
1502203737 325197
1502203737 516525
1502203737 698086
1502203737 919475
1502203738 197112
1502203738 427714
1502203738 561061
1502203738 877795
1502203739 41377
1502203739 165472
1502203739 289740
1502203739 423216
1502203739 633743
1502203739 789219
1502203739 950421
1502203740 151931
1502203740 391506
1502203740 535755
1502203740 651923
1502203740 842560
1502203741 111164
1502203741 244548
1502203741 321723
1502203741 590476
1502203741 771831
1502203741 907056
1502203742 70341
1502203742 380341
1502203742 501422
1502203742 597638
1502203742 675147
1502203742 951546
1502203743 147250
1502203743 355413
1502203743 508750
1502203743 700218
1502203743 920794
1502203744 122211
1502203744 304782
1502203744 448943
1502203744 679440
1502203744 996151
1502203745 235801
1502203745 408344
1502203745 570629
1502203745 723946
1502203745 924521
1502203746 174242
1502203746 347408
1502203746 480781
1502203746 740326
1502203746 903778
1502203747 105174
1502203747 382871
1502203747 603403
1502203747 823874
1502203747 900203
1502203748 120761
1502203748 244971
1502203748 379401
1502203748 589845
1502203748 753157
1502203748 859332
1502203749 108042
1502203749 281400
1502203749 414856
1502203749 491897
1502203749 606246
1502203749 846727
1502203750 86299
1502203750 277762
1502203750 488336
1502203750 689792
1502203750 833132
1502203750 919406
1502203751 101844
1502203751 342353
1502203751 581826
1502203751 687149
1502203751 821473
1502203751 994745
1502203752 100053
1502203752 367825
1502203752 531358
1502203752 732677
1502203752 944032
1502203753 30301
1502203753 193628
1502203753 385140
1502203753 548520
1502203753 682710
1502203753 859075
1502203753 989499
1502203754 171083
1502203754 382397
1502203754 622939
1502203754 862472
1502203755 93026
1502203755 274538
1502203755 466888
1502203755 677458
1502203755 859828
1502203756 109405
1502203756 367202
1502203756 578539
1502203756 741954
1502203756 895308
1502203756 990605
1502203757 124989
1502203757 317343
1502203757 393589
1502203757 642171
1502203757 824587
1502203757 968895
1502203758 150383
1502203758 323743
1502203758 496071
1502203758 592441
1502203758 793764
1502203758 880054
1502203759 148638
1502203759 350445
1502203759 560637
1502203759 646846
1502203759 782113
1502203759 906575
1502203760 59800
1502203760 184021
1502203760 336530
1502203760 423701
1502203760 538005
1502203760 633277
1502203760 853746
1502203760 998109
1502203761 198639
1502203761 313913
1502203761 582516
1502203761 678758
1502203761 860318
1502203762 90725
1502203762 282201
1502203762 416519
1502203762 570800
1502203762 714485
1502203762 810365
1502203763 78989
1502203763 241501
1502203763 462004
1502203763 644385
1502203763 836756
1502203763 999318
1502203764 248701
1502203764 459438
1502203764 631827
1502203764 756352
1502203764 861363
1502203765 101002
1502203765 187037
1502203765 339630
1502203765 435793
1502203765 627249
1502203765 713487
1502203765 895018
1502203766 20221
1502203766 278807
1502203766 499358
1502203766 700807
1502203766 893418
1502203767 46625
1502203767 267169
1502203767 372541
1502203767 554846
1502203767 736326
1502203767 966841
1502203768 168271
1502203768 408746
1502203768 503985
1502203768 600228
1502203768 791664
1502203769 50349
1502203769 145661
1502203769 405134
1502203769 596684
1502203769 845335
1502203770 103937
1502203770 314463
1502203770 574127
1502203770 794746
1502203770 996087
1502203771 187488
1502203771 340164
1502203771 579591
1502203771 771979
1502203771 907580
1502203772 58726
1502203772 326469
1502203772 586063
1502203772 682328
1502203772 920870
1502203773 103293
1502203773 247582
1502203773 468099
1502203773 621406
1502203773 812941
1502203773 946303
1502203774 135965
1502203774 376410
1502203774 606010
1502203774 798429
1502203775 134202
1502203775 344750
1502203775 420970
1502203775 565291
1502203775 727751
1502203775 881070
1502203776 73572
1502203776 303065
1502203776 466549
1502203776 571674
1502203776 812193
1502203777 60847
1502203777 301373
1502203777 511864
1502203777 607279
1502203777 847163
1502203778 105395
1502203778 307789
1502203778 441418
1502203778 662602
1502203778 796008
1502203778 873196
1502203779 64610
1502203779 256097
1502203779 476621
1502203779 668002
1502203779 821672
1502203779 917688
1502203780 81016
1502203780 244374
1502203780 513096
1502203780 589232
1502203780 838807
1502203780 992132
1502203781 108042
1502203781 270710
1502203781 433127
1502203781 616201
1502203781 797977
1502203781 884213
1502203782 94792
1502203782 239019
1502203782 478586
1502203782 641241
1502203782 899916
1502203783 101202
1502203783 330860
1502203783 446126
1502203783 628420
1502203783 877963
1502203783 974309
1502203784 194730
1502203784 329013
1502203784 577719
1502203784 808277
1502203784 904359
1502203785 134868
1502203785 393545
1502203785 661228
1502203785 920738
1502203786 36065
1502203786 332802
1502203786 592358
1502203786 802968
1502203786 946509
1502203787 51559
1502203787 310277
1502203787 434509
1502203787 520661
1502203787 741361
1502203787 942688
1502203788 76196
1502203788 201476
1502203788 305618
1502203788 401901
1502203788 565213
1502203788 814822
1502203789 63522
1502203789 207763
1502203789 534374
1502203789 677809
1502203789 831155
1502203789 907462
1502203790 98890
1502203790 328519
1502203790 462917
1502203790 578094
1502203790 751373
1502203790 923776
1502203791 124373
1502203791 383952
1502203791 556551
1502203791 709656
1502203791 834000
1502203791 977427
1502203792 121717
1502203792 284122
1502203792 466483
1502203792 658983
1502203792 754257
1502203793 3796
1502203793 186198
1502203793 339537
1502203793 617276
1502203793 732696
1502203794 1167
1502203794 211687
1502203794 326942
1502203794 469432
1502203794 632761
1502203794 777018
1502203795 25743
1502203795 208186
1502203795 457671
1502203795 717225
1502203795 822500
1502203796 62062
1502203796 301992
1502203796 397879
1502203796 560265
1502203796 780770
1502203796 947146
1502203797 193716
1502203797 376106
1502203797 615746
1502203797 769942
1502203797 999598
1502203798 76666
1502203798 191075
1502203798 287265
1502203798 372568
1502203798 545947
1502203798 784553
1502203799 15089
1502203799 263739
1502203799 465322
1502203799 705716
1502203800 21552
1502203800 194819
1502203800 290226
1502203800 433571
1502203800 654014
1502203800 875461
1502203801 67067
1502203801 248624
1502203801 488919
1502203801 603307
1502203801 871917
1502203802 169712
1502203802 410040
1502203802 534379
1502203802 799022
1502203803 4633
1502203803 138765
1502203803 349344
1502203803 511895
1502203803 780537
1502203803 991887
1502203804 212460
1502203804 355726
1502203804 615230
1502203804 874042
1502203805 55380
1502203805 247852
1502203805 372116
1502203805 620794
1502203805 861249
1502203806 90892
1502203806 215244
1502203806 426675
1502203806 511982
1502203806 733372
1502203806 886745
1502203806 991207
1502203807 231616
1502203807 336852
1502203807 499285
1502203807 643614
1502203807 854254
1502203807 988484
1502203808 132727
1502203808 324220
1502203808 448599
1502203808 582054
1502203808 812497
1502203808 946840
1502203809 139177
1502203809 279580
1502203809 483959
1502203809 684552
1502203809 866976
1502203810 97566
1502203810 250850
1502203810 452307
1502203810 596583
1502203810 677490
1502203810 932360
1502203811 114785
1502203811 364320
1502203811 518647
1502203811 604951
1502203811 700087
1502203811 872518
1502203812 25981
1502203812 179355
1502203812 419748
1502203812 553401
1502203812 745597
1502203812 917949
1502203813 13296
1502203813 205791
1502203813 426204
1502203813 655756
1502203813 821763
1502203814 30651
1502203814 144915
1502203814 385466
1502203814 644099
1502203814 739699
1502203814 930816
1502203815 46110
1502203815 160470
1502203815 294760
1502203815 525416
1502203815 640556
1502203815 870987
1502203816 130621
1502203816 399131
1502203816 686906
1502203816 859377
1502203817 79885
1502203817 338525
1502203817 519938
1502203817 635173
1502203817 779629
1502203818 38138
1502203818 172398
1502203818 393012
1502203818 566332
1502203818 796029
1502203818 911120
1502203819 26397
1502203819 285985
1502203819 544571
1502203819 784135
1502203819 937469
1502203820 51948
1502203820 224282
1502203820 434902
1502203820 550787
1502203820 752389
1502203821 11141
1502203821 211678
1502203821 451213
1502203821 699879
1502203821 854159
1502203822 7571
1502203822 208912
1502203822 467690
1502203822 581974
1502203822 805595
1502203823 62471
1502203823 186355
1502203823 407866
1502203823 503028
1502203823 589250
1502203823 714492
1502203823 963176
1502203824 50244
1502203824 193688
1502203824 318065
1502203824 471358
1502203824 623801
1502203824 768153
1502203824 912426
1502203825 55787
1502203825 304508
1502203825 496794
1502203825 756417
1502203825 995099
1502203826 225590
1502203826 379846
1502203826 647535
1502203826 888494
1502203827 70466
1502203827 223881
1502203827 444461
1502203827 670831
1502203827 895373
1502203828 125114
1502203828 211407
1502203828 365508
1502203828 624183
1502203828 796792
1502203828 901901
1502203829 141508
1502203829 294187
1502203829 399987
1502203829 629607
1502203829 792957
1502203830 33719
1502203830 128784
1502203830 388285
1502203830 503600
1502203830 752374
1502203830 906492
1502203831 117074
1502203831 346642
1502203831 596112
1502203831 693137
1502203831 932872
1502203832 67170
1502203832 325806
1502203832 459365
1502203832 641619
1502203832 814903
1502203832 987341
1502203833 187438
1502203833 303134
1502203833 533644
1502203833 803179
1502203834 51832
1502203834 138050
1502203834 397730
1502203834 541070
1502203834 761504
1502203834 884914
1502203835 86357
1502203835 345935
1502203835 538289
1502203835 643589
1502203835 883207
1502203835 959415
1502203836 160959
1502203836 410422
1502203836 663377
1502203836 793412
1502203836 975803
1502203837 225450
1502203837 378755
1502203837 600207
1502203837 839745
1502203837 964118
1502203838 155550
1502203838 289141
1502203838 462314
1502203838 711354
1502203838 902397
1502203838 998864
1502203839 167458
1502203839 416069
1502203839 579439
1502203839 771868
1502203840 30430
1502203840 241902
1502203840 346253
1502203840 499657
1502203840 826780
1502203841 17812
1502203841 248348
1502203841 353646
1502203841 507037
1502203841 583154
1502203841 832781
1502203842 43291
1502203842 159244
1502203842 379396
1502203842 637757
1502203842 800456
1502203843 68844
1502203843 279311
1502203843 375486
1502203843 615045
1502203843 834707
1502203844 8094
1502203844 94323
1502203844 285756
1502203844 371963
1502203844 553610
1502203844 774846
1502203844 870133
1502203845 71662
1502203845 263242
1502203845 473631
1502203845 656124
1502203845 876792
1502203846 127051
1502203846 375952
1502203846 577119
1502203846 662443
1502203846 912024
1502203847 56334
1502203847 133483
1502203847 266862
1502203847 449255
1502203847 708983
1502203847 900261
1502203848 129906
1502203848 217042
1502203848 331336
1502203848 580983
1502203848 782333
1502203849 41145
1502203849 184420
1502203849 443973
1502203849 664442
1502203849 865058
1502203850 9368
1502203850 152644
1502203850 328064
1502203850 603780
1502203850 825168
1502203851 25778
1502203851 267549
1502203851 390553
1502203851 505768
1502203851 755363
1502203851 928710
1502203852 187389
1502203852 427037
1502203852 551263
1502203852 684685
1502203852 858003
1502203853 126590
1502203853 347451
1502203853 576685
1502203853 759134
1502203854 75807
1502203854 220167
1502203854 334616
1502203854 430620
1502203854 516906
1502203854 728294
1502203854 938871
1502203855 92347
1502203855 303886
1502203855 514212
1502203855 629530
1502203855 889024
1502203856 70804
1502203856 281050
1502203856 511652
1502203856 654945
1502203856 780156
1502203856 894529
1502203857 125000
1502203857 240316
1502203857 473398
1502203857 653175
1502203857 882806
1502203857 959905
1502203858 237659
1502203858 342948
1502203858 602367
1502203858 822961
1502203859 120595
1502203859 254959
1502203859 466374
1502203859 695912
1502203859 955825
1502203860 79891
1502203860 330479
1502203860 451127
1502203860 549825
1502203860 847782
1502203861 10136
1502203861 172877
