1502193630 717131
1502193630 841457
1502193631 33784
1502193631 197137
1502193631 340871
1502193631 436715
1502193631 657230
1502193631 734357
1502193631 954900
1502193632 32076
1502193632 128220
1502193632 319707
1502193632 483043
1502193632 560177
1502193632 809840
1502193633 11316
1502193633 107424
1502193633 193704
1502193633 366109
1502193633 548741
1502193633 644919
1502193633 779266
1502193633 885308
1502193634 35542
1502193634 278206
1502193634 422466
1502193634 585743
1502193634 853797
1502193635 64925
1502193635 209296
1502193635 333574
1502193635 429725
1502193635 679333
1502193635 794605
1502193636 34151
1502193636 140337
1502193636 389877
1502193636 601545
1502193636 832106
1502193637 61460
1502193637 176675
1502193637 321053
1502193637 484439
1502193637 647664
1502193637 916263
1502193638 146258
1502193638 290183
1502193638 529917
1502193638 703060
1502193638 789726
1502193638 913892
1502193638 990908
1502193639 106055
1502193639 374980
1502193639 489975
1502193639 653401
1502193639 768597
1502193639 854783
1502193640 123414
1502193640 211216
1502193640 431112
1502193640 671000
1502193640 776795
1502193640 901501
1502193641 45374
1502193641 238160
1502193641 372197
1502193641 592591
1502193641 793550
1502193642 52694
1502193642 247048
1502193642 494668
1502193642 734202
1502193642 868600
1502193643 60071
1502193643 146349
1502193643 319729
1502193643 578233
1502193643 770069
1502193644 29289
1502193644 269750
1502193644 413196
1502193644 585575
1502193644 681744
1502193644 758071
1502193644 988514
1502193645 84693
1502193645 277080
1502193645 497735
1502193645 650996
1502193645 776142
1502193645 948576
1502193646 92886
1502193646 361555
1502193646 505794
1502193646 611205
1502193646 872822
1502193646 966830
1502193647 158355
1502193647 292995
