1502371088 401748
1502371478 373701
1502371478 613813
1502371478 853759
1502371479 103439
1502371479 342791
1502371479 832812
1502371480 72888
1502371480 562415
1502371481 42485
1502371481 283114
1502371481 532638
1502371482 11777
1502371482 268204
1502371482 741536
1502371482 990986
1502371483 471158
1502371483 721510
1502371484 200668
1502371484 441220
1502371484 931196
1502371485 180781
1502371485 420403
1502371485 910519
1502371486 150832
1502371486 640211
1502371486 883271
1502371487 363351
1502371487 603092
1502371488 92859
1502371488 332493
1502371488 582049
1502371488 822488
1502371489 62226
1502371489 302804
1502371489 793666
1502371490 33378
1502371490 523178
1502371490 772916
1502371491 263104
1502371491 503311
1502371491 743150
1502371492 233034
1502371492 474212
1502371502 895737
1502371503 136338
1502371503 385979
1502371503 625581
1502371503 874965
1502371504 115427
1502371504 595565
1502371504 845032
1502371505 84672
1502371505 574698
1502371505 814310
1502371506 304323
1502371506 543994
1502371506 788095
1502371507 27765
1502371507 267319
1502371507 517070
1502371507 999798
1502371508 247410
1502371508 728610
1502371508 968049
1502371645 356418
1502371645 376999
1502371673 417319
1502371673 657875
1502371673 907254
1502371674 146871
1502371674 386444
1502371674 876360
1502371675 117106
1502371675 366545
1502371675 856569
1502371676 96155
1502371676 585215
1502371676 825778
1502371677 315830
1502371677 554608
1502371677 795071
1502371678 285004
1502371679 24904
1502371679 102159
1502371679 236612
1502371679 373739
1502371679 443589
1502371679 506151
1502371679 572499
1502371679 638838
1502371679 686635
1502371679 705701
1502371679 772651
1502371679 820751
1502371679 840125
1502371679 888021
1502371679 907382
1502371679 954923
1502371679 974365
1502371680 31912
1502371680 90062
1502371680 109402
1502371680 157621
1502371680 245342
1502371680 292413
1502371680 359671
1502371680 386008
1502371680 425821
1502371680 494043
1502371680 514375
1502371680 561185
1502371680 819727
1502371680 867843
1502371681 2239
1502371681 69368
1502371681 157097
1502371681 895553
1502371681 914794
1502371682 127028
1502371682 164338
1502371682 337514
1502371682 459815
1502371682 485507
1502371682 599677
1502371682 622240
1502371682 705607
1502371682 734938
1502371682 913431
1502371682 942949
1502371683 10707
1502371683 914570
1502371684 6176
1502371684 112434
1502371684 133133
1502371684 717478
1502371684 784178
1502371685 23634
1502371685 149259
1502371685 983623
1502371686 108639
1502371686 128021
1502371686 330302
1502371686 675774
1502371687 1868
1502371687 289437
1502371687 644881
1502371688 11356
1502371688 154428
1502371688 865334
1502371689 286784
1502371689 354230
1502371689 373565
1502371689 817508
1502371689 956752
1502371690 206134
1502371690 225268
1502371690 713557
1502371690 856747
1502371691 1227
1502371691 347269
1502371691 442837
1502371691 452589
1502371691 651986
1502371691 729388
1502371691 787145
1502371692 83845
1502371692 179873
1502371692 189119
1502371692 313216
1502371692 322713
1502371692 390718
1502371692 458462
1502371692 908537
1502371692 985946
1502371693 168120
1502371693 183924
1502371693 503896
1502371693 571019
1502371693 582134
1502371693 867114
1502371694 68662
1502371694 951621
1502371695 28778
1502371695 85862
1502371695 266626
1502371695 352395
1502371695 458846
1502371695 477884
1502371695 697494
1502371695 870816
1502371696 53031
1502371696 399051
1502371696 859125
1502371696 878440
1502371697 11275
1502371697 30677
1502371697 97747
1502371697 232184
1502371697 481693
1502371697 529468
1502371697 548810
1502371697 711941
1502371698 239376
1502371698 258868
1502371698 507739
1502371698 527219
1502371698 574978
1502371699 140502
1502371700 14611
1502371700 120717
1502371700 130095
1502371700 359000
1502371700 379689
1502371700 482142
1502371700 603251
1502371701 93240
1502371701 160341
1502371701 180829
1502371701 247285
1502371701 294689
1502371701 314732
1502371701 361824
1502371701 381875
1502371701 429177
1502371701 449445
1502371701 496161
1502371701 630635
1502371702 71873
1502371702 350384
1502371703 3047
1502371703 60048
1502371703 80262
1502371703 167397
1502371703 589115
1502371703 790677
1502371703 982665
1502371704 2296
1502371704 290326
1502371704 376583
1502371704 615521
1502371704 626630
1502371705 67139
1502371705 413277
1502371705 528170
1502371705 538474
1502371705 748654
1502371705 835138
1502371705 854400
1502371706 601856
1502371706 851267
1502371707 91748
1502371707 571909
1502371707 821456
1502371708 301437
1502371708 541978
1502371709 31049
1502371709 271734
1502371758 794686
1502371759 941972
1502371761 347770
1502371761 404888
1502371761 462942
1502371761 520288
1502371761 578354
1502371761 635374
1502371761 693463
1502371761 750713
1502371761 885016
1502371761 963007
1502371762 423146
1502371763 19291
1502371763 182774
1502371763 509441
1502371763 566517
1502371764 632008
1502371764 785338
1502371764 929593
1502371765 74009
1502371765 218213
1502371765 275355
1502371765 420637
1502371765 564807
1502371765 622116
1502371765 766395
1502371765 823506
1502371765 881534
1502371766 25935
1502371766 84033
1502371767 34170
1502371767 91325
1502371767 235644
1502371767 292783
1502371767 408056
1502371767 600453
1502371767 667555
1502371768 51515
1502371768 108645
1502371768 322086
1502371768 800083
1502371769 87763
1502371769 827470
1502371770 412707
1502371770 614262
1502371771 258291
1502371771 671503
1502371772 55862
1502372055 435176
1502372055 684628
1502372055 925347
1502372056 164778
1502372056 414471
1502372056 654717
1502372056 894421
1502372057 143825
1502372057 624984
1502372057 864403
1502372058 354476
1502372058 594104
1502372059 84069
1502372059 323871
1502372059 814722
1502372060 63388
1502372060 302883
1502372060 792917
1502372061 33498
1502372115 491945
1502372115 732167
1502372115 981638
1502372116 221143
1502372116 460742
1502372116 711238
1502372116 950851
1502372117 191359
1502372117 431232
1502372117 930289
1502372118 170515
1502372118 650917
1502372118 900058
1502372119 380272
1502372119 629735
1502372120 110119
1502372120 359394
1502372120 841349
1502372121 89886
1502372121 330334
1502372121 820327
1502372122 60044
1502372122 549144
1502372122 789585
1502372123 269191
1502372123 518333
1502372123 999274
1502372124 248855
1502372124 729453
1502372124 978525
1502372125 218957
1502372125 458534
1502372125 699276
1502372125 948597
1502372126 428665
1502372126 678347
1502372127 159236
1502372127 408737
1502372127 888954
1502372128 138471
1502372128 382160
1502372128 869008
1502372129 108615
1502372129 590654
1502372129 839987
1502372130 320037
1502372130 569685
1502372131 50471
1502372131 290337
1502372131 780429
1502372132 19872
1502372132 260508
1502372132 750546
1502372132 989062
1502372133 478987
1502372133 721216
1502372134 208623
1502372134 449181
1502372134 933995
1502372135 183365
1502372135 423812
1502372135 915426
1502372136 153728
1502372136 643807
1502372136 883145
1502372137 372226
1502372137 612002
1502372138 98241
1502372138 337850
1502372138 827817
1502372139 67405
1502372139 327028
1502372139 808742
1502372140 56687
1502372140 545695
1502372140 786270
1502372141 275379
1502372141 515879
1502372141 755503
1502372142 5473
1502372142 245587
1502372142 486009
1502372142 975349
1502372143 225239
1502372143 714685
1502372143 954904
1502372144 203991
1502372144 690395
1502372144 929679
1502372145 419844
1502372145 659490
1502372146 149439
1502372146 389345
1502372146 879173
1502372147 119931
1502372147 359437
1502372147 853949
1502372148 89821
1502372148 579902
1502372148 819752
1502372149 309511
1502372149 549423
1502372150 39021
1502372150 278833
1502372150 538303
1502372151 17361
1502372151 267186
1502372151 747039
1502372151 997416
1502372152 481965
1502372152 726307
1502372152 966739
1502372153 446785
1502372153 696251
1502372154 176388
1502372154 426029
1502372154 906018
1502372155 155568
1502372155 635209
1502372155 875396
1502372156 365262
1502372156 604866
1502372156 855294
1502372157 338542
1502372157 584148
1502372158 74023
1502372158 313896
1502372158 802765
1502372159 43364
1502372159 532384
1502372159 782008
1502372160 22703
1502372160 513458
1502372160 753776
1502372161 243028
1502372161 482759
1502372161 973563
1502372162 214170
1502372162 453894
1502372162 704409
1502372162 943791
1502372163 184333
1502372163 674911
1502372163 913913
1502372164 403822
1502372164 644438
1502372165 134537
1502372165 374238
1502372165 864144
1502372166 115021
1502372166 354293
1502372166 844569
1502372167 85334
1502372167 564930
1502372167 815729
1502372168 296244
1502372168 544120
1502372169 23927
1502372169 273609
1502372169 753949
1502372170 3462
1502372170 483253
1502372170 746142
1502372171 107815
1502372171 174885
1502372171 231873
1502372171 298982
1502372171 461690
1502372171 643385
1502372171 845427
1502372171 912800
1502372171 951548
1502372172 123863
1502372172 325860
1502372172 393075
1502372172 430786
1502372172 450628
1502372172 510198
1502372172 679500
1502372172 862613
1502372173 74245
1502372173 160487
1502372173 276334
1502372173 342770
1502372173 554151
1502372173 650858
1502372173 765936
1502372173 825654
1502372174 130420
1502372174 315319
1502372174 518094
1502372174 573547
1502372174 630296
1502372174 688457
1502372174 858422
1502372175 40569
1502372175 242997
1502372175 310758
1502372175 348316
1502372175 367842
1502372175 433932
1502372175 587193
1502372175 778807
1502372175 981201
1502372176 76351
1502372176 182599
1502372176 249714
1502372176 451337
1502372176 518888
1502372176 586132
1502372176 653220
1502372176 721289
1502372176 806957
1502372176 931449
1502372176 999762
1502372177 210227
1502372177 315161
1502372177 659164
1502372177 717326
1502372177 918694
1502372177 986062
1502372178 24512
1502372178 188175
1502372178 389639
1502372178 457011
1502372178 667275
1502372178 754249
1502372178 869693
1502372178 937070
1502372179 148267
1502372179 234258
1502372179 358513
1502372179 425631
1502372179 627927
1502372179 723522
1502372179 841664
1502372179 906860
1502372180 109007
1502372180 165830
1502372180 232417
1502372180 292055
1502372180 453066
1502372180 645348
1502372180 847350
1502372180 943439
1502372181 58500
1502372181 122245
1502372181 328418
1502372181 385449
1502372181 442659
1502372181 500717
1502372181 671846
1502372181 845656
1502372182 47087
1502372182 105163
1502372182 306793
1502372182 402478
1502372182 520286
1502372182 576423
1502372182 777864
1502372182 835253
1502372183 37097
1502372183 94319
1502372183 153504
1502372183 210827
1502372183 380893
1502372183 554193
1502372183 756254
1502372183 813809
1502372184 16152
1502372184 112436
1502372184 218752
1502372184 276347
1502372184 477300
1502372184 535220
1502372184 842156
1502372185 34349
1502372185 92254
1502372185 149659
1502372185 322131
1502372185 494450
1502372185 696776
1502372185 754993
1502372185 965577
1502372186 56045
1502372186 168971
1502372186 235261
1502372186 446651
1502372186 542558
1502372186 648079
1502372186 715877
1502372186 917554
1502372186 984577
1502372187 41860
1502372187 108092
1502372187 276286
1502372187 458505
1502372187 659766
1502372187 718280
1502372187 755831
1502372187 775671
1502372187 833174
1502372188 4655
1502372188 178163
1502372188 379596
1502372188 437561
1502372188 638920
1502372188 734927
1502372188 840536
1502372188 898930
1502372189 101088
1502372189 158266
1502372189 360559
1502372189 418264
1502372189 475958
1502372189 542865
1502372189 705144
1502372189 897605
1502372189 964762
1502372190 31943
1502372190 194389
1502372190 376846
1502372190 579162
1502372190 636380
1502372190 675573
1502372190 694465
1502372190 751713
1502372190 838120
1502372190 924092
1502372191 96488
1502372191 299302
1502372191 356035
1502372191 424088
1502372191 481325
1502372191 653498
1502372191 836175
1502372192 37484
1502372192 97894
1502372192 133707
1502372192 152770
1502372192 383265
1502372192 623502
1502372193 112733
1502372193 353128
1502372193 843092
1502372194 82794
1502372223 315257
1502372223 564387
1502372223 619385
1502372223 695442
1502372223 762797
1502372223 945024
1502372224 578465
1502372224 819003
1502372225 68514
1502372225 308123
1502372225 549514
1502372226 39521
1502372226 279106
1502372226 759162
1502372226 999712
1502372227 489670
1502372227 729304
1502372227 974370
1502372228 453763
1502372228 703054
1502372229 183163
1502372229 423585
1502372229 913628
1502372230 154131
1502372230 634179
1502372230 883755
1502372231 124272
1502372231 606498
1502372231 853930
1502372232 333921
1502372232 573516
1502372233 63560
1502372233 303131
1502372233 793178
1502372234 32831
1502372234 272343
1502372234 762525
1502372235 2996
1502372235 492105
1502372235 731710
1502372236 211690
1502372236 461266
1502372236 941466
1502372237 181928
1502372237 431451
1502372237 912733
1502372238 161941
1502372238 641070
1502372238 880740
1502372239 369734
1502372239 610295
1502372239 849919
1502372240 339004
1502372241 827595
