1502377914 119574
1502377914 263749
1502377914 330980
1502377914 398200
1502377914 465232
1502377914 532292
1502377914 599522
1502377914 666638
1502377914 733834
1502377914 829106
1502377914 935229
1502377915 2583
1502377915 203944
1502377915 271036
1502377915 338314
1502377915 405217
1502377915 500507
1502377915 567641
1502377915 634924
1502377915 702089
1502377915 769281
1502377915 836261
1502377915 903449
1502377915 999593
1502377916 191106
1502377916 287331
1502377916 411726
1502377916 498843
1502377916 585235
1502377916 652306
1502377916 719359
1502377916 786685
1502377916 853729
1502377916 921026
1502377916 988232
1502377917 55246
1502377917 122527
1502377917 189580
1502377917 400981
1502377917 468109
1502377917 535235
1502377917 604291
1502377917 679494
1502377917 746673
1502377917 812990
1502377917 889969
1502377917 957085
1502377918 100475
1502377918 156804
1502377918 215124
1502377918 426513
1502377918 483532
1502377918 580375
1502377918 752203
1502377918 809378
1502377918 866628
1502377918 923777
1502377919 135240
1502377919 202333
1502377919 260313
1502377919 460829
1502377919 518005
1502377919 575309
1502377919 632365
1502377919 690066
1502377919 747704
1502377919 805825
1502377919 862176
1502377919 920164
1502377920 44431
1502377920 112716
1502377920 197859
1502377920 255915
1502377920 486484
1502377920 629827
1502377920 696972
1502377920 870195
1502377921 225001
1502377921 283076
1502377921 811332
1502377921 868626
1502377921 925780
1502377921 993759
1502377922 118042
1502377922 176582
1502377922 262632
1502377922 329546
1502377922 399727
1502377922 463870
1502377922 530079
1502377922 597246
1502377922 750656
1502377922 962012
1502377923 29113
1502377923 96628
1502377923 166379
1502377923 249718
1502377923 307772
1502377923 369829
1502377923 423333
1502377923 482649
1502377923 557371
1502377923 614567
1502377923 672679
1502377923 749069
1502377923 816190
1502377923 874117
1502377923 940403
1502377923 998674
1502377924 55715
1502377924 112850
1502377924 209216
1502377924 334179
1502377924 572765
1502377924 659892
1502377924 825699
1502377924 898547
1502377925 129172
1502377925 187230
1502377925 254289
1502377925 311487
1502377925 455825
1502377925 676442
1502377925 810703
1502377925 867848
1502377925 925980
1502377926 22170
1502377926 79222
1502377926 146380
1502377926 204434
1502377926 261713
1502377926 398298
1502377926 597338
1502377926 818914
1502377926 885179
1502377926 971530
1502377927 29430
1502377927 115555
1502377927 172814
1502377927 297978
1502377927 355171
1502377927 413239
1502377927 470494
1502377927 614772
1502377927 681876
1502377927 739432
1502377927 796346
1502377928 430736
1502377929 45089
1502377929 332710
1502377929 390032
1502377929 457031
1502377929 572276
1502377929 792804
1502377929 860134
1502377930 176943
1502377930 234804
1502377930 369247
1502377930 761916
1502377931 155890
1502377931 357259
1502377931 415512
