1502205236 874992
1502205236 961307
1502205237 49316
1502205237 133564
1502205237 286893
1502205237 363580
1502205237 468456
1502205237 669864
1502205237 746118
1502205237 890369
1502205237 966606
1502205238 42908
1502205238 119202
1502205238 195319
1502205238 271535
1502205238 348672
1502205238 424903
1502205238 501127
1502205238 578298
1502205238 654547
1502205238 738941
1502205238 825091
1502205238 911332
1502205238 997530
1502205239 83747
1502205239 169989
1502205239 256198
1502205239 342422
1502205239 428606
1502205239 514838
1502205239 601050
1502205239 687279
1502205239 773453
1502205239 857871
1502205239 934131
1502205240 10419
1502205240 86600
1502205240 162873
1502205240 249039
1502205240 325222
1502205240 401478
1502205240 477666
1502205240 553938
1502205240 630130
1502205240 706390
1502205240 781674
1502205240 868855
1502205240 945036
1502205241 31251
1502205241 137447
1502205241 223653
1502205241 309858
1502205241 396047
1502205241 481350
1502205241 568486
1502205241 654712
1502205241 740923
1502205241 836467
1502205241 922572
1502205242 171993
1502205242 258179
1502205242 344425
1502205242 429809
1502205242 516855
1502205242 603088
1502205242 689316
1502205242 775572
1502205242 908875
1502205243 24150
1502205243 110324
1502205243 197462
1502205243 282838
1502205243 369921
1502205243 456062
1502205243 541534
1502205243 628595
1502205243 733988
1502205243 820005
1502205243 906255
1502205244 11517
1502205244 97682
1502205244 184036
1502205244 270143
1502205244 356407
1502205244 442582
1502205244 528785
1502205244 615006
1502205244 701207
1502205244 787406
1502205244 873653
1502205244 959808
1502205245 46044
1502205245 131583
1502205245 217747
1502205245 303820
1502205245 389970
1502205245 476189
1502205245 561549
1502205245 648647
1502205245 734783
1502205245 993449
1502205246 78775
1502205246 165921
1502205246 251307
1502205246 338296
1502205246 423887
1502205246 509821
1502205246 596947
1502205246 683192
1502205246 769410
1502205247 229489
1502205247 315731
1502205247 603363
1502205247 689600
1502205247 765872
1502205247 842107
1502205247 918264
1502205247 995457
1502205248 71709
1502205248 148749
1502205248 464611
1502205248 541743
1502205248 617966
1502205248 695084
1502205248 771302
1502205248 847558
1502205248 923758
1502205249 4
1502205249 76246
1502205249 152471
1502205249 227826
1502205249 304067
1502205249 386616
1502205249 462928
1502205249 539088
1502205249 616258
1502205249 692437
1502205249 769591
1502205249 845833
1502205249 922091
1502205249 998306
1502205250 74555
1502205250 544581
1502205250 621756
1502205250 697958
1502205250 774166
1502205250 851362
1502205250 927536
1502205251 3772
1502205251 89980
1502205251 166233
1502205251 251613
1502205251 338645
1502205251 424862
1502205251 511119
1502205251 597459
1502205251 885023
1502205251 980278
1502205252 66561
1502205252 239808
1502205252 326002
1502205252 411367
1502205252 498439
1502205252 583741
1502205252 699089
1502205252 786085
1502205252 871442
1502205252 996685
1502205253 82953
1502205253 169127
1502205253 255333
1502205253 341519
1502205253 427685
1502205253 513930
1502205253 600156
1502205253 686336
1502205253 771675
1502205253 858796
1502205253 944988
1502205254 31216
1502205254 117416
1502205254 203621
1502205254 288935
1502205254 376033
1502205254 462258
1502205254 548451
1502205254 634664
1502205254 720119
1502205254 807093
1502205254 893389
1502205254 979525
1502205255 65767
1502205255 151946
1502205255 238188
1502205255 324412
1502205255 410591
1502205255 496031
1502205255 583026
1502205255 669294
1502205255 755470
1502205255 841682
1502205255 946907
1502205256 33159
1502205256 119368
1502205256 205616
1502205256 291804
1502205256 378089
1502205256 464277
1502205256 550525
1502205256 636625
1502205256 722927
1502205257 58591
1502205257 143934
1502205257 326374
1502205257 480660
1502205257 566884
1502205257 653049
1502205257 739223
1502205257 824610
1502205257 911688
1502205257 997866
1502205258 84117
1502205258 256485
1502205258 341831
1502205258 467107
1502205258 553284
1502205258 744727
1502205258 830075
1502205258 993365
1502205259 80589
1502205259 204905
1502205259 291070
1502205259 377258
1502205259 463486
1502205259 550575
1502205259 818352
1502205260 48878
1502205260 145032
1502205260 231262
1502205260 537973
1502205260 682275
1502205260 768472
1502205260 854691
1502205260 930950
1502205261 7133
1502205261 102428
1502205261 179646
1502205261 255894
1502205261 332064
1502205261 408266
1502205261 484594
1502205261 560950
1502205261 637036
1502205261 713242
1502205261 790350
1502205261 866709
1502205261 942800
1502205262 19953
1502205262 96190
1502205262 173311
1502205262 248636
1502205262 335768
1502205262 412029
1502205262 498233
1502205262 584427
1502205262 698765
1502205262 919294
1502205263 5487
1502205263 91706
1502205263 177942
1502205263 264222
1502205263 350320
1502205263 436566
1502205263 522798
1502205263 608992
1502205263 695232
1502205263 781417
1502205263 867689
1502205263 953812
1502205264 40035
1502205264 126247
1502205264 212495
1502205264 298644
1502205264 383968
1502205264 471129
1502205264 557312
1502205264 921249
1502205265 7522
1502205265 93630
1502205265 314126
1502205265 390446
1502205265 466777
1502205265 542891
1502205265 620061
1502205265 696261
1502205265 772445
1502205265 848630
1502205265 924978
1502205266 30188
1502205266 269753
1502205266 451662
1502205266 537516
1502205266 614581
1502205266 691708
1502205266 767971
1502205267 219038
1502205267 295294
1502205267 371472
1502205267 457718
1502205267 543873
1502205267 630103
1502205267 715480
1502205267 802489
1502205267 888777
1502205268 99276
1502205268 185555
1502205268 262656
1502205268 348879
1502205268 435040
1502205268 521266
1502205268 654704
1502205268 789903
1502205268 876103
1502205268 962302
1502205269 48539
1502205269 134769
1502205269 220974
1502205269 307242
1502205269 393457
1502205269 483068
1502205269 565830
1502205269 652024
1502205269 738249
1502205269 824422
1502205269 910647
1502205269 997079
1502205270 83062
1502205270 169272
1502205270 254662
1502205270 341692
1502205270 427929
1502205270 514152
1502205270 600416
1502205270 686589
1502205270 772790
1502205270 859011
1502205270 945235
1502205271 31650
1502205271 117714
1502205271 203874
1502205271 290045
1502205271 376231
1502205271 462484
1502205271 548720
1502205271 634894
1502205271 721172
1502205271 807320
1502205271 892682
1502205271 979738
1502205272 65946
1502205272 151318
1502205272 238428
1502205272 324609
1502205272 410875
1502205272 497095
1502205272 726673
1502205272 813706
1502205273 15220
1502205273 552452
1502205273 638711
1502205273 724914
1502205273 811084
1502205273 897304
1502205273 983643
1502205274 69694
1502205274 327507
1502205274 414853
1502205274 500815
1502205274 587025
1502205274 673317
1502205274 759454
1502205274 845628
1502205274 931849
1502205275 18063
1502205275 104531
1502205275 190497
1502205275 276760
1502205275 362950
1502205275 449152
1502205275 535340
1502205275 621503
1502205275 707032
1502205275 793972
1502205275 879336
1502205275 966437
1502205276 52633
1502205276 138875
1502205276 225021
1502205276 311360
1502205276 397493
1502205276 483720
1502205276 569102
1502205276 656128
1502205276 742344
1502205276 828507
1502205276 914807
1502205277 988
1502205277 87183
1502205277 173722
1502205277 259695
1502205277 345891
1502205277 432127
1502205277 518295
1502205277 604504
1502205277 690669
1502205277 776902
1502205277 863135
1502205277 949402
1502205278 35548
1502205278 121703
1502205278 208031
1502205278 294148
1502205278 380383
1502205278 466583
1502205278 552786
1502205278 639020
1502205278 725345
1502205278 811399
1502205278 897753
1502205278 983901
1502205279 70078
1502205279 156287
1502205279 242472
1502205279 328769
1502205279 414900
1502205279 501106
1502205279 587353
1502205279 673568
1502205279 759783
1502205279 845996
1502205279 932230
1502205280 18419
1502205280 104846
1502205280 190840
1502205280 277086
1502205280 363250
1502205280 449475
1502205280 535665
1502205280 621900
1502205280 708102
1502205280 794352
1502205280 880523
1502205280 966788
1502205281 52934
1502205281 139187
1502205281 225340
1502205281 311584
1502205281 397879
1502205281 484006
1502205281 570232
1502205281 656442
1502205281 742669
1502205281 828967
1502205281 915058
1502205282 1299
1502205282 87558
1502205282 173699
1502205282 259981
1502205282 346156
1502205282 432332
1502205282 518558
1502205282 604804
1502205282 691041
1502205282 777195
1502205282 863486
1502205282 949612
1502205283 36120
1502205283 122082
1502205283 208260
1502205283 294511
1502205283 380693
1502205283 466954
1502205283 553110
1502205283 639427
1502205283 725720
1502205283 811761
1502205283 898000
1502205283 984210
1502205284 70370
1502205284 156667
1502205284 242825
1502205284 329021
1502205284 415249
1502205284 501468
1502205284 587723
1502205284 673871
1502205284 759245
1502205284 845443
1502205284 931614
1502205285 7852
1502205285 84965
1502205285 161215
1502205285 237410
1502205285 314582
1502205285 390792
1502205285 467051
1502205285 543254
1502205285 619497
1502205285 695740
1502205285 771964
1502205285 848144
1502205285 924392
1502205286 647
1502205286 75974
1502205286 172226
1502205286 248404
1502205286 411745
1502205286 575207
1502205286 661312
1502205286 747572
1502205286 833751
1502205286 919944
1502205287 6246
1502205287 92407
1502205287 178582
1502205287 264786
1502205287 351031
1502205287 437329
1502205287 523520
1502205287 657809
1502205287 744029
1502205287 830191
1502205287 916354
1502205288 2602
1502205288 107873
1502205288 194092
1502205288 462768
1502205288 577925
1502205288 740535
1502205288 826936
1502205288 913787
1502205288 999952
1502205289 86155
1502205289 172444
1502205289 305746
1502205289 421046
1502205289 508138
1502205289 594318
1502205289 680567
1502205289 766817
1502205289 853001
1502205289 939190
1502205290 25437
1502205290 111616
1502205290 197857
1502205290 284062
1502205290 370254
1502205290 456455
1502205290 541901
1502205290 628914
1502205290 715118
1502205290 801373
1502205290 887603
1502205290 973701
1502205291 59969
1502205291 146229
1502205291 232366
1502205291 318585
1502205291 404802
1502205291 491149
1502205291 577266
1502205291 663464
1502205291 749626
1502205291 835877
1502205291 922202
1502205292 8338
1502205292 94594
1502205292 180736
1502205292 266964
1502205292 353143
1502205292 698005
1502205292 784218
1502205292 870450
1502205292 965748
1502205293 119083
1502205293 244391
1502205293 330563
1502205293 416870
1502205293 502980
1502205293 589194
1502205293 675418
1502205293 761615
1502205293 847861
1502205293 934073
1502205294 20204
1502205294 106450
1502205294 192601
1502205294 278016
1502205294 365035
1502205294 451262
1502205294 537495
1502205294 623712
1502205294 709949
1502205294 796139
1502205294 882325
1502205294 968529
1502205295 54782
1502205295 140983
1502205295 227183
1502205295 313423
1502205295 399625
1502205295 485824
1502205295 571225
1502205295 658238
1502205295 743567
1502205295 830626
1502205295 916853
1502205296 2212
1502205296 89297
1502205296 175517
1502205296 261742
1502205296 348093
1502205296 434198
1502205296 520385
1502205296 606590
1502205296 692794
1502205296 782746
1502205296 865232
1502205296 950557
1502205297 37662
1502205297 123875
1502205297 210038
1502205297 296308
1502205297 382489
1502205297 468700
1502205297 554067
1502205297 641155
1502205297 727329
1502205297 813546
1502205297 899821
1502205297 985979
1502205298 72189
1502205298 158399
1502205298 243797
1502205298 330891
1502205298 417025
1502205298 503239
1502205298 588639
1502205298 675663
1502205298 761984
1502205298 848104
1502205298 934375
1502205299 20517
1502205299 106791
1502205299 316532
1502205299 460727
1502205299 815492
1502205299 891741
1502205299 968052
1502205300 54177
1502205300 131332
1502205300 207560
1502205300 283798
1502205300 360024
1502205300 437181
1502205300 513474
1502205300 589624
1502205300 665889
1502205300 742090
1502205300 818327
1502205300 894504
1502205300 971650
1502205301 47892
1502205301 123261
1502205301 210287
1502205301 296582
1502205301 526126
1502205301 612376
1502205301 699534
1502205301 785753
1502205302 419106
1502205302 572514
1502205302 658862
1502205302 744985
1502205302 831159
1502205302 917413
1502205303 3637
1502205303 89846
1502205303 176041
1502205303 262240
1502205303 348440
1502205303 434632
1502205303 520907
1502205303 607074
1502205303 693339
1502205303 779544
1502205303 865854
1502205303 971263
1502205304 57212
1502205304 143485
1502205304 229555
1502205304 314981
1502205304 402001
1502205304 488226
1502205304 583626
1502205304 669882
1502205304 756851
1502205304 843087
1502205304 929250
1502205305 15500
1502205305 101708
1502205305 187898
1502205305 274154
1502205305 360351
1502205305 446615
1502205305 532854
1502205305 628097
1502205305 715178
1502205305 887627
1502205305 973801
1502205306 59998
1502205306 146217
1502205306 232465
1502205306 318676
1502205306 404855
1502205306 491138
1502205306 577290
1502205306 739776
1502205306 826155
1502205306 913085
1502205306 999290
1502205307 85515
1502205307 171721
1502205307 257926
1502205307 344143
1502205307 430330
1502205307 516587
1502205307 602757
1502205307 698288
1502205307 784267
1502205307 985837
1502205308 119177
1502205308 263509
1502205308 474008
1502205308 675477
1502205308 762549
1502205308 848746
1502205309 78547
1502205309 164612
1502205309 250899
1502205309 452321
1502205309 538528
1502205309 614714
1502205309 690935
1502205309 767135
1502205309 843361
1502205309 920560
1502205310 112031
1502205310 198243
1502205310 322543
1502205310 504060
1502205310 868908
1502205311 90325
1502205311 426060
1502205311 502298
1502205311 741044
1502205311 828114
1502205311 904440
1502205312 201203
1502205312 336309
1502205312 594964
1502205312 670339
1502205312 746621
1502205312 833802
1502205312 909886
1502205312 996115
1502205313 83172
1502205313 169378
1502205313 255585
1502205313 341799
1502205313 447060
1502205313 600680
1502205313 686659
1502205313 954429
1502205314 89568
1502205314 195133
1502205314 300138
1502205314 386411
1502205314 472649
1502205314 558801
1502205314 644939
1502205314 740284
1502205315 248523
1502205315 362815
1502205315 450015
1502205315 536178
1502205315 622402
1502205315 708565
1502205315 794831
1502205315 881017
1502205316 15329
1502205316 101491
1502205316 225853
1502205316 417299
1502205316 503524
1502205316 982831
1502205317 69018
1502205317 156044
1502205317 242246
1502205317 328468
1502205317 414682
1502205317 500883
1502205317 587148
1502205317 673304
1502205317 759555
1502205317 845808
1502205317 932044
1502205318 18181
1502205318 104401
1502205318 190576
1502205318 276787
1502205318 363029
1502205318 449245
1502205318 535491
1502205318 621638
1502205318 803312
1502205318 918456
1502205319 4684
1502205319 91824
1502205319 178120
1502205319 264279
1502205319 350534
1502205319 436657
1502205319 522899
1502205319 609049
1502205319 695316
1502205319 781491
1502205319 867696
1502205319 953981
1502205320 40091
1502205320 279687
1502205320 374962
1502205320 461212
1502205320 624491
1502205321 563782
1502205321 640872
1502205321 734408
1502205321 820670
1502205321 915851
1502205321 993045
1502205322 69245
1502205322 212644
1502205322 288885
1502205322 375128
1502205322 451327
1502205322 527549
1502205322 738113
1502205322 814349
1502205322 901502
1502205322 977678
1502205323 303723
1502205323 389654
1502205323 475853
1502205323 562085
1502205323 648336
1502205323 734507
1502205323 820708
1502205323 906971
1502205323 993170
1502205324 79359
1502205324 165557
1502205324 251829
1502205324 337976
1502205324 424246
1502205324 510424
1502205324 596657
1502205324 682892
1502205324 817184
1502205324 903387
1502205324 989522
1502205325 171109
1502205325 258175
1502205325 344400
1502205325 430638
1502205325 593064
1502205325 679323
1502205325 785449
1502205325 870830
1502205326 879004
1502205327 22348
1502205327 99604
1502205327 203892
1502205327 338229
1502205327 415363
1502205327 491634
1502205327 567842
1502205327 644047
1502205327 720244
1502205327 795605
1502205327 872740
1502205327 948950
1502205328 25158
1502205328 101414
1502205328 177716
1502205328 253001
1502205328 340070
1502205328 426275
1502205328 512514
1502205328 598719
1502205328 684943
1502205328 771153
1502205328 857340
1502205328 943555
1502205329 29760
1502205329 115969
1502205329 202181
1502205329 288416
1502205329 374616
1502205329 460806
1502205329 547058
1502205329 633281
1502205329 719515
1502205329 805693
1502205329 891892
1502205329 978111
1502205330 64333
1502205330 150556
1502205330 236899
1502205330 323057
1502205330 418324
1502205330 504473
1502205330 590793
1502205330 676916
1502205330 753156
1502205330 829351
1502205330 905647
1502205330 982729
1502205331 58934
1502205331 135198
1502205331 211375
1502205331 288501
1502205331 364744
1502205331 441946
1502205331 518172
1502205331 594383
1502205331 670591
1502205331 958291
1502205332 120709
1502205332 196016
1502205332 273206
1502205332 368561
1502205332 454698
1502205332 628062
1502205332 771436
1502205332 857668
1502205332 944771
1502205333 30978
1502205333 117166
1502205333 279700
1502205333 365913
1502205333 453030
1502205333 539311
1502205333 625486
1502205333 711664
1502205333 797791
1502205333 884196
1502205333 970460
1502205334 56476
1502205334 151686
1502205334 237981
1502205334 325063
1502205334 411276
1502205334 497475
1502205334 583704
1502205334 669915
1502205334 756078
1502205334 842300
1502205334 946732
1502205335 32999
1502205335 263461
1502205335 609220
1502205335 695445
1502205335 781560
1502205335 857821
1502205335 934123
1502205336 10238
1502205336 87450
1502205336 163862
1502205336 239907
1502205336 316997
1502205336 393289
1502205336 469496
1502205336 546599
1502205336 622887
1502205336 699051
1502205336 775330
1502205336 861485
1502205336 937717
1502205337 14875
1502205337 91197
1502205337 167514
1502205337 493171
1502205337 599378
1502205337 675539
1502205337 761746
1502205337 848092
1502205337 924200
1502205338 10436
1502205338 97534
1502205338 183801
1502205338 270262
1502205338 365259
1502205338 442417
1502205338 845268
1502205338 931568
1502205339 17706
1502205339 103930
1502205339 190220
1502205339 276356
1502205339 362668
1502205339 448761
1502205339 534981
1502205339 707435
1502205339 793601
1502205339 888917
1502205340 81308
1502205340 388041
1502205340 502392
1502205340 589486
1502205341 11486
1502205341 135821
1502205341 289185
1502205341 375409
1502205341 461654
1502205341 547849
1502205341 634172
1502205341 720244
1502205341 815574
1502205341 901940
1502205342 171268
1502205342 381847
1502205342 554246
1502205342 640482
1502205342 726690
1502205342 812904
1502205342 899133
1502205342 985334
1502205343 71533
1502205343 157796
1502205343 244032
1502205343 330331
1502205343 416380
1502205343 501683
1502205343 587908
1502205343 674206
1502205343 760313
1502205343 836573
1502205343 912800
1502205343 988997
1502205344 66169
1502205344 142393
1502205344 218624
1502205344 294820
1502205344 371128
1502205344 447327
1502205344 523522
1502205344 599775
1502205344 676025
1502205344 751476
1502205344 838502
1502205344 924637
1502205345 10938
1502205345 106161
1502205345 259575
1502205345 346677
1502205345 432869
1502205345 519082
1502205345 605296
1502205345 691522
1502205345 777744
1502205345 863925
1502205345 950148
1502205346 36385
1502205346 305024
1502205346 391358
1502205346 506540
1502205346 592685
1502205346 679058
1502205346 841381
1502205346 928425
1502205347 321365
1502205347 407586
1502205347 502943
1502205347 580963
1502205347 667252
1502205347 753406
1502205347 839624
1502205347 925854
1502205348 12101
1502205348 98169
1502205348 625398
1502205349 48311
1502205349 134526
1502205349 220748
1502205349 307037
1502205349 441264
1502205349 527515
1502205349 613654
1502205349 699877
1502205349 786166
1502205349 872367
1502205349 986729
1502205350 351531
1502205350 524842
1502205350 620101
1502205350 782631
1502205350 869713
1502205351 61209
1502205351 252689
1502205351 396093
1502205351 482332
1502205351 569387
1502205351 981474
1502205352 67645
1502205352 182869
1502205352 269274
1502205352 356204
1502205352 633907
1502205352 720268
1502205352 807229
1502205352 893428
1502205352 979599
1502205353 65847
1502205353 152056
1502205353 238258
1502205353 324454
1502205353 410673
1502205353 496890
1502205353 583140
1502205353 669302
1502205353 755576
1502205353 841770
1502205353 928217
1502205354 14270
1502205354 100479
1502205354 186612
1502205354 272961
1502205354 359045
1502205354 445321
1502205354 531465
1502205354 809229
1502205355 68739
1502205355 155046
1502205355 241207
1502205355 327357
1502205355 413715
1502205355 499788
1502205355 586046
1502205355 672245
1502205355 758421
1502205355 844618
1502205355 968931
1502205356 55148
1502205356 141339
1502205356 227547
1502205356 313801
1502205356 400014
1502205356 486196
1502205356 572401
1502205356 658619
1502205356 744831
1502205356 831002
1502205356 917263
1502205357 3457
1502205357 89685
1502205357 175878
1502205357 262090
1502205357 348326
1502205357 434515
1502205357 520772
1502205357 606947
1502205357 693170
1502205357 779410
1502205357 865596
1502205357 951805
1502205358 38038
1502205358 124222
1502205358 210480
1502205358 296692
1502205358 382858
1502205358 469114
1502205358 555303
1502205358 641523
1502205358 727716
1502205358 813933
1502205358 900120
1502205358 986403
1502205359 72595
1502205359 158775
1502205359 245248
1502205359 331222
1502205359 417443
1502205359 503592
1502205359 589826
1502205359 676097
1502205359 762298
1502205359 848460
1502205359 934742
1502205360 20986
1502205360 212435
1502205360 298581
1502205360 384840
1502205360 471117
1502205360 557321
1502205360 643435
1502205360 729717
1502205360 815920
1502205360 902095
1502205360 988323
1502205361 74560
1502205361 160733
1502205361 294140
1502205361 418501
1502205361 541890
1502205361 628997
1502205361 868590
1502205362 11971
1502205362 213502
1502205362 290604
1502205362 366872
1502205362 548457
1502205362 625718
1502205362 701731
1502205362 778810
1502205362 855085
1502205362 931291
1502205363 7518
1502205363 83696
1502205363 438585
1502205363 698078
1502205363 775274
1502205363 937689
1502205364 14838
1502205364 91134
1502205364 167310
1502205364 244458
1502205364 320716
1502205364 396869
1502205364 483087
1502205364 569319
1502205364 655495
1502205364 741730
1502205364 827934
1502205364 914158
1502205365 432
1502205365 86554
1502205365 172781
1502205365 259026
1502205365 345197
1502205365 431471
1502205365 517634
1502205365 603870
1502205365 690047
1502205365 776260
1502205365 862500
1502205366 73207
1502205366 600328
1502205366 687422
1502205366 773645
1502205366 868956
1502205366 955138
1502205367 41316
1502205367 127535
1502205367 213745
1502205367 299982
1502205367 386249
1502205367 472374
1502205367 653923
1502205367 740999
1502205367 874550
1502205368 28914
1502205368 114911
1502205368 239245
1502205368 325461
1502205368 411666
1502205368 497886
1502205368 584103
1502205368 804272
1502205369 91408
1502205369 168793
1502205369 331999
1502205369 418075
1502205369 580499
1502205369 811362
1502205369 887298
1502205369 963531
1502205370 39726
1502205370 115039
1502205370 192189
1502205370 297415
1502205370 373661
1502205370 450926
1502205370 527061
1502205370 604174
1502205370 680417
1502205370 756669
1502205370 832877
1502205371 34364
1502205371 110659
1502205371 186784
1502205371 273007
1502205371 359235
1502205371 445471
1502205371 531697
1502205371 617873
1502205371 704057
1502205371 790295
1502205371 876535
1502205371 962821
1502205372 48916
1502205372 135165
1502205372 221527
1502205372 307611
1502205372 393914
1502205372 480196
1502205372 566276
1502205372 652430
1502205372 738669
1502205372 824877
1502205372 911110
1502205372 997271
1502205373 83480
1502205373 169709
1502205373 255901
1502205373 342143
1502205373 428342
1502205373 514584
1502205373 600773
1502205373 686951
1502205373 773212
1502205373 859424
1502205373 945609
1502205374 31853
1502205374 118033
1502205374 347637
1502205374 530076
1502205374 991107
1502205375 278723
1502205375 480167
1502205375 594561
1502205375 776922
1502205375 863215
1502205375 950289
1502205376 64646
1502205376 151747
1502205376 237971
1502205376 324153
1502205376 410363
1502205376 496609
1502205376 582833
1502205376 784237
1502205376 917679
1502205377 3920
1502205377 91020
1502205377 464930
1502205377 560216
1502205377 646677
1502205377 733565
1502205377 819727
1502205377 906019
1502205377 992214
1502205378 78477
1502205378 164648
1502205378 250892
1502205378 413458
1502205378 500400
1502205378 595686
1502205378 710889
1502205378 845267
1502205378 931652
1502205379 18542
1502205379 104775
1502205379 190987
1502205379 661059
1502205379 804538
1502205380 130471
1502205380 331816
1502205380 417919
1502205380 504169
1502205380 590335
1502205380 676629
1502205380 762760
1502205380 858118
1502205381 136676
1502205381 222895
1502205381 309086
1502205381 577696
1502205381 663950
1502205381 826378
1502205381 980620
1502205382 66828
1502205382 201108
1502205382 287357
1502205382 401706
1502205382 747461
1502205382 833707
1502205382 919879
1502205383 6121
1502205383 92336
1502205383 168580
1502205383 244755
1502205383 321859
1502205383 398097
1502205383 474429
1502205383 550579
1502205383 635869
1502205383 779323
1502205383 855517
1502205383 931747
1502205384 66110
1502205384 142269
1502205384 276682
1502205384 352815
1502205384 429082
1502205384 515292
1502205384 754879
1502205385 23485
1502205385 195923
1502205385 282163
1502205385 368310
1502205385 454557
1502205385 540820
1502205385 626958
1502205385 713176
1502205385 799378
1502205385 885612
1502205386 144253
1502205386 230447
1502205386 317532
1502205386 412876
1502205386 547221
1502205386 633379
1502205386 719616
1502205387 208803
1502205387 286754
1502205387 371182
1502205387 448340
1502205387 524548
1502205387 600812
1502205387 677027
1502205387 753213
1502205387 944770
1502205388 395762
1502205388 510067
1502205388 587276
1502205388 663592
1502205389 85466
1502205389 180731
1502205389 257921
1502205389 334060
1502205389 411262
1502205389 525530
1502205389 602718
1502205389 678984
1502205389 793264
1502205389 880391
1502205389 966604
1502205390 52839
1502205390 139056
1502205390 225269
1502205390 311457
1502205390 397705
1502205390 483924
1502205390 570087
1502205390 656297
1502205390 742508
1502205390 828787
1502205390 914933
1502205391 1327
1502205391 87372
1502205391 173554
1502205391 259866
1502205391 346029
1502205391 432203
1502205391 518488
1502205391 604602
1502205391 690881
1502205391 777041
1502205391 863390
1502205391 949501
1502205392 35682
1502205392 121956
1502205392 208154
1502205392 294342
1502205392 380584
1502205392 466800
1502205392 552974
1502205392 639221
1502205392 725418
1502205392 811610
1502205392 897827
1502205392 984035
1502205393 70250
1502205393 156451
1502205393 242663
1502205393 328911
1502205393 415164
1502205393 501422
1502205393 587559
1502205393 673749
1502205393 760074
1502205393 846228
1502205393 932386
1502205394 18618
1502205394 104910
1502205394 190996
1502205394 344402
1502205394 430600
1502205394 516903
1502205394 603074
1502205394 689249
1502205394 775442
1502205394 861694
1502205394 947896
1502205395 34067
1502205395 120501
1502205395 206548
1502205395 292733
1502205395 378961
1502205395 465158
1502205395 551449
1502205395 637622
1502205395 723850
1502205395 810249
1502205395 896235
1502205395 982479
1502205396 68667
1502205396 154839
1502205396 241070
1502205396 327296
1502205396 413640
1502205396 499696
1502205396 585938
1502205396 672149
1502205396 758301
1502205396 844546
1502205396 930771
1502205397 17045
1502205397 103268
1502205397 189439
1502205397 275662
1502205397 361789
1502205397 448064
1502205397 534308
1502205397 620522
1502205397 706718
1502205397 792969
1502205397 879122
1502205397 965352
1502205398 51494
1502205398 137711
1502205398 223994
1502205398 310157
1502205398 396418
1502205398 482629
1502205398 568789
1502205398 655004
1502205398 741275
1502205398 827442
1502205398 913783
1502205398 999959
1502205399 86087
1502205399 172339
1502205399 258498
1502205399 382854
1502205399 527349
1502205399 621509
1502205399 843029
1502205399 929375
1502205400 15426
1502205400 101614
1502205400 187807
1502205400 360309
1502205400 446504
1502205400 522692
1502205400 599274
1502205400 676101
1502205400 752247
1502205400 829368
1502205400 905664
1502205400 981931
1502205401 58104
1502205401 135223
1502205401 210540
1502205401 287721
1502205401 392962
1502205401 546291
1502205401 622532
1502205401 698726
1502205401 909329
1502205401 985535
1502205402 254258
1502205402 464751
1502205402 675304
1502205403 11049
1502205403 97233
1502205403 221631
1502205403 307834
1502205403 394022
1502205403 604516
1502205403 737943
1502205403 872274
1502205404 44932
1502205404 198065
1502205404 274241
1502205404 351372
1502205404 427633
1502205404 581019
1502205404 660828
1502205404 743498
1502205404 820614
1502205404 896844
1502205404 973056
1502205405 49292
1502205405 125496
1502205405 202595
1502205405 278875
1502205405 355092
1502205405 432333
1502205405 508525
1502205405 585608
1502205405 661839
1502205405 738098
1502205405 814324
1502205405 890529
1502205405 976791
1502205406 62986
1502205406 149187
1502205406 235409
1502205406 321712
1502205406 407797
1502205406 522200
1502205406 609296
1502205406 695522
1502205406 781733
1502205406 925077
1502205407 165578
1502205407 251772
1502205407 424181
1502205407 510412
1502205407 596689
1502205407 683092
1502205407 769038
1502205407 855276
1502205407 941523
1502205408 27681
1502205408 113896
1502205408 200126
1502205408 286304
1502205408 372556
1502205408 458821
1502205408 544961
1502205408 631160
1502205408 717370
1502205408 803654
1502205408 889833
1502205408 976034
1502205409 62231
1502205409 148471
1502205409 234705
1502205409 320877
1502205409 407099
1502205409 493312
1502205409 579516
1502205409 665725
1502205409 751981
1502205409 838194
1502205409 924343
1502205410 10563
1502205410 96779
1502205410 183039
1502205410 269186
1502205410 355437
1502205410 441705
1502205410 527955
1502205410 614111
1502205410 700309
1502205410 786549
1502205410 872712
1502205410 958933
1502205411 45226
1502205411 131389
1502205411 217545
1502205411 303773
1502205411 389987
1502205411 476315
1502205411 562405
1502205411 648641
1502205411 734822
1502205411 821136
1502205411 907446
1502205411 993504
1502205412 79751
1502205412 166095
1502205412 252103
1502205412 338310
1502205412 424533
1502205412 510750
1502205412 596991
1502205412 683192
1502205412 769357
1502205412 855612
1502205412 941790
1502205413 28042
1502205413 114217
1502205413 200432
1502205413 286646
1502205413 372819
1502205413 459148
1502205413 545279
1502205413 631700
1502205413 717779
1502205413 803992
1502205413 890114
1502205413 976329
1502205414 62564
1502205414 148829
1502205414 235047
1502205414 321189
1502205414 407432
1502205414 493593
1502205414 579829
1502205414 666106
1502205414 752286
1502205414 838472
1502205414 924696
1502205415 10958
1502205415 97134
1502205415 183411
1502205415 269657
1502205415 355804
1502205415 441970
1502205415 700698
1502205415 786850
1502205415 873008
1502205415 959230
1502205416 45459
1502205416 131699
1502205416 217914
1502205416 304073
1502205416 390334
1502205416 476536
1502205416 581915
1502205416 667983
1502205417 89998
1502205417 176210
1502205417 262417
1502205417 348634
1502205417 434846
1502205417 597307
1502205417 741614
1502205418 67402
1502205418 201650
1502205418 287901
1502205418 374125
1502205418 460259
1502205418 546531
1502205418 632907
1502205418 718947
1502205419 131082
1502205419 218059
1502205419 879658
1502205419 966765
1502205420 120194
1502205420 254468
1502205420 340637
1502205420 426876
1502205420 513079
1502205420 599308
1502205420 685582
1502205420 771712
1502205420 857931
1502205420 944143
1502205421 30367
1502205421 116592
1502205421 202834
1502205421 289020
1502205421 375240
1502205421 461446
1502205421 547658
1502205421 633903
1502205421 720043
1502205421 806343
1502205421 892658
1502205421 978687
1502205422 64963
1502205422 151139
1502205422 237362
1502205422 323624
1502205422 409988
1502205422 495983
1502205422 582192
1502205422 668442
1502205422 754669
1502205422 842405
1502205422 927212
1502205423 13320
1502205423 99537
1502205423 185681
1502205423 271850
1502205423 358087
1502205423 444332
1502205423 530551
1502205423 616931
1502205423 702972
1502205423 789187
1502205423 875483
1502205423 961621
1502205424 47839
1502205424 134267
1502205424 220281
1502205424 306462
1502205424 392711
1502205424 478877
1502205424 565121
1502205424 651348
1502205424 737531
1502205424 823719
1502205424 909936
1502205424 996136
1502205425 82377
1502205425 168569
1502205425 254801
1502205425 341023
1502205425 427218
1502205425 513439
1502205425 599646
1502205425 685860
1502205425 772060
1502205425 858346
1502205425 944599
1502205426 30759
1502205426 116898
1502205426 203408
1502205426 289368
1502205426 375591
1502205426 461799
1502205426 548212
1502205426 634201
1502205426 720413
1502205426 806697
1502205426 892856
1502205426 979059
1502205427 65294
1502205427 151498
1502205427 237686
1502205427 323864
1502205427 410178
1502205427 496319
1502205427 582565
1502205427 668764
1502205427 754999
1502205427 841138
1502205427 927380
1502205428 13589
1502205428 99854
1502205428 186027
1502205428 272203
1502205428 358435
1502205428 444664
1502205428 530837
1502205428 617112
1502205428 703321
1502205428 789517
1502205428 875814
1502205428 962013
1502205429 48154
1502205429 134407
1502205429 220620
1502205429 306771
1502205429 393005
1502205429 479226
1502205429 565419
1502205429 651602
1502205429 737837
1502205429 824355
1502205429 910228
1502205429 996531
1502205430 82732
1502205430 168911
1502205430 255152
1502205430 341293
1502205430 427575
1502205430 513757
1502205430 599960
1502205430 686180
1502205430 772547
1502205430 858642
1502205430 944839
1502205431 31372
1502205431 117299
1502205431 203493
1502205431 289633
1502205431 375882
1502205431 462158
1502205431 548389
1502205431 634515
1502205431 720798
1502205431 806948
1502205431 893254
1502205431 979404
1502205432 65634
1502205432 151805
1502205432 238024
1502205432 324229
1502205432 410455
1502205432 496658
1502205432 582913
1502205432 669087
1502205432 755299
1502205432 841801
1502205432 927712
1502205433 13935
1502205433 100136
1502205433 262819
1502205433 377798
1502205433 483207
1502205433 598395
1502205433 760794
1502205433 962318
1502205434 48487
1502205434 250880
1502205434 337051
1502205434 423298
1502205434 605662
1502205434 691974
1502205434 854407
1502205434 998594
1502205435 103899
1502205435 190130
1502205435 324392
1502205435 410642
1502205435 496951
1502205435 583026
1502205435 669223
1502205435 755478
1502205435 841664
1502205435 927908
1502205436 14135
1502205436 100328
1502205436 186602
1502205436 272838
1502205436 358986
1502205436 445279
1502205436 531418
1502205436 617683
1502205436 712929
1502205436 800130
1502205436 886283
1502205436 972446
1502205437 58682
1502205437 211997
1502205437 345478
1502205437 431649
1502205437 517905
1502205437 604056
1502205437 680302
1502205437 756469
1502205437 833829
1502205437 909877
1502205437 987055
1502205438 63211
1502205438 140357
1502205438 216574
1502205438 292835
1502205438 369103
1502205438 445425
1502205438 521568
1502205438 597738
1502205438 674942
1502205438 751109
1502205438 827379
1502205438 903609
1502205438 979817
1502205439 66043
1502205439 152265
1502205439 238646
1502205439 324662
1502205439 410919
1502205439 497120
1502205439 583443
1502205439 669509
1502205439 755773
1502205439 841939
1502205439 928187
1502205440 14412
1502205440 100607
1502205440 186859
1502205440 273012
1502205440 359291
1502205440 445480
1502205440 531691
1502205440 617854
1502205440 704048
1502205440 790301
1502205440 876527
1502205440 962755
1502205441 48929
1502205441 135126
1502205441 221379
1502205441 307555
1502205441 431849
1502205441 556234
1502205441 642408
1502205441 728724
1502205441 814935
1502205441 901111
1502205441 987303
1502205442 130630
1502205442 216893
1502205442 303088
1502205442 389292
1502205442 475528
1502205442 561729
1502205442 637970
1502205442 714204
1502205442 790434
1502205442 866632
1502205442 942966
1502205443 19161
1502205443 95281
1502205443 172523
1502205443 248793
1502205443 324957
1502205443 401166
1502205443 478279
1502205443 564520
1502205443 794101
1502205443 890301
1502205444 91809
1502205444 168063
1502205444 244229
1502205444 349568
1502205444 435719
1502205444 521982
1502205444 608240
1502205444 694376
1502205444 780568
1502205444 866816
1502205444 953044
1502205445 67317
1502205445 154440
1502205445 451238
1502205445 538353
1502205445 624570
1502205445 710931
1502205445 796985
1502205445 883224
1502205445 969383
1502205446 55689
1502205446 141812
1502205446 228031
1502205446 324287
1502205446 410398
1502205446 496672
1502205446 582867
1502205446 669129
1502205446 755368
1502205446 841519
1502205446 927756
1502205447 13932
1502205447 100140
1502205447 186386
1502205447 300643
1502205447 387843
1502205447 474037
1502205447 560258
1502205447 808975
1502205448 1317
1502205448 163841
1502205448 250019
1502205448 393325
1502205448 594807
1502205448 776304
1502205448 853527
1502205448 929639
1502205449 24993
1502205449 120222
1502205449 197333
1502205449 273569
1502205449 349791
1502205449 426096
1502205449 502328
1502205449 578545
1502205449 692907
1502205449 769078
1502205449 855282
1502205449 941515
1502205450 27711
1502205450 113913
1502205450 200267
1502205450 372542
1502205450 458847
1502205450 544990
1502205450 631234
1502205450 736521
1502205450 822745
1502205450 908931
1502205450 995141
1502205451 177547
1502205451 263879
1502205451 350035
1502205451 436205
1502205451 522519
1502205451 608604
1502205451 694886
1502205451 781026
1502205451 867275
1502205451 953460
1502205452 39715
1502205452 125933
1502205452 355506
1502205452 442612
1502205452 528805
1502205452 615006
1502205452 700357
1502205452 786542
1502205452 873652
1502205452 959866
1502205453 161367
1502205453 247534
1502205453 333779
1502205453 419974
1502205453 506153
1502205453 601450
1502205453 706723
1502205453 927488
1502205454 13514
1502205454 99687
1502205454 185915
1502205454 272126
1502205454 358360
1502205454 444576
1502205454 530773
1502205454 616915
1502205454 703158
1502205454 789385
1502205454 875601
1502205454 961812
1502205455 48018
1502205455 134288
1502205455 220614
1502205455 306665
1502205455 469219
1502205455 584399
1502205455 670573
1502205455 756807
1502205455 843046
1502205455 929188
1502205456 15433
1502205456 101654
1502205456 187873
1502205456 274088
1502205456 360400
1502205456 446514
1502205456 532733
1502205456 618955
1502205456 705117
1502205456 791344
1502205456 877562
1502205456 963721
1502205457 49976
1502205457 136271
1502205457 337665
1502205457 423835
1502205457 510031
1502205457 596253
1502205457 682468
1502205457 768681
1502205457 950230
1502205458 37379
1502205458 199796
1502205458 334106
1502205458 420280
1502205458 506488
1502205458 592725
1502205458 668969
1502205458 745263
1502205458 927681
1502205459 13862
1502205459 90009
1502205459 167159
1502205459 243403
1502205459 319583
1502205459 560129
1502205459 636326
1502205459 713489
1502205459 827819
1502205459 933102
1502205460 39283
1502205460 307888
1502205460 384110
1502205460 518459
1502205460 768019
1502205460 921401
1502205460 997616
1502205461 73808
1502205461 150964
1502205461 227308
1502205461 303395
1502205461 380581
1502205461 456766
1502205461 533099
1502205461 619296
1502205461 705514
1502205461 829788
1502205461 915992
1502205462 279894
1502205462 558520
1502205462 769061
1502205462 855273
1502205463 123857
1502205463 211029
1502205463 297170
1502205463 383490
1502205463 469629
1502205463 556092
1502205463 642180
1502205463 814480
1502205463 900684
1502205463 986931
1502205464 73114
1502205464 159427
1502205464 274584
1502205464 360883
1502205464 447029
1502205464 533317
1502205464 762841
1502205464 907138
1502205464 993372
1502205465 79548
1502205465 213880
1502205465 309140
1502205465 395325
1502205465 481584
1502205465 567827
1502205465 653979
1502205465 730242
1502205465 816412
1502205465 893524
1502205465 969766
1502205466 46023
1502205466 122210
1502205466 197594
1502205466 274697
1502205466 350940
1502205466 811048
1502205466 888188
1502205466 964389
1502205467 175838
1502205467 252097
1502205467 328461
1502205467 404602
1502205467 481686
1502205467 557933
1502205467 634187
1502205467 720374
1502205467 806557
1502205467 892876
1502205467 979133
1502205468 113307
1502205468 294876
1502205468 554383
1502205468 640554
1502205468 726831
1502205468 918371
1502205469 4473
1502205469 90699
1502205469 320276
1502205469 415579
1502205469 568922
1502205469 645173
1502205469 721416
1502205470 66257
1502205470 143417
1502205470 219575
1502205470 296697
1502205470 372971
1502205470 449179
1502205470 525482
1502205470 601756
1502205470 678023
1502205470 754169
1502205470 831330
1502205470 907617
1502205470 983743
1502205471 60913
1502205471 137064
1502205471 261464
1502205471 347688
1502205471 433854
1502205471 539179
1502205471 625370
1502205471 739889
1502205471 922140
1502205472 8274
1502205472 94529
1502205472 180748
1502205472 266904
1502205472 353307
1502205472 439370
1502205472 525572
1502205472 611795
1502205472 698031
1502205473 264355
1502205473 551905
1502205473 638158
1502205473 724379
1502205473 810583
1502205473 896792
1502205473 983047
1502205474 69203
1502205474 155461
1502205474 241655
1502205474 327872
1502205474 414093
1502205474 500301
1502205474 586529
1502205474 672718
1502205474 758915
1502205474 845118
1502205474 931350
1502205475 17572
1502205475 103851
1502205475 190030
1502205475 276234
1502205475 362395
1502205475 448721
1502205475 534958
1502205475 621200
1502205475 707369
1502205475 793598
1502205475 879830
1502205475 965924
1502205476 52133
1502205476 138405
1502205476 224557
1502205476 310780
1502205476 397006
1502205476 483225
1502205476 569474
1502205476 655596
1502205476 741820
1502205476 828147
1502205476 914329
1502205477 451
1502205477 86650
1502205477 172868
1502205477 259093
1502205477 345394
1502205477 431550
1502205477 517748
1502205477 603941
1502205477 690127
1502205477 776386
1502205477 862595
1502205477 948773
1502205478 35016
1502205478 121195
1502205478 207446
1502205478 293702
1502205478 379883
1502205478 466086
1502205478 552381
1502205478 638620
1502205478 724712
1502205478 810906
1502205478 897151
1502205478 983348
1502205479 69741
1502205479 155758
1502205479 242069
1502205479 328190
1502205479 414391
1502205479 500625
1502205479 586817
1502205479 673074
1502205479 759278
1502205479 845508
1502205479 931857
1502205480 18099
1502205480 104173
1502205480 190523
1502205480 276757
1502205480 362724
1502205480 448975
1502205480 535230
1502205480 621416
1502205480 707691
1502205480 793911
1502205480 880084
1502205480 966242
1502205481 52436
1502205481 138706
1502205481 224918
1502205481 311123
1502205481 397312
1502205481 483598
1502205481 569709
1502205481 656025
1502205481 742188
1502205481 828394
1502205481 914548
1502205482 795
1502205482 86977
1502205482 326576
1502205482 412767
1502205482 556421
1502205482 699595
1502205482 786723
1502205482 872976
1502205482 959116
1502205483 45348
1502205483 207789
1502205483 294991
1502205483 448204
1502205483 553526
1502205483 639818
1502205483 725966
1502205483 812153
1502205483 898327
1502205483 984606
1502205484 70794
1502205484 157051
1502205484 243311
1502205484 329447
1502205484 415650
1502205484 501831
1502205484 588046
1502205484 674299
1502205484 760647
1502205484 846768
1502205484 932938
1502205485 19330
1502205485 105444
1502205485 191798
1502205485 277853
1502205485 364019
1502205485 450252
1502205485 536412
1502205485 622659
1502205485 708900
1502205485 795082
1502205485 881337
1502205485 967622
1502205486 53708
1502205486 139883
1502205486 226099
1502205486 312374
1502205486 398556
1502205486 484830
1502205486 571044
1502205486 657328
1502205486 743536
1502205486 829565
1502205486 915859
1502205487 2068
1502205487 88254
1502205487 174506
1502205487 260668
1502205487 346907
1502205487 433089
1502205487 519288
1502205487 605538
1502205487 691747
1502205487 777974
1502205487 864143
1502205487 950369
1502205488 36592
1502205488 122780
1502205488 209023
1502205488 295203
1502205488 381436
1502205488 467608
1502205488 553861
1502205488 640072
1502205488 726243
1502205488 812452
1502205488 898689
1502205488 984911
1502205489 71133
1502205489 157301
1502205489 243614
1502205489 329736
1502205489 416079
1502205489 502191
1502205489 645596
1502205489 731832
1502205489 818077
1502205489 904378
1502205489 990468
1502205490 85665
1502205490 171937
1502205490 259098
1502205490 345298
1502205490 431795
1502205490 517838
1502205490 603921
1502205490 690123
1502205490 776379
1502205490 862582
1502205490 948753
1502205491 35048
1502205491 121197
1502205491 207430
1502205491 293657
1502205491 379866
1502205491 466078
1502205491 552316
1502205491 638496
1502205491 724706
1502205491 810889
1502205491 897146
1502205491 983332
1502205492 69523
1502205492 155705
1502205492 242002
1502205492 328144
1502205492 414366
1502205492 500633
1502205492 586776
1502205492 673044
1502205492 835486
1502205493 258328
1502205493 344523
1502205493 555110
1502205493 890886
1502205494 25141
1502205494 111396
1502205494 206696
1502205494 408161
1502205494 618715
1502205494 724883
1502205494 811107
1502205494 897391
1502205494 983627
1502205495 69741
1502205495 145939
1502205495 222214
1502205495 298372
1502205495 376961
1502205495 451792
1502205495 576056
1502205495 720438
1502205495 796728
1502205495 872923
1502205495 949161
1502205496 35296
1502205496 111557
1502205496 187795
1502205496 263980
1502205496 340237
1502205496 416452
1502205496 502662
1502205496 578914
1502205496 665981
1502205496 752209
1502205496 838451
1502205496 924689
1502205497 10844
1502205497 97099
1502205497 183299
1502205497 269493
1502205497 355691
1502205497 441925
1502205497 528411
1502205497 614351
1502205497 700592
1502205497 786828
1502205497 872986
1502205497 959218
1502205498 45420
1502205498 131626
1502205498 217845
1502205498 304133
1502205498 390276
1502205498 476483
1502205498 562710
1502205498 648877
1502205498 735137
1502205498 821378
1502205498 907554
1502205498 993758
1502205499 79959
1502205499 166205
1502205499 252366
1502205499 338620
1502205499 424941
1502205499 511059
1502205499 597268
1502205499 683518
1502205499 769697
1502205499 855943
1502205499 942195
1502205500 28354
1502205500 114496
1502205500 200728
1502205500 497440
1502205500 584638
1502205500 670840
1502205500 757026
1502205500 843274
1502205501 82794
1502205501 169040
1502205501 255262
1502205501 370511
1502205501 456695
1502205501 542887
1502205501 629097
1502205501 715304
1502205501 801521
1502205501 954950
1502205502 41125
1502205502 127357
1502205502 223941
1502205502 366990
1502205502 520369
1502205502 616485
1502205502 702691
1502205502 788932
1502205503 47640
1502205503 249019
1502205503 459490
1502205503 583959
1502205503 804406
1502205503 890557
1502205503 966840
1502205504 53064
1502205504 129325
1502205504 205516
1502205504 281773
1502205504 357965
1502205504 712781
1502205504 789065
1502205504 865283
1502205504 941509
1502205505 17736
1502205505 94890
1502205505 171103
1502205505 247345
1502205505 323538
1502205505 495983
1502205505 582197
1502205505 668486
1502205505 754654
1502205505 840863
1502205505 927057
1502205506 185723
1502205506 271967
1502205506 358122
1502205506 492431
1502205506 616745
1502205506 702951
1502205506 789172
1502205506 875404
1502205506 961631
1502205507 47881
1502205507 133989
1502205507 220275
1502205507 306522
1502205507 392682
1502205507 478973
1502205507 565128
1502205507 651363
1502205507 737542
1502205507 823725
1502205507 909954
1502205507 996284
1502205508 82358
1502205508 168605
1502205508 254783
1502205508 340985
1502205508 427256
1502205508 513424
1502205508 599703
1502205508 685884
1502205508 772044
1502205508 858280
1502205508 944478
1502205509 30670
1502205509 116959
1502205509 203206
1502205509 289391
1502205509 375577
1502205509 461815
1502205509 547995
1502205509 634191
1502205509 720412
1502205509 806591
1502205509 892879
1502205509 979027
1502205510 65285
1502205510 151485
1502205510 237691
1502205510 323937
1502205510 410126
1502205510 496290
1502205510 582626
1502205510 668783
1502205510 755044
1502205510 841194
1502205510 927468
1502205511 13601
1502205511 99823
1502205511 186021
1502205511 272205
1502205511 358479
1502205511 444658
1502205511 530997
1502205511 617226
1502205511 703307
1502205511 789639
1502205511 875707
1502205511 961923
1502205512 48141
1502205512 134383
1502205512 220613
1502205512 306838
1502205512 392965
1502205512 479390
1502205512 565496
1502205512 651647
1502205512 737964
1502205512 824089
1502205512 910266
1502205512 996572
1502205513 82792
1502205513 168909
1502205513 255164
1502205513 341353
1502205513 427556
1502205513 513786
1502205513 600106
1502205513 686215
1502205513 772427
1502205513 858620
1502205513 944869
1502205514 31090
1502205514 117290
1502205514 203509
1502205514 289696
1502205514 414060
1502205514 529204
1502205514 970278
1502205515 287001
1502205515 392321
1502205515 478480
1502205515 564701
1502205515 650972
1502205515 737223
1502205515 823343
1502205515 909577
1502205516 33952
1502205516 120177
1502205516 206361
1502205516 292568
1502205516 378895
1502205516 465010
1502205516 551234
1502205516 637560
1502205516 723571
1502205516 809879
1502205516 895989
1502205516 982248
1502205517 68425
1502205517 154595
1502205517 240810
1502205517 327097
1502205517 413270
1502205517 499476
1502205517 585700
1502205517 671939
1502205517 758102
1502205517 844334
1502205517 930553
1502205518 16775
1502205518 102958
1502205518 189129
1502205518 592122
1502205518 678341
1502205518 764557
1502205518 917933
1502205519 80333
1502205519 167459
1502205519 253642
1502205519 339895
1502205519 426118
1502205519 512311
1502205519 598511
1502205519 809116
1502205519 991492
1502205520 260123
1502205520 346417
1502205520 432571
1502205520 518868
1502205520 604999
1502205520 691245
1502205520 777426
1502205520 863631
1502205520 949943
1502205521 36060
1502205521 122239
1502205521 208494
1502205521 294645
1502205521 380859
1502205521 467178
1502205521 553316
1502205521 639710
1502205521 734812
1502205521 821005
1502205521 907354
1502205521 993482
1502205522 69738
1502205522 145937
1502205522 222173
1502205522 298444
1502205522 470803
1502205522 547026
1502205522 623261
1502205522 699471
1502205522 823780
1502205523 63376
1502205523 389181
1502205523 465385
1502205523 541679
1502205523 627860
1502205523 762106
1502205523 848422
1502205523 934592
1502205524 20889
1502205524 106976
1502205524 193186
1502205524 279559
1502205524 365646
1502205524 452100
1502205524 538125
1502205524 624302
1502205524 710624
1502205524 796692
1502205524 882937
1502205524 969221
1502205525 55339
1502205525 141553
1502205525 227759
1502205525 438305
1502205525 524514
1502205525 611643
1502205525 697877
1502205525 784103
1502205525 899382
1502205525 985579
1502205526 71815
1502205526 158012
1502205526 244225
1502205526 368506
1502205526 550978
1502205526 646215
1502205526 732417
1502205526 886700
1502205526 972971
1502205527 97248
1502205527 183461
1502205527 269678
1502205527 355905
1502205527 442131
1502205527 528306
1502205527 614525
1502205527 700722
1502205527 786916
1502205527 930388
1502205528 16510
1502205528 102701
1502205528 188958
1502205528 275279
1502205528 361384
1502205528 447675
1502205528 533784
1502205528 619997
1502205528 706259
1502205528 792485
1502205528 878641
1502205528 964871
1502205529 51074
1502205529 137325
1502205529 223601
1502205529 309708
1502205529 395937
1502205529 482207
1502205529 568313
1502205529 654586
1502205529 740752
1502205529 827029
1502205529 913216
1502205529 999522
1502205530 85880
1502205530 171882
1502205530 258197
1502205530 344316
1502205530 430474
1502205530 516708
1502205530 602935
1502205530 689118
1502205530 775348
1502205530 861595
1502205530 947770
1502205531 34020
1502205531 120155
1502205531 206425
1502205531 292607
1502205531 378830
1502205531 465019
1502205531 551207
1502205531 637442
1502205531 838874
1502205531 925196
1502205532 11429
1502205532 97646
1502205532 183752
1502205532 270020
1502205532 356235
1502205532 518657
1502205532 672880
1502205532 759120
1502205532 845319
1502205532 931517
1502205533 17722
1502205533 103942
1502205533 190166
1502205533 276368
1502205533 362602
1502205533 448787
1502205533 535066
1502205533 621212
1502205533 707436
1502205533 793695
1502205533 879897
1502205533 966148
1502205534 58753
1502205534 151563
1502205534 234784
1502205534 320886
1502205534 407196
1502205534 493331
