1502200007 694694
1502200007 809712
1502200007 934003
1502200008 30181
1502200008 106843
1502200008 240887
1502200008 337258
1502200008 432363
1502200008 518549
1502200008 594911
1502200008 690911
1502200008 777238
1502200008 873291
1502200008 997798
1502200009 83996
1502200009 180053
1502200009 266431
1502200009 400719
1502200009 505912
1502200009 621330
1502200009 755502
1502200009 870764
1502200010 5012
1502200010 110292
1502200010 225516
1502200010 311783
1502200010 436066
1502200010 512729
1502200010 598561
1502200010 722844
1502200010 847228
1502200010 914352
1502200011 86894
1502200011 451534
1502200011 575915
1502200011 662125
1502200011 758560
1502200011 844549
1502200012 65046
1502200012 199319
1502200012 295507
1502200012 390789
1502200012 467068
1502200012 563212
1502200012 687487
1502200012 763738
1502200012 879110
1502200012 955315
1502200013 79664
1502200013 194940
1502200013 319199
1502200013 395612
1502200013 500821
1502200013 635062
1502200013 731290
