1502192955 472375
1502192955 558085
1502192955 807548
1502192955 893718
1502192956 162433
1502192956 412030
1502192956 680678
1502192956 815803
1502192956 988282
1502192957 93587
1502192957 180867
1502192957 382349
1502192957 612572
1502192957 803326
1502192957 995553
1502192958 148992
1502192958 303218
1502192958 465614
1502192958 580835
1502192958 724378
1502192958 897659
1502192959 156317
1502192959 252500
1502192959 502205
1502192959 607370
1502192959 693568
1502192959 867045
1502192960 39371
1502192960 288988
1502192960 557555
1502192960 653664
1502192960 807246
1502192960 961224
1502192961 66603
1502192961 190920
1502192961 363318
1502192961 622883
1502192961 891743
1502192962 35812
1502192962 246662
1502192962 495944
1502192962 698992
1502192962 957000
1502192963 130412
1502192963 302869
1502192963 407967
1502192963 657554
1502192963 888343
1502192964 128518
1502192964 253074
1502192964 435206
1502192964 540519
1502192964 646580
1502192964 732730
1502192964 818924
1502192965 78686
1502192965 194001
1502192965 395347
1502192965 519742
1502192965 693022
1502192965 961974
1502192966 163162
1502192966 393703
1502192966 653133
1502192966 844576
1502192967 36279
1502192967 257708
1502192967 362780
1502192967 459247
1502192967 641461
1502192967 784882
1502192968 6284
1502192968 264898
1502192968 351385
1502192968 572600
1502192968 822095
1502192968 918326
1502192969 119798
1502192969 369223
1502192969 455491
1502192969 657148
1502192969 743122
1502192969 944579
1502192970 147469
1502192970 319529
1502192970 424791
1502192970 598140
1502192970 703321
1502192970 789595
1502192970 895651
1502192971 1015
1502192971 250876
1502192971 413988
1502192971 548559
1502192971 663764
1502192971 913080
1502192972 181710
1502192972 402277
1502192972 546648
1502192972 748103
1502192972 930463
