1499965451 487323
1499965451 660702
1499965451 832876
1499965451 996154
1499965452 159951
1499965452 303121
1499965452 476157
1499965452 648687
1499965452 831185
1499965453 23288
1499965453 253162
1499965453 426583
1499965453 579815
1499965453 724029
1499965453 906624
1499965454 78912
1499965454 242493
1499965454 424753
1499965454 597195
1499965454 741351
1499965454 923797
1499965455 96092
1499965455 268625
1499965455 432081
1499965455 576259
1499965455 767814
1499965455 931181
1499965456 103694
1499965456 256825
1499965456 430184
1499965456 612596
1499965456 795106
1499965456 967411
1499965457 120743
1499965457 294211
1499965457 476671
1499965457 649009
1499965457 831508
1499965458 42812
1499965458 215245
1499965458 388517
1499965458 542056
1499965458 686353
1499965458 858985
1499965459 12132
1499965459 156646
1499965459 300715
1499965459 443982
1499965459 588261
1499965459 741761
1499965459 914143
1499965460 77547
1499965460 240922
1499965460 385067
1499965460 557599
1499965460 710914
1499965460 884481
1499965461 66832
1499965461 239282
1499965461 450689
1499965461 613830
1499965461 796398
1499965461 940496
1499965462 103016
1499965462 285488
1499965462 458926
1499965462 631231
1499965462 813750
1499965462 986945
1499965463 197593
1499965463 380088
1499965463 524302
1499965463 687584
1499965463 851003
1499965464 33322
1499965464 215798
1499965464 397159
1499965464 569801
1499965464 713886
1499965464 877372
1499965465 49693
1499965465 212992
1499965465 386827
1499965465 558887
1499965465 703145
1499965465 856500
1499965466 9949
1499965466 164288
1499965466 346491
1499965466 499931
1499965466 682399
1499965466 854667
1499965466 998966
1499965467 162464
1499965467 325669
1499965467 469067
1499965467 632398
1499965467 814833
1499965467 997324
1499965468 160692
1499965468 333027
1499965468 506544
1499965468 678747
1499965468 852114
