1502279137 258292
1502279137 344506
1502279137 430515
1502279137 612896
1502279137 689964
1502279137 805271
1502279138 208082
1502279138 323570
1502279138 399631
1502279138 534157
1502279138 611072
1502279138 688161
1502279138 764449
1502279138 841591
1502279138 918734
1502279139 101133
1502279139 215547
1502279139 311613
1502279139 513394
1502279139 590522
1502279139 667388
1502279139 743628
1502279140 108415
1502279140 348821
1502279140 424821
1502279140 502016
1502279140 579066
1502279140 655343
1502279140 732582
1502279140 809679
1502279140 885859
1502279140 963122
1502279141 39359
1502279141 116404
1502279141 193563
1502279141 269802
1502279141 346899
1502279141 424100
1502279141 500540
1502279141 577513
1502279141 653778
1502279141 730862
1502279141 808127
1502279141 884467
1502279141 961337
1502279142 38394
1502279142 114657
1502279142 191916
1502279142 383565
1502279142 662144
1502279142 739186
1502279142 815349
1502279142 911394
1502279142 997738
1502279143 74761
1502279143 150987
1502279143 228134
1502279143 679380
1502279143 909917
1502279144 352142
1502279144 438070
1502279144 553307
1502279144 639642
1502279144 725793
1502279144 851042
1502279144 937140
1502279145 14231
1502279145 100563
1502279145 186693
1502279145 263537
1502279145 339889
1502279145 417035
1502279145 494545
1502279145 580497
1502279145 666873
1502279145 753281
1502279145 839201
1502279145 916305
1502279146 2712
1502279146 88648
1502279146 165846
1502279146 252196
1502279146 339378
1502279146 425500
1502279146 511612
1502279146 597983
1502279146 684239
1502279146 771184
1502279146 857769
1502279146 943814
1502279147 29953
1502279147 116251
1502279147 203082
1502279147 289389
1502279147 375577
1502279147 461806
1502279147 548002
1502279147 634951
1502279147 721124
1502279147 807619
1502279147 893662
1502279147 980370
1502279148 66913
1502279148 153283
1502279148 239454
1502279148 325730
1502279148 411862
1502279148 498996
1502279148 585308
1502279148 671338
1502279148 757635
1502279148 844644
1502279148 930831
1502279149 17081
1502279149 103307
1502279149 189714
1502279149 276541
1502279149 362642
1502279149 448847
1502279149 535213
1502279149 621332
1502279149 708609
1502279149 795035
1502279149 881065
1502279149 967217
1502279150 53564
1502279150 140627
1502279150 226687
1502279150 457263
1502279150 543345
1502279150 629630
1502279150 715862
1502279150 803129
1502279150 889423
1502279150 975658
1502279151 138948
1502279151 244036
1502279151 368335
1502279151 445645
1502279151 531766
1502279151 619040
1502279151 705255
1502279151 791489
1502279151 877690
1502279151 963921
1502279152 50968
1502279152 137265
1502279152 223637
1502279152 502078
1502279152 598158
1502279152 684417
1502279152 770480
1502279152 856740
1502279152 943132
1502279153 30249
1502279153 116114
1502279153 202348
1502279153 288614
1502279153 374758
1502279153 451843
1502279153 701896
1502279153 787998
1502279153 874501
1502279154 56851
1502279154 143884
1502279154 335370
1502279154 421391
1502279154 508824
1502279154 594637
1502279154 680888
1502279154 766968
1502279154 844241
1502279154 930615
1502279155 16648
1502279155 131738
1502279155 218079
1502279155 391535
1502279155 477536
1502279155 823353
1502279156 5988
1502279156 91877
1502279156 177998
1502279156 389897
1502279156 481111
1502279156 561992
1502279156 649277
1502279156 735468
1502279156 822038
1502279156 908124
1502279156 994290
1502279157 81360
1502279157 282555
1502279157 358753
1502279157 445956
1502279157 522060
1502279157 609164
1502279157 695821
1502279157 897311
1502279158 12359
1502279158 136685
1502279158 222656
1502279158 308948
1502279158 396239
1502279158 482516
1502279158 568612
1502279158 654865
1502279158 741062
1502279159 38836
1502279159 124991
1502279159 212077
1502279159 298425
1502279159 384406
1502279159 624120
1502279159 710910
1502279159 854616
1502279160 37094
1502279160 124248
1502279160 210467
1502279160 296655
1502279160 382903
1502279160 469092
1502279160 671669
1502279160 757788
1502279160 843766
1502279160 930277
1502279161 275401
1502279161 361625
1502279161 447831
1502279161 525638
1502279161 611316
1502279161 697456
1502279161 784687
1502279161 870913
1502279161 947135
1502279162 24257
1502279162 110696
1502279162 197591
1502279162 273712
1502279162 359873
1502279162 437138
1502279162 523256
1502279162 609564
1502279162 696680
1502279162 772914
1502279162 859033
1502279162 946167
1502279163 89643
1502279163 272198
1502279163 368245
1502279163 473411
1502279163 550592
1502279163 636884
1502279163 781415
1502279163 867768
1502279163 953679
1502279164 39991
1502279164 127174
1502279164 213677
1502279164 299466
1502279164 385682
1502279164 471831
1502279164 559402
1502279164 645388
1502279164 731474
1502279164 817734
1502279164 903852
1502279164 990763
1502279165 66993
1502279165 153132
1502279165 230523
1502279165 316730
1502279165 403010
1502279165 788050
1502279165 874308
1502279165 950310
1502279166 37416
1502279166 123610
1502279166 209853
1502279166 325310
1502279166 526990
1502279166 623163
1502279166 709247
1502279166 853337
1502279166 958597
1502279167 44734
1502279167 131640
1502279167 218120
1502279167 294137
1502279167 381119
1502279167 515662
1502279167 602108
1502279167 687972
1502279167 774406
1502279167 861643
1502279167 947728
1502279168 23866
1502279168 111280
1502279168 197134
1502279168 283493
1502279168 369858
1502279168 455847
1502279168 543148
1502279168 629282
1502279168 715426
1502279168 801644
1502279168 906912
1502279168 994058
1502279169 80278
1502279169 166502
1502279169 252473
1502279169 338830
1502279169 426053
1502279169 512226
1502279169 598368
1502279169 684643
1502279169 771088
1502279169 857794
1502279169 944294
1502279170 20557
1502279170 107526
1502279170 194009
1502279170 279963
1502279170 366115
1502279170 452467
1502279170 539484
1502279170 625723
1502279170 711887
1502279170 789062
1502279170 875357
1502279170 952481
1502279171 38661
1502279171 124835
1502279171 278360
1502279171 364473
1502279171 479672
1502279171 566838
1502279171 653075
1502279171 739204
1502279171 825534
1502279172 56024
1502279172 142143
1502279172 228408
1502279172 315761
1502279172 401735
1502279172 487844
1502279172 613434
1502279172 699542
1502279172 785606
1502279172 871819
1502279172 958158
1502279173 45133
1502279173 160392
1502279173 247138
1502279173 380987
1502279173 458104
1502279173 602211
1502279173 687913
1502279173 773947
1502279173 861073
1502279173 947258
1502279174 33322
1502279174 119457
1502279174 205778
1502279174 292841
1502279174 379332
1502279174 465312
1502279174 551652
1502279174 637743
1502279174 724700
1502279174 800965
1502279174 888148
1502279174 974305
1502279175 185145
1502279175 272045
1502279175 358270
1502279175 444465
1502279175 674959
1502279175 761400
1502279176 155321
1502279176 501272
1502279176 587284
1502279176 673429
1502279176 759781
1502279176 846819
1502279176 933144
1502279177 19097
1502279177 105365
1502279177 191564
1502279177 278444
1502279177 364795
1502279177 450926
1502279177 537254
1502279177 623360
1502279177 710449
1502279177 796970
1502279177 882744
1502279177 968888
1502279178 55115
1502279178 142379
1502279178 228661
1502279178 314842
1502279178 728070
1502279178 814051
1502279178 996470
1502279179 82969
1502279179 169840
1502279179 332250
1502279179 438441
1502279179 524496
1502279179 610963
1502279179 697199
1502279179 784192
1502279179 870232
1502279179 946424
1502279180 33619
1502279180 109792
1502279180 186777
1502279180 273335
1502279180 362020
1502279180 446626
1502279180 532735
1502279180 619132
1502279180 705325
1502279180 791478
1502279180 878659
1502279180 964834
1502279181 51308
1502279181 137496
1502279181 223699
1502279181 310756
1502279181 396777
1502279181 483163
1502279181 569350
1502279181 655620
1502279181 742517
1502279181 828674
1502279181 992329
1502279182 164878
1502279182 462369
1502279182 567759
1502279182 741169
1502279182 827034
1502279182 932312
1502279183 19619
1502279183 268947
1502279183 624142
1502279183 710197
1502279183 796471
1502279183 883371
1502279183 969614
1502279184 55751
1502279184 142162
1502279184 229155
1502279184 315477
1502279184 401540
1502279184 487666
1502279184 573866
1502279184 660921
1502279184 747311
1502279184 823401
1502279184 910521
1502279184 996819
1502279185 83021
1502279185 169245
1502279185 255451
1502279185 399626
1502279185 696362
1502279185 773430
1502279185 859626
1502279185 945932
1502279186 32909
1502279186 109341
1502279186 196532
1502279186 282531
1502279186 368803
1502279186 455025
1502279186 551417
1502279186 637602
1502279186 723848
1502279186 810926
1502279186 897269
1502279186 983557
1502279187 69626
1502279187 155939
1502279187 242832
1502279187 329180
1502279187 578774
1502279187 664877
1502279187 751006
1502279188 68089
1502279188 153948
1502279188 239930
1502279188 336145
1502279188 422593
1502279188 692078
1502279188 778341
1502279189 76071
1502279189 162190
1502279189 248586
1502279189 382773
1502279189 469047
1502279189 555102
1502279189 680297
1502279189 766550
1502279189 890985
1502279189 978250
1502279190 64615
1502279190 150360
1502279190 236408
1502279190 314008
1502279190 399800
1502279190 486107
1502279190 573561
1502279190 659595
1502279190 745838
1502279190 831855
1502279190 917958
1502279190 995144
1502279191 81439
1502279191 167617
1502279191 254863
1502279191 341182
1502279191 427476
1502279191 513676
1502279191 599687
1502279191 686652
1502279191 763028
1502279191 850450
1502279191 936412
1502279192 22874
1502279192 99888
1502279192 186053
1502279192 272250
1502279192 361281
1502279192 444725
1502279192 598719
1502279192 674986
1502279192 761291
1502279192 848313
1502279192 943653
1502279193 30961
1502279193 117164
1502279193 203407
1502279193 289535
1502279193 375920
1502279193 712939
1502279193 798829
1502279193 885149
1502279193 971231
1502279194 58232
1502279194 144592
1502279194 230738
1502279194 316857
1502279194 403176
1502279194 490141
1502279194 576398
1502279194 662583
1502279194 740002
1502279194 826334
1502279194 912290
1502279194 998446
1502279195 84616
1502279195 171710
1502279195 257836
1502279195 335180
1502279195 421165
1502279195 497625
1502279195 584809
1502279195 670953
1502279195 757074
1502279195 834072
1502279195 910455
1502279195 996456
1502279196 83674
1502279196 169841
1502279196 246192
1502279196 333167
1502279196 419577
1502279196 495727
1502279196 583175
1502279196 669013
1502279196 755193
1502279196 832275
1502279196 908536
1502279196 995688
1502279197 82167
1502279197 168521
1502279197 254360
1502279197 379883
1502279197 465779
1502279197 543059
1502279197 629534
1502279197 715414
1502279197 801691
1502279197 887622
1502279197 974738
1502279198 50917
1502279198 128466
1502279198 204417
1502279198 493190
1502279198 579137
1502279198 656364
1502279198 742601
1502279198 818891
1502279198 906407
1502279199 203825
1502279199 290156
1502279199 376194
1502279199 462431
1502279199 548637
1502279199 635864
1502279199 885576
1502279199 971638
1502279200 57756
1502279200 143946
1502279200 231104
1502279200 317379
1502279200 413448
1502279200 499641
1502279200 585862
1502279200 662763
1502279200 739050
1502279200 816136
1502279200 892660
1502279200 979687
1502279201 65892
1502279201 142849
1502279201 229145
1502279201 305350
1502279201 392712
1502279201 478889
1502279201 564781
1502279201 641813
1502279201 718173
1502279201 804529
1502279201 891631
1502279201 978071
1502279202 64401
1502279202 150357
1502279202 236469
1502279202 323582
1502279202 409844
1502279202 486172
1502279202 573519
1502279202 659646
1502279202 783837
1502279202 870166
1502279203 14439
1502279203 215828
1502279203 302027
1502279203 388336
1502279203 475389
1502279203 561597
1502279203 647820
1502279203 734108
1502279203 821183
1502279203 945377
1502279204 31512
1502279204 117669
1502279204 204777
1502279204 280841
1502279204 358053
1502279204 435230
1502279204 578602
1502279204 664907
1502279204 790245
1502279205 10999
1502279205 97137
1502279205 184171
1502279205 318559
1502279205 433697
1502279205 519859
1502279205 597113
1502279205 683234
1502279205 769538
1502279205 884804
1502279205 971079
1502279206 163280
1502279206 432478
1502279206 518013
1502279206 604191
1502279206 690317
1502279206 863788
1502279206 940718
1502279207 16931
1502279207 94154
1502279207 170674
1502279207 247706
1502279207 324910
1502279207 411388
1502279207 497555
1502279207 583882
1502279207 660804
1502279207 747006
1502279207 824074
1502279207 910216
1502279207 996463
1502279208 73598
1502279208 159762
1502279208 236732
1502279208 313240
1502279208 389999
1502279208 466261
1502279208 543496
1502279208 620677
1502279208 696882
1502279208 773826
1502279208 851020
1502279209 80948
1502279209 196086
1502279209 331684
1502279209 445834
1502279209 522962
1502279209 648016
1502279209 734188
1502279209 810525
1502279209 887659
1502279209 964737
1502279210 108085
1502279210 185391
1502279210 262383
1502279210 348724
1502279210 434945
1502279210 521030
1502279210 598226
1502279210 675153
1502279210 751306
1502279210 828534
1502279210 904871
1502279210 982013
1502279211 60215
1502279211 135453
1502279211 212418
1502279211 289846
1502279211 365874
1502279211 443030
1502279211 519092
1502279211 596491
1502279211 672621
1502279211 749674
1502279211 826824
1502279211 903155
1502279211 980300
1502279212 57242
1502279212 133490
1502279212 210745
1502279212 286999
1502279212 364220
1502279212 440406
1502279212 517550
1502279212 594603
1502279212 670819
1502279212 748066
1502279212 824239
1502279212 901260
1502279212 977690
1502279213 54721
1502279213 130954
1502279213 207924
1502279213 285090
1502279213 361706
1502279213 438753
1502279213 515669
1502279213 591954
1502279213 669221
1502279213 803539
1502279213 880775
1502279213 977717
1502279214 52798
1502279214 129996
1502279214 225443
1502279214 302654
1502279214 379735
1502279214 455835
1502279214 533064
1502279214 609327
1502279214 753760
1502279214 829936
1502279214 974238
1502279215 51495
1502279215 127599
1502279215 204841
1502279215 282096
1502279215 368089
1502279215 454451
1502279215 531503
1502279215 607882
1502279215 684743
1502279215 867477
1502279216 68888
1502279216 145982
1502279216 404651
1502279216 788575
1502279216 865559
1502279216 942806
1502279217 18967
1502279217 105118
1502279217 182238
1502279217 259459
1502279217 335543
1502279217 412623
1502279217 489800
1502279217 566079
1502279217 643243
1502279217 720405
1502279217 796579
1502279217 873652
1502279217 949975
1502279218 132303
1502279218 520119
1502279218 727753
1502279218 805058
1502279218 891107
1502279218 977341
1502279219 54534
1502279219 140600
1502279219 217960
1502279219 524550
1502279219 601618
1502279219 687809
1502279219 774464
1502279219 851214
1502279219 928257
1502279220 14393
1502279220 100639
1502279220 177739
1502279220 263918
1502279220 340229
1502279220 417122
1502279220 494406
1502279220 570647
1502279220 647805
1502279220 724859
1502279220 801074
1502279221 147205
1502279221 300589
1502279221 434828
1502279221 589206
1502279221 905968
1502279221 982219
1502279222 107245
1502279222 184431
1502279222 260573
1502279222 337844
1502279222 413984
1502279222 500984
1502279222 577299
1502279222 654492
1502279222 894042
1502279222 971141
1502279223 95500
1502279223 172721
1502279223 258873
1502279223 451306
1502279223 537796
1502279223 623614
1502279223 700754
1502279223 787029
1502279223 873259
1502279223 959455
1502279224 55520
1502279224 132686
1502279224 218860
1502279224 305079
1502279224 391163
1502279224 727169
1502279224 814273
1502279224 900444
1502279224 986729
1502279225 92250
1502279225 169307
1502279225 255361
1502279225 332474
1502279225 418749
1502279225 572264
1502279225 706372
1502279225 793452
1502279225 888830
1502279226 43123
1502279226 167481
1502279226 273837
1502279226 416979
1502279226 513348
1502279226 675868
1502279226 790819
1502279226 877950
1502279226 964292
1502279227 50356
1502279227 127523
1502279227 213712
1502279227 299881
1502279227 386146
1502279227 472323
1502279227 559448
1502279227 645611
1502279227 769967
1502279227 857142
1502279227 943258
1502279228 106517
1502279228 192760
1502279228 269177
1502279228 576772
1502279228 710979
1502279228 922557
1502279229 17856
1502279229 239208
1502279229 508036
1502279229 594021
1502279229 833735
1502279229 910805
1502279229 996936
1502279230 74146
1502279230 160385
1502279230 246495
1502279230 323808
1502279230 409895
1502279230 573284
1502279230 754842
1502279230 976514
1502279231 81520
1502279231 225368
1502279231 301894
1502279231 407765
1502279231 484195
1502279231 571373
1502279231 657735
1502279231 743821
1502279231 821003
1502279231 907128
1502279231 983522
1502279232 79591
1502279232 156858
1502279232 234139
1502279232 310061
1502279232 396358
1502279232 473565
1502279232 550602
1502279232 723187
1502279233 20928
1502279233 107090
1502279233 193197
1502279233 538605
1502279233 749329
1502279233 845790
1502279233 921841
1502279234 9378
1502279234 95356
1502279234 181936
1502279234 267590
1502279234 354728
1502279234 440975
1502279234 517277
1502279234 604093
1502279234 690494
1502279234 776573
1502279234 920857
1502279235 7257
1502279235 83335
1502279235 170525
1502279235 256696
1502279235 342937
1502279235 420139
1502279235 506219
1502279235 583452
1502279235 669755
1502279235 745933
1502279235 832948
1502279235 919305
1502279236 43599
1502279236 149746
1502279236 236235
1502279236 437435
1502279236 514441
1502279236 600949
1502279236 686958
1502279236 773202
1502279236 850533
1502279236 946654
1502279237 90049
1502279237 177000
1502279237 263315
1502279237 349503
1502279237 426537
1502279237 513056
1502279237 599055
1502279237 685287
1502279237 762308
1502279237 838630
1502279237 954130
1502279238 41172
1502279238 127270
1502279238 203337
1502279238 290597
1502279238 376838
1502279238 462882
1502279238 539909
1502279238 616176
1502279238 693608
1502279238 818810
1502279239 10036
1502279239 87246
1502279239 163467
1502279239 307967
1502279239 423084
1502279239 605818
1502279239 692226
1502279239 892874
1502279239 970045
1502279240 47160
1502279240 123576
1502279240 200641
1502279240 276989
1502279240 354152
1502279240 431317
1502279240 507574
1502279240 593748
1502279240 670810
1502279240 748035
1502279241 7099
1502279241 83739
1502279241 160694
1502279241 255970
1502279241 333112
1502279241 410273
1502279241 486466
1502279241 563689
1502279241 639945
1502279241 716965
1502279241 793216
1502279241 870433
1502279241 946687
1502279242 23914
1502279242 196270
1502279242 484839
1502279242 561144
1502279242 638219
1502279242 801856
1502279243 214545
1502279243 290597
1502279243 367929
1502279243 445031
1502279243 521349
1502279243 598525
1502279243 674744
1502279243 819065
1502279243 905223
1502279244 289320
1502279244 366480
1502279244 443417
1502279244 519740
1502279244 596781
1502279244 702076
1502279244 913683
1502279244 990732
1502279245 66863
1502279245 154023
1502279245 239885
1502279245 316119
1502279245 393358
1502279245 508974
1502279245 594884
1502279245 806228
1502279245 882461
1502279245 959626
1502279246 36790
1502279246 113001
1502279246 190353
1502279246 267554
1502279246 343758
1502279246 420760
1502279246 496896
1502279246 573879
1502279246 650241
1502279246 727593
1502279246 804683
1502279246 880801
1502279246 958107
1502279247 34263
1502279247 111536
1502279247 188593
1502279247 264738
1502279247 341663
1502279247 418007
1502279247 495127
1502279247 572469
1502279247 648531
1502279247 725902
1502279247 802807
1502279247 878972
1502279247 956263
1502279248 32542
1502279248 109714
1502279248 186921
1502279248 263055
1502279248 340259
1502279248 417383
1502279248 493781
1502279248 570757
1502279248 646705
1502279248 723840
1502279248 800985
1502279248 877633
1502279248 954569
1502279249 31797
1502279249 107950
1502279249 184990
1502279249 261193
1502279249 338465
1502279249 415539
1502279249 491857
1502279249 578023
1502279249 655030
1502279249 732368
1502279249 808646
1502279250 77175
1502279250 163292
1502279250 240519
1502279250 345825
1502279250 423001
1502279250 500017
1502279250 576336
1502279250 653364
1502279250 730378
1502279250 808673
1502279250 883630
1502279250 959997
1502279251 37131
1502279251 114164
1502279251 248000
1502279251 333969
1502279251 449174
1502279251 795289
1502279251 881337
1502279252 54537
1502279252 246154
1502279252 361554
1502279252 447639
1502279252 534511
1502279252 610963
1502279252 725864
1502279252 841379
1502279252 975811
1502279253 52730
1502279253 139169
1502279253 225579
1502279253 302316
1502279253 378590
1502279253 465724
1502279253 551864
1502279254 80026
1502279254 493418
1502279254 579288
1502279254 665372
1502279254 742564
1502279254 828872
1502279254 914958
1502279255 1530
1502279255 87514
1502279255 174539
1502279255 260833
1502279255 336964
1502279255 423982
1502279255 510138
1502279255 672626
1502279255 758887
1502279255 846004
1502279255 932109
1502279256 8354
1502279256 95838
1502279256 182087
1502279256 268121
1502279256 345416
1502279256 431511
1502279256 508629
1502279256 594781
1502279256 681113
1502279256 767250
1502279256 853683
1502279256 940616
1502279257 26895
1502279257 113232
1502279257 199239
1502279257 285325
1502279257 372432
1502279257 458734
1502279257 544922
1502279257 631256
1502279257 717361
1502279257 804481
1502279257 890757
1502279257 976832
1502279258 54125
1502279258 159559
1502279258 246043
1502279258 331810
1502279258 628705
1502279258 753711
1502279258 839908
1502279258 925944
1502279259 13320
1502279259 99576
1502279259 185778
1502279259 271839
1502279259 358037
1502279259 445203
1502279259 531580
1502279259 617666
1502279259 703862
1502279259 790230
1502279259 877214
1502279259 963554
1502279260 49799
1502279260 135895
1502279260 328413
1502279260 481672
1502279260 741054
1502279260 817316
1502279261 19058
1502279261 163119
1502279261 249302
1502279261 336454
1502279261 422764
1502279261 509013
1502279261 595145
1502279261 681730
1502279261 768534
1502279261 854808
1502279261 940884
1502279262 27424
1502279262 113190
1502279262 200370
1502279262 286440
1502279262 372927
1502279262 459055
1502279262 651418
1502279262 852966
1502279263 16226
1502279263 102482
1502279263 227566
1502279263 496664
1502279263 582692
1502279263 668605
1502279263 754770
1502279263 841078
1502279263 995311
1502279264 119929
1502279264 206054
1502279264 292318
1502279264 379572
1502279264 465655
1502279264 551755
1502279264 637855
1502279264 725208
1502279264 811616
1502279265 79080
1502279265 166284
1502279265 559139
1502279265 646212
1502279265 732336
1502279265 818387
1502279265 904650
1502279265 991126
1502279266 78223
1502279266 164371
1502279266 500335
1502279266 586348
1502279266 672629
1502279266 759627
1502279266 845969
1502279266 932348
1502279267 18207
1502279267 104512
1502279267 191559
1502279267 267833
1502279267 354036
1502279267 441341
1502279267 527505
1502279267 604449
1502279267 690665
1502279267 766950
1502279267 854178
1502279267 940631
1502279268 26661
1502279268 103481
1502279268 179761
1502279268 256820
1502279268 333980
1502279268 410276
1502279268 487389
1502279268 563722
1502279268 650829
1502279268 727277
1502279268 804237
1502279268 880426
1502279268 967477
1502279269 53603
1502279269 130776
1502279269 207191
1502279269 284265
1502279269 370574
1502279269 456795
1502279269 533835
1502279269 610114
1502279269 697162
1502279269 773443
1502279269 850574
1502279269 927633
1502279270 13956
1502279270 99986
1502279270 177410
1502279270 301787
1502279270 378864
1502279270 599080
1502279270 743527
1502279270 983216
1502279271 79365
1502279271 156581
1502279271 242749
1502279271 318927
1502279271 434130
1502279271 616651
1502279271 702827
1502279271 788877
1502279271 876028
1502279272 125418
1502279272 201779
1502279272 288943
1502279272 480582
1502279272 557597
1502279272 633895
1502279273 18757
1502279273 105011
1502279273 191080
1502279273 268184
1502279273 354520
1502279273 440634
1502279273 517818
1502279273 603928
1502279273 680166
1502279273 767234
1502279273 843508
1502279274 256834
1502279274 487179
1502279274 573168
1502279274 659317
1502279274 746414
1502279274 832507
1502279274 908910
1502279274 996134
1502279275 82794
1502279275 159346
1502279275 245981
1502279275 331906
1502279275 418463
1502279275 504462
1502279275 581630
1502279275 783047
1502279275 888454
1502279276 128790
1502279276 214917
1502279276 292009
1502279276 378257
1502279276 455404
1502279276 541523
1502279276 617838
1502279276 704886
1502279276 791043
1502279276 877349
1502279276 954383
1502279277 30590
1502279277 204050
1502279277 290212
1502279277 395539
1502279277 472623
1502279277 558858
1502279277 635997
1502279277 914764
1502279278 125451
1502279278 202278
1502279278 279470
1502279278 355743
1502279278 432717
1502279278 529181
1502279278 663368
1502279278 749547
1502279278 835723
1502279278 921990
1502279278 999089
1502279279 76291
1502279279 152523
1502279279 229533
1502279279 305679
1502279279 382849
1502279279 469081
1502279279 546308
1502279279 623408
1502279279 699630
1502279279 777002
1502279279 852967
1502279279 930305
1502279280 7132
1502279280 93431
1502279280 170796
1502279280 246829
1502279280 324038
1502279280 400193
1502279280 477658
1502279280 554557
1502279280 630848
1502279280 947568
1502279281 24655
1502279281 110802
1502279281 188010
1502279281 264182
1502279281 341332
1502279281 418535
1502279281 503648
1502279281 589869
1502279281 677153
1502279281 763307
1502279281 839327
1502279281 945708
1502279282 233334
1502279282 319504
1502279282 405988
1502279282 559295
1502279282 645411
1502279282 837714
1502279283 221997
1502279283 538831
1502279283 653620
1502279283 816797
1502279283 922345
1502279284 8555
1502279284 143009
1502279284 383548
1502279284 574941
1502279284 662027
1502279284 786451
1502279284 872573
1502279285 7523
1502279285 93880
1502279285 180060
1502279285 266101
1502279285 352435
1502279285 439925
1502279285 525729
1502279285 611849
1502279285 697966
1502279285 784119
1502279285 861358
1502279285 938531
1502279286 14784
1502279286 92127
1502279286 169326
1502279286 245335
1502279286 322654
1502279286 457056
1502279286 562176
1502279286 648334
1502279286 725238
1502279286 801563
1502279286 878867
1502279286 955967
1502279287 32360
1502279287 109406
1502279287 186403
1502279287 262782
1502279287 339939
1502279287 445232
1502279287 589518
1502279287 665506
1502279287 742536
1502279287 819712
1502279287 925017
1502279288 2331
1502279288 116721
1502279288 212835
1502279288 702994
1502279288 779487
1502279288 856303
1502279288 933199
1502279289 9393
1502279289 86595
1502279289 250222
1502279289 402722
1502279289 479742
1502279289 557054
1502279289 633116
1502279289 710256
1502279289 787484
1502279289 863675
1502279289 969721
1502279290 287009
1502279290 362870
1502279290 440004
1502279290 517429
1502279290 593339
1502279290 670407
1502279290 746578
1502279290 823746
1502279290 900816
1502279290 976900
1502279291 54045
1502279291 159373
1502279291 236628
1502279291 341737
1502279291 476461
1502279291 553449
1502279291 668606
1502279291 792750
1502279291 994460
1502279292 71461
1502279292 176664
1502279292 253871
1502279292 398173
1502279292 474446
1502279292 676176
1502279293 50989
1502279293 127043
1502279293 203506
1502279293 299728
1502279293 375469
1502279293 500584
1502279293 576831
1502279293 653093
1502279293 730229
1502279293 806495
1502279293 883757
1502279293 959896
1502279294 36142
1502279294 116275
1502279294 189392
1502279294 266704
1502279294 363080
1502279294 737189
1502279294 814188
1502279294 890250
1502279294 967337
1502279295 44340
1502279295 120485
1502279295 197753
1502279295 283871
1502279295 361013
1502279295 437267
1502279295 514453
1502279295 590744
1502279295 668047
1502279295 745152
1502279296 14075
1502279296 320602
1502279296 397730
1502279296 474176
1502279296 551100
1502279296 627222
1502279296 704323
1502279296 838648
1502279296 915739
1502279297 20984
1502279297 98045
1502279297 174339
1502279297 280438
1502279297 385857
1502279297 511123
1502279297 625767
1502279297 701866
1502279297 778865
1502279297 855977
1502279297 999635
1502279298 133737
1502279298 210806
1502279298 287109
1502279298 364127
1502279298 440275
1502279298 516441
1502279298 593486
1502279298 717934
1502279298 795104
1502279298 910456
1502279298 987492
1502279299 467756
1502279299 562811
1502279299 707448
1502279299 784446
1502279299 870547
1502279299 947620
1502279300 23933
1502279300 101098
1502279300 177332
1502279300 254484
1502279300 331508
1502279300 407971
1502279300 485033
1502279300 562016
1502279300 638116
1502279300 715615
1502279300 791713
1502279300 868915
1502279300 945985
1502279301 22213
1502279301 99325
1502279301 176600
1502279301 252557
1502279301 397036
1502279301 473349
1502279301 752041
1502279301 829032
1502279301 905440
1502279301 982500
1502279302 59605
1502279302 135788
1502279302 212897
1502279302 290090
1502279302 366243
1502279302 443314
1502279302 519442
1502279302 596884
1502279302 673867
1502279302 779053
1502279302 856218
1502279302 932547
1502279303 9693
1502279303 85851
1502279303 163003
1502279303 240111
1502279303 316389
1502279303 393269
1502279303 470438
1502279303 546920
1502279303 624136
1502279303 700340
1502279303 777562
1502279303 854540
1502279303 930800
1502279304 7962
1502279304 190532
1502279304 267564
1502279304 343794
1502279304 429933
1502279304 507004
1502279304 583923
1502279304 660193
1502279304 737380
1502279304 814598
1502279305 64306
1502279305 150562
1502279305 486654
1502279305 572335
1502279305 909238
1502279305 995364
1502279306 81598
1502279306 167767
1502279306 253986
1502279306 341356
1502279306 427255
1502279306 513695
1502279306 599753
1502279306 695939
1502279306 782170
1502279306 878398
1502279306 964376
1502279307 50541
1502279307 127657
1502279307 204959
1502279307 291203
1502279307 579075
1502279307 742436
1502279307 828591
1502279307 972010
1502279308 68118
1502279308 154356
1502279308 241501
1502279308 519344
1502279308 606541
1502279308 740537
1502279308 875066
1502279309 28570
1502279309 152707
1502279309 267681
1502279309 354991
1502279309 441172
1502279309 517504
1502279309 661587
1502279309 776773
1502279309 853856
1502279309 930189
1502279310 17405
1502279310 103905
1502279310 179681
1502279310 487276
1502279310 650915
1502279310 737108
1502279310 823301
1502279310 900373
1502279310 976593
1502279311 63678
1502279311 284441
1502279311 418655
1502279311 591130
1502279311 668298
1502279311 850536
1502279311 927800
1502279312 13865
1502279312 99869
1502279312 177005
1502279312 253302
1502279312 330413
1502279312 407756
1502279312 483938
1502279312 560960
1502279312 637292
1502279312 714421
1502279312 791474
1502279312 867677
1502279312 944977
1502279313 21956
1502279313 156390
1502279313 242580
1502279313 328884
1502279313 444216
1502279313 521415
1502279313 597480
1502279313 674515
1502279313 751836
1502279313 828106
1502279313 905212
1502279313 981633
1502279314 58557
1502279314 135667
1502279314 211898
1502279314 288992
1502279314 366064
1502279314 442234
1502279314 519478
1502279314 595635
1502279314 672818
1502279314 750053
1502279314 826232
1502279314 903352
1502279314 979606
1502279315 56690
1502279315 133934
1502279315 335342
1502279315 450771
1502279315 556069
1502279315 633071
1502279315 709235
1502279315 786422
1502279315 863524
1502279315 939663
1502279316 16836
1502279316 93127
1502279316 170295
1502279316 247187
1502279316 323448
1502279316 400852
1502279316 477774
1502279316 660381
1502279316 736753
1502279317 274662
1502279317 351043
1502279317 428071
1502279317 504388
1502279317 581566
1502279317 658598
1502279317 744674
1502279317 840894
1502279317 917122
1502279317 994342
1502279318 99535
1502279318 224855
1502279318 300939
1502279318 378156
1502279318 455410
1502279318 541479
1502279318 637554
1502279318 713986
1502279318 791054
1502279318 868003
1502279318 954287
1502279319 30598
1502279319 107655
1502279319 308980
1502279319 427283
1502279319 501796
1502279319 577857
1502279319 655174
1502279319 846574
1502279319 923616
1502279320 9769
1502279320 86829
1502279320 163898
1502279320 240183
1502279320 316557
1502279320 393689
1502279320 469982
1502279320 547258
1502279320 624247
1502279320 700766
1502279320 777562
1502279320 854691
1502279320 930896
1502279321 8136
1502279321 84271
1502279321 161532
1502279321 238451
1502279321 314730
1502279321 391885
1502279321 469160
1502279321 545263
1502279321 622496
1502279321 698835
1502279321 775606
1502279321 852675
1502279322 111666
1502279322 188785
1502279322 303705
1502279322 380076
1502279322 457320
1502279322 774136
1502279322 879402
1502279322 985596
1502279323 61710
1502279323 138980
1502279323 216166
1502279323 407442
1502279323 570933
1502279323 647931
1502279323 724118
1502279323 801296
1502279323 897549
1502279323 973688
1502279324 89127
1502279324 166167
1502279324 242870
1502279324 386045
1502279324 597548
1502279324 683578
1502279324 771150
1502279324 856764
1502279324 943028
1502279325 39031
1502279325 173468
1502279325 259676
1502279325 336922
1502279325 605962
1502279325 769015
1502279325 855184
1502279325 941206
1502279326 37407
1502279326 133545
1502279326 209666
1502279326 296670
1502279326 411114
1502279326 498262
1502279326 574483
1502279326 651741
1502279326 728812
1502279326 804967
1502279326 882095
1502279326 958515
1502279327 35538
1502279327 112696
1502279327 188947
1502279327 275987
1502279327 352392
1502279327 438494
1502279327 534992
1502279328 63166
1502279328 187352
1502279328 340800
1502279328 426783
1502279328 513161
1502279328 599342
1502279328 686455
1502279328 773010
1502279328 858948
1502279328 951987
1502279329 31186
1502279329 118387
1502279329 204615
1502279329 281669
1502279329 395899
1502279329 511263
1502279329 607443
1502279329 684474
1502279329 760681
1502279329 837839
1502279329 963163
1502279330 68354
1502279330 154690
1502279330 230925
1502279330 318074
1502279330 404132
1502279330 480506
1502279330 595693
1502279330 836427
1502279331 239062
1502279331 316297
1502279331 392457
1502279331 565749
1502279331 642139
1502279331 719310
1502279331 796481
1502279331 920821
1502279331 997991
1502279332 103158
1502279332 180351
1502279332 266465
1502279332 343656
1502279332 419787
1502279332 496990
1502279332 574153
1502279332 717789
1502279332 803830
1502279332 889839
1502279332 976153
1502279333 63360
1502279333 139514
1502279333 216807
1502279333 303162
1502279333 379987
1502279333 456179
1502279333 533365
1502279333 619876
1502279333 705890
1502279333 782928
1502279333 860087
1502279333 936309
1502279334 13424
1502279334 99905
1502279334 176707
1502279334 263083
1502279334 349196
1502279334 435615
1502279334 512577
1502279334 589791
1502279334 665978
1502279334 742972
1502279334 819227
1502279334 896350
1502279334 973615
1502279335 49872
1502279335 127036
1502279335 213231
1502279335 290365
1502279335 366545
1502279335 443557
1502279335 529699
1502279335 606911
1502279335 683060
1502279335 760358
1502279335 836668
1502279335 913759
1502279335 990767
1502279336 67114
1502279336 144099
1502279336 221293
1502279336 297492
1502279336 374741
1502279336 451038
1502279336 527941
1502279336 605181
1502279336 691334
1502279336 768398
1502279336 844544
1502279336 921925
1502279336 998074
1502279337 75244
1502279337 152259
1502279337 228605
1502279337 305871
1502279337 381994
1502279337 459074
1502279337 536310
1502279337 612525
1502279337 704268
1502279337 785979
1502279337 862006
1502279337 939168
1502279338 16325
1502279338 92438
1502279338 169799
1502279338 246926
1502279338 323246
1502279338 400362
1502279338 476502
1502279338 553557
1502279338 630604
1502279338 706848
1502279338 784044
1502279338 861190
1502279338 937529
1502279339 14671
1502279339 90985
1502279339 167992
1502279339 245134
1502279339 321203
1502279339 397565
1502279339 474647
1502279339 551862
1502279339 628161
1502279339 705123
1502279339 782280
1502279339 858590
1502279339 935781
1502279340 12831
1502279340 89202
1502279340 166282
1502279340 242371
1502279340 319533
1502279340 396632
1502279340 472901
1502279340 549997
1502279340 627090
1502279340 703505
1502279340 780627
1502279340 856812
1502279340 933926
1502279341 10116
1502279341 87336
1502279341 163551
1502279341 250725
1502279341 326790
1502279341 404210
1502279341 481154
1502279341 557407
1502279341 634591
1502279341 710711
1502279341 797928
1502279341 874073
1502279341 951338
1502279342 28384
1502279342 104587
1502279342 181740
1502279342 258056
1502279342 334983
1502279342 411142
1502279342 488426
1502279342 565698
1502279342 641740
1502279342 718969
1502279342 796022
1502279342 882348
1502279343 55072
1502279343 457792
1502279343 534953
1502279343 611975
1502279343 688252
1502279343 870733
1502279344 82243
1502279344 216607
1502279344 312477
1502279344 456871
1502279344 543029
1502279344 648409
1502279344 725555
1502279344 878749
1502279344 964991
1502279345 118444
1502279345 195571
1502279345 300841
1502279345 377994
1502279345 455184
1502279345 531302
1502279345 608659
1502279345 685713
1502279345 762101
1502279345 839119
1502279345 915302
1502279345 992426
1502279346 69542
1502279346 145792
1502279346 223236
1502279346 328115
1502279346 568911
1502279346 645007
1502279346 722238
1502279346 799118
1502279346 875259
1502279346 952408
1502279347 29692
1502279347 106005
1502279347 183203
1502279347 336672
1502279347 547852
1502279347 796463
1502279347 873638
1502279348 74908
1502279348 151978
1502279348 238371
1502279348 314663
1502279348 391789
1502279348 468892
1502279348 545113
1502279348 622306
1502279348 698600
1502279348 775651
1502279348 853816
1502279348 929074
1502279349 6036
1502279349 82334
1502279349 399231
1502279349 486108
1502279349 601364
1502279349 677623
1502279349 754757
1502279349 937220
1502279350 176911
1502279350 253747
1502279350 330047
1502279350 569839
1502279350 684965
1502279350 762082
1502279351 40723
1502279351 165128
1502279351 242169
1502279351 328383
1502279351 404750
1502279351 481936
1502279351 578215
1502279351 798862
1502279351 875804
1502279351 952011
1502279352 29291
1502279352 106236
1502279352 182363
1502279352 259538
1502279352 336643
1502279352 412909
1502279352 490006
1502279352 566285
1502279352 643393
1502279352 720551
1502279352 796655
1502279352 873960
1502279352 960191
1502279353 37405
1502279353 113517
1502279353 190640
1502279353 267951
1502279353 344035
1502279353 421130
1502279353 497430
1502279353 574613
1502279353 651824
1502279353 727941
1502279353 805263
1502279353 891361
1502279354 131585
1502279354 207906
1502279354 294994
1502279354 371170
1502279354 448640
1502279354 524659
1502279354 620818
1502279354 697921
1502279354 880658
1502279355 52640
1502279355 178180
1502279355 293467
1502279355 369670
1502279355 696295
1502279355 773286
1502279355 849426
1502279355 926502
1502279356 2755
1502279356 80056
1502279356 156159
1502279356 233972
1502279356 310413
1502279356 386595
1502279356 463934
1502279356 560026
1502279356 636236
1502279356 713454
1502279356 790641
1502279356 866895
1502279356 944126
1502279357 20259
1502279357 97475
1502279357 308996
1502279357 405101
1502279357 481235
1502279357 625700
1502279357 702604
1502279357 837157
1502279357 913169
1502279357 990247
1502279358 153856
1502279358 229978
1502279358 307161
1502279358 403525
1502279358 643286
1502279358 720198
1502279358 797361
1502279358 873394
1502279358 950599
1502279359 26827
1502279359 142091
1502279359 219213
1502279359 296421
1502279359 372395
1502279359 449412
1502279359 525866
1502279360 102308
1502279360 179310
1502279360 255440
1502279360 332734
1502279360 409725
1502279360 572363
1502279360 649197
1502279360 726711
1502279360 888916
1502279360 966047
1502279361 226114
1502279361 302154
1502279361 379206
1502279361 494334
1502279361 619013
1502279361 705901
1502279361 782135
1502279361 926225
1502279362 3242
1502279362 175717
1502279362 358081
1502279362 434666
1502279362 511535
1502279362 588611
1502279362 790344
1502279363 250373
1502279363 327333
1502279363 403596
1502279363 480691
1502279363 557171
1502279363 634249
1502279363 711375
1502279363 787798
1502279363 864724
1502279363 941817
1502279364 17997
1502279364 95165
1502279364 171378
1502279364 248554
1502279364 325637
1502279364 642480
1502279364 718615
1502279364 795859
1502279364 882142
1502279364 958927
1502279365 35950
1502279365 112253
1502279365 189459
1502279365 265838
1502279365 343010
1502279365 420105
1502279365 496385
1502279365 995440
1502279366 284091
1502279366 514593
1502279366 687205
1502279366 927160
1502279367 4089
1502279367 80850
1502279367 157142
1502279367 234279
1502279367 311342
1502279367 387670
1502279367 464818
1502279367 541934
1502279367 617920
1502279367 733283
1502279367 810512
1502279367 886773
1502279367 963827
1502279368 59894
1502279368 136241
1502279368 213454
1502279368 338574
1502279368 414882
1502279368 597377
1502279368 886115
1502279368 962191
1502279369 39345
1502279369 115526
1502279369 192625
1502279369 269849
1502279369 634899
1502279369 865194
1502279369 979499
1502279370 56556
1502279370 296335
1502279370 373321
1502279370 488606
1502279370 564711
1502279370 641866
1502279370 718953
1502279370 795133
1502279370 872655
1502279371 218330
1502279371 305073
1502279371 477046
1502279371 554024
1502279371 631138
1502279371 908876
1502279372 350959
1502279372 427974
1502279372 504128
1502279372 581484
1502279372 658389
1502279372 734661
1502279372 811630
1502279373 13515
1502279373 90413
1502279373 214607
1502279373 310785
1502279373 387902
1502279373 464538
1502279373 541265
1502279373 617654
1502279373 694586
1502279373 771971
1502279373 963525
1502279374 49568
1502279374 184757
1502279374 260967
1502279374 367204
1502279374 443483
1502279374 520404
1502279374 596568
1502279374 798180
1502279374 875354
1502279374 952609
1502279375 28601
1502279375 211256
1502279375 288359
1502279375 364475
1502279375 441824
1502279375 518777
1502279375 595302
1502279375 672202
1502279375 749345
1502279375 825761
1502279375 902666
1502279375 978853
1502279376 56063
1502279376 133041
1502279376 209295
1502279376 286599
1502279376 363825
1502279376 439911
1502279376 517096
1502279376 651746
1502279376 823920
1502279377 35296
1502279377 111604
1502279377 188722
1502279377 352082
1502279377 428102
1502279377 639597
1502279377 822368
1502279377 899341
1502279377 975436
1502279378 52524
1502279378 283184
1502279378 359231
1502279378 916563
1502279379 70045
1502279379 195144
1502279379 271586
1502279379 348522
1502279379 579076
1502279379 713518
1502279380 58773
1502279380 365552
1502279380 442586
1502279380 567076
1502279380 644257
1502279380 721419
1502279380 797582
1502279380 874686
1502279380 950975
1502279381 105139
1502279381 181664
1502279381 258705
1502279381 479135
1502279381 671870
1502279381 921232
1502279382 112336
1502279382 208644
1502279382 497521
1502279382 592690
1502279382 746702
1502279382 822997
1502279382 996302
1502279383 303433
1502279383 562854
1502279383 659011
1502279383 841555
1502279383 927707
1502279384 3788
1502279384 80956
1502279384 158176
1502279384 234207
1502279384 311476
1502279384 388780
1502279384 464880
1502279384 541910
1502279384 618196
1502279384 695397
1502279384 772635
1502279384 848775
1502279384 925818
1502279385 3226
1502279385 79131
1502279385 165558
1502279385 242474
1502279385 319583
1502279385 395980
1502279385 760999
1502279385 838062
1502279385 915134
1502279385 991729
1502279386 116595
1502279386 596769
1502279386 672851
1502279386 750107
1502279386 827110
1502279386 903472
1502279386 980300
1502279387 56553
1502279387 162835
1502279387 316391
1502279387 460564
1502279387 536809
1502279387 614188
1502279387 691236
1502279387 853556
1502279387 959661
1502279388 142202
1502279388 238333
1502279388 314575
1502279388 391815
1502279388 477799
1502279388 564116
1502279388 737384
1502279389 6064
1502279389 92104
1502279389 169284
1502279389 255879
1502279389 360911
1502279389 850813
1502279389 937077
1502279390 33276
1502279390 119529
1502279390 205560
1502279390 282741
1502279390 369037
1502279390 446099
1502279390 522324
1502279390 599704
1502279390 685774
1502279390 762970
1502279390 848874
1502279390 945328
1502279391 31410
1502279391 107724
1502279391 194797
1502279391 271008
1502279391 377236
1502279391 453341
1502279391 530438
1502279391 607647
1502279391 683941
1502279391 761063
1502279391 837424
1502279391 923679
1502279392 775
1502279392 173342
1502279392 260115
1502279392 336248
1502279392 480565
1502279392 557781
1502279392 633960
1502279392 749594
1502279392 826623
1502279392 902811
1502279392 979881
1502279393 57154
1502279393 133323
1502279393 219373
1502279393 412123
1502279393 757700
1502279393 969356
1502279394 45558
1502279394 122373
1502279394 208630
1502279394 285818
1502279394 362077
1502279394 439323
1502279394 516148
1502279394 592528
1502279394 668556
1502279394 744900
1502279394 822212
1502279394 899129
1502279394 975405
1502279395 52617
1502279395 129636
1502279395 206123
1502279395 283016
1502279395 359357
1502279395 493886
1502279395 570978
1502279395 647969
1502279395 724214
1502279395 801363
1502279395 926535
1502279396 69934
1502279396 146988
1502279396 223416
1502279396 300393
1502279396 377539
1502279396 453859
1502279396 531034
1502279396 617366
1502279396 693486
1502279396 770695
1502279396 847683
1502279396 923989
1502279397 1061
1502279397 77075
1502279397 154361
1502279397 231513
1502279397 307695
1502279397 385022
1502279397 462098
1502279397 538388
1502279397 624624
1502279397 701776
1502279397 778618
1502279397 854740
1502279397 931967
1502279398 9261
1502279398 85709
1502279398 162662
1502279398 239225
1502279398 421309
1502279398 498347
1502279398 662032
1502279398 738035
1502279398 815649
1502279398 892358
1502279399 64907
1502279399 141930
1502279399 218249
1502279399 295340
1502279399 372353
1502279399 535055
1502279399 832495
1502279399 928657
1502279400 5638
1502279400 82031
1502279400 302655
1502279400 590783
1502279400 676638
1502279400 753903
1502279400 840006
1502279400 926026
1502279401 12179
1502279401 166542
1502279401 435364
1502279401 655467
1502279401 818984
1502279401 953222
1502279402 39648
1502279402 126045
1502279402 211882
1502279402 298983
1502279402 384954
1502279402 461198
1502279402 538352
1502279402 615851
1502279402 923106
1502279403 163231
1502279403 239403
1502279403 412714
1502279403 488921
1502279403 566014
1502279403 652116
1502279403 882769
1502279403 969176
1502279404 46102
1502279404 132281
1502279404 218515
1502279404 507558
1502279404 583337
1502279404 698596
1502279404 775697
1502279404 861884
1502279404 948175
1502279405 34248
1502279405 111647
1502279405 188554
1502279405 274692
1502279405 351861
1502279405 427999
1502279405 505296
1502279405 581589
1502279405 658717
1502279405 736054
1502279405 821977
1502279405 898227
1502279405 975291
1502279406 52502
1502279406 138811
1502279406 224818
1502279406 301931
1502279406 388339
1502279406 474423
1502279406 551501
1502279406 627759
1502279406 704960
1502279406 782063
1502279406 868527
1502279406 945374
1502279407 21657
1502279407 98694
1502279407 175123
1502279407 252084
1502279407 338401
1502279407 415690
1502279407 492612
1502279407 568760
1502279407 645918
1502279407 722334
1502279407 799610
1502279407 876551
1502279408 78104
1502279408 154247
1502279408 231363
1502279408 327597
1502279408 404627
1502279408 490850
1502279409 19331
1502279409 219908
1502279409 296852
1502279409 460356
1502279409 546415
1502279409 661852
1502279409 747722
1502279409 824901
1502279409 911238
1502279409 997373
1502279410 84016
1502279410 410516
1502279410 496602
1502279410 573698
1502279410 659916
1502279410 737022
1502279410 909484
1502279411 73108
1502279411 158994
1502279411 245303
1502279411 427585
1502279411 523895
1502279411 610066
1502279411 696281
1502279411 782367
1502279411 868689
1502279411 955823
1502279412 41927
1502279412 128270
1502279412 205398
1502279412 291616
1502279412 377931
1502279412 464015
1502279412 550212
1502279412 637306
1502279412 723569
1502279412 809865
1502279412 895887
1502279412 982231
1502279413 69301
1502279413 155367
1502279413 231676
1502279413 318801
1502279413 404929
1502279413 491409
1502279413 568244
1502279413 644533
1502279413 721604
1502279413 808387
1502279413 894349
1502279413 971350
1502279414 48349
1502279414 134725
1502279414 220823
1502279414 413355
1502279414 499913
1502279414 652863
1502279414 739060
1502279414 816116
1502279414 893292
1502279414 979398
1502279415 65814
1502279415 151880
1502279415 229062
1502279415 315325
1502279415 392532
1502279415 478659
1502279415 564738
1502279415 642129
1502279415 728295
1502279415 814523
1502279415 891665
1502279415 977717
1502279416 64029
1502279416 150243
1502279416 227461
1502279416 332560
1502279416 409777
1502279416 573101
1502279416 659388
1502279416 736450
1502279416 822581
1502279416 908884
1502279416 986000
1502279417 72234
1502279417 158416
1502279417 235687
1502279417 321765
1502279417 398993
1502279417 475151
1502279417 552377
1502279417 628541
1502279417 705631
1502279417 782812
1502279417 859088
1502279417 936178
1502279418 13356
1502279418 89710
1502279418 166732
1502279418 301059
1502279418 435757
1502279418 512690
1502279418 598743
1502279418 674921
1502279418 838413
1502279418 924883
1502279419 1504
1502279419 78760
1502279419 154820
1502279419 376200
1502279419 519649
1502279419 596739
1502279419 673878
1502279419 750254
1502279419 827694
1502279420 307694
1502279420 412847
1502279420 489696
1502279420 566237
1502279420 643226
1502279420 720420
1502279420 796559
1502279420 873852
1502279420 989007
1502279421 113274
1502279421 190382
1502279421 267497
1502279421 469033
1502279421 545250
1502279421 622397
1502279421 699526
1502279421 775807
1502279421 853163
1502279421 930068
1502279422 247030
1502279422 333361
1502279422 409440
1502279422 486384
1502279422 563543
1502279422 677949
1502279422 774168
1502279422 860380
1502279422 946505
1502279423 23873
1502279423 100613
1502279423 176853
1502279423 263163
1502279423 340199
1502279423 417165
1502279423 493453
1502279423 570631
1502279423 646887
1502279423 724056
1502279423 801248
1502279423 877547
1502279423 954669
1502279424 31726
1502279424 108064
1502279424 185076
1502279424 262206
1502279424 338442
1502279424 415551
1502279424 491763
1502279424 569010
1502279424 646162
1502279424 722355
1502279424 799412
1502279424 876483
1502279424 952816
1502279425 49067
1502279425 126241
1502279425 202507
1502279425 336888
1502279425 548165
1502279425 625452
1502279425 701895
1502279426 95742
1502279426 171865
1502279426 249099
1502279426 325988
1502279426 402355
1502279426 479320
1502279426 556422
1502279426 632684
1502279426 709856
1502279426 787058
1502279426 863225
1502279426 940430
1502279427 16661
1502279427 93778
1502279427 170814
1502279427 246945
1502279427 324140
1502279427 400642
1502279427 515878
1502279427 708219
1502279428 149255
1502279428 255697
1502279428 341623
1502279428 418541
1502279428 494771
1502279428 571794
1502279428 648116
1502279428 782426
1502279428 877807
1502279428 955096
1502279429 31967
1502279429 108391
1502279429 185429
1502279429 261726
1502279429 338878
1502279429 415924
1502279429 492207
1502279429 626334
1502279429 703577
1502279429 780640
1502279429 953165
1502279430 29429
1502279430 106445
1502279430 183581
1502279430 259792
1502279430 414174
1502279430 490458
1502279430 643921
1502279430 720950
1502279430 874449
1502279430 951542
1502279431 27717
1502279431 104921
1502279431 180976
1502279431 268128
1502279431 402453
1502279431 478604
1502279431 555769
1502279431 757446
1502279431 958755
1502279432 486814
1502279432 621302
1502279432 793589
1502279432 870681
1502279432 946970
1502279433 24120
1502279433 101346
1502279433 264499
1502279433 340717
1502279433 417793
1502279433 494188
1502279433 571339
1502279433 648892
1502279433 724513
1502279433 801836
1502279433 946198
1502279434 22412
1502279434 99668
1502279434 175744
1502279434 253011
1502279434 397253
1502279434 647114
1502279434 723068
1502279434 800314
1502279434 877391
1502279435 40789
