1502199824 428685
1502199824 641807
1502199824 738306
1502199824 996480
1502199825 159045
1502199825 357552
1502199825 559073
1502199825 712592
1502199825 913736
1502199826 145418
1502199826 394003
1502199826 534873
1502199826 668491
1502199826 807112
1502199826 936789
1502199827 165517
1502199827 414468
1502199827 561823
1502199827 825785
1502199827 994278
1502199828 91875
1502199828 308174
1502199828 540792
1502199828 741176
1502199828 948658
1502199829 190016
1502199829 405718
1502199829 551049
1502199829 785618
1502199829 977029
1502199830 145371
1502199830 398794
1502199830 519430
1502199830 632597
1502199830 713908
1502199830 794142
1502199830 973355
1502199831 209656
1502199831 389275
1502199831 652597
1502199831 735168
