1501773336 582522
1501773336 726636
1501773336 880180
1501773336 976164
1501773337 71432
1501773337 158409
1501773337 283119
1501773337 427160
1501773337 542396
1501773337 666711
1501773337 801275
1501773337 936264
1501773338 31511
1501773338 137709
1501773338 242949
1501773338 339151
1501773338 482510
1501773338 588742
1501773338 693985
1501773338 838356
1501773338 953514
1501773339 77971
1501773339 222147
1501773339 346492
1501773339 490840
1501773339 587056
1501773339 702268
1501773339 836543
1501773339 970876
1501773340 76154
1501773340 210458
1501773340 354748
1501773340 498089
1501773340 594338
1501773340 709629
1501773340 824795
1501773340 959144
1501773341 74403
1501773341 170650
1501773341 305001
1501773341 448346
1501773341 563492
1501773341 678963
1501773341 785084
1501773341 919261
1501773342 53569
1501773342 158868
1501773342 255201
1501773342 399377
1501773342 533778
1501773342 687095
1501773342 783256
1501773342 898451
1501773343 13710
1501773343 138005
1501773343 244214
1501773343 387683
1501773343 493885
1501773343 628136
1501773343 781506
1501773343 896751
1501773344 31011
1501773344 127201
1501773344 223656
1501773344 347718
1501773344 443041
1501773344 549191
1501773344 644528
1501773344 779690
1501773344 894952
1501773345 29278
1501773345 134614
1501773345 278897
1501773345 374207
1501773345 480435
1501773345 585663
1501773345 719881
1501773345 854275
1501773345 969474
1501773346 113774
1501773346 258024
1501773346 373323
1501773346 468631
1501773346 602895
1501773346 747261
1501773346 900554
1501773347 25780
1501773347 122009
1501773347 265496
1501773347 390553
1501773347 495881
1501773347 592030
1501773347 716450
1501773347 821721
1501773347 936929
1501773348 62295
1501773348 158443
1501773348 281735
1501773348 387923
1501773348 503243
1501773348 658644
1501773348 780903
1501773348 925181
1501773349 78522
1501773349 222879
1501773349 328158
1501773349 434282
1501773349 549636
1501773349 654878
1501773349 789064
1501773349 895355
1501773350 19658
1501773350 124886
1501773350 231251
1501773350 346399
1501773350 471002
1501773350 615275
1501773350 701273
1501773350 845489
1501773350 941710
1501773351 76017
1501773351 210331
1501773351 306422
1501773351 430828
1501773351 565183
1501773351 671420
1501773351 766638
1501773351 900947
1501773352 16186
1501773352 140546
1501773352 294835
1501773352 400075
1501773352 534557
1501773352 678680
1501773352 831948
1501773352 928219
1501773353 43435
1501773353 138780
1501773353 263967
1501773353 360284
1501773353 484483
1501773353 590686
1501773353 715005
1501773353 859252
1501773353 955714
1501773354 59878
1501773354 156084
1501773354 252307
1501773354 396574
1501773354 539949
1501773354 655175
1501773354 789425
1501773354 904856
1501773355 49070
1501773355 193307
1501773355 346770
1501773355 452023
1501773355 577239
1501773355 692485
1501773355 855869
1501773355 960987
1501773356 85537
1501773356 191623
1501773356 287801
1501773356 374019
1501773356 470266
1501773356 565456
1501773356 680767
1501773356 766991
1501773356 911257
1501773357 54628
1501773357 139903
1501773357 275136
1501773357 380360
1501773357 504803
1501773357 600939
1501773357 744282
1501773357 840548
1501773357 965819
1501773358 81084
1501773358 185310
1501773358 310640
1501773358 406780
1501773358 522081
1501773358 607386
1501773358 693589
1501773358 818771
1501773358 924109
1501773359 48374
1501773359 163660
1501773359 268911
1501773359 375207
1501773359 471366
1501773359 566763
1501773359 710814
1501773359 816183
1501773359 941379
1501773360 46832
1501773360 141944
1501773360 238202
1501773360 353509
1501773360 438854
1501773360 535056
1501773360 659267
1501773360 813482
1501773360 908777
1501773361 5005
1501773361 111147
1501773361 197300
1501773361 321758
1501773361 446996
1501773361 552352
1501773361 658389
1501773361 782680
1501773361 936172
1501773362 51442
1501773362 147476
1501773362 233770
1501773362 339000
1501773362 454377
1501773362 598777
1501773362 713000
1501773362 846572
1501773362 951707
1501773363 57973
1501773363 192333
1501773363 345779
1501773363 470693
1501773363 566144
1501773363 681205
1501773363 816598
1501773363 939870
1501773364 46153
1501773364 150657
1501773364 265545
1501773364 390081
1501773364 505229
1501773364 620524
1501773364 764936
1501773364 909082
1501773365 14480
1501773365 139672
1501773365 253995
1501773365 388220
1501773365 532545
1501773365 627903
1501773365 763036
1501773365 886491
1501773366 20838
1501773366 165072
1501773366 261371
1501773366 366703
1501773366 491765
1501773366 597095
1501773366 722278
1501773366 818455
1501773366 961855
1501773367 66207
1501773367 200657
1501773367 315878
1501773367 421929
1501773367 546326
1501773367 661490
1501773367 786749
1501773367 911148
1501773368 7321
1501773368 103500
1501773368 246946
1501773368 343042
1501773368 487499
1501773368 621651
1501773368 746974
1501773368 841434
1501773368 937528
1501773369 61771
1501773369 206213
1501773369 331332
1501773369 455682
1501773369 551922
1501773369 705181
1501773369 839576
1501773369 954883
1501773370 70109
1501773370 214402
1501773370 358867
1501773370 454006
1501773370 550399
1501773370 664632
1501773370 769836
1501773370 905057
1501773371 9438
1501773371 153748
1501773371 258951
1501773371 346017
1501773371 461367
1501773371 594008
1501773371 738071
1501773371 891491
1501773372 25780
1501773372 161353
1501773372 304390
1501773372 429559
1501773372 582017
1501773372 716414
1501773372 859765
1501773372 994147
1501773373 99397
1501773373 205450
1501773373 348881
1501773373 453287
1501773373 568716
1501773373 684027
1501773373 780185
1501773373 924220
1501773374 48660
1501773374 173820
1501773374 288992
1501773374 432526
1501773374 547736
1501773374 672948
1501773374 769142
1501773374 902621
1501773375 36865
1501773375 142114
1501773375 248285
1501773375 382604
1501773375 487974
1501773375 603140
1501773375 689325
1501773375 776504
1501773375 871764
1501773375 986956
1501773376 130484
1501773376 217537
1501773376 302769
1501773376 399022
1501773376 514319
1501773376 657680
1501773376 744725
1501773376 888262
1501773376 974455
1501773377 109639
1501773377 223910
1501773377 320110
1501773377 435432
1501773377 578697
1501773377 674133
1501773377 780286
1501773377 924586
1501773378 38877
1501773378 125100
1501773378 221247
1501773378 355582
1501773378 481004
1501773378 586085
1501773378 719539
1501773378 863756
1501773378 969026
1501773379 122291
1501773379 266944
1501773379 362967
1501773379 449150
1501773379 554453
1501773379 660563
1501773379 765955
1501773379 852032
1501773379 958334
1501773380 91817
1501773380 235926
1501773380 341251
1501773380 494639
1501773380 590700
1501773380 744102
1501773380 879385
1501773381 3687
1501773381 147264
1501773381 271390
1501773381 386698
1501773381 472082
1501773381 568087
1501773381 702466
1501773381 846783
1501773381 971021
1501773382 115415
1501773382 259750
1501773382 393139
1501773382 537314
1501773382 652634
1501773382 786960
1501773382 883071
1501773382 988407
1501773383 122689
1501773383 266938
1501773383 353207
1501773383 468485
1501773383 621897
1501773383 727178
1501773383 833308
1501773383 957620
1501773384 63742
1501773384 169000
1501773384 294331
1501773384 427691
1501773384 523914
1501773384 640065
1501773384 772641
1501773384 887785
1501773384 993898
1501773385 128312
1501773385 224577
1501773385 368066
1501773385 473127
1501773385 568509
1501773385 683638
1501773385 818083
1501773385 914197
1501773386 9510
1501773386 105663
1501773386 210081
1501773386 335618
1501773386 459646
1501773386 555740
1501773386 680139
1501773386 785411
1501773386 900692
1501773386 996811
1501773387 112086
1501773387 236443
1501773387 332658
1501773387 437893
1501773387 544027
1501773387 697590
1501773387 841720
1501773387 947064
1501773388 43130
1501773388 157531
1501773388 291986
1501773388 426189
1501773388 570499
1501773388 704820
1501773388 819990
1501773388 944243
1501773389 30500
1501773389 164829
1501773389 261081
1501773389 386326
1501773389 519786
1501773389 615898
1501773389 740251
1501773389 894523
1501773390 47040
1501773390 172202
1501773390 296500
1501773390 430838
1501773390 527061
1501773390 652428
1501773390 747608
1501773390 891887
1501773391 6209
1501773391 121427
1501773391 256411
1501773391 399418
1501773391 505358
1501773391 600598
1501773391 744035
1501773391 859262
1501773391 974452
1501773392 118831
1501773392 214139
1501773392 338404
1501773392 463760
1501773392 617067
1501773392 751420
1501773392 866770
1501773392 972784
1501773393 97219
1501773393 240461
1501773393 326691
1501773393 451882
1501773393 585381
1501773393 719516
1501773393 844870
1501773393 978273
1501773394 131634
1501773394 256792
1501773394 353120
1501773394 477461
1501773394 601835
1501773394 716139
1501773394 831347
1501773394 975724
1501773395 99879
1501773395 205258
1501773395 320505
1501773395 435802
1501773395 532012
1501773395 665297
1501773395 761562
1501773395 895889
1501773396 11087
1501773396 155362
1501773396 298815
1501773396 442206
1501773396 556488
1501773396 671680
1501773396 786920
1501773396 883141
1501773396 988520
1501773397 113721
1501773397 218081
1501773397 343357
1501773397 439448
1501773397 563884
1501773397 679083
1501773397 785292
1501773397 909621
1501773398 13958
1501773398 129293
1501773398 235383
1501773398 388742
1501773398 484916
1501773398 581375
1501773398 686502
1501773398 809834
1501773398 896951
1501773399 11435
1501773399 136596
1501773399 279894
1501773399 423305
1501773399 538605
1501773399 682820
1501773399 798080
1501773399 951500
1501773400 85843
1501773400 172956
1501773400 297180
1501773400 411620
1501773400 526837
1501773400 613028
1501773400 747397
1501773400 862769
1501773400 958816
1501773401 103155
1501773401 246518
1501773401 370834
1501773401 466887
1501773401 601443
1501773401 716689
1501773401 804516
1501773401 937070
1501773402 62332
1501773402 186707
1501773402 272855
1501773402 369081
1501773402 465278
1501773402 589622
1501773402 674890
1501773402 819217
1501773402 905463
1501773403 11628
1501773403 154950
1501773403 241128
1501773403 366389
1501773403 461708
1501773403 576927
1501773403 720473
1501773403 845512
1501773403 979969
1501773404 105125
1501773404 248577
1501773404 372830
1501773404 497298
1501773404 602443
1501773404 697772
1501773404 802910
1501773404 947378
1501773405 43516
1501773405 186843
1501773405 291156
1501773405 387401
1501773405 502655
1501773405 598832
1501773405 695025
1501773405 848646
1501773405 973719
1501773406 98021
1501773406 192437
1501773406 336609
1501773406 451906
1501773406 576310
1501773406 682398
1501773406 786755
1501773406 893034
1501773407 7321
1501773407 122581
1501773407 247813
1501773407 372115
1501773407 505631
1501773407 601776
1501773407 707130
1501773407 832278
1501773407 965661
1501773408 90878
1501773408 195275
1501773408 310527
1501773408 454862
1501773408 589068
1501773408 675219
1501773408 790584
1501773408 877709
1501773409 21090
1501773409 165696
1501773409 260639
1501773409 346890
1501773409 433929
1501773409 558325
1501773409 653624
1501773409 749772
1501773409 883269
1501773410 27543
1501773410 160944
1501773410 276194
1501773410 382332
1501773410 487568
1501773410 631060
1501773410 745356
1501773410 860553
1501773410 994892
1501773411 139190
1501773411 273704
1501773411 378699
1501773411 483128
1501773411 598328
1501773411 694582
1501773411 828864
1501773411 944175
1501773412 59436
1501773412 203715
1501773412 318064
1501773412 462331
1501773412 595703
1501773412 739982
1501773412 855195
1501773412 951563
1501773413 46837
1501773413 152064
1501773413 239079
1501773413 363549
1501773413 468688
1501773413 554017
1501773413 669243
1501773413 813585
1501773413 918825
1501773414 53261
1501773414 140318
1501773414 264567
1501773414 388974
1501773414 522323
1501773414 618519
1501773414 752869
1501773414 839141
1501773414 945180
1501773415 40486
1501773415 136739
1501773415 280145
1501773415 423498
1501773415 518764
1501773415 615019
1501773415 729397
1501773415 834654
1501773415 930833
1501773416 75083
1501773416 199533
1501773416 344245
1501773416 488007
1501773416 612384
1501773416 736728
1501773416 842019
1501773416 947206
1501773417 61594
1501773417 157682
1501773417 282066
1501773417 417336
1501773417 531650
1501773417 636936
1501773417 762086
1501773417 915568
1501773418 21714
1501773418 117110
1501773418 212248
1501773418 317562
1501773418 471905
1501773418 567144
1501773418 663316
1501773418 758571
1501773418 854854
1501773418 960124
1501773419 55406
1501773419 160692
1501773419 294953
1501773419 439535
1501773419 582637
1501773419 678902
1501773419 793238
1501773419 937466
1501773420 52733
1501773420 158027
1501773420 263213
1501773420 368547
1501773420 521787
1501773420 617044
1501773420 751438
1501773420 895825
1501773421 1043
1501773421 115330
1501773421 230702
1501773421 364959
1501773421 509281
1501773421 642664
1501773421 776980
1501773421 921183
1501773422 46627
1501773422 170829
1501773422 314273
1501773422 447637
1501773422 581954
1501773422 736253
1501773422 850582
1501773422 956747
1501773423 71195
1501773423 196288
1501773423 320652
1501773423 425814
1501773423 540314
1501773423 664849
1501773423 759805
1501773423 894140
1501773423 990404
1501773424 86587
1501773424 181878
1501773424 316191
1501773424 460456
1501773424 545791
1501773424 661017
1501773424 767191
1501773424 900764
1501773425 5832
1501773425 140138
1501773425 236316
1501773425 332497
1501773425 466021
1501773425 600303
1501773425 715565
1501773425 840769
1501773425 946057
1501773426 70388
1501773426 175651
1501773426 289963
1501773426 386107
1501773426 520546
1501773426 664746
1501773426 770146
1501773426 894392
1501773427 8777
1501773427 142982
1501773427 287325
1501773427 430686
1501773427 564058
1501773427 679335
1501773427 785484
1501773427 909881
1501773428 34207
1501773428 129479
1501773428 225681
1501773428 310964
1501773428 417240
1501773428 531499
1501773428 665839
1501773428 761960
1501773428 857288
1501773428 953561
1501773429 67934
1501773429 212149
1501773429 365431
1501773429 489833
1501773429 643244
1501773429 786510
1501773429 910935
1501773430 17168
1501773430 150505
1501773430 275741
1501773430 400216
1501773430 535583
1501773430 678894
1501773430 822996
1501773430 918327
1501773431 52655
1501773431 205918
1501773431 341180
1501773431 484578
1501773431 598951
1501773431 695140
1501773431 791266
1501773431 886604
1501773431 991873
1501773432 97090
1501773432 192536
1501773432 287641
1501773432 393839
1501773432 499075
1501773432 604339
1501773432 709654
1501773432 843012
1501773432 958460
1501773433 64509
1501773433 159782
1501773433 255980
1501773433 351257
1501773433 485632
1501773433 630021
1501773433 773374
1501773433 888506
1501773434 3846
1501773434 127224
1501773434 252427
1501773434 347638
1501773434 443882
1501773434 529229
1501773434 664403
1501773434 788719
1501773434 894207
1501773434 989243
1501773435 85544
1501773435 228917
1501773435 334140
1501773435 468522
1501773435 564640
1501773435 689957
1501773435 785163
1501773435 900533
1501773436 33951
1501773436 120975
1501773436 226286
1501773436 350583
1501773436 464912
1501773436 580132
1501773436 705325
1501773436 848671
1501773436 993126
1501773437 107404
1501773437 203559
1501773437 328835
1501773437 472210
1501773437 568469
1501773437 711806
1501773437 846164
1501773437 942269
1501773438 37630
1501773438 123756
1501773438 210015
1501773438 335338
1501773438 468670
1501773438 564880
1501773438 699168
1501773438 814442
1501773438 900605
1501773438 996819
1501773439 131206
1501773439 246578
1501773439 400940
1501773439 505956
1501773439 620336
1501773439 716497
1501773439 812689
1501773439 907994
1501773440 13384
1501773440 119458
1501773440 214743
1501773440 329961
1501773440 425397
1501773440 549592
1501773440 692969
1501773440 807341
1501773440 932586
1501773441 76031
1501773441 209336
1501773441 305570
1501773441 420995
1501773441 555199
1501773441 650332
1501773441 746604
1501773441 880069
1501773442 24322
1501773442 158702
1501773442 254891
1501773442 350089
1501773442 503520
1501773442 628741
1501773442 733975
1501773442 829167
1501773442 954596
1501773443 69066
1501773443 213192
1501773443 308364
1501773443 423621
1501773443 528978
1501773443 644197
1501773443 759481
1501773443 903686
1501773444 28985
1501773444 172402
1501773444 315691
1501773444 411892
1501773444 545367
1501773444 689667
1501773444 795153
1501773444 890216
1501773445 5435
1501773445 101626
1501773445 197950
1501773445 322261
1501773445 456468
1501773445 589893
1501773445 734270
1501773445 858435
1501773446 11939
1501773446 155240
1501773446 308750
1501773446 452919
1501773446 596329
1501773446 691756
1501773446 797310
1501773446 931270
1501773447 26470
1501773447 151605
1501773447 257001
1501773447 410522
1501773447 563806
1501773447 698020
1501773447 841337
1501773447 985751
1501773448 129070
1501773448 263410
1501773448 397693
1501773448 503868
1501773448 637211
1501773448 743415
1501773448 848766
1501773448 973041
1501773449 126502
1501773449 240659
1501773449 347000
1501773449 452125
1501773449 566652
1501773449 710817
1501773449 806326
1501773449 901450
1501773450 26671
1501773450 180103
1501773450 294339
1501773450 409670
1501773450 505838
1501773450 621054
1501773450 774457
1501773450 879715
1501773451 33109
1501773451 167449
1501773451 281839
1501773451 416087
1501773451 560314
1501773451 685714
1501773451 799859
1501773451 906263
1501773452 20503
1501773452 107581
1501773452 202898
1501773452 309053
1501773452 433382
1501773452 547739
1501773452 691994
1501773452 797363
1501773452 892642
1501773453 46837
1501773453 190205
1501773453 333711
1501773453 428873
1501773453 582317
1501773453 697433
1501773453 812837
1501773453 928072
1501773454 24247
1501773454 158521
1501773454 273762
1501773454 369998
1501773454 504246
1501773454 627760
1501773454 782012
1501773454 896317
1501773455 30679
1501773455 126825
1501773455 223010
1501773455 366452
1501773455 490698
1501773455 605043
1501773455 759398
1501773455 873834
1501773456 28054
1501773456 190457
1501773456 305705
1501773456 391865
1501773456 517046
1501773456 670540
1501773456 793899
1501773456 938254
1501773457 91545
1501773457 235881
1501773457 340225
1501773457 426512
1501773457 522699
1501773457 666207
1501773457 800393
1501773457 924605
1501773458 48921
1501773458 153372
1501773458 249523
1501773458 344807
1501773458 441050
1501773458 555384
1501773458 689767
1501773458 834269
1501773458 977407
1501773459 83565
1501773459 217833
1501773459 342274
1501773459 428430
1501773459 562785
1501773459 648949
1501773459 783259
1501773459 917516
1501773460 3776
1501773460 118148
1501773460 214336
1501773460 338660
1501773460 434008
1501773460 559417
1501773460 654536
1501773460 760712
1501773460 856031
1501773460 962265
1501773461 67440
1501773461 220758
1501773461 326012
1501773461 440336
1501773461 555578
1501773461 699859
1501773461 824212
1501773461 938656
1501773462 34838
1501773462 140019
1501773462 283428
1501773462 417643
1501773462 523003
1501773462 618308
1501773462 724552
1501773462 819891
1501773462 954083
1501773463 69358
1501773463 223562
1501773463 318853
1501773463 453192
1501773463 587512
1501773463 712774
1501773463 807959
1501773463 914137
1501773464 9446
1501773464 153772
1501773464 287146
1501773464 441405
1501773464 546764
1501773464 695962
1501773464 805482
1501773464 939780
1501773465 74017
1501773465 160193
1501773465 265424
1501773465 399013
1501773465 495013
1501773465 610332
1501773465 744620
1501773465 888051
1501773465 994179
1501773466 118506
1501773466 261901
1501773466 367251
1501773466 462535
1501773466 558732
1501773466 702079
1501773466 827351
1501773466 941678
1501773467 86276
1501773467 182256
1501773467 287553
1501773467 421713
1501773467 565088
1501773467 690445
1501773467 804702
1501773467 929915
1501773468 73271
1501773468 207588
1501773468 341958
1501773468 476331
1501773468 582477
1501773468 696776
1501773468 841139
1501773468 984421
1501773469 109670
1501773469 204881
1501773469 311100
1501773469 416403
1501773469 560860
1501773469 694166
1501773469 800312
1501773469 943822
1501773470 58957
1501773470 212289
1501773470 317664
1501773470 461012
1501773470 614443
1501773470 729603
1501773470 853861
1501773471 7248
1501773471 160639
1501773471 275002
1501773471 381134
1501773471 486456
1501773471 639940
1501773471 745037
1501773471 840430
1501773471 946546
1501773472 51777
1501773472 147087
1501773472 281469
1501773472 435899
1501773472 588998
1501773472 703440
1501773472 809534
1501773472 914979
1501773473 49164
1501773473 163504
1501773473 297835
1501773473 413048
1501773473 567351
1501773473 681705
1501773473 815119
1501773473 931252
1501773474 66619
1501773474 209939
1501773474 344197
1501773474 449408
1501773474 563695
1501773474 688946
1501773474 813361
1501773474 956702
1501773475 43006
1501773475 138213
1501773475 244435
1501773475 358829
1501773475 493031
1501773475 589307
1501773475 732744
1501773475 867005
1501773475 972266
1501773476 58405
1501773476 192864
1501773476 327140
1501773476 442342
1501773476 528419
1501773476 662022
1501773476 786236
1501773476 900631
1501773477 35885
1501773477 131165
1501773477 227263
1501773477 322574
1501773477 408888
1501773477 591361
1501773477 706446
1501773477 840836
1501773477 995428
1501773478 129376
1501773478 291755
1501773478 436090
1501773478 589494
1501773478 732796
1501773478 838144
1501773478 981580
1501773479 105862
1501773479 192051
1501773479 297275
1501773479 421713
1501773479 537007
1501773479 632264
1501773479 738434
1501773479 872704
1501773479 981686
1501773480 122204
1501773480 265662
1501773480 419001
1501773480 543314
1501773480 677663
1501773480 802043
1501773480 926532
1501773481 60636
1501773481 204007
1501773481 299266
1501773481 395521
1501773481 522147
1501773481 654080
1501773481 798455
1501773481 893772
1501773482 19078
1501773482 143436
1501773482 258518
1501773482 382920
1501773482 485838
1501773482 603329
1501773482 698636
1501773482 814015
1501773482 909170
1501773483 34519
1501773483 129795
1501773483 254956
1501773483 369322
1501773483 484572
1501773483 619818
1501773483 725064
1501773483 868470
1501773483 973702
1501773484 108009
1501773484 223200
1501773484 366645
1501773484 461901
1501773484 549115
1501773484 644347
1501773484 788647
1501773484 932082
1501773485 56665
1501773485 190707
1501773485 285893
1501773485 381178
1501773485 468323
1501773485 611780
1501773485 746082
1501773485 880606
1501773485 985629
1501773486 119890
1501773486 234425
1501773486 349496
1501773486 503873
1501773486 628124
1501773486 781455
1501773486 905853
1501773487 30141
1501773487 144526
1501773487 269830
1501773487 423115
1501773487 547416
1501773487 681913
1501773487 825065
1501773487 931328
1501773488 36632
1501773488 160888
1501773488 266145
1501773488 409549
1501773488 553964
1501773488 649240
1501773488 745302
1501773488 888731
1501773488 984180
1501773489 89363
1501773489 184619
1501773489 299835
1501773489 434144
1501773489 521264
1501773489 655578
1501773489 741895
1501773489 857116
1501773489 991427
1501773490 86690
1501773490 211984
1501773490 327182
1501773490 470975
1501773490 604769
1501773490 739138
1501773490 873427
1501773491 16872
1501773491 122069
1501773491 217326
1501773491 371721
1501773491 476987
1501773491 572135
1501773491 678328
1501773491 821775
1501773491 946128
1501773492 61612
1501773492 195696
1501773492 281848
1501773492 416268
1501773492 540527
1501773492 626759
1501773492 770086
1501773492 876276
1501773492 971646
1501773493 67783
1501773493 192162
1501773493 329306
1501773493 469842
1501773493 585123
1501773493 700321
1501773493 815561
1501773493 950269
1501773494 103210
1501773494 208566
1501773494 361896
1501773494 495265
1501773494 590575
1501773494 744838
1501773494 840136
1501773494 965315
1501773495 71899
1501773495 156791
1501773495 291264
1501773495 406467
1501773495 549885
1501773495 655078
1501773495 791710
1501773495 913678
1501773496 48173
1501773496 153376
1501773496 277636
1501773496 392891
1501773496 517292
1501773496 641656
1501773496 727767
1501773496 813957
1501773496 919250
1501773497 34457
1501773497 139670
1501773497 235044
1501773497 350466
1501773497 503663
1501773497 657013
1501773497 762460
1501773497 877569
1501773498 20950
1501773498 136175
1501773498 298953
1501773498 423089
1501773498 548244
1501773498 663507
1501773498 758757
1501773498 922065
1501773499 56450
1501773499 180695
1501773499 324145
1501773499 458459
1501773499 601886
1501773499 707107
1501773499 831514
1501773499 993919
1501773500 119128
1501773500 234379
1501773500 368648
1501773500 512047
1501773500 617296
1501773500 760731
1501773500 866085
1501773501 9359
1501773501 163672
1501773501 268994
1501773501 403197
1501773501 527567
1501773501 642752
1501773501 758080
1501773501 863326
1501773502 1058
1501773502 112905
1501773502 265364
1501773502 361556
1501773502 513961
1501773502 610268
1501773502 744509
1501773502 830705
1501773502 993334
1501773503 137603
1501773503 280892
1501773503 402028
1501773503 501367
1501773503 635706
1501773503 721851
1501773503 827141
1501773503 951573
1501773504 85848
1501773504 210210
1501773504 334566
1501773504 516783
1501773504 641236
1501773504 794613
1501773504 899831
1501773505 43284
1501773505 196622
1501773505 320991
1501773505 436232
1501773505 570476
1501773505 685773
1501773505 771983
1501773505 915312
1501773506 21480
1501773506 126768
1501773506 270391
1501773506 385515
1501773506 500782
1501773506 605979
1501773506 721212
1501773506 816529
1501773506 950832
1501773507 66077
1501773507 161429
1501773507 295661
1501773507 400885
1501773507 544289
1501773507 697832
1501773507 802947
1501773507 927381
1501773508 51642
1501773508 147827
1501773508 262230
1501773508 368255
1501773508 464064
1501773508 589007
1501773508 732352
1501773508 837538
1501773508 952782
1501773509 96133
1501773509 249606
1501773509 345755
1501773509 470081
1501773509 585414
1501773509 690705
1501773509 805771
1501773509 940183
1501773510 93546
1501773510 198869
1501773510 352105
1501773510 486701
1501773510 620823
1501773510 803181
1501773510 898545
1501773511 51770
1501773511 176342
1501773511 272379
1501773511 367640
1501773511 531031
1501773511 655319
1501773511 798717
1501773511 923051
1501773512 66396
1501773512 181769
1501773512 277771
1501773512 412155
1501773512 555611
1501773512 698956
1501773512 843322
1501773512 967572
1501773513 63759
1501773513 198022
1501773513 341472
1501773513 494815
1501773513 591001
1501773513 705356
1501773513 840602
1501773513 974963
1501773514 99327
1501773514 214595
1501773514 348884
1501773514 492349
1501773514 645633
1501773514 789834
1501773514 885065
1501773515 412
1501773515 105710
1501773515 259040
1501773515 393279
1501773515 546742
1501773515 690141
1501773515 786271
1501773515 910630
1501773516 6767
1501773516 112360
1501773516 236434
1501773516 351595
1501773516 466022
1501773516 562142
1501773516 686541
1501773516 829960
1501773516 964176
1501773517 117557
1501773517 203751
1501773517 338418
1501773517 453520
1501773517 587703
1501773517 712028
1501773517 808164
1501773517 913490
1501773518 28682
1501773518 153071
1501773518 296493
1501773518 392589
1501773518 526976
1501773518 661243
1501773518 756547
1501773518 900932
1501773519 64183
1501773519 179422
1501773519 303955
1501773519 397600
1501773519 543388
1501773519 687700
1501773519 801943
1501773519 927203
1501773520 32463
1501773520 137781
1501773520 279917
1501773520 387326
1501773520 511674
1501773520 607956
1501773520 751260
1501773520 885545
1501773520 990794
1501773521 87309
1501773521 192242
1501773521 335620
1501773521 440933
1501773521 527039
1501773521 632419
1501773521 786020
1501773521 901008
1501773522 44919
1501773522 188834
1501773522 284925
1501773522 409255
1501773522 495746
1501773522 600698
1501773522 715955
1501773522 831195
1501773522 965536
1501773523 118891
1501773523 272639
1501773523 377499
1501773523 482830
1501773523 598093
1501773523 684389
1501773523 789597
1501773523 913903
1501773524 69642
1501773524 210661
1501773524 306824
1501773524 440613
1501773524 536424
1501773524 670751
1501773524 767017
1501773524 862271
1501773524 958518
1501773525 73678
1501773525 217049
1501773525 322344
1501773525 427639
1501773525 551913
1501773525 648131
1501773525 763440
1501773525 897659
1501773525 992987
1501773526 136344
1501773526 296322
1501773526 434077
1501773526 558378
1501773526 654635
1501773526 759806
1501773526 903188
1501773527 27732
1501773527 132815
1501773527 266227
1501773527 400520
1501773527 524801
1501773527 640056
1501773527 773430
1501773527 889636
1501773528 33248
1501773528 148372
1501773528 272883
1501773528 368793
1501773528 474261
1501773528 618497
1501773528 761771
1501773528 877032
1501773529 23089
1501773529 107496
1501773529 269962
1501773529 394610
1501773529 528588
1501773529 624682
1501773529 768217
1501773529 911625
1501773530 36026
1501773530 170324
1501773530 294637
1501773530 438831
1501773530 582212
1501773530 716510
1501773530 812618
1501773530 947071
1501773531 62390
1501773531 167587
1501773531 265659
1501773531 407092
1501773531 560526
1501773531 703953
1501773531 809100
1501773531 913563
1501773532 58141
1501773532 201181
1501773532 306576
1501773532 440759
1501773532 546198
1501773532 680354
1501773532 833717
1501773532 968105
1501773533 73255
1501773533 216721
1501773533 321947
1501773533 427213
1501773533 542571
1501773533 657883
1501773533 762994
1501773533 868316
1501773534 2632
1501773534 107890
1501773534 252244
1501773534 405549
1501773534 529886
1501773534 626204
1501773534 750397
1501773534 884813
1501773534 989953
1501773535 114289
1501773535 210767
1501773535 334827
1501773535 440177
1501773535 574746
1501773535 699641
1501773535 804901
1501773535 929341
1501773536 44508
1501773536 159689
1501773536 284170
1501773536 389341
1501773536 543140
1501773536 687012
1501773536 821402
1501773536 926587
1501773537 61023
1501773537 205169
1501773537 310527
1501773537 463929
1501773537 608122
1501773537 761502
1501773537 857779
1501773538 1020
1501773538 144400
1501773538 249775
1501773538 393123
1501773538 555589
1501773538 690767
1501773538 828290
1501773538 949478
1501773539 73835
1501773539 179113
1501773539 332393
1501773539 428611
1501773539 581896
1501773539 706293
1501773539 850586
1501773539 955885
1501773540 100124
1501773540 234509
1501773540 348785
1501773540 444125
1501773540 587500
1501773540 740821
1501773540 836983
1501773540 932339
1501773541 66699
1501773541 190948
1501773541 335250
1501773541 440564
1501773541 536613
1501773541 661128
1501773541 793109
1501773541 920821
1501773542 25831
1501773542 160149
1501773542 265444
1501773542 370692
1501773542 466851
1501773542 553103
1501773542 668406
1501773542 788087
1501773542 907947
1501773543 13197
1501773543 166647
1501773543 281892
1501773543 425310
1501773543 569418
1501773543 693771
1501773543 809109
1501773543 905462
1501773544 77837
1501773544 173941
1501773544 298211
1501773544 384436
1501773544 528770
1501773544 672171
1501773544 768343
1501773544 874960
1501773545 17920
1501773545 152201
1501773545 276812
1501773545 372836
1501773545 507070
1501773545 622270
1501773545 746634
1501773545 870956
1501773546 5239
1501773546 149539
1501773546 273895
1501773546 408205
1501773546 504458
1501773546 628755
1501773546 763326
1501773546 859463
1501773546 955462
1501773547 70903
1501773547 194976
1501773547 329294
1501773547 473683
1501773547 588063
1501773547 722295
1501773547 865716
1501773548 8980
1501773548 174636
1501773548 296765
1501773548 431077
1501773548 565489
1501773548 680789
1501773548 804877
1501773548 901177
1501773549 44548
1501773549 160052
1501773549 284074
1501773549 408476
1501773549 552730
1501773549 668024
1501773549 821416
1501773549 917575
1501773550 41885
1501773550 166213
1501773550 281520
1501773550 406782
1501773550 511929
1501773550 636463
1501773550 742338
1501773550 837771
1501773550 982024
1501773551 87320
1501773551 216065
1501773551 317894
1501773551 471128
1501773551 595531
1501773551 729830
1501773551 883268
1501773552 17773
1501773552 122771
1501773552 238059
1501773552 334375
1501773552 458566
1501773552 592799
1501773552 688131
1501773552 841479
1501773552 995021
1501773553 139131
1501773553 292578
1501773553 397898
1501773553 551814
1501773553 695435
1501773553 829166
1501773553 925227
1501773554 40474
1501773554 145672
1501773554 279904
1501773554 385896
1501773554 481352
1501773554 596594
1501773554 701825
1501773554 807198
1501773554 931478
1501773555 27695
1501773555 123932
1501773555 210021
1501773555 353501
1501773555 487747
1501773555 612107
1501773555 717380
1501773555 861710
1501773555 956950
1501773556 72230
1501773556 196570
1501773556 301838
1501773556 436195
1501773556 562326
1501773556 656688
1501773556 801115
1501773556 944460
1501773557 30515
1501773557 164851
1501773557 313770
1501773557 452552
1501773557 586767
1501773557 721232
1501773557 845554
1501773557 970762
1501773558 75948
1501773558 191324
1501773558 296559
1501773558 411768
1501773558 556126
1501773558 671282
1501773558 776620
1501773558 900872
1501773558 997082
1501773559 83337
1501773559 227627
1501773559 362021
1501773559 496205
1501773559 601535
1501773559 706828
1501773559 870150
1501773559 994508
1501773560 138774
1501773560 273050
1501773560 389255
1501773560 512829
1501773560 627878
1501773560 743154
1501773560 887441
1501773561 30831
1501773561 184261
1501773561 327595
1501773561 413776
1501773561 548090
1501773561 672514
1501773561 758636
1501773561 883007
1501773562 36265
1501773562 160743
1501773562 304966
1501773562 448374
1501773562 582613
1501773562 687937
1501773562 813105
1501773562 908459
1501773563 42812
1501773563 138895
1501773563 273184
1501773563 407568
1501773563 564136
1501773563 664609
1501773563 791454
1501773563 896760
1501773564 31054
1501773564 156286
1501773564 308766
1501773564 453039
1501773564 568396
1501773564 711696
1501773564 836863
1501773564 961260
1501773565 86518
1501773565 201790
1501773565 296993
1501773565 469437
1501773565 565620
1501773565 709958
1501773565 824284
1501773565 920525
1501773566 44730
1501773566 198204
1501773566 342388
1501773566 495939
1501773566 621099
1501773566 726264
1501773566 822588
1501773566 956827
1501773567 53217
1501773567 148335
1501773567 273487
1501773567 378840
1501773567 503349
1501773567 609396
1501773567 771864
1501773567 896935
1501773568 2273
1501773568 127588
1501773568 241898
1501773568 357136
1501773568 462340
1501773568 577774
1501773568 731076
1501773568 836356
1501773568 961610
1501773569 68009
1501773569 182010
1501773569 326329
1501773569 421661
1501773569 517839
1501773569 624370
1501773569 767372
1501773569 910690
1501773570 25966
1501773570 179317
1501773570 294700
1501773570 438947
1501773570 592302
1501773570 707605
1501773570 861163
1501773570 986332
1501773571 110611
1501773571 206638
1501773571 331206
1501773571 456262
1501773571 609611
1501773571 754022
1501773571 888175
1501773572 22586
1501773572 146961
1501773572 252984
1501773572 387299
1501773572 521593
1501773572 664977
1501773572 790328
1501773572 929050
1501773573 40238
1501773573 155108
1501773573 298515
1501773573 394717
1501773573 548076
1501773573 682356
1501773573 816764
1501773573 960942
1501773574 66274
1501773574 210581
1501773574 306635
1501773574 441024
1501773574 575294
1501773574 709667
1501773574 853900
1501773574 968451
1501773575 125960
1501773575 276126
1501773575 400431
1501773575 553653
1501773575 687847
1501773575 836571
1501773575 937446
1501773576 42886
1501773576 139185
1501773576 250427
1501773576 388646
1501773576 512867
1501773576 628118
1501773576 743321
1501773576 848682
1501773577 1984
1501773577 146400
1501773577 242584
1501773577 395910
1501773577 530211
1501773577 674474
1501773577 817908
1501773577 914027
1501773578 67395
1501773578 211871
1501773578 336005
1501773578 451389
1501773578 585651
1501773578 681898
1501773578 797126
1501773578 931318
1501773579 27699
1501773579 180945
1501773579 334224
1501773579 487698
1501773579 622051
1501773579 728303
1501773579 881708
1501773579 986949
1501773580 112101
1501773580 265370
1501773580 361624
1501773580 485895
1501773580 601247
1501773580 697394
1501773580 802629
1501773580 927936
1501773581 71252
1501773581 176586
1501773581 282706
1501773581 426082
1501773581 541265
1501773581 646611
1501773581 751820
1501773581 905473
1501773582 39605
1501773582 183944
1501773582 289197
1501773582 395316
1501773582 547774
1501773582 663064
1501773582 788290
1501773582 922647
1501773583 18762
1501773583 143047
1501773583 248383
1501773583 382708
1501773583 478873
1501773583 584132
1501773583 680364
1501773583 804643
1501773583 900817
1501773584 8779
1501773584 131387
1501773584 284753
1501773584 409189
1501773584 553304
1501773584 658683
1501773584 783827
1501773584 908185
1501773585 61526
1501773585 176753
1501773585 321105
1501773585 464749
1501773585 579753
1501773585 733140
1501773585 839262
1501773585 963625
1501773586 88805
1501773586 194076
1501773586 309422
1501773586 438277
1501773586 568044
1501773586 721369
1501773586 874761
1501773586 999953
1501773587 114253
1501773587 219562
1501773587 372933
1501773587 498189
1501773587 641704
1501773587 785830
1501773587 939323
1501773588 54635
1501773588 159932
1501773588 313068
1501773588 428389
1501773588 543631
1501773588 668004
1501773588 831280
1501773588 946649
1501773589 90820
1501773589 220139
1501773589 349558
1501773589 474817
1501773589 570898
1501773589 666149
1501773589 781514
1501773589 886763
1501773589 991981
1501773590 107191
1501773590 241474
1501773590 356941
1501773590 482208
1501773590 606457
1501773590 750708
1501773590 875120
1501773591 19336
1501773591 124512
1501773591 259025
1501773591 365072
1501773591 470394
1501773591 613710
1501773591 728933
1501773591 825191
1501773591 920437
1501773592 16620
1501773592 140997
1501773592 285306
1501773592 429556
1501773592 563889
1501773592 707203
1501773592 841591
1501773592 937710
1501773593 91070
1501773593 186394
1501773593 292690
1501773593 426882
1501773593 579313
1501773593 684636
1501773593 799940
1501773593 925211
1501773594 78550
1501773594 202913
1501773594 299018
1501773594 385311
1501773594 491360
1501773594 634829
1501773594 760118
1501773594 884612
1501773594 980521
1501773595 124940
1501773595 278264
1501773595 374394
1501773595 469674
1501773595 566015
1501773595 710215
1501773595 815721
1501773595 901696
1501773596 46019
1501773596 161266
1501773596 295658
1501773596 439883
1501773596 535045
1501773596 669431
1501773596 813711
1501773596 918946
1501773597 53277
1501773597 178488
1501773597 302875
1501773597 442828
1501773597 571447
1501773597 696811
1501773597 802021
1501773597 907200
1501773598 22585
1501773598 156864
1501773598 263202
1501773598 397388
1501773598 512570
1501773598 607796
1501773598 694063
1501773598 790202
1501773598 895630
1501773599 10757
1501773599 106950
1501773599 251181
1501773599 337422
1501773599 480883
1501773599 605190
1501773599 701434
1501773599 787558
1501773599 883805
1501773600 8152
1501773600 152452
1501773600 257835
1501773600 391998
1501773600 507245
1501773600 612492
1501773600 704809
1501773600 833039
1501773600 939257
1501773601 82565
1501773601 177895
1501773601 303140
1501773601 408435
1501773601 533576
1501773601 639123
1501773601 763455
1501773601 859421
1501773601 965633
1501773602 60923
1501773602 167054
1501773602 281456
1501773602 396643
1501773602 540935
1501773602 675308
1501773602 771425
1501773602 914884
1501773603 59147
1501773603 174397
1501773603 279663
1501773603 404910
1501773603 539229
1501773603 682592
1501773603 817041
1501773603 903135
1501773604 28345
1501773604 143648
1501773604 286975
1501773604 421339
1501773604 555634
1501773604 680869
1501773604 805257
1501773604 920513
1501773605 35701
1501773605 121986
1501773605 237150
1501773605 333379
1501773605 467617
1501773605 602014
1501773605 707217
1501773605 851513
1501773605 966843
1501773606 101120
1501773606 244540
1501773606 359750
1501773606 455954
1501773606 600198
1501773606 705424
1501773606 820797
1501773606 974145
1501773607 99297
1501773607 223658
1501773607 368078
1501773607 473246
1501773607 617604
1501773607 713751
1501773607 809071
1501773607 963402
1501773608 68576
1501773608 164743
1501773608 299093
1501773608 414402
1501773608 529589
1501773608 653956
1501773608 750086
1501773608 903446
1501773609 47954
1501773609 182090
1501773609 335422
1501773609 460682
1501773609 556983
1501773609 671283
1501773609 767412
1501773609 882739
1501773609 997906
1501773610 142241
1501773610 266577
1501773610 419960
1501773610 545238
1501773610 650470
1501773610 794751
1501773610 938195
1501773611 82392
1501773611 178557
1501773611 332014
1501773611 428150
1501773611 581696
1501773611 696822
1501773611 822048
1501773611 936476
1501773612 70655
1501773612 195946
1501773612 311140
1501773612 406652
1501773612 541771
1501773612 646892
1501773612 781302
1501773612 915574
1501773613 59864
1501773613 184147
1501773613 337560
1501773613 433768
1501773613 559093
1501773613 702451
1501773613 808501
1501773613 932827
1501773614 29066
1501773614 134278
1501773614 240535
1501773614 383870
1501773614 528191
1501773614 652582
1501773614 767743
1501773614 912074
1501773615 27252
1501773615 123395
1501773615 238873
1501773615 344003
1501773615 459334
1501773615 603627
1501773615 737897
1501773615 862266
1501773615 996561
1501773616 111961
1501773616 246142
1501773616 351403
1501773616 457556
1501773616 582026
1501773616 667991
1501773616 783312
1501773616 879574
1501773616 984966
1501773617 119094
1501773617 234452
1501773617 387760
1501773617 512995
1501773617 647287
1501773617 743473
1501773617 858720
1501773617 983017
1501773618 117281
1501773618 213551
1501773618 318833
1501773618 453126
1501773618 568444
1501773618 693638
1501773618 837045
1501773618 971396
1501773619 96522
1501773619 201956
1501773619 355131
1501773619 461363
1501773619 566630
1501773619 710954
1501773619 806213
1501773619 902518
1501773620 36776
1501773620 181050
1501773620 296396
1501773620 430572
1501773620 535931
1501773620 690148
1501773620 795440
1501773620 930037
1501773621 74018
1501773621 217380
1501773621 351810
1501773621 466975
1501773621 582331
1501773621 697482
1501773621 822754
1501773621 942269
1501773622 81442
1501773622 215593
1501773622 340913
1501773622 427122
1501773622 561411
1501773622 705686
1501773622 801011
1501773622 926456
1501773623 50603
1501773623 184824
1501773623 300062
1501773623 396316
1501773623 511597
1501773623 664940
1501773623 780261
1501773623 914530
1501773624 58822
1501773624 155078
1501773624 298374
1501773624 432908
1501773624 547933
1501773624 673161
1501773624 788367
1501773624 912744
1501773625 56995
1501773625 162468
1501773625 258646
1501773625 373769
1501773625 518081
1501773625 623350
1501773625 718642
1501773625 805895
1501773625 940070
1501773626 64457
1501773626 207818
1501773626 303918
1501773626 429241
1501773626 582538
1501773626 678686
1501773626 822269
1501773626 928360
1501773627 23635
1501773627 138840
1501773627 264173
1501773627 417790
1501773627 513783
1501773627 609833
1501773627 705158
1501773627 859436
1501773627 993769
1501773628 118080
1501773628 204190
1501773628 319532
1501773628 434835
1501773628 579078
1501773628 694313
1501773628 780544
1501773628 885771
1501773628 992007
1501773629 97253
1501773629 202514
1501773629 327756
1501773629 443060
1501773629 567371
1501773629 692627
1501773629 826927
1501773629 951259
1501773630 76475
1501773630 210761
1501773630 316044
1501773630 431360
1501773630 527379
1501773630 670869
1501773630 767079
1501773630 920514
1501773631 16613
1501773631 160931
1501773631 285239
1501773631 381446
1501773631 506706
1501773631 611838
1501773631 756255
1501773631 861562
1501773632 5957
1501773632 111132
1501773632 236210
1501773632 351588
1501773632 504982
1501773632 629420
1501773632 715492
1501773632 849775
1501773632 945947
1501773633 51265
1501773633 166518
1501773633 281771
1501773633 416159
1501773633 570328
1501773633 723801
1501773633 839019
1501773633 935749
