1502357399 353278
1502357399 583597
1502357399 669739
1502357399 871386
1502357400 120788
1502357400 754182
1502357400 869401
1502357400 947002
1502357401 51805
1502357401 186730
1502357401 292296
1502357401 416753
1502357401 935842
1502357402 11908
1502357402 98314
1502357402 483061
1502357402 597427
1502357403 414391
1502357403 615774
1502357403 701663
1502357404 287092
1502357404 421342
1502357404 585172
1502357404 671072
1502357404 844414
1502357405 199301
1502357405 343789
1502357405 400632
1502357405 745431
1502357405 870746
1502357405 955979
1502357406 119536
1502357406 224599
1502357406 906180
1502357407 616712
1502357407 885381
1502357408 77661
1502357408 231055
1502357408 394417
1502357408 490825
1502357409 306740
1502357409 382667
1502357409 546274
1502357409 814991
1502357410 132573
1502357410 612551
1502357410 804041
1502357410 947337
1502357411 340441
1502357411 474591
1502357411 609838
1502357411 782549
1502357411 916683
1502357412 99025
1502357412 224252
1502357412 703428
1502357412 770437
1502357412 895829
1502357413 221618
1502357413 308676
1502357413 422887
1502357413 558329
1502357413 625316
1502357413 692590
1502357413 768671
1502357413 864993
1502357413 951178
1502357414 28234
1502357414 114364
1502357414 393133
1502357414 546677
1502357414 719980
1502357415 54618
1502357415 169961
1502357415 276145
1502357415 448566
1502357415 679333
1502357415 947670
1502357416 121107
1502357416 389683
1502357416 486412
1502357416 715476
1502357416 831143
1502357417 13301
1502357417 147411
1502357417 291765
1502357417 522287
1502357417 723872
1502357417 810515
