1501166918 583503
1501166918 669642
1501166918 755633
1501166919 159788
1501166919 255848
1501166919 351181
1501166919 543967
1501166919 640018
1501166919 802954
1501166919 965321
1501166920 52591
1501166920 485339
1501166920 589704
1501166920 685392
1501166920 781269
1501166920 877476
1501166920 973563
1501166921 69557
1501166921 165110
1501166921 261191
1501166921 357371
1501166921 453327
1501166921 548771
1501166921 644965
1501166921 741384
1501166921 837495
1501166921 933941
1501166922 28834
1501166922 125169
1501166922 221410
1501166922 393792
1501166922 490154
1501166922 586269
1501166922 682585
1501166922 778401
1501166922 873948
1501166922 969990
1501166923 66203
1501166923 162268
1501166923 257829
1501166923 353782
1501166923 450245
1501166923 546299
1501166923 747933
1501166923 959408
1501166924 102694
1501166924 198864
1501166924 294927
1501166924 467333
1501166924 563533
1501166924 659804
1501166924 756127
1501166924 851390
1501166924 986564
1501166925 82585
1501166925 177524
1501166925 273397
1501166925 368725
1501166925 456626
1501166925 551011
1501166925 647621
1501166925 743337
1501166925 838700
1501166925 925865
1501166926 21059
1501166926 108214
1501166926 203559
1501166926 405058
1501166926 501265
1501166926 597426
1501166926 817914
1501166926 924210
1501166927 20202
1501166927 115479
1501166927 240790
1501166927 634788
1501166927 729982
1501166927 826257
1501166928 56551
1501166928 152705
1501166928 249050
1501166928 344371
1501166928 440552
1501166928 536945
1501166928 632887
1501166928 728225
1501166928 824235
1501166928 920237
1501166929 15856
1501166929 102743
1501166929 198679
1501166929 294475
1501166929 390740
1501166929 486833
1501166929 582645
1501166929 678363
1501166929 774267
1501166929 870660
1501166929 966892
1501166930 62204
1501166930 149102
1501166930 244575
1501166930 331779
1501166930 427036
1501166930 523070
1501166930 619330
1501166930 715480
1501166930 810897
1501166930 897862
1501166930 993431
1501166931 89627
1501166931 185648
1501166931 281787
1501166931 378018
1501166931 473958
1501166931 569375
1501166931 664991
1501166931 751099
1501166931 847315
1501166931 933271
1501166932 20249
1501166932 115630
1501166932 202804
1501166932 298354
1501166932 394525
1501166932 490762
1501166932 586751
1501166932 683024
1501166932 778990
1501166932 874547
1501166932 970610
1501166933 66977
1501166933 163601
1501166933 258358
1501166933 354683
1501166933 450896
1501166933 546944
1501166933 642114
1501166933 738510
1501166933 834751
1501166933 931216
1501166934 27147
1501166934 122344
1501166934 218697
1501166934 314814
1501166934 411256
1501166934 507410
1501166934 602648
1501166934 698590
1501166934 794778
1501166934 890925
1501166934 986355
1501166935 82454
1501166935 178856
1501166935 274715
1501166935 371167
1501166935 466405
1501166935 562664
1501166935 658711
1501166935 755012
1501166935 851273
1501166935 946641
1501166936 42545
1501166936 138780
1501166936 235236
1501166936 330754
1501166936 426384
1501166936 522475
1501166936 618912
1501166936 715114
1501166936 810310
1501166936 906691
1501166937 2892
1501166937 99120
1501166937 195172
1501166937 290674
1501166937 386951
1501166937 482890
1501166937 579109
1501166937 674248
1501166937 770599
1501166937 866612
1501166937 962996
1501166938 59343
1501166938 154352
1501166938 251134
1501166938 345957
1501166938 432899
1501166938 528352
1501166938 615533
1501166938 710624
1501166938 797870
1501166938 893553
1501166938 988506
1501166939 75711
1501166939 170706
1501166939 257515
1501166939 344027
1501166939 430455
1501166939 526436
1501166939 622372
1501166939 718990
1501166939 814339
1501166939 910419
1501166940 6669
1501166940 101921
1501166940 198114
1501166940 294330
1501166940 390509
1501166940 485788
1501166940 582576
1501166940 677234
1501166940 764283
1501166940 859803
1501166940 955913
1501166941 52271
1501166941 148385
1501166941 245056
1501166941 339796
1501166941 436401
1501166941 532077
1501166941 628225
1501166941 723553
1501166941 811371
1501166941 905922
1501166941 993038
1501166942 88566
1501166942 184662
1501166942 280676
1501166942 376916
1501166942 473295
1501166942 568645
1501166942 664909
1501166942 760858
1501166942 857329
1501166942 953321
1501166943 48567
1501166943 144659
1501166943 240927
1501166943 337155
1501166943 432713
1501166943 528666
1501166943 624815
1501166943 721023
1501166943 817338
1501166943 912424
1501166944 8691
1501166944 104822
1501166944 201262
1501166944 297463
1501166944 392642
1501166944 488868
1501166944 585078
1501166944 681087
1501166944 776429
1501166944 872680
1501166944 968953
1501166945 64983
1501166945 161290
1501166945 256451
1501166945 352644
1501166945 449059
1501166945 545192
1501166945 641406
1501166945 736862
1501166945 832931
1501166945 929356
1501166946 25292
1501166946 120535
1501166946 216660
1501166946 312858
1501166946 408997
1501166946 505332
1501166946 600501
1501166946 696735
1501166946 792996
1501166946 889093
1501166946 985461
1501166947 81026
1501166947 176745
1501166947 272836
1501166947 369260
1501166947 464573
1501166947 560868
1501166947 656857
1501166947 752944
1501166947 849346
1501166947 944522
1501166948 40784
1501166948 136815
1501166948 232949
1501166948 329286
1501166948 424676
1501166948 520777
1501166948 616935
1501166948 713345
1501166948 808615
1501166948 905208
1501166949 59
1501166949 96070
1501166949 192358
1501166949 288555
1501166949 384957
1501166949 480189
1501166949 576396
1501166949 672539
1501166949 768522
1501166949 864880
1501166949 960024
1501166950 56157
1501166950 152820
1501166950 248581
1501166950 344740
1501166950 440100
1501166950 536822
1501166950 631761
1501166950 718863
1501166950 814159
1501166950 901230
1501166950 996440
1501166951 83651
1501166951 179091
1501166951 265987
1501166951 361253
1501166951 448242
1501166951 543689
1501166951 639884
1501166951 736242
1501166951 832295
1501166951 927714
1501166952 23883
1501166952 120200
1501166952 216161
1501166952 312283
1501166952 407657
1501166952 503888
1501166952 599664
1501166952 695263
1501166952 791507
1501166952 887725
1501166952 983850
1501166953 79143
1501166953 166126
1501166953 261633
1501166953 357713
1501166953 453858
1501166953 550256
1501166953 645650
1501166953 741539
1501166953 837797
1501166953 933906
1501166954 30347
1501166954 125609
1501166954 221726
1501166954 317849
1501166954 414347
1501166954 510286
1501166954 605552
1501166954 702438
1501166954 798072
1501166954 893918
1501166954 989499
1501166955 85545
1501166955 181917
1501166955 277138
1501166955 364139
1501166955 459504
1501166955 547384
1501166955 642051
1501166955 738233
1501166955 834358
1501166955 930461
1501166956 26674
1501166956 122162
1501166956 218262
1501166956 314526
1501166956 410743
1501166956 506850
1501166956 602258
1501166956 698222
1501166956 794641
1501166956 890801
1501166956 986108
1501166957 82404
1501166957 178326
1501166957 274562
1501166957 370798
1501166957 466092
1501166957 563094
1501166957 658572
1501166957 753917
1501166957 849998
1501166957 946201
1501166958 42263
1501166958 138563
1501166958 233741
1501166958 320066
1501166958 407165
1501166958 502381
1501166958 598534
1501166958 695330
1501166958 790063
1501166958 886370
1501166958 982511
1501166959 78716
1501166959 174905
1501166959 270310
1501166959 366452
1501166959 462825
1501166959 559342
1501166959 654154
1501166959 750813
1501166959 847219
1501166959 941744
1501166960 38053
1501166960 134239
1501166960 230336
1501166960 325805
1501166960 421927
1501166960 517840
1501166960 614551
1501166960 710350
1501166960 805830
1501166960 901847
1501166960 998027
1501166961 94330
1501166961 190980
1501166961 285824
1501166961 382051
1501166961 478312
1501166961 574321
1501166961 670376
1501166961 765868
1501166961 862204
1501166961 958285
1501166962 54526
1501166962 149793
1501166962 245986
1501166962 342092
1501166962 438295
1501166962 534395
1501166962 629878
1501166962 726097
1501166962 822201
1501166962 918348
1501166963 14662
1501166963 109777
1501166963 205988
1501166963 302259
1501166963 398283
1501166963 494464
1501166963 589825
1501166963 685321
1501166963 772386
1501166963 867740
1501166963 963868
1501166964 59872
1501166964 156171
1501166964 252534
1501166964 347689
1501166964 443887
1501166964 540067
1501166964 636257
1501166964 731613
1501166964 818600
1501166964 914150
1501166965 10052
1501166965 106300
1501166965 202616
1501166965 298704
1501166965 394117
1501166965 490369
1501166965 586351
1501166965 682605
1501166965 777940
1501166965 874161
1501166965 970199
1501166966 67020
1501166966 161846
1501166966 249001
1501166966 344128
1501166966 440366
1501166966 536495
1501166966 632869
1501166966 728822
1501166966 824353
1501166966 920432
1501166967 16866
1501166967 112829
1501166967 208210
1501166967 304449
1501166967 400718
1501166967 496942
1501166967 592857
1501166967 688227
1501166967 784535
1501166967 880741
1501166967 976801
1501166968 72920
1501166968 168332
1501166968 264343
1501166968 360742
1501166968 456766
1501166968 552191
1501166968 648333
1501166968 744619
1501166968 840622
1501166968 936728
1501166969 32160
1501166969 128333
1501166969 224665
1501166969 320832
1501166969 416961
1501166969 512387
1501166969 608530
1501166969 704693
1501166969 800898
1501166969 896106
1501166969 992357
1501166970 88372
1501166970 184721
1501166970 281020
1501166970 376489
1501166970 472658
1501166970 567592
1501166970 663748
1501166970 760487
1501166970 856202
1501166970 951581
1501166971 47806
1501166971 144034
1501166971 240978
1501166971 336509
1501166971 431714
1501166971 527972
1501166971 624074
1501166971 720863
1501166971 815478
1501166971 912282
1501166972 7963
1501166972 103200
1501166972 199398
1501166972 295772
1501166972 391850
1501166972 486974
1501166972 574355
1501166972 669561
1501166972 756675
1501166972 851879
1501166972 947979
1501166973 44147
1501166973 140481
1501166973 236819
1501166973 332440
1501166973 428051
1501166973 523954
1501166973 619693
1501166973 705993
1501166973 801943
1501166973 898372
1501166973 994485
1501166974 89903
1501166974 185977
1501166974 282060
1501166974 378270
1501166974 474653
1501166974 569733
1501166974 656944
1501166974 753074
1501166974 848536
1501166974 945154
1501166975 40731
1501166975 136070
1501166975 223476
1501166975 318695
1501166975 414767
1501166975 510669
1501166975 597045
1501166975 683176
1501166975 779447
1501166975 875530
1501166975 971797
1501166976 67251
1501166976 163503
1501166976 259479
1501166976 355915
1501166976 451844
1501166976 547156
1501166976 643529
1501166976 739702
1501166976 835986
1501166976 932045
1501166977 27399
1501166977 123691
1501166977 219773
1501166977 316061
1501166977 411340
1501166977 507692
1501166977 603772
1501166977 699837
1501166977 796401
1501166977 891296
1501166977 987427
1501166978 83691
1501166978 180024
1501166978 275379
1501166978 371348
1501166978 467528
1501166978 563790
1501166978 659908
1501166978 755329
1501166978 852010
1501166978 946815
1501166979 42928
1501166979 139116
1501166979 235226
1501166979 331444
1501166979 426716
1501166979 513727
1501166979 609261
1501166979 705353
1501166979 801722
1501166979 898100
1501166979 992964
1501166980 80161
1501166980 175472
1501166980 262667
1501166980 357844
1501166980 454214
1501166980 550271
1501166980 646485
1501166980 742787
1501166980 838032
1501166980 934227
1501166981 30324
1501166981 126657
1501166981 232050
1501166981 366574
1501166981 462373
1501166981 558570
1501166981 654579
1501166981 749892
1501166981 846209
1501166981 942479
1501166982 38368
1501166982 134669
1501166982 230124
1501166982 326235
1501166982 422472
1501166982 519201
1501166982 634327
1501166982 739065
1501166982 835125
1501166982 931616
1501166983 46684
1501166983 257724
1501166983 353543
1501166983 670318
1501166983 776430
1501166983 890807
1501166983 987106
1501166984 83201
1501166984 178990
1501166984 274706
1501166984 369921
1501166984 457144
1501166984 552875
1501166984 667614
1501166984 792736
1501166984 879178
1501166984 975346
1501166985 71484
1501166985 166795
1501166985 253803
1501166985 349188
1501166985 436227
1501166985 531436
1501166985 627559
1501166985 723809
1501166985 820249
1501166985 915584
1501166986 12062
1501166986 108298
1501166986 203269
1501166986 299461
1501166986 395698
1501166986 491816
1501166986 587970
1501166986 683229
1501166986 818227
1501166986 914347
1501166987 10284
1501166987 442142
1501166987 538119
1501166987 634194
1501166987 729586
1501166987 825707
1501166987 922051
1501166988 18234
1501166988 114318
1501166988 219821
1501166988 315653
1501166988 411148
1501166988 507279
1501166988 603571
1501166988 699681
1501166988 795933
1501166988 891268
1501166988 987374
1501166989 93799
1501166989 189024
1501166989 285158
1501166989 496448
1501166989 679062
1501166989 775329
1501166989 870500
1501166989 966619
1501166990 62703
1501166990 158741
1501166990 254881
1501166990 350464
1501166990 446629
1501166990 542938
1501166990 639026
1501166990 735281
1501166990 830688
1501166990 926680
1501166991 22830
1501166991 119098
1501166991 214397
1501166991 310527
1501166991 406723
1501166991 502790
1501166991 599034
1501166991 695236
1501166991 790764
1501166991 885877
1501166991 982271
1501166992 78365
1501166992 174558
1501166992 270640
1501166992 365800
1501166992 462102
1501166992 558328
1501166992 654669
1501166992 750009
1501166992 846391
1501166992 942185
1501166993 37571
1501166993 124608
1501166993 220040
1501166993 316036
1501166993 412503
1501166993 508468
1501166993 604806
1501166993 700039
1501166993 796071
1501166993 892417
1501166993 988594
1501166994 83883
1501166994 170953
1501166994 266216
1501166994 362552
1501166994 458632
1501166994 554733
1501166994 651075
1501166994 746425
1501166994 842652
1501166994 938904
1501166995 34801
1501166995 131690
1501166995 226378
1501166995 323259
1501166995 418889
1501166995 514105
1501166995 610290
1501166995 706410
1501166995 802813
1501166995 899036
1501166995 994153
1501166996 90503
1501166996 186804
1501166996 282725
1501166996 378877
1501166996 474202
1501166996 570438
1501166996 667125
1501166996 762729
1501166996 858144
1501166996 954091
1501166997 51071
1501166997 146712
1501166997 242001
1501166997 338150
1501166997 434361
1501166997 531246
1501166997 626755
1501166997 722813
1501166997 818247
1501166997 914579
1501166998 9826
1501166998 105944
1501166998 202086
1501166998 298753
1501166998 394451
1501166998 489724
1501166998 586168
1501166998 682138
1501166998 778553
1501166998 873770
1501166998 969995
1501166999 66117
1501166999 162923
1501166999 258479
1501166999 353720
1501166999 440845
1501166999 536070
1501166999 624017
1501166999 718812
1501166999 815152
1501166999 910973
1501167000 7229
1501167000 103448
1501167000 198742
1501167000 294933
1501167000 391008
1501167000 487184
1501167000 582642
1501167000 678703
1501167000 775685
1501167000 870992
1501167000 966377
1501167001 53509
1501167001 148641
1501167001 235986
1501167001 331714
1501167001 427228
1501167001 523497
1501167001 619647
1501167001 715782
1501167001 811085
1501167001 908146
1501167002 3766
1501167002 98963
1501167002 195175
1501167002 291373
1501167002 388060
1501167002 483726
1501167002 579129
1501167002 675127
1501167002 771461
1501167002 868392
1501167002 963062
1501167003 59054
1501167003 155509
1501167003 251469
1501167003 347599
1501167003 442825
1501167003 530090
1501167003 625289
1501167003 721553
1501167003 817868
1501167003 913900
1501167004 10673
1501167004 105460
1501167004 201703
1501167004 297782
1501167004 394693
1501167004 493498
1501167004 585515
1501167004 681641
1501167004 778223
1501167004 874007
1501167004 969556
1501167005 65498
1501167005 161700
1501167005 257996
1501167005 353249
1501167005 449546
1501167005 545675
1501167005 641767
1501167005 737851
1501167005 833283
1501167005 920442
1501167006 15746
1501167006 111799
1501167006 208180
1501167006 304307
1501167006 400466
1501167006 496036
1501167006 592449
1501167006 688210
1501167006 783634
1501167006 879740
1501167006 975904
1501167007 72077
1501167007 168162
1501167007 263579
1501167007 350591
1501167007 445852
1501167007 533227
1501167007 628400
1501167007 724610
1501167007 820751
1501167007 917288
1501167008 12402
1501167008 108639
1501167008 205237
1501167008 300895
1501167008 397048
1501167008 492628
1501167008 588360
1501167008 674669
1501167008 771077
1501167008 867603
1501167008 963231
1501167009 58759
1501167009 154794
1501167009 250939
1501167009 347221
1501167009 443269
1501167009 538570
1501167009 634737
1501167009 730848
1501167009 827125
1501167009 923364
1501167010 18748
1501167010 114721
1501167010 211132
1501167010 307441
1501167010 402621
1501167010 498995
1501167010 595613
1501167010 691208
1501167010 787459
1501167010 882721
1501167010 978951
1501167011 75139
1501167011 171359
1501167011 267495
1501167011 362802
1501167011 458958
1501167011 555606
1501167011 651246
1501167011 746617
1501167011 843127
1501167011 939013
1501167012 35194
1501167012 131464
1501167012 226623
1501167012 322835
1501167012 419135
1501167012 515161
1501167012 611283
1501167012 706651
1501167012 803054
1501167012 899215
1501167012 995550
1501167013 91138
1501167013 186925
1501167013 283123
1501167013 379305
1501167013 475575
1501167013 570798
1501167013 666844
1501167013 762822
1501167013 859136
1501167013 954580
1501167014 50802
1501167014 146933
1501167014 243245
1501167014 339554
1501167014 434682
1501167014 530626
1501167014 627460
1501167014 723136
1501167014 819194
1501167014 914854
1501167015 11096
1501167015 106991
1501167015 203414
1501167015 298621
1501167015 394905
1501167015 491373
1501167015 587233
1501167015 683425
1501167015 778768
1501167015 874952
1501167015 970922
1501167016 67359
1501167016 163326
1501167016 258795
1501167016 355094
1501167016 451303
1501167016 547449
1501167016 642418
1501167016 738652
1501167016 834956
1501167016 931168
1501167017 27357
1501167017 122723
1501167017 218809
1501167017 315180
1501167017 412008
1501167017 507474
1501167017 602898
1501167017 698951
1501167017 795201
1501167017 891498
1501167017 986714
1501167018 82634
1501167018 179110
1501167018 275095
1501167018 371598
1501167018 466781
1501167018 562885
1501167018 659045
1501167018 755464
1501167018 851456
1501167018 946631
1501167019 42999
1501167019 139230
1501167019 235874
1501167019 331768
1501167019 427479
1501167019 523117
1501167019 619146
1501167019 714728
1501167019 810737
1501167019 907018
1501167020 3194
1501167020 99205
1501167020 194587
1501167020 290848
1501167020 386976
1501167020 483653
1501167020 578525
1501167020 674795
1501167020 771604
1501167020 867127
1501167020 963270
1501167021 58401
1501167021 154677
1501167021 251056
1501167021 347149
1501167021 443413
1501167021 538744
1501167021 634762
1501167021 730838
1501167021 827064
1501167021 923368
1501167022 18589
1501167022 114859
1501167022 211119
1501167022 307248
1501167022 402443
1501167022 498786
1501167022 594769
1501167022 691273
1501167022 787169
1501167022 882781
1501167022 979547
1501167023 75121
1501167023 171624
1501167023 267369
1501167023 362522
1501167023 459018
1501167023 555259
1501167023 651215
1501167023 746766
1501167023 843050
1501167023 938972
1501167024 35193
1501167024 131373
1501167024 226580
1501167024 322697
1501167024 418996
1501167024 515776
1501167024 611839
1501167024 706867
1501167024 802875
1501167024 899406
1501167024 995889
1501167025 90640
1501167025 186967
1501167025 282914
1501167025 378979
1501167025 475454
1501167025 570741
1501167025 666782
1501167025 763189
1501167025 859281
1501167025 955290
1501167026 51188
1501167026 146941
1501167026 242013
1501167026 338294
1501167026 434677
1501167026 530831
1501167026 627370
1501167026 722485
1501167026 818340
1501167026 914615
1501167027 10929
1501167027 106959
1501167027 202324
1501167027 298364
1501167027 394827
1501167027 490949
1501167027 586785
1501167027 683059
1501167027 779096
1501167027 873953
1501167027 970057
1501167028 66251
1501167028 162581
1501167028 258725
1501167028 354069
1501167028 450240
1501167028 546825
1501167028 642396
1501167028 737781
1501167028 825203
1501167028 920203
1501167029 7269
1501167029 102570
1501167029 198797
1501167029 295686
1501167029 391113
1501167029 487292
1501167029 582650
1501167029 678974
1501167029 775136
1501167029 871744
1501167029 967538
1501167030 62854
1501167030 159007
1501167030 255150
1501167030 351505
1501167030 446845
1501167030 543634
1501167030 639033
1501167030 735946
1501167030 830604
1501167030 927204
1501167031 23005
1501167031 119384
1501167031 215426
1501167031 311388
1501167031 406844
1501167031 503050
1501167031 599001
1501167031 695317
1501167031 791266
1501167031 886931
1501167031 983142
1501167032 79288
1501167032 175498
1501167032 271017
1501167032 367050
1501167032 463003
1501167032 559391
1501167032 654640
1501167032 750823
1501167032 847841
1501167032 943142
1501167033 39247
1501167033 134524
1501167033 231025
1501167033 327215
1501167033 423330
1501167033 519394
1501167033 614820
1501167033 710874
1501167033 807218
1501167033 903366
1501167033 998527
1501167034 94781
1501167034 190944
1501167034 287279
1501167034 383337
1501167034 478786
1501167034 575020
1501167034 671207
1501167034 767192
1501167034 863587
1501167034 958893
1501167035 54979
1501167035 151076
1501167035 247422
1501167035 343149
1501167035 439001
1501167035 535225
1501167035 631845
1501167035 727525
1501167035 822796
1501167035 919070
1501167036 72691
1501167036 169431
1501167036 293816
1501167036 437137
1501167036 533252
1501167036 629454
1501167036 725865
1501167036 860255
1501167036 956190
1501167037 292099
1501167037 388492
1501167037 483553
1501167037 714023
1501167037 925484
1501167038 21613
1501167038 117473
1501167038 213143
1501167038 309267
1501167038 405549
1501167038 500982
1501167038 597098
1501167038 808395
1501167038 904578
1501167039 455
1501167039 124293
1501167039 221085
1501167039 316724
1501167039 413527
1501167039 507975
1501167039 595226
1501167039 690216
1501167039 786602
1501167039 883423
1501167039 978908
1501167040 74756
1501167040 170840
1501167040 266897
1501167040 363151
1501167040 459199
1501167040 554395
1501167040 650856
1501167040 746840
1501167040 842973
1501167040 939288
1501167041 34323
1501167041 131222
1501167041 227280
1501167041 323063
1501167041 418368
1501167041 514366
1501167041 610908
1501167041 707657
1501167041 802113
1501167041 898323
1501167041 994727
1501167042 90952
1501167042 186929
1501167042 282290
1501167042 379180
1501167042 475209
1501167042 571564
1501167042 667059
1501167042 762251
1501167042 859150
1501167042 954724
1501167043 50770
1501167043 146179
1501167043 242611
1501167043 338597
1501167043 434720
1501167043 531295
1501167043 626432
1501167043 722588
1501167043 818890
1501167043 914989
1501167044 10207
1501167044 106323
1501167044 203124
1501167044 298841
1501167044 394865
1501167044 490143
1501167044 586351
1501167044 682729
1501167044 778943
1501167044 874102
1501167044 961222
1501167045 56760
1501167045 152855
1501167045 248933
1501167045 345172
1501167045 441447
1501167045 536713
1501167045 632838
1501167045 728889
1501167045 825236
1501167045 921407
1501167046 16725
1501167046 113284
1501167046 209122
1501167046 305632
1501167046 400636
1501167046 496869
1501167046 593175
1501167046 689258
1501167046 785605
1501167046 880531
1501167046 968459
1501167047 63041
1501167047 159266
1501167047 255477
1501167047 351733
1501167047 447939
1501167047 543111
1501167047 639488
1501167047 735468
1501167047 831801
1501167047 927106
1501167048 23119
1501167048 119392
1501167048 215580
1501167048 311784
1501167048 407085
1501167048 503243
1501167048 599345
1501167048 695533
1501167048 791925
1501167048 887172
1501167048 983533
1501167049 79504
1501167049 175920
1501167049 271061
1501167049 367223
1501167049 463546
1501167049 559656
1501167049 655741
1501167049 751175
1501167049 847506
1501167049 943394
1501167050 39793
1501167050 135927
1501167050 231036
1501167050 327374
1501167050 423570
1501167050 519727
1501167050 615869
1501167050 711508
1501167050 807537
1501167050 904227
1501167051 480
1501167051 95059
1501167051 191264
1501167051 287454
1501167051 383681
1501167051 479915
1501167051 575254
1501167051 671372
1501167051 767546
1501167052 37130
1501167052 132350
1501167052 334996
1501167052 478094
1501167052 573383
1501167052 669556
1501167052 766022
1501167052 862023
1501167052 958384
1501167053 53668
1501167053 149878
1501167053 246421
1501167053 342039
1501167053 438231
1501167053 533432
1501167053 629755
1501167053 725880
1501167053 822094
1501167053 918155
1501167054 13543
1501167054 109994
1501167054 205954
1501167054 302256
1501167054 397495
1501167054 493776
1501167054 589819
1501167054 686067
1501167054 782272
1501167054 877636
1501167054 973787
1501167055 70122
1501167055 233449
1501167055 329493
1501167055 722460
1501167055 818763
1501167055 915212
1501167056 11094
1501167056 106267
1501167056 202436
1501167056 298817
1501167056 395459
1501167056 492447
1501167056 586548
1501167056 682818
1501167056 778968
1501167056 875065
1501167056 971077
1501167057 66374
1501167057 162682
1501167057 258925
1501167057 355255
1501167057 450450
1501167057 546477
1501167057 642629
1501167057 738915
1501167057 835242
1501167057 930406
1501167058 26672
1501167058 122708
1501167058 238140
1501167058 334883
1501167058 429747
1501167058 525770
1501167058 622275
1501167058 718163
1501167058 814321
1501167058 909686
1501167059 265034
1501167059 457034
1501167059 553109
1501167059 648392
1501167059 879127
1501167060 263570
1501167060 358958
1501167060 455455
1501167060 551433
1501167060 647447
1501167060 742856
1501167060 839006
1501167060 935227
1501167061 31336
1501167061 127489
1501167061 222762
1501167061 309877
1501167061 405142
1501167061 501427
1501167061 597691
1501167061 693722
1501167061 790005
1501167061 885923
1501167061 981609
1501167062 77626
1501167062 174003
1501167062 270567
1501167062 365454
1501167062 461814
1501167062 557789
1501167062 654010
1501167062 749249
1501167062 836212
1501167062 931595
1501167063 27897
1501167063 124428
1501167063 220277
1501167063 518156
1501167063 642399
1501167063 747556
1501167063 843795
1501167063 939912
1501167064 36107
1501167064 131487
1501167064 227616
1501167064 323803
1501167064 420009
1501167064 515404
1501167065 283917
1501167065 380154
1501167065 475565
1501167065 773335
1501167065 879157
1501167065 974597
1501167066 70834
1501167066 167054
1501167066 263258
1501167066 359332
1501167066 454735
1501167066 550882
1501167066 647055
1501167066 743213
1501167066 839408
1501167066 945294
1501167067 40950
1501167067 136279
1501167067 232302
1501167067 329190
1501167067 424648
1501167067 520881
1501167067 616491
1501167067 712386
1501167067 808682
1501167068 48375
1501167068 144525
1501167068 269524
1501167068 366651
1501167068 461507
1501167068 557562
1501167068 653544
1501167068 749829
1501167068 845153
1501167068 941295
1501167069 37836
1501167069 133362
1501167069 229559
1501167069 324873
1501167069 421071
1501167069 517372
1501167069 613625
1501167069 710078
1501167069 805211
1501167069 901481
1501167069 998106
1501167070 94063
1501167070 189073
1501167070 285262
1501167070 381424
1501167070 477783
1501167070 574069
1501167070 669139
1501167070 765264
1501167070 861440
1501167070 957818
1501167071 53721
1501167071 149190
1501167071 245181
1501167071 341603
1501167071 437475
1501167071 533068
1501167071 629352
1501167071 725342
1501167071 821782
1501167071 918219
1501167072 13210
1501167072 109433
1501167072 205402
1501167072 301726
1501167072 397706
1501167072 493064
1501167072 589470
1501167072 685599
1501167072 781913
1501167072 876990
1501167072 973321
1501167073 69631
1501167073 165788
1501167073 261852
1501167073 357587
1501167073 453135
1501167073 549437
1501167073 645791
1501167073 741891
1501167073 837171
1501167073 933482
1501167074 29451
1501167074 125665
1501167074 220816
1501167074 308134
1501167074 403618
1501167074 499761
1501167074 595818
1501167074 692160
1501167074 788235
1501167074 883591
1501167074 979890
1501167075 75920
1501167075 171919
1501167075 268838
1501167075 363603
1501167075 459898
1501167075 556147
1501167075 652189
1501167075 747624
1501167075 843757
1501167075 940043
1501167076 36192
1501167076 132151
1501167076 228141
1501167076 323741
1501167076 419988
1501167076 516036
1501167076 612187
1501167076 707585
1501167076 803735
1501167076 900038
1501167076 996098
1501167077 91805
1501167077 187745
1501167077 283952
1501167077 380012
1501167077 476294
1501167077 572073
1501167077 667691
1501167077 763850
1501167077 860538
1501167077 956678
1501167078 51726
1501167078 147881
1501167078 244001
1501167078 340338
1501167078 435674
1501167078 531706
1501167078 628079
1501167078 723968
1501167078 820439
1501167078 915675
1501167079 11732
1501167079 107884
1501167079 204216
1501167079 300751
1501167079 395619
1501167079 491947
1501167079 588085
1501167079 684233
1501167079 779672
1501167079 875764
1501167079 971820
1501167080 68149
1501167080 164276
1501167080 259649
1501167080 355837
1501167080 451925
1501167080 548154
1501167080 644297
1501167080 739478
1501167080 835760
1501167080 931891
1501167081 28345
1501167081 123533
1501167081 219749
1501167081 315965
1501167081 412085
1501167081 508778
1501167081 603518
1501167081 699737
1501167081 795963
1501167081 892161
1501167081 988287
1501167082 83796
1501167082 179878
1501167082 276085
1501167082 372155
1501167082 467415
1501167082 563794
1501167082 659808
1501167082 756622
1501167082 852254
1501167082 948028
1501167083 43583
1501167083 139933
1501167083 236242
1501167083 332565
1501167083 427546
1501167083 523839
1501167083 620019
1501167083 716509
1501167083 811465
1501167083 907569
1501167084 4083
1501167084 100086
1501167084 196517
1501167084 291360
1501167084 387669
1501167084 483868
1501167084 580083
1501167084 676248
1501167084 771747
1501167084 867968
1501167084 963998
1501167085 60270
1501167085 155603
1501167085 251857
1501167085 347780
1501167085 444032
1501167085 540194
1501167085 635527
1501167085 731611
1501167085 828469
1501167085 924275
1501167086 20417
1501167086 116353
1501167086 212168
1501167086 308511
1501167086 404193
1501167086 500248
1501167086 595716
1501167086 691939
1501167086 788299
1501167086 884433
1501167086 979548
1501167087 75817
1501167087 171947
1501167087 268153
1501167087 364848
1501167087 459593
1501167087 555810
1501167087 651918
1501167087 748122
1501167087 843726
1501167087 939767
1501167088 36122
1501167088 132135
1501167088 228650
1501167088 323699
1501167088 419940
1501167088 516075
1501167088 612239
1501167088 708443
1501167088 803928
1501167088 899806
1501167088 996158
1501167089 92206
1501167089 187760
1501167089 283787
1501167089 380072
1501167089 476139
1501167089 572228
1501167089 667846
1501167089 763778
1501167089 859866
1501167089 956329
1501167090 51591
1501167090 147630
1501167090 243909
1501167090 340646
1501167090 436648
1501167090 531658
1501167090 628222
1501167090 724057
1501167090 820147
1501167090 916250
1501167091 11744
1501167091 107880
1501167091 204101
1501167091 300485
1501167091 395566
1501167091 491736
1501167091 587909
1501167091 684197
1501167091 780369
1501167091 876057
1501167091 971861
1501167092 67994
1501167092 164210
1501167092 260378
1501167092 355869
1501167092 451924
1501167092 548081
1501167092 644437
1501167092 740214
1501167092 835822
1501167092 932062
1501167093 28117
1501167093 125104
1501167093 220331
1501167093 315871
1501167093 412496
1501167093 508268
1501167093 604615
1501167093 699923
1501167093 795991
1501167093 892068
1501167093 988323
1501167094 83559
1501167094 179851
1501167094 276001
1501167094 372241
1501167094 468353
1501167094 563661
1501167094 659760
1501167094 756141
1501167094 852931
1501167094 948432
1501167095 43846
1501167095 139896
1501167095 236178
1501167095 332392
1501167095 428426
1501167095 524022
1501167095 620109
1501167095 716266
1501167095 812191
1501167095 907756
1501167096 3949
1501167096 100074
1501167096 196182
1501167096 292519
1501167096 387889
1501167096 483809
1501167096 580123
1501167096 676197
1501167096 772397
1501167096 867697
1501167096 964159
1501167097 60225
1501167097 156433
1501167097 252087
1501167097 347881
1501167097 444372
1501167097 540363
1501167097 636477
1501167097 731915
1501167097 827986
1501167097 924183
1501167098 20500
1501167098 116483
1501167098 211603
1501167098 308146
1501167098 404271
1501167098 500552
1501167098 595599
1501167098 691928
1501167098 788073
1501167098 884165
1501167098 980343
1501167099 75803
1501167099 171993
1501167099 268207
1501167099 364910
1501167099 461247
1501167099 555830
1501167099 652017
1501167099 748258
1501167099 844432
1501167099 939625
1501167100 35923
1501167100 132041
1501167100 228142
1501167100 324620
1501167100 419936
1501167100 516073
1501167100 612841
1501167100 708487
1501167100 804532
1501167100 899937
1501167100 996088
1501167101 92255
1501167101 188354
1501167101 283770
1501167101 379986
1501167101 476112
1501167101 572328
1501167101 668443
1501167101 763759
1501167101 860026
1501167101 956168
1501167102 52242
1501167102 148676
1501167102 243939
1501167102 340102
1501167102 436270
1501167102 532304
1501167102 627878
1501167102 723967
1501167102 820211
1501167102 916332
1501167103 12516
1501167103 107850
1501167103 203943
1501167103 300213
1501167103 396995
1501167103 492735
1501167103 588329
1501167103 684159
1501167103 780125
1501167103 876577
1501167103 971727
1501167104 68166
1501167104 164162
1501167104 260417
1501167104 356658
1501167104 451614
1501167104 548152
1501167104 644242
1501167104 740358
1501167104 836581
1501167104 931939
1501167105 28091
1501167105 124283
1501167105 220516
1501167105 315988
1501167105 411932
1501167105 508175
1501167105 604550
1501167105 700522
1501167105 796058
1501167105 891948
1501167105 988356
1501167106 84840
1501167106 180462
1501167106 275804
1501167106 372482
1501167106 468223
1501167106 564622
1501167106 660220
1501167106 755919
1501167106 852107
1501167106 948276
1501167107 44626
1501167107 139854
1501167107 236128
1501167107 332342
1501167107 428446
1501167107 524517
1501167107 620039
1501167107 715937
1501167107 812786
1501167107 908399
1501167108 4499
1501167108 99774
1501167108 195959
1501167108 292266
1501167108 388611
1501167108 483971
1501167108 580203
1501167108 676277
1501167108 772402
1501167108 868576
1501167108 965428
1501167109 60102
1501167109 156275
1501167109 252495
1501167109 348607
1501167109 444101
1501167109 540122
1501167109 636432
1501167109 732877
1501167109 827805
1501167109 923952
1501167110 20221
1501167110 116482
1501167110 212654
1501167110 308114
1501167110 404922
1501167110 502690
1501167110 605724
1501167110 701882
1501167110 797928
1501167110 894194
1501167110 990294
1501167111 85797
1501167111 181901
1501167111 278377
1501167111 374318
1501167111 469490
1501167111 565563
1501167111 661808
1501167111 757801
1501167111 854599
1501167111 949636
1501167112 45902
1501167112 142028
1501167112 238141
1501167112 334555
1501167112 429641
1501167112 525734
1501167112 622091
1501167112 718221
1501167112 813481
1501167112 909703
1501167113 6039
1501167113 102221
1501167113 198537
1501167113 293669
1501167113 389938
1501167113 486042
1501167113 582710
1501167113 678584
1501167113 773867
1501167113 870203
1501167113 966116
1501167114 62272
1501167114 157606
1501167114 254203
1501167114 350120
1501167114 446065
1501167114 542282
1501167114 637663
1501167114 733759
1501167114 829924
1501167114 926077
1501167115 22271
1501167115 118473
1501167115 213864
1501167115 309940
1501167115 406237
1501167115 501762
1501167115 597810
1501167115 693963
1501167115 790034
1501167115 886530
1501167115 981567
1501167116 78144
1501167116 174257
1501167116 270138
1501167116 366530
1501167116 461775
1501167116 557926
1501167116 654301
1501167116 750460
1501167116 846607
1501167116 941839
1501167117 38559
1501167117 134179
1501167117 230260
1501167117 325588
1501167117 422342
1501167117 518197
1501167117 614340
1501167117 710526
1501167117 805716
1501167117 902057
1501167117 998287
1501167118 94557
1501167118 190543
1501167118 285867
1501167118 382126
1501167118 478509
1501167118 575300
1501167118 670319
1501167118 765870
1501167118 861999
1501167118 958416
1501167119 54590
1501167119 149892
1501167119 245865
1501167119 342099
1501167119 438458
1501167119 534564
1501167119 629784
1501167119 726030
1501167119 822217
1501167119 918441
1501167120 13830
1501167120 109972
1501167120 206613
1501167120 302277
1501167120 398596
1501167120 494100
1501167120 590010
1501167120 686231
1501167120 782389
1501167120 878725
1501167120 973931
1501167121 70040
1501167121 166120
1501167121 262778
1501167121 357568
1501167121 453758
1501167121 549975
1501167121 646316
1501167121 742436
1501167121 837961
1501167121 934005
1501167122 30194
1501167122 126997
1501167122 222712
1501167122 317865
1501167122 414182
1501167122 510297
1501167122 606438
1501167122 701857
1501167122 797981
1501167122 893945
1501167122 990401
1501167123 86445
1501167123 181848
1501167123 278461
1501167123 374244
1501167123 470406
1501167123 566715
1501167123 661716
1501167123 758544
1501167123 854382
1501167123 950591
1501167124 46653
1501167124 141921
1501167124 238039
1501167124 334340
1501167124 430594
1501167124 525888
1501167124 622075
1501167124 718300
1501167124 814465
1501167124 910453
1501167125 5847
1501167125 102014
1501167125 198305
1501167125 294344
1501167125 390673
1501167125 485859
1501167125 582329
1501167125 678369
1501167125 774287
1501167125 869940
1501167125 965927
1501167126 62721
1501167126 158525
1501167126 254720
1501167126 350150
1501167126 446206
1501167126 542336
1501167126 638447
1501167126 734698
1501167126 829954
1501167126 926065
1501167127 22530
1501167127 119265
1501167127 214067
1501167127 310009
1501167127 406752
1501167127 502465
1501167127 598584
1501167127 693785
1501167127 790258
1501167127 886404
1501167127 982439
1501167128 78829
1501167128 173989
1501167128 270282
1501167128 366336
1501167128 462614
1501167128 557984
1501167128 653965
1501167128 750269
1501167128 846557
1501167128 942596
1501167129 37842
1501167129 134099
1501167129 230220
1501167129 326526
1501167129 422771
1501167129 517887
1501167129 614106
1501167129 710207
1501167129 806481
1501167129 901825
1501167129 998071
1501167130 94192
1501167130 191489
1501167130 286689
1501167130 381959
1501167130 478140
1501167130 574321
1501167130 670617
1501167130 766466
1501167130 862053
1501167130 958310
1501167131 54988
1501167131 150736
1501167131 245902
1501167131 342068
1501167131 438322
1501167131 535090
1501167131 630596
1501167131 726004
1501167131 822228
1501167131 918441
1501167132 14585
1501167132 110810
1501167132 206134
1501167132 302356
1501167132 398768
1501167132 495574
1501167132 589970
1501167132 686098
1501167132 782245
1501167132 878597
1501167132 974846
1501167133 69909
1501167133 166134
1501167133 262282
1501167133 358618
1501167133 454852
1501167133 550110
1501167133 646247
1501167133 742283
1501167133 838517
1501167133 933979
1501167134 30072
1501167134 126208
1501167134 222459
1501167134 318878
1501167134 413941
1501167134 510127
1501167134 606481
1501167134 702520
1501167134 798880
1501167134 894084
1501167134 990217
1501167135 86663
1501167135 182896
1501167135 277949
1501167135 374161
1501167135 470256
1501167135 566426
1501167135 662740
1501167135 757812
1501167135 854087
1501167135 950323
1501167136 46598
1501167136 142029
1501167136 238185
1501167136 334189
1501167136 430556
1501167136 526645
1501167136 622476
1501167136 718196
1501167136 814264
1501167136 910378
1501167137 6787
1501167137 101900
1501167137 198237
1501167137 294315
1501167137 390664
1501167137 486550
1501167137 582669
1501167137 678245
1501167137 774503
1501167137 870398
1501167137 966422
1501167138 62144
1501167138 158723
1501167138 254551
1501167138 350775
1501167138 446042
1501167138 542753
1501167138 638859
1501167138 736037
1501167138 830112
1501167138 926116
1501167139 22373
1501167139 118506
1501167139 214729
1501167139 309973
1501167139 406154
1501167139 502588
1501167139 598501
1501167139 694713
1501167139 790656
1501167139 886739
1501167139 982443
1501167140 79100
1501167140 173991
1501167140 269992
1501167140 366413
1501167140 462380
1501167140 558754
1501167140 653952
1501167140 750742
1501167140 846815
1501167140 942646
1501167141 38752
1501167141 134144
1501167141 230154
1501167141 326394
1501167141 422565
1501167141 518514
1501167141 614597
1501167141 710135
1501167141 807059
1501167141 903364
1501167141 998622
1501167142 94259
1501167142 190352
1501167142 286456
1501167142 382564
1501167142 478027
1501167142 574271
1501167142 670450
1501167142 766749
1501167142 861915
1501167142 957992
1501167143 54783
1501167143 150505
1501167143 247280
1501167143 342693
1501167143 438238
1501167143 534354
1501167143 630662
1501167143 726987
1501167143 821978
1501167143 918246
1501167144 14373
1501167144 110456
1501167144 206723
1501167144 302752
1501167144 398404
1501167144 494649
1501167144 590821
1501167144 685882
1501167144 782042
1501167144 878300
1501167144 974526
1501167145 70679
1501167145 166135
1501167145 262245
1501167145 358993
1501167145 454573
1501167145 549914
1501167145 646197
1501167145 742475
1501167145 838505
1501167145 934591
1501167146 29977
1501167146 126614
1501167146 222405
1501167146 320326
1501167146 414886
1501167146 510014
1501167146 606069
1501167146 702521
1501167146 798685
1501167146 894925
1501167146 990085
1501167147 86227
1501167147 182612
1501167147 279354
1501167147 373908
1501167147 470318
1501167147 566389
1501167147 662677
1501167147 759263
1501167147 854113
1501167147 950777
1501167148 46515
1501167148 142899
1501167148 239003
1501167148 334206
1501167148 430587
1501167148 526654
1501167148 622892
1501167148 718189
1501167148 814712
1501167148 910536
1501167149 6697
1501167149 102797
1501167149 198066
1501167149 294459
1501167149 390451
1501167149 486782
1501167149 582917
1501167149 678205
1501167149 774273
1501167149 870634
1501167149 966877
1501167150 62854
1501167150 158378
1501167150 254509
1501167150 350744
1501167150 446869
1501167150 542104
1501167150 638273
1501167150 734605
1501167150 830931
1501167150 927435
1501167151 22018
1501167151 118352
1501167151 214629
1501167151 310683
1501167151 406305
1501167151 502168
1501167151 598598
1501167151 694679
1501167151 790903
1501167151 886151
1501167151 982101
1501167152 78663
1501167152 174756
1501167152 270984
1501167152 366335
1501167152 462252
1501167152 558585
1501167152 654912
1501167152 750053
1501167152 846259
1501167152 942530
1501167153 38595
1501167153 134972
1501167153 230212
1501167153 326345
1501167153 422660
1501167153 518988
1501167153 615110
1501167153 710423
1501167153 806505
1501167153 902567
1501167153 998995
1501167154 94768
1501167154 190202
1501167154 286251
1501167154 382782
1501167154 478898
1501167154 574171
1501167154 670326
1501167154 767015
1501167154 863179
1501167154 958805
1501167155 54261
1501167155 150343
1501167155 246457
1501167155 342860
1501167155 438030
1501167155 534173
1501167155 630596
1501167155 726736
1501167155 822966
1501167155 918780
1501167156 14415
1501167156 110570
1501167156 207369
1501167156 303071
1501167156 398425
1501167156 494576
1501167156 590469
1501167156 686799
1501167156 782184
1501167156 877845
1501167156 973798
1501167157 70414
1501167157 166942
1501167157 262598
1501167157 358409
1501167157 454444
1501167157 550817
1501167157 647132
1501167157 742389
1501167157 838454
1501167157 934616
1501167158 30782
1501167158 126357
1501167158 222222
1501167158 318695
1501167158 414920
1501167158 511044
1501167158 606238
1501167158 702592
1501167158 798729
1501167158 894781
1501167158 991250
1501167159 86162
1501167159 182408
1501167159 278650
1501167159 374851
1501167159 470311
1501167159 566357
1501167159 663042
1501167159 758734
1501167159 854890
1501167159 950176
1501167160 46204
1501167160 142403
1501167160 238688
1501167160 335014
1501167160 430214
1501167160 526407
1501167160 622946
1501167160 719019
1501167160 814208
1501167160 996930
1501167161 92749
1501167161 188980
1501167161 285149
1501167161 380438
1501167161 476578
1501167161 573052
1501167161 669053
1501167161 765230
1501167161 860565
1501167161 956803
1501167162 53149
1501167162 149091
1501167162 244418
1501167162 340558
1501167162 436579
1501167162 532895
1501167162 629151
1501167162 724608
1501167162 820782
1501167162 916895
1501167163 12962
1501167163 109118
1501167163 204715
1501167163 300807
1501167163 397086
1501167163 493239
1501167163 588308
1501167163 685065
1501167163 780816
1501167163 877117
1501167163 972910
1501167164 68386
1501167164 164760
1501167164 261343
1501167164 356106
1501167164 452820
1501167164 548581
1501167164 644902
1501167164 740960
1501167164 836256
1501167164 932437
1501167165 28584
1501167165 124576
1501167165 220489
1501167165 316274
1501167165 412412
1501167165 508778
1501167165 604876
1501167165 700006
1501167165 796411
1501167165 892414
1501167165 989108
1501167166 84187
1501167166 180278
1501167166 276577
1501167166 372831
1501167166 469125
1501167166 564137
1501167166 660069
1501167166 756291
1501167166 852639
1501167166 948958
1501167167 44161
1501167167 140244
1501167167 236599
1501167167 332648
1501167167 428876
1501167167 524213
1501167167 620670
1501167167 716664
1501167167 812855
1501167167 908151
1501167168 4345
1501167168 100480
1501167168 196703
1501167168 292837
1501167168 388325
1501167168 484431
1501167168 580689
1501167168 676771
1501167168 773564
1501167168 868422
1501167168 964411
1501167169 60715
1501167169 156643
1501167169 252085
1501167169 348295
1501167169 444541
1501167169 540797
1501167169 636909
1501167169 732003
1501167169 828408
1501167169 924528
1501167170 20838
1501167170 117133
1501167170 212204
1501167170 308357
1501167170 404558
1501167170 500829
1501167170 596465
1501167170 692387
1501167170 788499
1501167170 884717
1501167170 981058
1501167171 76151
1501167171 172262
1501167171 269098
1501167171 364638
1501167171 460953
1501167171 556469
1501167171 652270
1501167171 748762
1501167171 844963
1501167171 940587
1501167172 36358
1501167172 132698
1501167172 228766
1501167172 324995
1501167172 420290
1501167172 516369
1501167172 612658
1501167172 708570
1501167172 804936
1501167172 900314
1501167172 997074
1501167173 92924
1501167173 189007
1501167173 284002
1501167173 380550
1501167173 476600
1501167173 572820
1501167173 669036
1501167173 764091
1501167173 860297
1501167173 956445
1501167174 52741
1501167174 148939
1501167174 244331
1501167174 340435
1501167174 436731
1501167174 533313
1501167174 628410
1501167174 725120
1501167174 820575
1501167174 916943
1501167175 13013
1501167175 108921
1501167175 204483
1501167175 300640
1501167175 396675
1501167175 493229
1501167175 588310
1501167175 684518
1501167175 780891
1501167175 877558
1501167175 972271
1501167176 68528
1501167176 164652
1501167176 260666
1501167176 357068
1501167176 452346
1501167176 548419
1501167176 644609
1501167176 740947
1501167176 836331
1501167176 933066
1501167177 28506
1501167177 125614
1501167177 221073
1501167177 316303
1501167177 412397
1501167177 508677
1501167177 604755
1501167177 701478
1501167177 796268
1501167177 892353
1501167177 988412
1501167178 84831
1501167178 180075
1501167178 276397
1501167178 372642
1501167178 468812
1501167178 564852
1501167178 660393
1501167178 756610
1501167178 852471
1501167178 948910
1501167179 45049
1501167179 140229
1501167179 236480
1501167179 333120
1501167179 428998
1501167179 524165
1501167179 620424
1501167179 716647
1501167179 812871
1501167179 908817
1501167180 4260
1501167180 100341
1501167180 196697
1501167180 292787
1501167180 389094
1501167180 484168
1501167180 580503
1501167180 676815
1501167180 772854
1501167180 868645
1501167180 964309
1501167181 60599
1501167181 156775
1501167181 252904
1501167181 348323
1501167181 444489
1501167181 541011
1501167181 636837
1501167181 732777
1501167181 828076
1501167181 924537
1501167182 20784
1501167182 116890
1501167182 212338
1501167182 308496
1501167182 404571
1501167182 500724
1501167182 597097
1501167182 692176
1501167182 788260
1501167182 884989
1501167182 980657
1501167183 77019
1501167183 172355
1501167183 269193
1501167183 365032
1501167183 460898
1501167183 556228
1501167183 652358
1501167183 748605
1501167183 844995
1501167183 941009
1501167184 36269
1501167184 132928
1501167184 229020
1501167184 325037
1501167184 421540
1501167184 516307
1501167184 612471
1501167184 708640
1501167184 804950
1501167184 900175
1501167184 996599
1501167185 92659
1501167185 188713
1501167185 284960
1501167185 380315
1501167185 476351
1501167185 572594
1501167185 669060
1501167185 765302
1501167185 860660
1501167185 957201
1501167186 52726
1501167186 148805
1501167186 244246
1501167186 340342
1501167186 436776
1501167186 532909
1501167186 629107
1501167186 724538
1501167186 820476
1501167186 916705
1501167187 12960
1501167187 109195
1501167187 204242
1501167187 300530
1501167187 396864
1501167187 493882
1501167187 588119
1501167187 684611
1501167187 780591
1501167187 876833
1501167187 972904
1501167188 68404
1501167188 165065
1501167188 261053
1501167188 357066
1501167188 453233
1501167188 548482
1501167188 644656
1501167188 740814
1501167188 836936
1501167188 932208
1501167189 28289
1501167189 124561
1501167189 220856
1501167189 316969
1501167189 412422
1501167189 508384
1501167189 605067
1501167189 701054
1501167189 797158
1501167189 892363
1501167189 988574
1501167190 84800
1501167190 181046
1501167190 276867
1501167190 372366
1501167190 468503
1501167190 565035
1501167190 661019
1501167190 756310
1501167190 852767
1501167190 949010
1501167191 45151
1501167191 141046
1501167191 236384
1501167191 332608
1501167191 428690
1501167191 525167
1501167191 620268
1501167191 716313
1501167191 812791
1501167191 908808
1501167192 5132
1501167192 100401
1501167192 196654
1501167192 292732
1501167192 389049
1501167192 485818
1501167192 580375
1501167192 676708
1501167192 772875
1501167192 869180
1501167192 964477
1501167193 61032
1501167193 156788
1501167193 252931
1501167193 349866
1501167193 444369
1501167193 540452
1501167193 636740
1501167193 733008
1501167193 829085
1501167193 924595
1501167194 20776
1501167194 116902
1501167194 213855
1501167194 308430
1501167194 404514
1501167194 500596
1501167194 596978
1501167194 693267
1501167194 788382
1501167194 884684
1501167194 980556
1501167195 76833
1501167195 173193
1501167195 268324
1501167195 364703
1501167195 460703
1501167195 556945
1501167195 652494
1501167195 748444
1501167195 844684
1501167195 941540
1501167196 37270
1501167196 132357
1501167196 228613
1501167196 324937
1501167196 421113
1501167196 517317
1501167196 613073
1501167196 708680
1501167196 804814
1501167196 901114
1501167196 996360
1501167197 92765
1501167197 188869
1501167197 285601
1501167197 381502
1501167197 476537
1501167197 572972
1501167197 668863
1501167197 765151
1501167197 861175
1501167197 956570
1501167198 52629
1501167198 149003
1501167198 245198
1501167198 340466
1501167198 436479
1501167198 533043
1501167198 629058
1501167198 725421
1501167198 820884
1501167198 983834
1501167199 90044
1501167199 185378
1501167199 281948
1501167199 377723
1501167199 473899
1501167199 570944
1501167199 665287
1501167199 761697
1501167199 858507
1501167199 954074
1501167200 50337
1501167200 145988
1501167200 241724
1501167200 336789
1501167200 433089
1501167200 529262
1501167200 625563
1501167200 721552
1501167200 817059
1501167200 913219
1501167201 9414
1501167201 105323
1501167201 201787
1501167201 297014
1501167201 393294
1501167201 489296
1501167201 585585
1501167201 796598
1501167201 892411
1501167201 988552
1501167202 84831
1501167202 180968
1501167202 276138
1501167202 372476
1501167202 469069
1501167202 564878
1501167202 679858
1501167202 842726
1501167202 938927
1501167203 409815
1501167203 505192
1501167203 601285
1501167203 697471
1501167203 793665
1501167203 889744
1501167203 984996
1501167204 81172
1501167204 177346
1501167204 273424
1501167204 369387
1501167204 609504
1501167204 849180
1501167204 955629
1501167205 51420
1501167205 146611
1501167205 242958
1501167205 339026
1501167205 435114
1501167205 530660
1501167205 627349
1501167205 722953
1501167205 819069
1501167205 914697
1501167206 10729
1501167206 106927
1501167206 202920
1501167206 299198
1501167206 404492
1501167206 500614
1501167206 625082
1501167206 721511
1501167206 817492
1501167206 913607
1501167207 8971
1501167207 105126
1501167207 201584
1501167207 297550
1501167207 392718
1501167207 488977
1501167207 585034
1501167207 681148
1501167207 777455
1501167207 872753
1501167207 968902
1501167208 65147
1501167208 161379
1501167208 257586
1501167208 352798
1501167208 449111
1501167208 546002
1501167208 641443
1501167208 736766
1501167208 832836
1501167208 929045
1501167209 25315
1501167209 121491
1501167209 216839
1501167209 312987
1501167209 409402
1501167209 505628
1501167209 601638
1501167209 696981
1501167209 793317
1501167209 889553
1501167209 985529
1501167210 81809
1501167210 176947
1501167210 273188
1501167210 369302
1501167210 465481
1501167210 560899
1501167210 656969
1501167210 753254
1501167210 849566
1501167210 945568
1501167211 40945
1501167211 137166
1501167211 233306
1501167211 329544
1501167211 425633
1501167211 521043
1501167211 617018
1501167211 713395
1501167211 809376
1501167211 905430
1501167212 923
1501167212 96348
1501167212 192457
1501167212 288806
1501167212 384851
1501167212 480596
1501167212 576312
1501167212 672625
1501167212 768716
1501167212 865619
1501167212 960349
1501167213 56393
1501167213 152514
1501167213 248837
1501167213 344018
1501167213 440357
1501167213 536457
1501167213 632853
1501167213 729017
1501167213 824158
1501167213 920405
1501167214 16764
1501167214 112748
1501167214 208888
1501167214 304352
1501167214 400296
1501167214 496778
1501167214 592753
1501167214 688732
1501167214 784368
1501167214 880570
1501167214 976814
1501167215 72976
1501167215 168388
1501167215 264942
1501167215 360403
1501167215 456800
1501167215 553108
1501167215 648379
1501167215 744540
1501167215 841217
1501167215 936859
1501167216 32197
1501167216 128421
1501167216 224560
