1502374922 905948
1502374923 759720
1502374924 19330
1502374924 86607
1502374924 210753
1502374924 278070
1502374924 345285
1502374924 911458
1502374925 26607
1502374925 200007
1502374925 315212
1502374925 382594
1502374925 737335
1502374925 833499
1502374926 53986
1502374926 237028
1502374926 303631
1502374926 379796
1502374926 975249
1502374927 138481
1502374927 263037
1502374927 349737
1502374927 455198
1502374928 164917
1502374928 231960
1502374928 414444
1502374928 865444
1502374929 134073
1502374929 240215
1502374930 949980
1502374931 16262
1502374931 149737
1502374931 984698
1502374932 253992
1502374932 493641
1502374932 628040
1502374933 33045
1502374933 396792
1502374933 472873
1502374933 540653
1502374933 607657
1502374933 760511
1502374933 827627
1502374934 471048
1502374934 951137
1502374935 282115
1502374935 403053
1502374936 171018
1502374937 5826
1502374937 82846
1502374937 206391
1502374937 302566
1502374937 494995
1502374937 801568
1502374937 868719
1502374938 51147
1502374938 118322
1502374939 50355
1502374939 116550
1502374939 289837
