1502378134 356458
1502378134 405391
1502378134 434563
1502378134 455222
1502378134 645008
1502378134 654976
1502378134 710329
1502378134 722522
1502378134 933162
1502378134 942473
1502378134 990616
1502378135 9841
1502378135 57594
1502378135 77005
1502378135 124616
1502378135 144072
1502378135 191853
1502378135 211389
1502378135 355113
1502378135 374655
1502378135 422439
1502378135 615245
1502378135 634789
1502378135 826728
1502378135 836492
1502378135 942574
1502378135 964116
1502378136 9495
1502378136 27236
1502378136 152702
1502378136 162007
1502378136 219087
1502378136 229451
1502378136 276288
1502378136 286463
1502378136 333531
1502378136 353752
1502378136 583019
1502378136 593905
1502378137 53899
1502378137 63896
1502378137 111160
1502378137 121323
1502378137 198150
1502378137 208032
1502378137 283016
1502378137 294735
1502378137 436111
1502378137 513298
1502378137 570555
1502378137 618533
1502378137 631334
1502378137 849078
1502378137 983101
1502378138 88737
1502378138 100683
1502378138 299854
1502378138 319661
1502378138 377012
1502378138 396823
1502378138 453249
1502378138 463490
1502378138 511302
1502378138 530675
1502378138 583483
1502378138 597772
1502378138 732050
1502378138 799768
1502378138 857383
1502378138 866549
1502378138 933861
1502378139 15107
1502378139 88119
1502378139 145135
1502378139 212488
1502378139 279545
1502378139 394798
1502378139 522305
1502378139 577085
1502378139 663425
1502378139 779815
1502378139 836346
1502378139 845915
1502378139 905002
1502378139 980277
1502378140 38609
1502378140 47403
1502378140 105052
1502378140 114518
1502378140 172306
1502378140 182943
1502378140 249825
1502378140 310367
1502378140 326077
1502378140 405876
1502378140 451205
1502378140 528299
1502378140 594229
1502378140 603497
1502378140 670740
1502378140 728533
1502378140 739795
1502378140 806010
1502378140 862893
1502378140 877013
1502378140 950455
1502378141 7259
1502378141 16601
1502378141 84673
1502378141 141433
1502378141 162882
1502378141 227540
1502378141 284824
1502378141 304321
1502378141 381243
1502378141 429086
1502378141 438486
1502378141 505726
1502378141 563379
1502378141 572829
1502378141 649906
1502378141 706892
1502378141 722669
1502378141 774065
1502378141 790240
1502378141 898443
1502378142 186959
1502378142 206224
1502378142 283843
1502378142 305900
1502378142 378502
1502378142 392436
1502378142 445694
1502378142 459627
1502378142 512797
1502378142 526691
1502378142 590013
1502378142 609203
1502378142 666125
1502378142 676331
1502378142 819378
1502378142 945011
1502378143 2171
1502378143 89212
1502378143 146335
1502378143 224496
1502378143 280460
1502378143 290792
1502378143 376568
1502378143 405929
1502378143 463214
1502378143 510902
1502378143 530351
1502378143 578337
1502378143 664591
1502378143 712361
1502378143 731723
1502378143 798983
1502378143 856709
1502378143 933253
1502378144 58526
1502378144 129246
1502378144 144615
1502378144 230678
1502378144 249907
1502378144 307718
1502378144 317282
1502378144 385117
1502378144 431992
1502378144 453316
1502378144 518993
1502378144 672255
1502378144 767944
1502378144 784354
1502378144 834914
1502378144 850753
1502378144 921575
1502378145 36452
1502378145 52403
1502378145 103821
1502378145 119565
1502378145 171996
1502378145 228893
1502378145 239038
1502378145 315009
1502378145 330988
1502378145 392391
1502378145 526503
1502378145 583974
1502378145 660766
1502378145 676854
1502378145 738162
1502378145 795041
1502378145 871262
1502378145 887011
1502378145 939428
1502378145 977531
1502378146 72966
1502378146 130966
1502378146 140357
1502378146 207535
1502378146 322393
1502378146 361405
1502378146 376969
1502378146 428508
1502378146 444154
1502378146 495688
1502378146 511146
1502378146 563065
1502378146 586285
1502378146 611320
1502378146 735322
1502378146 745580
1502378146 821837
1502378146 869700
1502378146 889109
1502378146 959971
1502378147 4151
1502378147 24107
1502378147 91323
1502378147 177608
1502378147 301657
1502378147 311928
1502378147 349536
1502378147 365069
1502378147 416818
1502378147 432267
1502378147 483948
1502378147 500437
1502378147 608316
1502378147 647288
1502378147 733717
1502378147 781660
1502378147 800870
1502378147 935330
1502378147 983069
1502378148 6251
1502378148 69738
1502378148 203926
1502378148 251824
1502378148 274836
1502378148 386015
1502378148 405320
1502378148 473481
1502378148 540355
1502378148 674618
1502378148 694918
1502378148 809219
1502378148 924292
1502378148 939664
1502378148 991336
1502378149 6867
1502378149 58620
1502378149 74075
1502378149 178353
1502378149 183186
1502378149 270164
1502378149 285768
1502378149 384766
1502378149 480557
1502378149 497010
1502378149 576727
1502378149 586083
1502378149 681892
1502378149 758443
1502378149 873375
1502378149 893667
1502378149 990041
1502378150 36897
1502378150 57049
1502378150 123383
1502378150 190494
1502378150 257554
1502378150 315350
1502378150 442389
1502378150 477758
1502378150 565281
1502378150 612036
1502378150 631809
1502378150 813624
1502378150 830843
1502378150 919108
1502378150 928920
1502378150 977139
1502378151 63997
1502378151 159646
1502378151 207521
1502378151 226967
1502378151 293778
1502378151 341654
1502378151 361200
1502378151 408944
1502378151 495394
1502378151 543184
1502378151 562687
1502378151 630012
1502378151 773674
1502378151 793458
1502378151 927240
1502378151 946424
1502378152 80418
1502378152 177135
1502378152 243927
1502378152 254147
1502378152 322930
1502378152 388069
1502378152 397833
