1502123574 888291
1502123574 993162
1502123575 204803
1502123575 377243
1502123575 598123
1502123575 770679
1502123576 20177
1502123576 125406
1502123576 259358
1502123576 470042
1502123576 623135
1502123576 804654
1502123576 967772
1502123577 150542
1502123577 284666
1502123577 419043
1502123577 514224
1502123577 524119
1502123577 744735
1502123577 744738
1502123577 830930
1502123577 927159
1502123578 99583
1502123578 186493
1502123578 312066
1502123578 349971
1502123578 464353
1502123578 503218
1502123578 551654
1502123578 676706
1502123578 732987
1502123578 858277
1502123578 859250
1502123578 945587
1502123579 11646
1502123579 21529
1502123579 146638
1502123579 203118
1502123579 223744
1502123579 425330
1502123579 452622
1502123579 548061
1502123579 674932
1502123579 739613
1502123579 844706
1502123579 924510
1502123580 94653
1502123580 154955
1502123580 228543
1502123580 260131
1502123580 392112
1502123580 451792
1502123580 596039
1502123580 622408
1502123580 797465
1502123580 813854
1502123580 967267
1502123581 57004
1502123581 91701
1502123581 216006
1502123581 286795
1502123581 464725
1502123581 527040
1502123581 647005
1502123581 699563
1502123581 772133
1502123581 805639
1502123581 944716
1502123582 26370
1502123582 107129
1502123582 131406
1502123582 251434
1502123582 342995
1502123582 477327
1502123582 520090
1502123582 602546
1502123582 673511
1502123582 678931
1502123582 900394
1502123582 922030
1502123583 91585
1502123583 124600
1502123583 296780
1502123583 313019
1502123583 383213
1502123583 485427
1502123583 526583
1502123583 571635
1502123583 612757
1502123583 667913
1502123583 737874
1502123583 926551
1502123583 987351
1502123584 60736
1502123584 149982
1502123584 253213
1502123584 322604
1502123584 387719
1502123584 523952
1502123584 540974
1502123584 742282
1502123584 782405
1502123584 819612
1502123584 907594
1502123584 924752
1502123585 50121
1502123585 147267
1502123585 243459
1502123585 270611
1502123585 394917
1502123585 425974
1502123585 625726
1502123585 694566
1502123585 846865
1502123585 943091
1502123586 67464
1502123586 212760
1502123586 287737
1502123586 442377
1502123586 537504
1502123586 586551
1502123586 721014
1502123586 757987
1502123586 836258
1502123586 978581
1502123587 74690
1502123587 75670
1502123587 151741
1502123587 268097
1502123587 373451
1502123587 382241
1502123587 602971
1502123587 642167
1502123587 794392
1502123587 795532
1502123587 976897
1502123588 34923
1502123588 101980
1502123588 207200
1502123588 255430
1502123588 294467
1502123588 361595
1502123588 447824
1502123588 515078
1502123588 658221
1502123588 744649
1502123588 811577
1502123588 869790
1502123588 974993
1502123589 52214
1502123589 90189
1502123589 138358
1502123589 234545
1502123589 358994
1502123589 377849
1502123589 598793
1502123589 599349
1502123589 715632
1502123589 867261
1502123589 925100
1502123590 10680
1502123590 30382
1502123590 154065
1502123590 222913
1502123590 364474
1502123590 434140
1502123590 518038
1502123590 645645
1502123590 739326
1502123590 799079
1502123590 921799
1502123591 7960
1502123591 19527
1502123591 132226
1502123591 172915
1502123591 314760
1502123591 345345
1502123591 508694
1502123591 535214
1502123591 688654
1502123591 729347
1502123591 812780
1502123591 853516
1502123592 52454
1502123592 65250
1502123592 177848
1502123592 238356
1502123592 324871
1502123592 369247
1502123592 439859
1502123592 560960
1502123592 698574
1502123592 762058
1502123592 842744
1502123592 886505
1502123592 968036
1502123593 44218
1502123593 155046
1502123593 269423
1502123593 283877
1502123593 409030
1502123593 490715
1502123593 567051
1502123593 610743
1502123593 687651
1502123593 711512
1502123593 845858
1502123593 946260
1502123594 80543
1502123594 104277
1502123594 277746
1502123594 292250
1502123594 440121
1502123594 445483
1502123594 555424
1502123594 646836
1502123594 718674
1502123594 762123
1502123594 949185
1502123594 991634
1502123595 121572
1502123595 203148
1502123595 351162
1502123595 366636
1502123595 437451
1502123595 568128
1502123595 668020
1502123595 759486
1502123595 927495
1502123595 951799
1502123596 48064
1502123596 158082
1502123596 239389
1502123596 368594
1502123596 450922
1502123596 623732
1502123596 628282
1502123596 777621
1502123596 810407
1502123596 940234
1502123596 982909
1502123597 17239
1502123597 242452
1502123597 257957
1502123597 472931
1502123597 497338
1502123597 574436
1502123597 578234
1502123597 776093
1502123597 788916
1502123597 894184
1502123598 25467
1502123598 95498
1502123598 237068
1502123598 305992
1502123598 390238
1502123598 412173
1502123598 514721
1502123598 584935
1502123598 620875
1502123598 690087
1502123598 831355
1502123598 872296
1502123598 917611
1502123599 15719
1502123599 167096
1502123599 236118
1502123599 322353
1502123599 425782
1502123599 591196
1502123599 599165
1502123599 715580
1502123599 771574
1502123599 849996
1502123599 991875
1502123600 60440
1502123600 212696
1502123600 223870
1502123600 338874
1502123600 393961
1502123600 425066
1502123600 588512
1502123600 643629
1502123600 758833
1502123600 857021
1502123600 865011
1502123601 68592
1502123601 85818
1502123601 276980
1502123601 336977
1502123601 490806
1502123601 527357
1502123601 730127
1502123601 757084
1502123601 855417
1502123601 863435
1502123602 27970
1502123602 35718
1502123602 113800
1502123602 285301
1502123602 286301
1502123602 420775
1502123602 429516
1502123602 594120
1502123602 688328
1502123602 747348
1502123602 765408
1502123602 871774
1502123602 890537
1502123602 996086
1502123603 4846
1502123603 101238
1502123603 226633
1502123603 322699
1502123603 359582
1502123603 524355
1502123603 609213
1502123603 667553
1502123603 686343
1502123603 821117
1502123603 936318
1502123603 964323
1502123604 89356
1502123604 204587
1502123604 204759
1502123604 368133
1502123604 415525
1502123604 492158
1502123604 569398
1502123604 645778
1502123604 665732
1502123604 741838
1502123604 771029
1502123604 876413
1502123604 981591
1502123605 125822
1502123605 144159
1502123605 240914
1502123605 374610
1502123605 443289
1502123605 517928
1502123605 596819
1502123605 643159
1502123605 767859
1502123605 808219
1502123605 959157
1502123606 57624
1502123606 84154
1502123606 220127
1502123606 352834
1502123606 450608
1502123606 487256
1502123606 565980
1502123606 659590
1502123606 672058
1502123606 777284
1502123606 803975
1502123606 863479
1502123607 45201
1502123607 53587
1502123607 132126
1502123607 196782
1502123607 247339
1502123607 350328
1502123607 390759
1502123607 573202
1502123607 609853
1502123607 772202
1502123607 774623
1502123607 878428
1502123607 948026
1502123608 108039
1502123608 139618
1502123608 329412
1502123608 350842
1502123608 485170
1502123608 520838
1502123608 571479
1502123608 789717
1502123608 821173
1502123608 990938
1502123609 23361
1502123609 144315
1502123609 262139
1502123609 373963
1502123609 387283
1502123609 528261
1502123609 569719
1502123609 694100
1502123609 786795
1502123609 953526
1502123610 55413
1502123610 97857
1502123610 256958
1502123610 298404
1502123610 401154
1502123610 432694
1502123610 507363
1502123610 612681
1502123610 634214
1502123610 747083
1502123610 787599
1502123610 938610
1502123611 28005
1502123611 178954
1502123611 277588
1502123611 332427
1502123611 373774
1502123611 552907
1502123611 642390
1502123611 677126
1502123611 850612
1502123611 863114
1502123612 45610
1502123612 52176
1502123612 205548
1502123612 228038
1502123612 333077
1502123612 339683
1502123612 506489
1502123612 551105
1502123612 637216
1502123612 640652
1502123612 780688
1502123612 832304
1502123612 885894
1502123612 947419
1502123613 72780
1502123613 88346
1502123613 322214
1502123613 337901
1502123613 424084
1502123613 561890
1502123613 673589
1502123613 759868
1502123613 763189
1502123613 859437
1502123613 903291
1502123614 8581
1502123614 98988
1502123614 210095
1502123614 300540
1502123614 430559
1502123614 541202
1502123614 679150
1502123614 742451
1502123614 919949
1502123614 983135
1502123615 97357
1502123615 159241
1502123615 347653
1502123615 380679
1502123615 577484
1502123615 610273
1502123615 827177
1502123615 859753
1502123615 961204
1502123616 81280
1502123616 86407
1502123616 282659
1502123616 336048
1502123616 455359
1502123616 537468
1502123616 694745
1502123616 728987
1502123616 854401
1502123616 916196
1502123617 67552
1502123617 113610
1502123617 309285
1502123617 372402
1502123617 478582
1502123617 501458
1502123617 602862
1502123617 751299
1502123617 843422
1502123617 865465
1502123618 63926
1502123618 114941
1502123618 268329
1502123618 284577
1502123618 380605
1502123618 478839
1502123618 601093
1502123618 709547
1502123618 812665
1502123618 863671
1502123618 927765
1502123619 55201
1502123619 119411
1502123619 246774
1502123619 368997
1502123619 409958
1502123619 474134
1502123619 580277
1502123619 620551
1502123619 743640
1502123619 841066
1502123619 935088
1502123619 965405
1502123620 118721
1502123620 155655
1502123620 378282
1502123620 425223
1502123620 597642
1502123620 617905
1502123620 724104
1502123620 828084
1502123620 933402
1502123620 992638
1502123621 97919
1502123621 182906
1502123621 290425
1502123621 336275
1502123621 432446
1502123621 558961
1502123621 614884
1502123621 779536
1502123621 864426
1502123622 18992
1502123622 36852
1502123622 210402
1502123622 258683
1502123622 478872
1502123622 499068
1502123622 594339
1502123622 622219
1502123622 824687
1502123622 844001
1502123622 997417
1502123623 16308
1502123623 227898
1502123623 284647
1502123623 382106
1502123623 390026
1502123623 487364
1502123623 581600
1502123623 583630
1502123623 706720
1502123623 726963
1502123623 852236
1502123623 967432
1502123623 975218
1502123624 91908
1502123624 137896
1502123624 244059
1502123624 341339
1502123624 464822
1502123624 522915
1502123624 569788
1502123624 619112
1502123624 733266
1502123624 811472
1502123624 819225
1502123625 1781
1502123625 41008
1502123625 125989
1502123625 175552
1502123625 281435
1502123625 336649
1502123625 441838
1502123625 539220
1502123625 567086
1502123625 635422
1502123625 768542
1502123625 904099
1502123625 970034
1502123626 58354
1502123626 85277
1502123626 199644
1502123626 249790
1502123626 324825
1502123626 518451
1502123626 574464
1502123626 651525
1502123626 720003
1502123626 845180
1502123626 853055
1502123626 939174
1502123627 87803
1502123627 131647
1502123627 267205
1502123627 372378
1502123627 381278
1502123627 477676
1502123627 601711
1502123627 631181
1502123627 794039
1502123627 870643
1502123627 898478
1502123628 82130
1502123628 139003
1502123628 177359
1502123628 378657
1502123628 417852
1502123628 542222
1502123628 571039
1502123628 656508
1502123628 705241
1502123628 801457
1502123628 838164
1502123628 973848
1502123629 78513
1502123629 79033
1502123629 175314
1502123629 241975
1502123629 433468
1502123629 444166
1502123629 538762
1502123629 540256
1502123629 617280
1502123629 692018
1502123629 799751
1502123629 806386
1502123629 921530
1502123630 17858
1502123630 49240
1502123630 183671
1502123630 267346
1502123630 355976
1502123630 372746
1502123630 529257
1502123630 545179
1502123630 672594
1502123630 755596
1502123630 865119
1502123630 996223
1502123631 104672
1502123631 110486
1502123631 197502
1502123631 238959
1502123631 302806
1502123631 456105
1502123631 460330
1502123631 594715
1502123631 667632
1502123631 748085
1502123631 821001
1502123631 910527
1502123631 945465
1502123632 35807
1502123632 174809
1502123632 304409
1502123632 367298
1502123632 429589
1502123632 545219
1502123632 606887
1502123632 731282
1502123632 813402
1502123632 951757
1502123633 63001
1502123633 76088
1502123633 200330
1502123633 254613
1502123633 315686
1502123633 359771
1502123633 420886
1502123633 603401
1502123633 609279
1502123633 753707
1502123633 757598
1502123633 959008
1502123633 965020
1502123634 60387
1502123634 93343
1502123634 147412
1502123634 274854
1502123634 291052
1502123634 410154
1502123634 560380
1502123634 582539
1502123634 703901
1502123634 803201
1502123634 848150
1502123634 985474
1502123635 59441
1502123635 205984
1502123635 299057
1502123635 385327
1502123635 455546
1502123635 587680
1502123635 724192
1502123635 741097
1502123635 817277
1502123635 992809
1502123635 999772
1502123636 134085
1502123636 165338
1502123636 268380
1502123636 428403
1502123636 470822
1502123636 597095
1502123636 719275
1502123636 731504
1502123636 913913
1502123636 939814
1502123637 17067
1502123637 154395
1502123637 208540
1502123637 404023
1502123637 458044
1502123637 509218
1502123637 572385
1502123637 691763
1502123637 735813
1502123637 821943
1502123637 844993
1502123638 8511
1502123638 91527
1502123638 248073
1502123638 282942
1502123638 408146
1502123638 487547
1502123638 599643
1502123638 678975
1502123638 743994
1502123638 833232
1502123638 935507
1502123638 957591
1502123639 62874
1502123639 204918
1502123639 216169
1502123639 300222
1502123639 455832
1502123639 521714
1502123639 646040
1502123639 705304
1502123639 828442
1502123639 859786
1502123639 905468
1502123639 964887
1502123640 88011
1502123640 156396
1502123640 193318
1502123640 310854
1502123640 366656
1502123640 473994
1502123640 519005
1502123640 694599
1502123640 749721
1502123640 893925
1502123640 944087
1502123641 116569
1502123641 133409
1502123641 210725
1502123641 318027
1502123641 443288
1502123641 450284
1502123641 604468
1502123641 615622
1502123641 699747
1502123641 875217
1502123641 949339
1502123642 66693
1502123642 169852
1502123642 287317
1502123642 390269
1502123642 402476
1502123642 544722
1502123642 614022
1502123642 758226
1502123642 784353
1502123642 911827
1502123642 976709
1502123643 151274
1502123643 215194
1502123643 340587
1502123643 400662
1502123643 535007
1502123643 589958
1502123643 660195
1502123643 801742
1502123643 899891
1502123644 2858
1502123644 73429
1502123644 233686
1502123644 329850
1502123644 331878
1502123644 476066
1502123644 492208
1502123644 598224
1502123644 667598
1502123644 810913
1502123644 837804
1502123644 936220
1502123644 943106
1502123645 105608
1502123645 108642
1502123645 279034
1502123645 358205
1502123645 444410
1502123645 470404
1502123645 547528
1502123645 597726
1502123645 759181
1502123645 847531
1502123645 893281
1502123645 969645
1502123646 19794
1502123646 155049
1502123646 162558
1502123646 279440
1502123646 306164
1502123646 384545
1502123646 392291
1502123646 489972
1502123646 576136
1502123646 612942
1502123646 727251
1502123646 758466
1502123646 882881
1502123646 890543
1502123647 15791
1502123647 26170
1502123647 120285
1502123647 216319
1502123647 285880
1502123647 456940
1502123647 487323
1502123647 562157
1502123647 640631
1502123647 754654
1502123647 764927
1502123647 957425
1502123647 984086
1502123648 137471
1502123648 158793
1502123648 283962
1502123648 358901
1502123648 427408
1502123648 483192
1502123648 522613
1502123648 608399
1502123648 782284
1502123648 790909
1502123649 2729
1502123649 39661
1502123649 144961
1502123649 240987
1502123649 242311
1502123649 337216
1502123649 347568
1502123649 462391
1502123649 559105
1502123649 567668
1502123649 721071
1502123649 741471
1502123649 845337
1502123649 942951
1502123649 970677
1502123650 29107
1502123650 125308
1502123650 201166
1502123650 239657
1502123650 422065
1502123650 431852
1502123650 585108
1502123650 691611
1502123650 719283
1502123650 796825
1502123650 872685
1502123650 941180
1502123651 17435
1502123651 151708
1502123651 180382
1502123651 334148
1502123651 353079
1502123651 536599
1502123651 545122
1502123651 708886
1502123651 727520
1502123651 871594
1502123651 977099
1502123652 82472
1502123652 139909
1502123652 351057
1502123652 398574
1502123652 505278
1502123652 581030
1502123652 676300
1502123652 687621
1502123652 773911
1502123652 925954
1502123653 4536
1502123653 31206
1502123653 176891
1502123653 251723
1502123653 311114
1502123653 338852
1502123653 445470
1502123653 530266
1502123653 635480
1502123653 665982
1502123653 771225
1502123653 866052
1502123653 867434
1502123654 58913
1502123654 105636
1502123654 251330
1502123654 259119
1502123654 375625
1502123654 383282
1502123654 577135
1502123654 623769
1502123654 654225
1502123654 778595
1502123654 892437
1502123654 941968
1502123655 102934
1502123655 143540
1502123655 199139
1502123655 364098
1502123655 448746
1502123655 536469
1502123655 592961
1502123655 737993
1502123655 794480
1502123655 844033
1502123655 899727
1502123655 987365
1502123656 24056
1502123656 112567
1502123656 227896
1502123656 245513
1502123656 437160
1502123656 467436
1502123656 544474
1502123656 600364
1502123656 640666
1502123656 755110
1502123656 849907
1502123657 24565
1502123657 118443
1502123657 188061
1502123657 377148
1502123657 388479
1502123657 482408
1502123657 522852
1502123657 577662
1502123657 628991
1502123657 799565
1502123657 897597
1502123657 942475
1502123658 115983
1502123658 166287
1502123658 339688
1502123658 365404
1502123658 547846
1502123658 550167
1502123658 656268
1502123658 787485
1502123658 924958
1502123658 988903
1502123659 75158
1502123659 88280
1502123659 247699
1502123659 336927
1502123659 410909
1502123659 535246
1502123659 605467
1502123659 755750
1502123659 846036
1502123659 928287
1502123660 66596
1502123660 158726
1502123660 238911
1502123660 263966
1502123660 488522
1502123660 532433
1502123660 714930
1502123660 748026
1502123660 844282
1502123660 858358
1502123661 35734
1502123661 98777
1502123661 237340
1502123661 357581
1502123661 381453
1502123661 506681
1502123661 529826
1502123661 673210
1502123661 707234
1502123661 864799
1502123661 956904
1502123662 28096
1502123662 110195
1502123662 257722
1502123662 302680
1502123662 398794
1502123662 478252
1502123662 609405
1502123662 660562
1502123662 852307
1502123662 879003
1502123662 974154
1502123663 72657
1502123663 146582
1502123663 177905
1502123663 260860
1502123663 293158
1502123663 475607
1502123663 500538
1502123663 705266
1502123663 769948
1502123663 926589
1502123663 971469
1502123664 85958
1502123664 176242
1502123664 262332
1502123664 335446
1502123664 348586
1502123664 527910
1502123664 588161
1502123664 624032
1502123664 683431
1502123664 748235
1502123664 827771
1502123664 872625
1502123664 971216
1502123665 122194
1502123665 211560
1502123665 326861
1502123665 371694
1502123665 422098
1502123665 477916
1502123665 583315
1502123665 585587
1502123665 698407
1502123665 854304
1502123665 919020
1502123665 988439
1502123666 6249
1502123666 91454
1502123666 216710
1502123666 228081
1502123666 301960
1502123666 333218
1502123666 496915
1502123666 523623
1502123666 628786
1502123666 678150
1502123666 792067
1502123666 937998
1502123666 974382
1502123667 127857
1502123667 158282
1502123667 348423
1502123667 349774
1502123667 425469
1502123667 530839
1502123667 580137
1502123667 685518
1502123667 752122
1502123667 771640
1502123667 867863
1502123667 905546
1502123667 944995
1502123668 29852
1502123668 127525
1502123668 251217
1502123668 271741
1502123668 394580
1502123668 491028
1502123668 501534
1502123668 625720
1502123668 712098
1502123668 721475
1502123668 836721
1502123668 913325
1502123669 57180
1502123669 105658
1502123669 210652
1502123669 374280
1502123669 392878
1502123669 613467
1502123669 632931
1502123669 729207
1502123669 833968
1502123669 844399
1502123669 930658
1502123670 16854
1502123670 36361
1502123670 179644
1502123670 246727
1502123670 323980
1502123670 381649
1502123670 401211
1502123670 505978
1502123670 535463
1502123670 592209
1502123670 621659
1502123670 707432
1502123670 813089
1502123670 870798
1502123671 5534
1502123671 63238
1502123671 187984
1502123671 225586
1502123671 303072
1502123671 340969
1502123671 437478
1502123671 504208
1502123671 590826
1502123671 667968
1502123671 705857
1502123671 820968
1502123671 916342
1502123671 917607
1502123672 119085
1502123672 165876
1502123672 282448
1502123672 320084
1502123672 435726
1502123672 588836
1502123672 618286
1502123672 693963
1502123672 761713
1502123672 915091
1502123672 962525
1502123673 87383
1502123673 232409
1502123673 327455
1502123673 327897
1502123673 452177
1502123673 509892
1502123673 663595
1502123673 740347
1502123673 816924
1502123673 864719
1502123673 989360
1502123674 47089
1502123674 152439
1502123674 171930
1502123674 247692
1502123674 354193
1502123674 449969
1502123674 546612
1502123674 641465
1502123674 690871
1502123674 727664
1502123674 796090
1502123674 920180
1502123675 16701
1502123675 170969
1502123675 178713
1502123675 314301
1502123675 428231
1502123675 448660
1502123675 658809
1502123675 689156
1502123675 879399
1502123675 919766
1502123676 32767
1502123676 63030
1502123676 282285
1502123676 312651
1502123676 389717
1502123676 464664
1502123676 475913
1502123676 569958
1502123676 649405
1502123676 714218
1502123676 735376
1502123676 927003
1502123676 963828
1502123677 59086
1502123677 157533
1502123677 309537
1502123677 407215
1502123677 520182
1502123677 618461
1502123677 635436
1502123677 694752
1502123677 779615
1502123677 897199
1502123677 991114
1502123678 21463
1502123678 144434
1502123678 146731
1502123678 394158
1502123678 396383
1502123678 499339
1502123678 594633
1502123678 635729
1502123678 731999
1502123678 738855
1502123678 940493
1502123678 971473
1502123679 182980
1502123679 189926
1502123679 286113
1502123679 422665
1502123679 535781
1502123679 547865
1502123679 720220
1502123679 746468
1502123679 957667
1502123679 979799
1502123680 92017
1502123680 219409
1502123680 302609
1502123680 417856
1502123680 420863
1502123680 619367
1502123680 641394
1502123680 776550
1502123680 821636
1502123680 881866
1502123681 89280
1502123681 93408
1502123681 300859
1502123681 333028
1502123681 425162
1502123681 477172
1502123681 616667
1502123681 726751
1502123681 856243
1502123681 870279
1502123682 14486
1502123682 76704
1502123682 90564
1502123682 182094
1502123682 287237
1502123682 350096
1502123682 512695
1502123682 536820
1502123682 646904
1502123682 777401
1502123682 829346
1502123682 934731
1502123682 949710
1502123683 156016
1502123683 170280
1502123683 261296
1502123683 428808
1502123683 443844
1502123683 664438
1502123683 697765
1502123683 783704
1502123683 913851
1502123684 43300
1502123684 87221
1502123684 173545
1502123684 234751
1502123684 259543
1502123684 359983
1502123684 500055
1502123684 580557
1502123684 739621
1502123684 849024
1502123684 892934
1502123685 17518
1502123685 50641
1502123685 228806
1502123685 271175
1502123685 392106
1502123685 414403
1502123685 536361
1502123685 626064
1502123685 747007
1502123685 862255
1502123685 865591
1502123686 73787
1502123686 125277
1502123686 207978
1502123686 352321
1502123686 364722
1502123686 498968
1502123686 582783
1502123686 720435
1502123686 726155
1502123686 822363
1502123686 892924
1502123686 989138
1502123687 43942
1502123687 161620
1502123687 254383
1502123687 411026
1502123687 436816
1502123687 650732
1502123687 667334
1502123687 820608
1502123687 871091
1502123687 993128
1502123688 5619
1502123688 197055
1502123688 233424
1502123688 293060
1502123688 415929
1502123688 465743
1502123688 655629
1502123688 696106
1502123688 770712
1502123688 935811
1502123688 963275
1502123689 97540
1502123689 137287
1502123689 231727
1502123689 329532
1502123689 404213
1502123689 453847
1502123689 577591
1502123689 653717
1502123689 722372
1502123689 749911
1502123689 895041
1502123689 999603
1502123690 39255
1502123690 105669
1502123690 182512
1502123690 239967
1502123690 278721
1502123690 374245
1502123690 461212
1502123690 470618
1502123690 595443
1502123690 690844
1502123690 690991
1502123690 893162
1502123690 940619
1502123691 17617
1502123691 26822
1502123691 161282
1502123691 170788
1502123691 324459
1502123691 363186
1502123691 487554
1502123691 544993
1502123691 621777
1502123691 785482
1502123691 843356
1502123692 44415
1502123692 63857
1502123692 217178
1502123692 255709
1502123692 485834
1502123692 496176
1502123692 611279
1502123692 687240
1502123692 802793
1502123692 830806
1502123692 899091
1502123693 42037
1502123693 100649
1502123693 166657
1502123693 215765
1502123693 301896
1502123693 339673
1502123693 455502
1502123693 551543
1502123693 589398
1502123693 704620
1502123693 733915
1502123693 973237
1502123693 983512
1502123694 183808
1502123694 203995
1502123694 337247
1502123694 386528
1502123694 473530
1502123694 481470
1502123694 625909
1502123694 713089
1502123694 769144
1502123694 857334
1502123694 970547
1502123694 972678
1502123695 135031
1502123695 220148
1502123695 250387
1502123695 393507
1502123695 480859
1502123695 536882
1502123695 615289
1502123695 786389
1502123695 826610
1502123695 949847
1502123696 86105
1502123696 151399
1502123696 248527
1502123696 323687
1502123696 430858
1502123696 583333
1502123696 623386
1502123696 757915
1502123696 822907
1502123696 996168
1502123697 17214
1502123697 91332
1502123697 112432
1502123697 199612
1502123697 216577
1502123697 410117
1502123697 418184
1502123697 543305
1502123697 669672
1502123697 801965
1502123697 900414
1502123697 986438
1502123698 51547
1502123698 187945
1502123698 243101
1502123698 367413
1502123698 447418
1502123698 549716
1502123698 648078
1502123698 732172
1502123698 837396
1502123698 897598
1502123698 933638
1502123699 28933
1502123699 79091
1502123699 278554
1502123699 280658
1502123699 405908
1502123699 412781
1502123699 511169
1502123699 604204
1502123699 693486
1502123699 776749
1502123699 952956
1502123699 988186
1502123700 141496
1502123700 173480
1502123700 288910
1502123700 382281
1502123700 391158
1502123700 478355
1502123700 544463
1502123700 573713
1502123700 736095
1502123700 775280
1502123700 918302
1502123700 996659
1502123701 23505
1502123701 216092
1502123701 255197
1502123701 418554
1502123701 455620
1502123701 513893
1502123701 618843
1502123701 754416
1502123701 811421
1502123701 897926
1502123701 935733
1502123702 100198
1502123702 194252
1502123702 282536
1502123702 424783
1502123702 503104
1502123702 511074
1502123702 625267
1502123702 750737
1502123702 761660
1502123702 903879
1502123702 983296
1502123703 95470
1502123703 117463
1502123703 229655
1502123703 270770
1502123703 463388
1502123703 469479
1502123703 584644
1502123703 616594
1502123703 689825
1502123703 721852
1502123703 856161
1502123703 958576
1502123703 981535
1502123704 150807
1502123704 172941
1502123704 269033
1502123704 342452
1502123704 461498
1502123704 562988
1502123704 659193
1502123704 682031
1502123704 841453
1502123704 930650
1502123705 110200
1502123705 123098
1502123705 247342
1502123705 340637
1502123705 420625
1502123705 532046
1502123705 544984
1502123705 656349
1502123705 689258
1502123705 877840
1502123705 880790
1502123705 986939
1502123706 117410
1502123706 169417
1502123706 261719
1502123706 389791
1502123706 424119
1502123706 510358
1502123706 563193
1502123706 701915
1502123706 802761
1502123706 923447
1502123707 3341
1502123707 66811
1502123707 239187
1502123707 242933
1502123707 339356
1502123707 508590
1502123707 598527
1502123707 719093
1502123707 815398
1502123707 828242
1502123708 49728
1502123708 74006
1502123708 145843
1502123708 170109
1502123708 269276
1502123708 390702
1502123708 413670
1502123708 496141
1502123708 644195
1502123708 716556
1502123708 778404
1502123708 975090
1502123708 979875
1502123709 62235
1502123709 229409
1502123709 253719
1502123709 427014
1502123709 440822
1502123709 556203
1502123709 642357
1502123709 695645
1502123709 820153
1502123709 834699
1502123709 929994
1502123710 89404
1502123710 93287
1502123710 227714
1502123710 323852
1502123710 348254
1502123710 510763
1502123710 573656
1502123710 779217
1502123710 784890
1502123710 995412
1502123710 999839
1502123711 101576
1502123711 115043
1502123711 197064
1502123711 284085
1502123711 287551
1502123711 392689
1502123711 533653
1502123711 613279
1502123711 696029
1502123711 718530
1502123711 792238
1502123711 919969
1502123711 926550
1502123712 108949
1502123712 141400
1502123712 233291
1502123712 284801
1502123712 454811
1502123712 515436
1502123712 636217
1502123712 735912
1502123712 818632
1502123712 880200
1502123713 4446
1502123713 11089
1502123713 126309
1502123713 202395
1502123713 224898
1502123713 288638
1502123713 359315
1502123713 471093
1502123713 493534
1502123713 548169
1502123713 589665
1502123713 701651
1502123713 762221
1502123713 874367
1502123713 877596
1502123713 963622
1502123714 85477
1502123714 184175
1502123714 210810
1502123714 327683
1502123714 392386
1502123714 539135
1502123714 603678
1502123714 757037
1502123714 807558
1502123714 939390
1502123714 999099
1502123715 142404
1502123715 160235
1502123715 333320
1502123715 344910
1502123715 469302
1502123715 476938
1502123715 631046
1502123715 632591
1502123715 728743
1502123715 860589
1502123715 947705
1502123715 968384
1502123716 112791
1502123716 120066
1502123716 197175
1502123716 333182
1502123716 350876
1502123716 455854
1502123716 571125
1502123716 582823
1502123716 792633
1502123716 803411
1502123716 868786
1502123716 966635
1502123716 994327
1502123717 99253
1502123717 235280
1502123717 348810
1502123717 359568
1502123717 435040
1502123717 531956
1502123717 550289
1502123717 771691
1502123717 781577
1502123717 973408
1502123718 2028
1502123718 49364
1502123718 117244
1502123718 155533
1502123718 270721
1502123718 376097
1502123718 482182
1502123718 635677
1502123718 721646
1502123718 856131
1502123718 904087
1502123719 96681
1502123719 124563
1502123719 298149
1502123719 374350
1502123719 393137
1502123719 575831
1502123719 586089
1502123719 690975
1502123719 806440
1502123719 931611
1502123719 959612
1502123720 133340
1502123720 170163
1502123720 333525
1502123720 382641
1502123720 554880
1502123720 594436
1502123720 650255
1502123720 785649
1502123720 822532
1502123720 966914
1502123720 987036
1502123721 159307
1502123721 169487
1502123721 275612
1502123721 302673
1502123721 496093
1502123721 513214
1502123721 726632
1502123721 753768
1502123721 868146
1502123721 908987
1502123722 33332
1502123722 108498
1502123722 187539
1502123722 302849
1502123722 348132
1502123722 542595
1502123722 607673
1502123722 657711
1502123722 780084
1502123722 830196
1502123722 983594
1502123723 19688
1502123723 204057
1502123723 221117
1502123723 310483
1502123723 365608
1502123723 568975
1502123723 634103
1502123723 664316
1502123723 873598
1502123723 914531
1502123724 47963
1502123724 85034
1502123724 154159
1502123724 259495
1502123724 353705
1502123724 450909
1502123724 603281
1502123724 605175
1502123724 814677
1502123724 863896
1502123725 83357
1502123725 122486
1502123725 332829
1502123725 343160
1502123725 535444
1502123725 562451
1502123725 696770
1502123725 745908
1502123725 888442
1502123725 899342
1502123726 108786
1502123726 158987
1502123726 224085
1502123726 312359
1502123726 453728
1502123726 523715
1502123726 599877
1502123726 655108
1502123726 686969
1502123726 811422
1502123726 866598
1502123726 888469
1502123727 19955
1502123727 60911
1502123727 231479
1502123727 320437
1502123727 403867
1502123727 570206
1502123727 586247
1502123727 675307
1502123727 826855
1502123727 886687
1502123728 31081
1502123728 37279
1502123728 152447
1502123728 289631
1502123728 421002
1502123728 453031
1502123728 526274
1502123728 673531
1502123728 746858
1502123728 788746
1502123728 871349
1502123728 952202
1502123728 967412
1502123729 115518
1502123729 140851
1502123729 239811
1502123729 284140
1502123729 408444
1502123729 470350
1502123729 571833
1502123729 585577
1502123729 825238
1502123729 840402
1502123729 940423
1502123730 65640
1502123730 90046
1502123730 219015
1502123730 301518
1502123730 344367
1502123730 516725
1502123730 559994
1502123730 728370
1502123730 790594
1502123730 804307
1502123730 890538
1502123730 992116
1502123731 63982
1502123731 136363
1502123731 160090
1502123731 231660
1502123731 303470
1502123731 437787
1502123731 443174
1502123731 538438
1502123731 553011
1502123731 692730
1502123731 697338
1502123731 836242
1502123731 946898
1502123732 28588
1502123732 81203
1502123732 152770
1502123732 330790
1502123732 403121
1502123732 504230
1502123732 594679
1502123732 609296
1502123732 762709
1502123732 796119
1502123732 926049
1502123733 45722
1502123733 88494
1502123733 141060
1502123733 213814
1502123733 361530
1502123733 453308
1502123733 457765
1502123733 578540
1502123733 697278
1502123733 722904
1502123733 841592
1502123733 847133
1502123734 628
1502123734 62110
1502123734 183077
1502123734 282697
1502123734 346296
1502123734 465179
1502123734 480659
1502123734 580419
1502123734 672971
1502123734 704741
1502123734 836355
1502123734 906104
1502123734 931668
1502123735 59601
1502123735 65970
1502123735 155664
1502123735 280023
1502123735 306459
1502123735 386081
1502123735 440741
1502123735 516997
1502123735 539529
1502123735 711971
1502123735 718426
1502123735 942608
1502123735 978026
1502123736 74255
1502123736 211133
1502123736 246595
1502123736 371860
1502123736 432638
1502123736 624033
1502123736 630510
1502123736 852117
1502123736 883572
1502123736 957171
1502123737 152226
1502123737 197699
1502123737 312951
1502123737 401756
1502123737 542740
1502123737 670285
1502123737 763983
1502123737 842820
1502123737 955556
1502123738 80671
1502123738 102281
1502123738 292288
1502123738 341913
1502123738 438092
1502123738 522688
1502123738 608745
1502123738 668696
1502123738 685033
1502123738 841059
1502123738 934730
1502123739 23442
1502123739 107951
1502123739 184175
1502123739 195942
1502123739 357539
1502123739 368321
1502123739 520084
1502123739 608865
1502123739 779405
1502123739 819430
1502123739 999999
1502123740 21653
1502123740 137073
1502123740 240729
1502123740 261340
1502123740 403853
1502123740 529944
1502123740 605368
1502123740 768808
1502123740 788646
1502123740 962024
1502123740 989297
1502123741 86201
1502123741 172404
1502123741 228785
1502123741 268611
1502123741 304987
1502123741 373907
1502123741 535483
1502123741 546339
1502123741 718815
1502123741 737219
1502123741 930097
1502123741 996460
1502123742 179815
1502123742 188118
1502123742 418496
1502123742 419241
1502123742 505528
1502123742 505644
1502123742 620737
1502123742 734501
1502123742 793494
1502123742 839537
1502123742 925806
1502123742 937609
1502123743 33699
1502123743 60059
1502123743 187060
1502123743 223459
1502123743 338709
1502123743 378543
1502123743 492096
1502123743 551041
1502123743 722604
1502123743 820487
1502123743 885917
1502123743 963803
1502123744 39293
1502123744 60031
1502123744 232543
1502123744 241620
1502123744 414097
1502123744 453968
1502123744 597359
1502123744 644585
