1502192935 499032
1502192935 705012
1502192935 954056
1502192936 173717
1502192936 335204
1502192936 502981
1502192936 582845
1502192936 761675
1502192937 4356
1502192937 87770
1502192937 208946
1502192937 443568
1502192937 583944
1502192937 835901
1502192937 983870
1502192938 205241
1502192938 471552
1502192938 623051
1502192938 841022
1502192938 984996
1502192939 81329
1502192939 321657
1502192939 567704
1502192939 789538
1502192939 888368
1502192940 146174
1502192940 375458
1502192940 539264
1502192940 702566
1502192940 938135
1502192941 126655
1502192941 264173
1502192941 392504
1502192941 526857
1502192941 625747
1502192941 824025
1502192942 27999
1502192942 209247
1502192942 445448
1502192942 604376
1502192942 850520
1502192943 48602
1502192943 280679
1502192943 511198
1502192943 597325
1502192943 683635
1502192943 901981
1502192944 123435
1502192944 385973
1502192944 632933
1502192944 844336
1502192945 87371
1502192945 226515
1502192945 423208
1502192945 579587
1502192945 713106
1502192945 865131
1502192946 111530
1502192946 241219
1502192946 411467
1502192946 628830
1502192946 759240
1502192947 1963
1502192947 241411
1502192947 391812
1502192947 547974
1502192947 692793
1502192947 854791
1502192948 90271
1502192948 356423
1502192948 577541
1502192948 839877
1502192949 15185
1502192949 179896
1502192949 331432
1502192949 604831
1502192949 801243
1502192949 885439
1502192950 145882
1502192950 345407
1502192950 504796
1502192950 613836
1502192950 700828
1502192950 908166
1502192951 59122
1502192951 206436
1502192951 476691
1502192951 643572
1502192951 866956
1502192952 103399
1502192952 225734
1502192952 386047
1502192952 537475
1502192952 696893
1502192952 934099
