1502199997 587056
1502199997 703003
1502199997 836600
1502199997 922919
1502199998 1546
1502199998 123875
1502199998 201409
1502199998 288407
1502199998 365429
1502199998 470054
1502199998 594347
1502199998 699962
1502199998 775806
1502199998 872226
1502199998 959068
1502199999 82634
1502199999 178866
1502199999 264958
1502199999 360594
1502199999 475623
1502199999 610010
1502199999 696910
1502199999 763435
1502199999 899259
1502200000 13869
1502200000 128213
1502200000 224275
1502200000 340353
1502200000 435002
1502200000 550037
1502200000 636304
1502200000 762384
1502200000 837692
1502200000 904914
1502200001 36233
1502200001 156788
1502200001 253026
1502200001 378251
1502200001 502590
1502200001 626855
1502200001 742110
1502200001 867482
1502200001 972701
1502200002 88431
1502200002 193282
1502200002 298487
1502200002 413683
1502200002 489984
1502200002 605318
1502200002 682062
1502200002 806688
1502200002 883047
1502200002 959112
1502200003 35351
1502200003 159610
1502200003 274875
1502200003 390236
1502200003 485524
1502200003 562622
1502200003 648597
1502200003 715545
