1502368330 645521
1502368330 657651
1502368330 702727
1502368330 714715
1502368330 760762
1502368330 772776
1502368330 817895
1502368330 829981
1502368330 972234
1502368330 984234
1502368331 318009
1502368331 330044
1502368331 375145
1502368331 387225
1502368331 730896
1502368331 742006
1502368331 941394
1502368331 953479
1502368332 613008
1502368332 625935
1502368332 776371
1502368332 788353
1502368332 880696
1502368332 894549
1502368333 131180
1502368333 144150
1502368333 380728
1502368333 393645
1502368333 486019
1502368333 498918
1502368333 639402
1502368333 652365
1502368333 697469
1502368333 710471
1502368333 754699
1502368333 767574
1502368333 812744
1502368333 825689
1502368334 62321
1502368334 75274
1502368334 148478
1502368334 161473
1502368334 609449
1502368334 621503
1502368334 666676
1502368334 679547
1502368334 954364
1502368334 967296
1502368335 117714
1502368335 130726
1502368335 674885
1502368335 687870
1502368335 847341
1502368335 860221
1502368336 29703
1502368336 42817
1502368336 403645
1502368336 416647
1502368336 672264
1502368336 686145
1502368337 334864
1502368337 348566
1502368337 392852
1502368337 405742
1502368337 690447
1502368337 703466
1502368337 747635
1502368337 761016
1502368337 804849
1502368337 818703
1502368337 862007
1502368337 875806
1502368338 284904
1502368338 298740
1502368338 390272
1502368338 404157
1502368338 937359
1502368338 951412
1502368339 43619
1502368339 57463
1502368339 100703
1502368339 114581
1502368339 186954
1502368339 200749
1502368339 446441
1502368339 459441
1502368339 868518
1502368339 882281
1502368340 377634
1502368340 391402
1502368340 982023
1502368340 995884
1502368341 40206
1502368341 53071
1502368341 952125
1502368341 965116
1502368342 633622
1502368342 646685
1502368342 835151
1502368342 848985
1502368343 55687
1502368343 69505
1502368343 112818
1502368343 126700
1502368343 199940
1502368343 212852
1502368343 506639
1502368343 520529
1502368343 957705
1502368343 971606
1502368344 322586
1502368344 336376
1502368344 524914
1502368344 537800
1502368344 592006
1502368344 604975
1502368344 649206
1502368344 663107
1502368344 706402
1502368344 720328
1502368345 205507
1502368345 219322
1502368345 263649
1502368345 277391
1502368345 320754
1502368345 334660
1502368345 503234
1502368345 517059
1502368345 561310
1502368345 575224
1502368345 743727
1502368345 757560
1502368346 13185
1502368346 26149
1502368346 751893
1502368346 765761
1502368347 202966
1502368347 216757
1502368347 376285
1502368347 389250
1502368347 443424
1502368347 456312
