1502358519 802799
1502358519 945615
1502358520 88185
1502358520 230629
1502358520 373572
1502358520 516231
1502358520 659113
1502358520 801770
1502358520 944323
1502358521 86732
1502358521 335166
1502358521 477850
1502358521 620845
1502358521 763695
1502358521 906311
1502358522 48820
1502358522 190999
1502358522 333919
1502358522 476394
1502358522 619063
1502358522 761461
1502358522 904260
1502358523 46532
1502358523 188588
1502358523 330951
1502358523 473580
1502358523 616385
1502358523 758863
1502358523 901567
1502358524 44440
1502358524 186745
1502358524 329855
1502358524 472636
1502358524 615040
1502358524 757950
1502358524 900846
1502358525 43363
1502358525 185915
1502358525 328668
1502358525 471810
1502358525 614702
1502358525 756882
1502358525 899292
1502358526 42035
1502358526 184233
1502358526 326832
1502358526 469192
1502358526 612181
1502358526 755133
1502358526 897898
1502358527 40811
1502358527 182862
1502358527 324945
1502358527 467553
1502358527 610031
1502358527 752953
1502358527 895680
1502358528 38223
1502358528 180759
1502358528 322954
1502358528 465764
1502358528 608707
1502358528 751443
1502358528 894427
1502358529 37408
1502358529 179949
1502358529 322822
1502358529 465595
1502358529 608574
1502358529 750628
1502358529 893584
1502358530 36323
1502358530 178877
1502358530 322324
1502358530 465434
1502358530 608279
1502358530 750626
1502358530 893499
1502358531 36059
1502358531 178667
1502358531 321280
1502358531 463994
1502358531 606432
1502358531 748931
1502358531 891660
1502358532 34553
1502358532 177469
1502358532 320473
1502358532 463065
1502358532 605662
1502358532 748324
1502358532 890942
1502358533 33634
1502358533 176159
1502358533 319028
1502358533 461471
1502358533 603894
1502358533 745897
1502358533 888552
1502358534 30589
1502358534 173101
1502358534 315492
1502358534 457594
1502358534 600065
1502358534 742597
1502358534 885209
1502358535 28039
1502358535 170756
1502358535 313603
1502358535 456067
1502358535 599165
1502358535 741898
1502358535 884509
1502358536 27525
1502358536 169676
1502358536 311998
1502358536 454277
1502358536 597040
1502358536 739786
1502358536 882675
1502358537 25237
