1499965531 513704
1499965531 719479
1499965531 896714
1499965532 47025
1499965532 233158
1499965532 375044
1499965532 532495
1499965532 703601
1499965532 884026
1499965533 49525
1499965533 199845
1499965533 349991
1499965533 493288
1499965533 673780
1499965533 838311
1499965534 3597
1499965534 169985
1499965534 346419
1499965534 520876
1499965534 667132
1499965534 858615
1499965535 27906
1499965535 168332
1499965535 314550
1499965535 496898
1499965535 656151
1499965535 802478
1499965535 947975
1499965536 92312
1499965536 272578
1499965536 456921
1499965536 637628
1499965536 782934
1499965536 959186
1499965537 135568
1499965537 282083
1499965537 447348
1499965537 633845
1499965537 820031
