1502374424 537923
1502374424 595850
1502374425 536998
1502374425 603397
1502374426 103272
1502374426 160394
1502374426 217438
1502374426 275591
1502374427 600613
1502374429 175661
1502374429 244179
1502374429 452675
1502374431 498248
1502374431 699759
1502374431 769127
1502374432 275107
1502374432 343217
1502374432 411658
1502374432 477757
1502374432 985686
1502374433 446718
1502374433 792532
1502374434 464040
1502374434 742444
1502374435 501247
1502374436 78428
1502374436 145533
1502374436 691854
1502374436 759519
1502374437 449808
1502374437 959788
1502374438 25380
1502374438 515336
1502374438 582230
1502374439 110163
1502374439 176836
1502374439 541365
1502374439 608959
1502374439 676165
1502374439 743024
