1502372525 751593
1502372526 13781
1502372526 76293
1502372526 162616
1502372526 620132
1502372526 863076
1502372527 105242
1502372527 171126
1502372527 171189
1502372527 236724
1502372527 294998
1502372527 353290
1502372527 441043
1502372527 505893
1502372527 571414
1502372528 237055
1502372529 113014
1502372529 514910
1502372530 736931
1502372530 840234
1502372531 164849
1502372532 104239
1502372532 692537
1502372533 123115
1502372533 365710
1502372533 429553
1502372533 429630
1502372533 792761
1502372533 861644
1502372533 920931
1502372534 239546
1502372534 386413
1502372535 43934
1502372535 109139
1502372535 360502
1502372535 551972
1502372535 618681
1502372536 651481
1502372536 738504
1502372537 37557
1502372538 258401
1502372538 733330
1502372539 116322
1502372539 267298
1502372539 372718
1502372540 35793
1502372540 301245
1502372540 370376
1502372540 907542
1502372541 25166
1502372541 90273
1502372541 157898
1502372542 413850
1502372542 481296
1502372543 709256
1502372544 123052
1502372544 205900
1502372544 448325
1502372544 636775
1502372544 879281
1502372544 949925
1502372545 222486
1502372545 285838
1502372545 739267
1502372546 50434
1502372546 143863
1502372546 292480
1502372546 359347
1502372546 506084
1502372546 634490
1502372546 773630
1502372546 839763
1502372546 920272
1502372546 991997
1502372547 437364
1502372547 839047
1502372548 22831
1502372548 361995
1502372548 479993
1502372548 792483
1502372549 8944
1502372549 323322
1502372549 835161
1502372550 141011
1502372550 446113
1502372551 319521
1502372551 612456
1502372551 758092
1502372551 828273
1502372551 895286
1502372552 446995
1502372552 710488
1502372553 569016
1502372554 648730
1502372554 793632
1502372555 59897
1502372555 142179
1502372555 588151
1502372555 954015
1502372556 290423
1502372556 358681
1502372556 425363
1502372556 761163
1502372556 955214
1502372557 37467
1502372557 261613
1502372557 333892
1502372557 693081
1502372557 761491
1502372557 994284
1502372558 121009
1502372558 499291
1502372558 564896
1502372558 631853
1502372558 747478
1502372559 269433
1502372559 333098
1502372560 473055
1502372560 543049
1502372560 643179
1502372560 705419
1502372560 772597
1502372561 323499
1502372561 386753
1502372561 455122
1502372561 522175
1502372561 811157
1502372561 906731
1502372561 972793
1502372562 68372
1502372562 941375
1502372563 9229
1502372563 186803
1502372563 533576
1502372563 834917
1502372564 212227
1502372564 283792
1502372564 847827
1502372565 7635
1502372565 168747
1502372565 315131
1502372565 740956
1502372565 807605
1502372566 39911
1502372566 802444
1502372567 3558
1502372567 155990
1502372567 223242
1502372567 354194
1502372567 634698
1502372567 747683
1502372568 48433
1502372568 376977
1502372568 442899
1502372568 841424
1502372569 199844
1502372569 369367
1502372569 541653
1502372570 572287
1502372570 754952
1502372571 300036
1502372642 665805
1502372642 757601
1502372643 747
1502372643 67699
1502372643 212631
1502372643 425088
1502372643 725073
1502372643 822951
1502372644 50634
1502372644 179964
1502372644 247195
1502372644 336096
1502372644 733648
1502372644 817875
1502372645 376893
1502372646 201107
1502372647 211612
1502372647 619014
1502372648 250206
1502372648 316895
1502372648 384091
1502372648 451873
1502372648 518368
1502372648 627241
1502372648 958532
1502372649 87329
1502372649 369097
1502372649 700306
1502372650 149280
1502372650 399084
1502372650 468360
1502372650 534860
1502372651 39196
1502372651 216101
1502372651 558132
1502372651 653597
1502372652 566387
1502372652 678736
1502372652 918042
1502372653 115352
1502372653 444524
1502372653 691775
1502372654 328601
1502372654 482058
1502372654 969696
1502372655 358079
1502372655 480933
1502372655 919987
1502372656 109265
1502372656 182171
1502372656 703644
1502372656 909733
1502372657 198291
1502372658 530332
1502372659 150733
1502372659 253191
1502372659 375492
1502372659 572808
1502372660 495194
1502372660 561517
1502372660 623576
1502372660 691137
1502372660 758353
1502372661 317034
1502372661 582165
1502372662 165504
1502372662 227696
1502372662 451736
1502372662 515533
1502372662 880265
1502372662 947655
1502372663 427674
1502372663 522593
1502372664 219355
1502372664 300030
1502372664 368099
1502372664 619795
1502372664 873865
1502372665 427742
1502372665 491356
1502372665 920228
1502372666 249688
1502372666 518949
1502372666 673681
1502372666 993066
1502372667 181117
1502372667 531683
1502372668 989566
1502372669 879710
1502372670 188845
1502372670 251953
1502372671 862495
1502372672 322428
1502372672 422545
1502372673 76756
1502372673 217872
1502372673 285261
1502372673 353166
1502372674 1527
1502372674 112209
1502372674 541605
1502372675 347312
1502372675 415340
1502372675 482449
1502372675 942539
1502372676 85387
1502372676 154681
1502372676 304727
1502372677 203839
1502372678 86307
1502372678 331397
1502372678 730696
1502372679 15790
1502372679 82324
1502372679 149619
1502372679 218125
1502372679 491433
1502372680 21507
1502372680 109450
1502372680 359838
1502372680 550368
1502372680 687477
1502372680 934640
1502372681 22777
1502372681 336855
1502372681 515565
1502372681 812381
1502372682 281448
1502372682 485941
1502372682 716774
1502372682 786575
1502372682 853998
1502372683 26835
1502372683 109355
1502372683 217436
1502372683 320646
1502372683 610634
1502372683 761848
1502372684 194512
1502372684 447776
1502372684 574420
1502372684 690364
1502372684 799256
1502372685 740169
1502372685 931971
1502372686 108252
1502372686 184337
1502372686 252146
1502372686 320151
1502372686 508687
1502372686 828445
1502372687 233775
1502372687 805499
1502372687 878657
1502372689 523155
1502372689 731624
1502372690 60467
1502372690 351125
1502372690 453839
1502372690 523089
1502372690 590443
1502372690 704965
1502372690 869431
1502372691 165024
1502372691 460683
1502372691 834478
1502372692 623296
1502372692 707648
1502372692 769340
1502372693 95071
1502372693 603379
1502372693 782477
1502372693 853913
1502372693 920874
1502372693 988416
1502372694 181980
1502372694 431270
1502372694 731455
1502372694 988252
1502372695 530159
1502372695 599494
1502372695 666931
1502372695 904303
1502372696 938173
1502372697 115705
1502372697 371458
1502372697 560502
1502372697 625660
1502372697 691857
1502372698 85766
1502372698 182815
1502372698 312697
1502372698 382736
1502372698 716926
1502372699 859750
1502372700 299701
1502372700 457667
1502372701 165634
1502372701 234094
1502372701 388320
1502372701 661208
1502372702 194732
1502372702 437289
1502372702 679819
1502372702 923206
1502372703 165731
1502372703 409082
1502372703 651945
1502372713 640923
1502372713 808707
1502372714 105616
1502372714 465184
1502372714 528002
1502372715 439528
1502372715 750557
1502372716 10650
1502372716 72278
1502372717 835999
1502372717 912875
1502372717 994321
1502372718 79815
1502372718 407706
1502372718 632796
1502372719 163631
1502372719 719372
1502372719 784832
1502372720 288974
1502372720 354258
1502372720 423680
1502372720 489398
1502372721 429603
1502372721 540776
1502372721 770748
1502372722 21421
1502372722 455158
1502372723 89410
1502372724 270151
1502372724 940121
1502372725 50049
1502372725 163079
1502372725 279187
1502372726 98054
1502372726 161285
1502372726 315058
1502372726 968624
1502372727 290449
1502372727 351385
1502372727 351530
1502372727 652508
1502372727 765840
1502372727 866199
1502372728 569106
1502372729 706383
1502372730 210041
1502372730 606174
1502372731 121297
1502372731 889702
1502372732 139498
1502372732 709222
1502372732 774608
1502372733 58493
1502372733 569035
1502372733 772226
1502372733 840371
1502372733 968089
1502372734 56573
1502372734 127059
1502372734 202478
1502372734 270933
1502372734 375372
1502372734 715731
1502372734 905381
1502372735 1877
1502372735 354214
1502372736 491992
1502372736 555054
1502372736 676128
1502372736 746853
1502372736 813816
1502372736 880764
1502372736 948466
1502372737 113653
1502372745 731196
1502372746 99304
1502372746 274467
1502372746 453897
1502372746 932743
1502372747 77563
1502372747 140908
1502372747 410064
1502372747 554455
1502372748 11208
1502372748 172683
1502372748 252572
1502372748 342725
1502372748 552254
1502372749 21490
1502372749 307477
1502372749 375631
1502372749 625954
1502372749 694445
1502372750 224851
1502372751 42733
1502372751 533361
1502372751 722330
1502372752 496291
1502372752 563323
1502372752 632988
1502372752 700290
1502372752 916294
1502372753 125091
1502372753 668383
1502372753 735822
1502372754 289181
1502372754 524025
1502372754 739155
1502372754 853395
1502372754 977555
1502372755 650825
1502372755 805463
1502372756 917058
1502372757 159964
1502372757 230186
1502372757 230287
1502372757 473062
1502372757 538594
1502372757 538768
1502372757 626214
1502372758 290925
1502372758 362773
1502372758 430052
1502372759 158387
1502372759 590099
1502372759 714289
1502372760 144086
1502372760 503736
1502372760 571469
1502372760 637106
1502372760 919262
1502372761 33308
1502372761 207299
1502372761 533006
1502372762 284349
1502372763 142306
1502372763 348912
1502372764 685287
1502372765 179283
1502372765 245850
1502372765 399615
1502372765 464198
1502372765 582856
1502372765 732528
1502372765 956968
1502372766 89571
1502372766 420240
1502372766 795146
1502372767 208488
1502372768 777434
1502372768 884668
1502372769 193282
1502372769 255901
1502372769 437666
1502372769 684997
1502372770 308183
1502372770 857686
1502372770 975104
1502372771 229669
1502372772 456392
1502372772 696162
1502372772 761252
1502372772 867630
1502372774 266821
1502372774 849999
1502372774 922293
1502372775 734640
1502372775 865739
1502372775 937678
1502372776 339222
1502372776 490426
1502372776 855704
1502372777 453297
1502372777 901230
1502372777 970455
1502372778 80379
1502372778 143961
1502372778 557440
1502372778 624413
1502372779 223060
1502372779 651437
1502372779 806109
1502372780 27345
1502372780 642509
1502372781 349991
1502372781 416349
1502372781 787423
1502372782 197765
1502372782 353736
1502372782 468655
1502372782 859515
1502372783 788937
1502372784 5183
1502372784 75850
1502372784 885996
1502372785 24499
1502372785 107680
1502372785 741059
1502372786 127548
1502372786 305164
1502372796 381894
1502372796 449441
1502372796 683315
1502372796 745900
1502372797 29811
1502372797 374196
1502372797 436706
1502372797 512300
1502372797 703315
1502372798 533720
1502372798 642033
1502372798 818960
1502372799 421991
1502372799 496635
1502372799 565182
1502372799 656162
1502372799 724208
1502372800 183572
1502372800 454199
1502372800 538892
1502372800 645529
1502372800 710697
1502372802 550340
1502372803 582949
1502372804 34275
1502372804 159859
1502372804 465881
1502372804 575942
1502372805 104741
1502372805 427676
1502372805 573434
1502372806 656934
1502372806 986443
1502372807 46513
1502372807 46696
1502372807 137086
1502372807 494627
1502372807 572921
1502372807 842547
1502372807 905695
1502372807 959767
1502372808 149036
1502372808 611792
1502372808 894118
1502372809 137152
1502372809 208701
1502372809 273558
1502372809 411712
1502372809 516299
1502372809 616314
1502372809 874622
1502372810 547004
1502372810 768768
1502372811 398689
1502372811 466385
1502372811 625758
1502372812 185828
1502372812 669622
1502372813 265685
1502372813 464172
1502372813 524791
1502372813 850092
1502372813 913409
1502372814 91666
1502372814 422434
1502372814 919918
1502372815 122909
1502372815 612113
1502372815 676850
1502372815 678144
1502372815 919786
1502372815 984841
1502372816 70391
1502372816 208723
1502372816 270861
1502372816 528560
1502372817 537853
1502372817 616021
1502372817 964452
1502372818 387405
1502372818 612383
1502372819 606468
1502372819 729737
1502372819 893842
1502372820 93745
1502372820 166939
1502372820 342940
1502372820 408214
1502372820 475136
1502372820 543191
1502372821 57615
1502372821 293668
1502372821 417450
1502372821 666580
1502372822 14454
1502372822 524591
1502372822 603575
1502372822 809318
1502372822 920405
1502372822 980809
1502372823 201341
1502372823 409309
1502372823 470913
1502372823 538214
1502372824 106512
1502372824 199017
1502372824 794979
1502372825 308193
1502372825 511880
1502372825 751043
1502372826 7410
1502372826 72517
1502372826 229863
1502372826 958941
1502372827 134480
1502372829 64421
1502372829 133661
1502372829 761836
1502372829 826770
1502372829 893220
1502372829 961754
1502372830 487694
1502372830 879073
1502372831 71608
1502372831 244414
1502372831 406114
1502372831 509986
1502372831 838582
1502372832 563311
1502372832 838628
1502372833 202479
1502372833 413438
1502372833 482652
1502372833 885518
1502372834 351202
1502372835 262739
1502372835 326760
1502372835 589083
1502373741 351547
1502373741 419464
1502373741 526683
1502373742 400933
1502373743 251032
1502373743 316588
1502373743 928105
1502373743 999882
1502373744 700295
1502373744 766558
1502373746 635408
1502373746 818083
1502373747 88495
1502373747 287833
1502373747 357125
1502373747 424888
1502373747 921540
1502373747 990754
1502373748 98893
1502373748 195648
1502373748 912711
1502373750 322076
1502373750 601546
1502373750 897381
1502373750 971877
1502373751 34888
1502373751 96311
1502373751 249488
1502373751 777054
1502373752 1008
1502373752 749138
1502373753 27681
1502373753 415144
1502373753 491893
1502373753 731679
1502373754 60621
1502373754 209388
1502373754 375167
1502373754 798109
1502373754 908036
1502373755 92536
1502373755 513385
1502373755 943731
1502373756 7587
1502373756 75106
1502373756 708831
1502373756 823501
1502373756 890761
1502373756 958045
1502373757 170316
1502373757 288511
1502373758 448468
1502373758 749776
1502373759 554384
1502373759 833297
1502373760 206214
1502373760 269501
1502373760 918402
1502373760 987824
1502373762 105996
1502373762 267962
1502373762 333907
1502373762 538435
1502373762 601763
1502373762 671241
1502373762 735284
1502373763 208734
1502373763 516353
1502373763 761674
1502373764 10460
1502373764 890966
1502373764 952784
1502373765 20243
1502373765 381362
1502373765 451867
1502373765 650015
1502373765 922738
1502373766 70861
1502373766 350450
1502373766 683969
1502373766 748973
1502373767 498566
1502373767 814342
1502373768 142916
1502373768 739442
1502373768 828133
1502373768 970377
1502373769 33357
1502373769 99802
1502373769 221167
1502373770 677468
1502373770 926152
1502373771 140309
1502373771 397518
1502373771 762871
1502373772 194033
1502373772 564408
1502373772 779418
1502373772 934372
1502373773 28301
1502373773 93804
1502373773 180964
1502373773 282087
1502373773 432567
1502373773 497154
1502373773 582935
1502373774 473508
1502373774 795942
1502373775 206669
1502373775 449485
1502373775 569361
1502373776 21095
1502373776 220938
1502373777 375759
1502373777 551931
1502373777 680888
1502373777 760802
1502373778 277769
1502373778 412846
1502373778 556823
1502373778 666292
1502373778 798051
1502373898 192973
1502373898 435671
1502373898 679546
1502373898 923008
1502373899 166716
1502373899 410413
1502373899 652847
1502373899 896408
1502373900 138625
1502373900 381755
1502373900 625449
1502373900 868651
1502373901 111848
1502373901 355075
1502373901 597367
1502373901 840814
1502373902 83039
1502373902 325300
1502373902 568144
1502373902 811010
1502373903 55045
1502373903 297654
1502373903 540458
1502373903 782691
1502373904 26285
1502373904 269826
1502373904 512883
1502373904 756939
1502373904 999959
1502373905 242925
1502373905 486458
1502373905 728876
1502373905 971432
1502373906 214102
1502373906 457798
1502373906 700378
1502373906 942929
1502373907 185393
1502373907 428328
1502373907 670833
1502373907 913622
1502373908 156493
1502373908 399324
1502373908 642401
1502373908 885376
1502373909 128928
1502373909 371803
1502373909 614415
1502373909 857261
1502373910 100768
1502373910 343829
1502373910 586675
1502373910 828888
1502373911 71240
1502373911 315580
1502373911 559129
1502373911 802392
1502373912 45220
1502373912 287639
1502373912 530149
1502373912 773189
1502373913 16704
1502373913 259889
1502373913 502345
1502373913 745595
1502373913 988683
1502373914 231100
1502373914 474277
1502373914 716808
1502373914 959908
1502373915 206606
1502373915 449248
1502373915 692061
1502373915 935723
1502373916 179241
1502373916 423744
1502373916 666546
1502373916 909759
1502373917 153035
1502373917 396704
1502373917 639936
1502373917 882687
1502373918 126344
1502373918 369010
1502373918 611404
1502373918 857935
1502373919 101177
1502373919 345048
1502373919 587973
1502373919 830708
1502373920 74093
1502373920 318083
1502373920 560714
1502373920 803549
1502373921 46576
1502373921 290163
1502373921 533810
1502373921 777609
1502373922 20537
1502373922 263203
1502373922 506885
1502373922 749405
1502373922 992686
1502373923 234941
1502373923 478063
1502373923 720912
1502373923 963463
1502373924 206578
1502373924 449255
1502373924 691802
1502373924 934806
1502373925 177696
1502373925 419861
1502373925 665865
1502373925 908742
1502373926 151338
1502373926 393955
1502373926 636326
1502373926 879424
1502373927 122551
1502373927 365695
1502373927 608052
1502373927 850321
1502373928 93359
1502373928 335786
1502373928 579003
1502373928 821728
1502373929 64978
1502373929 307274
1502373929 550236
1502373929 794410
1502373930 36682
1502373930 279601
1502373930 523570
1502373930 766832
1502373931 9995
1502373931 254109
1502373931 497000
1502373931 740186
1502373931 983118
1502373932 226633
1502373932 469476
1502373932 712904
1502373932 956382
1502373933 199230
1502373933 441658
1502373933 690332
1502373933 933070
1502373934 175849
1502373934 418306
1502373934 662043
1502373934 904677
1502373935 146843
1502373935 389029
1502373935 632320
1502373935 875955
1502373936 118671
1502373936 367189
1502373936 613807
1502373936 856429
1502373937 99044
1502373937 342309
1502373937 585542
1502373937 828522
1502373938 71010
1502373938 315132
1502373938 558119
1502373938 800871
1502373939 43555
1502373939 286773
1502373939 530621
1502373939 773532
1502373940 16035
1502373940 258978
1502373940 501120
1502373940 744026
1502373940 986873
1502373941 229684
1502373941 472541
1502373941 715225
1502373941 958004
1502373942 200526
1502373942 444483
1502373942 687331
1502373942 930079
1502373943 172992
1502373943 416631
1502373943 659910
1502373943 902841
1502373944 145535
1502373944 388680
1502373944 631991
1502373944 874758
1502373945 116977
1502373945 359492
1502373945 602637
1502373945 844810
1502373946 92208
1502373946 335075
1502373946 578199
1502373946 825478
1502373947 68745
1502373947 319789
1502373947 562603
1502373947 805235
1502373948 48208
1502373948 291652
1502373948 534502
1502373948 777392
1502373949 19934
1502373949 263291
1502373949 506595
1502373949 750052
1502373949 992861
1502373950 235477
1502373950 478114
1502373950 721006
1502373950 968533
1502373951 211160
1502373951 454731
1502373951 697234
1502373951 940249
1502373952 183270
1502373952 426537
1502373952 669964
1502373952 913141
1502373953 157005
1502373953 399709
1502373953 642480
1502373953 885559
1502373954 128230
1502373954 371374
1502373954 614353
1502373954 856917
1502373955 100173
1502373955 343952
1502373955 587564
1502373955 830451
1502373956 73073
1502373956 317217
1502373956 559706
1502373956 801972
1502373957 44496
1502373957 287615
1502373957 530963
1502373957 774197
1502373958 16818
1502373958 259702
1502373958 502670
1502373958 745070
1502373958 987711
1502373959 232907
1502373959 475855
1502373959 718543
1502373959 961727
1502373960 205129
1502373960 448743
1502373960 691680
1502373960 934576
1502373961 176821
1502373961 419691
1502373961 662975
1502373961 905546
1502373962 148446
1502373962 391267
1502373962 634231
1502373962 877323
1502373963 120058
1502373963 362463
1502373963 605429
1502374004 121611
1502374004 430514
1502374005 141087
1502374005 313133
1502374005 891791
1502374006 29450
1502374006 272472
1502374006 329953
1502374006 388333
1502374006 544799
1502374006 612000
1502374006 809114
1502374007 177102
1502374007 240903
1502374007 723516
1502374007 846374
1502374008 580517
1502374009 162477
1502374009 315260
1502374009 422863
1502374009 487778
1502374009 555404
1502374009 840232
1502374010 73085
1502374010 371465
1502374011 114381
1502374036 963473
1502374037 757819
1502374037 834633
1502374037 907274
1502374038 91628
1502374038 200047
1502374038 259752
1502374038 638180
1502374040 11997
1502374040 205374
1502374040 564346
1502374040 623496
1502374040 685001
1502374040 740695
1502374040 927506
1502374041 24241
1502374041 396002
1502374041 457942
1502374041 591978
1502374041 835048
1502374041 897170
1502374042 17616
1502374042 214098
1502374042 372903
1502374042 435685
1502374042 823701
1502374042 886074
1502374042 966068
1502374043 29700
1502374044 210930
1502374044 950559
1502374045 237467
1502374045 456139
1502374045 741523
1502374045 978027
1502374046 384574
1502374046 883566
1502374046 947998
1502374047 3662
1502374047 426944
1502374047 879757
1502374047 935189
1502374047 997627
1502374048 191875
1502374048 251583
1502374048 494200
1502374048 798450
1502374049 134652
1502374049 254868
1502374049 602695
1502374049 663252
1502374050 494889
1502374050 555627
1502374050 788185
1502374050 919622
1502374050 990302
1502374051 91510
1502374051 261310
1502374051 434413
1502374051 671856
1502374051 831308
1502374051 962066
1502374052 26062
1502374052 809338
1502374053 835063
1502374054 203754
1502374054 537402
1502374054 988581
1502374055 372122
1502374055 748262
1502374056 26342
1502374056 234515
1502374056 646674
1502374057 354291
1502374058 482729
1502374058 981779
1502374059 199009
1502374059 484707
1502374059 683134
1502374060 228164
1502374060 336833
1502374060 616593
1502374061 69546
1502374061 202292
1502374061 272476
1502374061 335333
1502374061 506996
1502374061 762976
1502374062 12971
1502374062 734246
1502374062 803810
1502374063 882956
1502374063 975016
1502374064 74800
1502374064 779139
1502374064 858192
1502374066 231691
1502374066 489181
1502374066 556473
1502374066 864563
1502374066 967326
1502374067 255179
1502374067 324577
1502374067 390571
1502374067 553393
1502374067 622867
1502374068 180332
1502374068 244486
1502374068 677270
1502374068 798315
1502374069 408792
1502374069 473476
1502374070 276950
1502374070 590279
1502374070 777083
1502374070 847432
1502374071 279572
1502374072 102054
1502374072 484604
1502374072 611188
1502374073 170937
1502374073 722877
1502374073 838307
1502374073 907790
1502374073 975928
1502374074 43387
1502374074 113304
1502374074 178390
1502374074 631757
1502374074 760617
1502374075 282556
1502374075 348255
1502374076 276994
1502374076 346156
1502374076 413343
1502374076 523563
1502374076 600067
1502374077 691169
1502374077 904857
1502374077 968060
1502374078 36036
1502374078 165208
1502374078 227507
1502374078 294420
1502374078 361458
1502374078 574047
1502374078 722504
1502374079 215405
1502374079 444202
1502374079 513782
1502374079 581981
1502374079 671653
1502374080 578728
1502374080 769507
1502374080 969743
1502374081 39436
1502374081 348631
1502374081 875198
1502374081 942584
1502374082 141571
1502374082 212651
1502374082 278165
1502374082 466095
1502374082 528511
1502374082 595325
1502374082 895247
1502374083 179590
1502374083 276419
1502374083 620463
1502374083 689653
1502374083 767565
1502374085 79114
1502374085 287022
1502374085 530564
1502374085 772993
1502374086 15966
1502374086 259237
1502374222 518900
1502374222 761707
1502374223 4606
1502374223 248214
1502374223 491457
1502374223 735253
1502374223 977428
1502374224 220542
1502374224 463420
1502374224 706381
1502374224 949967
1502374225 193006
1502374225 436310
1502374225 682981
1502374225 926075
1502374226 169080
1502374226 411687
1502374226 654963
1502374226 897483
1502374227 139995
1502374227 382903
1502374227 625671
1502374227 868126
1502374228 110487
1502374228 353895
1502374228 597390
1502374228 839625
1502374229 82192
1502374229 324626
1502374229 567202
1502374229 811377
1502374230 54716
1502374230 298153
1502374230 541459
1502374230 784309
1502374231 28018
1502374231 270316
1502374231 513573
1502374231 755791
1502374231 998947
1502374232 242262
1502374232 485261
1502374232 728417
1502374232 971717
1502374233 214207
1502374233 457574
1502374233 701809
1502374233 945444
1502374234 190747
1502374234 433337
1502374234 677647
1502374234 920062
1502374235 162587
1502374235 406131
1502374235 649295
1502374235 892625
1502374296 72677
1502374296 298712
1502374296 357778
1502374296 499244
1502374296 560195
1502374296 685185
1502374296 999952
1502374297 244134
1502374297 309151
1502374297 447856
1502374297 527976
1502374298 356248
1502374299 362700
1502374299 719520
1502374300 187448
1502374300 255656
1502374300 374426
1502374300 773007
1502374301 374000
1502374301 815962
1502374301 877080
1502374301 968110
1502374302 460420
1502374302 703147
1502374302 892844
1502374303 135912
1502374303 378465
1502374303 442507
1502374303 685320
1502374303 749407
1502374303 809951
1502374303 874519
1502374303 931844
1502374303 989961
1502374304 47030
1502374304 531751
1502374304 595006
1502374304 664794
1502374304 774596
1502374304 836323
1502374305 209900
1502374306 144937
1502374306 388083
1502374306 519362
1502374306 979439
1502374307 140268
1502374307 382594
1502374308 18762
1502374308 261646
1502374308 401756
1502374308 544988
1502374308 857726
1502374309 101469
1502374309 163589
1502374309 329491
1502374310 366136
1502374310 451021
1502374310 633957
1502374311 32131
1502374311 187940
1502374311 430982
1502374311 674038
1502374311 744760
1502374311 987285
1502374312 58397
1502374312 129454
1502374312 197448
1502374312 279251
1502374312 386630
1502374312 455520
1502374312 677953
1502374313 171142
1502374313 413489
1502374313 480560
1502374313 547798
