1501518580 429180
1501518580 515278
1501518580 610709
1501518580 697727
1501518580 802979
1501518580 889074
1501518581 263132
1501518581 349446
1501518581 425457
1501518581 520678
1501518581 597806
1501518581 779588
1501518581 904008
1501518581 989885
1501518582 85147
1501518582 210404
1501518582 334784
1501518582 420931
1501518582 507071
1501518582 919231
1501518583 5436
1501518583 91628
1501518583 177734
1501518583 263169
1501518583 350358
1501518583 436471
1501518583 599108
1501518583 685314
1501518583 771293
1501518583 857488
1501518583 943661
1501518584 29894
1501518584 116369
1501518584 202417
1501518584 288401
1501518584 373864
1501518584 461074
1501518584 547219
1501518584 633460
1501518584 719661
1501518584 805981
1501518584 891982
1501518584 977527
1501518585 64530
1501518585 150773
1501518585 236902
1501518585 323340
1501518585 409628
1501518585 495728
1501518585 581806
1501518585 668230
1501518585 754180
1501518585 840689
1501518585 926561
1501518586 12766
1501518586 98882
1501518586 184262
1501518586 271452
1501518586 357514
1501518586 442905
1501518586 529914
1501518586 616267
1501518586 702607
1501518586 788562
1501518586 874334
1501518586 960250
1501518587 46386
1501518587 132675
1501518587 227970
1501518587 314089
1501518587 401291
1501518587 487479
1501518587 573597
1501518587 659864
1501518587 745193
1501518587 832294
1501518587 927696
1501518588 23065
1501518588 119196
1501518588 205422
1501518588 301471
1501518588 397571
1501518588 492927
1501518588 589174
1501518588 684618
1501518588 779772
1501518588 876062
1501518588 971419
1501518589 57450
1501518589 152878
1501518589 238937
1501518589 325220
1501518589 420433
1501518589 516714
1501518589 602805
1501518589 698194
1501518589 784304
1501518589 879654
1501518589 974964
1501518590 71409
1501518590 167423
1501518590 253771
1501518590 349700
1501518590 444966
1501518590 531248
1501518590 627504
1501518590 722714
1501518590 808829
1501518590 896225
1501518590 991548
1501518591 87535
1501518591 173749
1501518591 270095
1501518591 356258
1501518591 442353
1501518591 537635
1501518591 623986
1501518591 720282
1501518591 816280
1501518591 902501
1501518591 988586
1501518592 74122
1501518592 170729
1501518592 256373
1501518592 352864
1501518592 438899
1501518592 543959
1501518592 640187
1501518593 455521
1501518593 541700
1501518593 637841
1501518593 724072
1501518593 819359
1501518593 906319
1501518593 992424
1501518594 144968
1501518594 240314
1501518594 480017
1501518594 566106
1501518594 671426
1501518594 757513
1501518594 843811
1501518594 919917
1501518595 198728
1501518595 284834
1501518595 419242
1501518595 870381
1501518595 956330
1501518596 32545
1501518596 118817
1501518596 253144
1501518596 330511
1501518596 598947
1501518596 685086
1501518596 771262
1501518596 857476
1501518597 10842
1501518597 135209
1501518597 221330
1501518597 307491
1501518597 392876
1501518597 479905
1501518597 565275
1501518597 652359
1501518597 738573
1501518597 823982
1501518597 911222
1501518597 997289
1501518598 83496
1501518598 169659
1501518598 255967
1501518598 342188
1501518598 428269
1501518598 514762
1501518598 601107
1501518598 686988
1501518598 773468
1501518598 859548
1501518598 945612
1501518599 31858
1501518599 117940
1501518599 213470
1501518599 299618
1501518599 385767
1501518599 481063
1501518599 568280
1501518599 663855
1501518599 750035
1501518599 845797
1501518599 941186
1501518600 37315
1501518600 132668
1501518600 227858
1501518600 324157
1501518600 419388
1501518600 505757
1501518600 601935
1501518600 688062
1501518600 783343
1501518600 869507
1501518600 956572
1501518601 42874
1501518601 138112
1501518601 215605
1501518601 339571
1501518601 435726
1501518601 521948
1501518601 609180
1501518601 695337
1501518601 781736
1501518601 876728
1501518601 964307
1501518602 50146
1501518602 136359
1501518602 231849
1501518602 327082
1501518602 423344
1501518602 509515
1501518602 595732
1501518602 681938
1501518602 768346
1501518602 854215
1501518602 940537
1501518603 35874
1501518603 122958
1501518603 209155
1501518603 304397
1501518603 391495
1501518603 612297
1501518603 784596
1501518603 870744
1501518603 966156
1501518604 62247
1501518604 148373
1501518604 243494
1501518604 330022
1501518604 416308
1501518604 502399
1501518604 597785
1501518604 683868
1501518604 808248
1501518604 894212
1501518604 979878
1501518605 65767
1501518605 152148
1501518605 238373
1501518605 324673
1501518605 410820
1501518605 496830
1501518605 583169
1501518605 669293
1501518605 755471
1501518605 841821
1501518605 995545
1501518606 81385
1501518606 176983
1501518606 262941
1501518606 358175
1501518606 445361
1501518606 531500
1501518606 626805
1501518606 722943
1501518606 818378
1501518606 905459
1501518606 991815
1501518607 77875
1501518607 164108
1501518607 288157
1501518607 374506
1501518607 461759
1501518607 548162
1501518607 634706
1501518607 720467
1501518607 806510
1501518607 892769
1501518607 978954
1501518608 65149
1501518608 151486
1501518608 237665
1501518608 323779
1501518608 410056
1501518608 496205
1501518608 582419
1501518608 668711
1501518608 754820
1501518608 841138
1501518608 927267
1501518609 13491
1501518609 100141
1501518609 185146
1501518609 272209
1501518609 358225
1501518609 444612
1501518609 530653
1501518609 617091
1501518609 703177
1501518609 789419
1501518609 875723
1501518609 961845
1501518610 48107
1501518610 134514
1501518610 220474
1501518610 306830
1501518610 421894
1501518610 508119
1501518610 603622
1501518610 689706
1501518610 776406
1501518610 862359
1501518610 958482
1501518611 53460
1501518611 140584
1501518611 226762
1501518611 312124
1501518611 408253
1501518611 504754
1501518611 599990
1501518611 687076
1501518611 773293
1501518611 868601
1501518611 955910
1501518612 41978
1501518612 128157
1501518612 214201
1501518612 300650
1501518612 395899
1501518612 482988
1501518612 569328
1501518612 665340
1501518612 760559
1501518612 856869
1501518612 951968
1501518613 48611
1501518613 134447
1501518613 229808
1501518613 325026
1501518613 412116
1501518613 507427
1501518613 593700
1501518613 689823
1501518613 776003
1501518613 871341
1501518613 966580
1501518614 62918
1501518614 158240
1501518614 253408
1501518614 340514
1501518614 426579
1501518614 522152
1501518614 617391
1501518614 704651
1501518614 799931
1501518614 885883
1501518614 972289
1501518615 58305
1501518615 153633
1501518615 248920
1501518615 336214
1501518615 422348
1501518615 527693
1501518615 651976
1501518615 738278
1501518615 834326
1501518615 929792
1501518616 16047
1501518616 112027
1501518616 217180
1501518616 303557
1501518616 389607
1501518616 475995
1501518616 561981
1501518616 648396
1501518616 734552
1501518616 820826
1501518616 906984
1501518616 993321
1501518617 223724
1501518617 309892
1501518617 396234
1501518617 482277
1501518617 568683
1501518617 760460
1501518618 144454
1501518618 231149
1501518618 317473
1501518618 403724
1501518618 547750
1501518618 672101
1501518618 748169
1501518618 978974
1501518619 55140
1501518619 218429
1501518619 342672
1501518619 429075
1501518619 515208
1501518619 601462
1501518619 687534
1501518619 773875
1501518619 859966
1501518619 946060
1501518620 32274
1501518620 118539
1501518620 204728
1501518620 291067
1501518620 377485
1501518620 463609
1501518620 549612
1501518620 664810
1501518620 751224
1501518620 837375
1501518620 923835
1501518620 999658
1501518621 86873
1501518621 173041
1501518621 259424
1501518621 345600
1501518621 431772
1501518621 517936
1501518621 604249
1501518621 690431
1501518621 776595
1501518621 862807
1501518621 949003
1501518622 35368
1501518622 121430
1501518622 207847
1501518622 293962
1501518622 380004
1501518622 466395
1501518622 552516
1501518622 638790
1501518622 725181
1501518622 811151
1501518622 897545
1501518622 983737
1501518623 69884
1501518623 156054
1501518623 242319
1501518623 328495
1501518623 414688
1501518623 500879
1501518623 587237
1501518623 673560
1501518623 759528
1501518623 846018
1501518623 931970
1501518624 18107
1501518624 104405
1501518624 190651
1501518624 276768
1501518624 363025
1501518624 449464
1501518624 535432
1501518624 621575
1501518624 707904
1501518624 794085
1501518624 880374
1501518624 985435
1501518625 71575
1501518625 157108
1501518625 244401
1501518625 330663
1501518625 416735
1501518625 502815
1501518625 589155
1501518625 675330
1501518625 761655
1501518625 847902
1501518625 933902
1501518626 20237
1501518626 106377
1501518626 192621
1501518626 278875
1501518626 364886
1501518626 451246
1501518626 537485
1501518626 623745
1501518626 709891
1501518626 796043
1501518626 882284
1501518626 968463
1501518627 54809
1501518627 140935
1501518627 227105
1501518627 313312
1501518627 399530
1501518627 485776
1501518627 571913
1501518627 658163
1501518627 744456
1501518627 830568
1501518627 925820
1501518628 22222
1501518628 108178
1501518628 194510
1501518628 280813
1501518628 367111
1501518628 453098
1501518628 548482
1501518628 634735
1501518628 729966
1501518628 826335
1501518629 153016
1501518629 248093
1501518629 363419
1501518629 449597
1501518629 544980
1501518629 632089
1501518629 727222
1501518629 814385
1501518629 900455
1501518629 986840
1501518630 73145
1501518630 169156
1501518630 264556
1501518630 351330
1501518630 447127
1501518630 533137
1501518630 619413
1501518630 705675
1501518630 801918
1501518630 897202
1501518630 983442
1501518631 79625
1501518631 165697
1501518631 251936
1501518631 347125
1501518631 434351
1501518631 520520
1501518631 605903
1501518631 701947
1501518631 788338
1501518631 874374
1501518631 960685
1501518632 75853
1501518632 162062
1501518632 267390
1501518632 353692
1501518632 439828
1501518632 525885
1501518632 612236
1501518632 698512
1501518632 957254
1501518633 43509
1501518633 129557
1501518633 215795
1501518633 301920
1501518633 388381
1501518633 484446
1501518633 599647
1501518633 781192
1501518633 867319
1501518634 39883
1501518634 126028
1501518634 317573
1501518634 432540
1501518634 518764
1501518634 604984
1501518634 681165
1501518634 767602
1501518634 853816
1501518634 939892
1501518635 26381
1501518635 141345
1501518635 227711
1501518635 313903
1501518635 400043
1501518635 553492
1501518635 639707
1501518635 725890
1501518635 812065
1501518635 898329
1501518635 984484
1501518636 243284
1501518636 329559
1501518636 415635
1501518636 732515
1501518637 240801
1501518637 327014
1501518637 490231
1501518637 576487
1501518637 662488
1501518637 777864
1501518637 864074
1501518637 950157
1501518638 36283
1501518638 160651
1501518638 246986
1501518638 333100
1501518638 447526
1501518638 524576
1501518638 600801
1501518638 726083
1501518638 831735
1501518638 946777
1501518639 32863
1501518639 119295
1501518639 205355
1501518639 291413
1501518639 377626
1501518639 463981
1501518639 550161
1501518639 636428
1501518639 722562
1501518639 808808
1501518639 894996
1501518639 981138
1501518640 67363
1501518640 153482
1501518640 239721
1501518640 325920
1501518640 412382
1501518640 498377
1501518640 584801
1501518640 670886
1501518640 757012
1501518640 843317
1501518640 929533
1501518641 15628
1501518641 101845
1501518641 188270
1501518641 274515
1501518641 360890
1501518641 446923
1501518641 533090
1501518641 619413
1501518641 734355
1501518641 810611
1501518641 896014
1501518641 973262
1501518642 59290
1501518642 154550
1501518642 240862
1501518642 327143
1501518642 537768
1501518642 720252
1501518642 825373
1501518643 142294
1501518643 228402
1501518643 314697
1501518643 400859
1501518643 524958
1501518644 5158
1501518644 437155
1501518644 523423
1501518644 609609
1501518644 695857
1501518644 781977
1501518644 868252
1501518644 954352
1501518645 40605
1501518645 127205
1501518645 213216
1501518645 299239
1501518645 385397
1501518645 471716
1501518645 557888
1501518645 644070
1501518645 730553
1501518645 816585
1501518645 902687
1501518645 988731
1501518646 74921
1501518646 161320
1501518646 247480
1501518646 333763
1501518646 419894
1501518646 515137
1501518646 602281
1501518646 688444
1501518646 783735
1501518646 879991
1501518646 966211
1501518647 62558
1501518647 157826
1501518647 253783
1501518647 359151
1501518647 445313
1501518647 531575
1501518647 617865
1501518647 714302
1501518647 809476
1501518647 895595
1501518647 981738
1501518648 67872
1501518648 154120
1501518648 240467
1501518648 326660
1501518648 422699
1501518648 518151
1501518648 604310
1501518648 700607
1501518648 795916
1501518648 882186
1501518648 978099
1501518649 93237
1501518649 188682
1501518649 274909
1501518649 361227
1501518649 447312
1501518649 533539
1501518649 620184
1501518649 705917
1501518649 792396
1501518649 878441
1501518649 973862
1501518650 69946
1501518650 156216
1501518650 252377
1501518650 347916
1501518650 443922
1501518650 540125
1501518650 635363
1501518650 731517
1501518650 817794
1501518650 913954
1501518651 9229
1501518651 105294
1501518651 200598
1501518651 296939
1501518651 383086
1501518651 479280
1501518651 565541
1501518651 651719
1501518651 747967
1501518651 843252
1501518651 987639
1501518652 313418
1501518652 399635
1501518652 485720
1501518652 571896
1501518652 706354
1501518652 802496
1501518652 888621
1501518652 983936
1501518653 71016
1501518653 157244
1501518653 243626
1501518653 339776
1501518653 435940
1501518653 531183
1501518653 617502
1501518653 703807
1501518653 799825
1501518653 896340
1501518653 991557
1501518654 145009
1501518654 230915
1501518654 317205
1501518654 413465
1501518654 509557
1501518654 596060
1501518654 692097
1501518654 787108
1501518654 883527
1501518654 968557
1501518655 54912
1501518655 151173
1501518655 246371
1501518655 323562
1501518655 447682
1501518655 533953
1501518655 620281
1501518655 706558
1501518655 792765
1501518655 888777
1501518655 975096
1501518656 71210
1501518656 157524
1501518656 243615
1501518656 339800
1501518656 435266
1501518656 531485
1501518656 617544
1501518656 703880
1501518656 799911
1501518656 895178
1501518656 991472
1501518657 87631
1501518657 173862
1501518657 269232
1501518657 365494
1501518657 480173
1501518657 565752
1501518657 652855
1501518657 739288
1501518657 834498
1501518657 921586
1501518658 7908
1501518658 94051
1501518658 190174
1501518658 285649
1501518658 371874
1501518658 467864
1501518658 563255
1501518658 659386
1501518658 745640
1501518658 831819
1501518658 927231
1501518659 13320
1501518659 108445
1501518659 195853
1501518659 291003
1501518659 378291
1501518659 464377
1501518659 559649
1501518659 646994
1501518659 733133
1501518659 819224
1501518659 905506
1501518660 1717
1501518660 87895
1501518660 183984
1501518660 270347
1501518660 356604
1501518660 442718
1501518660 538884
1501518660 625107
1501518660 721229
1501518660 836511
1501518660 922773
1501518661 9097
1501518661 95161
1501518661 181385
1501518661 267545
1501518661 353719
1501518661 440164
1501518661 526046
1501518661 612301
1501518661 698522
1501518661 784944
1501518661 871146
1501518661 957272
1501518662 43552
1501518662 130032
1501518662 215946
1501518662 302061
1501518662 388346
1501518662 474618
1501518662 561053
1501518662 647064
1501518662 733399
1501518662 819585
1501518662 905569
1501518662 991912
1501518663 78128
1501518663 164316
1501518663 250512
1501518663 346565
1501518663 432809
1501518663 518949
1501518663 605473
1501518663 691780
1501518663 777762
1501518663 864007
1501518663 950155
1501518664 46302
1501518664 141693
1501518664 238219
1501518664 333180
1501518664 419251
1501518664 505549
1501518664 601910
1501518664 688062
1501518664 774136
1501518664 870578
1501518664 956785
1501518665 42797
1501518665 139039
1501518665 225370
1501518665 320621
1501518665 416749
1501518665 512821
1501518665 618040
1501518665 704420
1501518665 780710
1501518665 866862
1501518665 953083
1501518666 39414
1501518666 125424
1501518666 211731
1501518666 297872
1501518666 384043
1501518666 470078
1501518666 556427
1501518666 642770
1501518666 728975
1501518666 815455
1501518666 901363
1501518666 987645
1501518667 73859
1501518667 198013
1501518667 285074
1501518667 400342
1501518667 486691
1501518667 581942
1501518667 669157
1501518667 755614
1501518667 841644
1501518667 927728
1501518668 14064
1501518668 110090
1501518668 205778
1501518668 301748
1501518668 398000
1501518668 493370
1501518668 589297
1501518668 675565
1501518668 771982
1501518668 867173
1501518668 953290
1501518669 39473
1501518669 125628
1501518669 211821
1501518669 308213
1501518669 394273
1501518669 490950
1501518669 585852
1501518669 672085
1501518669 758377
1501518669 854440
1501518669 950564
1501518670 45925
1501518670 142162
1501518670 228319
1501518670 314480
1501518670 411004
1501518670 506045
1501518670 592205
1501518670 678412
1501518670 764627
1501518670 860883
1501518670 947021
1501518671 43243
1501518671 138465
1501518671 234689
1501518671 320999
1501518671 417322
1501518671 512691
1501518671 608557
1501518671 704882
1501518671 800176
1501518671 886498
1501518671 982672
1501518672 68748
1501518672 165127
1501518672 251166
1501518672 347472
1501518672 433530
1501518672 519693
1501518672 605975
1501518672 702202
1501518672 797302
1501518672 893742
1501518672 980029
1501518673 66266
1501518673 152240
1501518673 238583
1501518673 324640
1501518673 410936
1501518673 507123
1501518673 593259
1501518673 689751
1501518673 776094
1501518673 900027
1501518673 986379
1501518674 72541
1501518674 158808
1501518674 245251
1501518674 331238
1501518674 417608
1501518674 503704
1501518674 589918
1501518674 675949
1501518674 762220
1501518674 848306
1501518674 934584
1501518675 49592
1501518675 136118
1501518675 222328
1501518675 308568
1501518675 395143
1501518675 481027
1501518675 606016
1501518675 692204
1501518675 778518
1501518675 864817
1501518675 950932
1501518676 37122
1501518676 123462
1501518676 209590
1501518676 295906
1501518676 382045
1501518676 468270
1501518676 554569
1501518676 640694
1501518676 746048
1501518676 832091
1501518676 918348
1501518677 4603
1501518677 100800
1501518677 225407
1501518677 398081
1501518677 484751
1501518677 571204
1501518677 657369
1501518677 743305
1501518677 829435
1501518677 915911
1501518678 2068
1501518678 88168
1501518678 174360
1501518678 260615
1501518678 539387
1501518678 625528
1501518678 711706
1501518678 798023
1501518678 884388
1501518678 970399
1501518679 56552
1501518679 142714
1501518679 228922
1501518679 315056
1501518679 439382
1501518679 525829
1501518679 611917
1501518679 698070
1501518679 784397
1501518679 870512
1501518679 956805
1501518680 42881
1501518680 139035
1501518680 225430
1501518680 311591
1501518680 397796
1501518680 484222
1501518680 570413
1501518680 656502
1501518680 742636
1501518680 828886
1501518680 915362
1501518681 2239
1501518681 88582
1501518681 174528
1501518681 260902
1501518681 347429
1501518681 433571
1501518681 520507
1501518681 606610
1501518681 692756
1501518681 779217
1501518681 865194
1501518681 951678
1501518682 66696
1501518682 151866
1501518682 227929
1501518682 315346
1501518682 401562
1501518682 487811
1501518682 574109
1501518682 660205
1501518682 746396
1501518682 832782
1501518682 919019
1501518683 5202
1501518683 91611
1501518683 177557
1501518683 263797
1501518683 350061
1501518683 513415
1501518683 599515
1501518683 685920
1501518683 810936
1501518684 2522
1501518684 88705
1501518684 174723
1501518684 395714
1501518684 491819
1501518684 596931
1501518684 683088
1501518684 769508
1501518684 855608
1501518684 942006
1501518685 28763
1501518685 115097
1501518685 201379
1501518685 287369
1501518685 373603
1501518685 459800
1501518685 546017
1501518685 661381
1501518685 747902
1501518685 832814
1501518685 918987
1501518686 5500
1501518686 91643
1501518686 177807
1501518686 263949
1501518686 350105
1501518686 436555
1501518686 522623
1501518686 608850
1501518686 694993
1501518686 781141
1501518686 867408
1501518686 953865
1501518687 39983
1501518687 125999
1501518687 212343
1501518687 298424
1501518687 394627
1501518687 480899
1501518687 577238
1501518687 663308
1501518687 749611
1501518687 835810
1501518687 921991
1501518688 8175
1501518688 94286
1501518688 180638
1501518688 267167
1501518688 353051
1501518688 439372
1501518688 525546
1501518688 611505
1501518688 697966
1501518688 784184
1501518688 889514
1501518688 985590
1501518689 71725
1501518689 157911
1501518689 244131
1501518689 330402
1501518689 416707
1501518689 502729
1501518689 589000
1501518689 675440
1501518689 761533
1501518689 847646
1501518689 933860
1501518690 20159
1501518690 106190
1501518690 192561
1501518690 278698
1501518690 364969
1501518690 451242
1501518690 566152
1501518690 652298
1501518690 738770
1501518690 835031
1501518690 950299
1501518691 36556
1501518691 122726
1501518691 208944
1501518691 294946
1501518691 381582
1501518691 467634
1501518691 765427
1501518691 851505
1501518691 937693
1501518692 23982
1501518692 110125
1501518692 196358
1501518692 282712
1501518692 369686
1501518692 455939
1501518692 552056
1501518692 638250
1501518692 724409
1501518692 810755
1501518692 896939
1501518692 983396
1501518693 69341
1501518693 155573
1501518693 241872
1501518693 327985
1501518693 414104
1501518693 500292
1501518693 586651
1501518693 682897
1501518693 769225
1501518693 855263
1501518693 941423
1501518694 220369
1501518694 383522
1501518694 478738
1501518694 574989
1501518694 671078
1501518694 766369
1501518694 862719
1501518694 949059
1501518695 102389
1501518695 188722
1501518695 284553
1501518695 399980
1501518695 515075
1501518696 71547
1501518696 167534
1501518696 513464
1501518696 811118
1501518696 906399
1501518697 2458
1501518697 117556
1501518697 213994
1501518697 300189
1501518697 386398
1501518697 472507
1501518697 558929
1501518697 645178
1501518697 732383
1501518697 827278
1501518697 923621
1501518698 9705
1501518698 106095
1501518698 201184
1501518698 297541
1501518698 383658
1501518698 480035
1501518698 576353
1501518698 662430
1501518698 748466
1501518698 844642
1501518698 930844
1501518699 17110
1501518699 132342
1501518699 333859
1501518699 430169
1501518699 516257
1501518699 612367
1501518699 708537
1501518699 794860
1501518699 880870
1501518699 977233
1501518700 63494
1501518700 149688
1501518700 235840
1501518700 332228
1501518700 418315
1501518700 504466
1501518700 590692
1501518700 687103
1501518700 783141
1501518700 878412
1501518700 974683
1501518701 60910
1501518701 147025
1501518701 242192
1501518701 338370
1501518701 434181
1501518701 530079
1501518701 616251
1501518701 712306
1501518701 798578
1501518701 884805
1501518701 971047
1501518702 57183
1501518702 134170
1501518702 210458
1501518702 296811
1501518702 373791
1501518702 450077
1501518702 527428
1501518702 613546
1501518702 699629
1501518702 785874
1501518702 862980
1501518702 939410
1501518703 25476
1501518703 102660
1501518703 188838
1501518703 285126
1501518703 371362
1501518703 457555
1501518703 543828
1501518703 640120
1501518703 726463
1501518703 841227
1501518703 928013
1501518704 13833
1501518704 100148
1501518704 186430
1501518704 272573
1501518704 358741
1501518704 445205
1501518704 532104
1501518704 618308
1501518704 704326
1501518704 790746
1501518704 876709
1501518704 982210
1501518705 68215
1501518705 154439
1501518705 240872
1501518705 326904
1501518705 413348
1501518705 528527
1501518705 614841
1501518705 701837
1501518705 787916
1501518705 874171
1501518705 960539
1501518706 46657
1501518706 132941
1501518706 219134
1501518706 305289
1501518706 391479
1501518706 477637
1501518706 564012
1501518706 650237
1501518706 736385
1501518706 832465
1501518706 918891
1501518707 15151
1501518707 101069
1501518707 197446
1501518707 283584
1501518707 369563
1501518707 455964
1501518707 542171
1501518707 628476
1501518707 714675
1501518707 800792
1501518707 897041
1501518707 983304
1501518708 79380
1501518708 165831
1501518708 262071
1501518708 358051
1501518708 453423
1501518708 539695
1501518708 664598
1501518708 751022
1501518708 837105
1501518708 981640
1501518709 269278
1501518709 355495
1501518709 441680
1501518709 527844
1501518709 614234
1501518709 700297
1501518709 786545
1501518709 872565
1501518709 958805
1501518710 45030
1501518710 131239
1501518710 227497
1501518710 323719
1501518710 418989
1501518710 515124
1501518710 630536
1501518710 735852
1501518710 821986
1501518710 908193
1501518710 994563
1501518711 81378
1501518711 167582
1501518711 369293
1501518711 455592
1501518711 541586
1501518711 982612
1501518712 68811
1501518712 164871
1501518712 251496
1501518712 337530
1501518712 443656
1501518712 529723
1501518712 712319
1501518712 798381
1501518712 884653
1501518712 970916
1501518713 115064
1501518713 201479
1501518713 354737
1501518713 440868
1501518713 527209
1501518713 613469
1501518713 699533
1501518713 785886
1501518713 871953
1501518713 958428
1501518714 44539
1501518714 130905
1501518714 255751
1501518714 380317
1501518714 466457
1501518714 552608
1501518714 638815
1501518714 725067
1501518714 811524
1501518714 898719
1501518714 984580
1501518715 263517
1501518715 358421
1501518715 550891
1501518715 637283
1501518715 809660
1501518715 895876
1501518715 983299
1501518716 69245
1501518716 155231
1501518716 251509
1501518716 337837
1501518716 424157
1501518716 510275
1501518716 596450
1501518716 682597
1501518716 856038
1501518717 28370
1501518717 229890
1501518717 470310
1501518717 556507
1501518717 719888
1501518717 806068
1501518717 892461
1501518717 978459
1501518718 64688
1501518718 150904
1501518718 237398
1501518718 333348
1501518718 506878
1501518718 612079
1501518718 708270
1501518718 794580
1501518718 880601
1501518718 966710
1501518719 53165
1501518719 139278
1501518719 225515
1501518719 311651
1501518719 397991
1501518719 484853
1501518719 571058
1501518719 657316
1501518719 743583
1501518719 829865
1501518719 915994
1501518720 2318
1501518720 88460
1501518720 184667
1501518720 376987
1501518720 491531
1501518720 587776
1501518720 673752
1501518720 760040
1501518720 847340
1501518720 933532
1501518721 19771
1501518721 115809
1501518721 202090
1501518721 288321
1501518721 374347
1501518721 460727
1501518721 546778
1501518721 643042
1501518721 729309
1501518721 815582
1501518721 901858
1501518721 988733
1501518722 75103
1501518722 199515
1501518722 286456
1501518722 372554
1501518722 458944
1501518722 545245
1501518722 631253
1501518722 717733
1501518722 823712
1501518722 909930
1501518723 25175
1501518723 111461
1501518723 207744
1501518723 293826
1501518723 379922
1501518723 466075
1501518723 793057
1501518723 879180
1501518724 70715
1501518724 195944
1501518724 281933
1501518724 368520
1501518724 454409
1501518724 540582
1501518724 626954
1501518724 714023
1501518724 800146
1501518724 886309
1501518724 972775
1501518725 58809
1501518725 144992
1501518725 231256
1501518725 317631
1501518725 403662
1501518725 490070
1501518725 577032
1501518725 663127
1501518725 749376
1501518725 950907
1501518726 37082
1501518726 257803
1501518726 344888
1501518726 440263
1501518726 872452
1501518726 978345
1501518727 64456
1501518727 160713
1501518727 246738
1501518727 343012
1501518727 582962
1501518727 678780
1501518727 938386
1501518728 43627
1501518728 129800
1501518728 341491
1501518728 524005
1501518728 610171
1501518728 696091
1501518728 811623
1501518728 897839
1501518728 983931
1501518729 70013
1501518729 147363
1501518729 281703
1501518729 808884
1501518729 962533
1501518730 77560
1501518730 366053
1501518730 442322
1501518730 529344
1501518730 605581
1501518730 682759
1501518730 759019
1501518730 874245
1501518731 104659
1501518731 354429
1501518731 431445
1501518731 507510
1501518731 584645
1501518731 660832
1501518731 747012
1501518731 824162
1501518731 900594
1501518731 977625
1501518732 54779
1501518732 130963
1501518732 208152
1501518732 284256
1501518732 370477
1501518732 456757
1501518732 542957
1501518732 629205
1501518732 715731
1501518732 802523
1501518732 888965
1501518732 975171
1501518733 61308
1501518733 147513
1501518733 234664
1501518733 320702
1501518733 407001
1501518733 493070
1501518733 579250
1501518733 656344
1501518733 742699
1501518733 828760
1501518733 914999
1501518734 1328
1501518734 100122
1501518734 212158
1501518734 298046
1501518734 384309
1501518734 470685
1501518734 557733
1501518734 643825
1501518734 730054
1501518734 816442
1501518734 979723
1501518735 65847
1501518735 152110
1501518735 238258
1501518735 324678
1501518735 411594
1501518735 497848
1501518735 584053
1501518735 670311
1501518735 756553
1501518735 842589
1501518735 928849
1501518736 188523
1501518736 274788
1501518736 360924
1501518736 447510
1501518736 533893
1501518736 620677
1501518736 706625
1501518736 792906
1501518736 878956
1501518736 965493
1501518737 51538
1501518737 137773
1501518737 223908
1501518737 512544
1501518737 598832
1501518737 685144
1501518737 771176
1501518737 857354
1501518737 943588
1501518738 30613
1501518738 116912
1501518738 203185
1501518738 289338
1501518738 375553
1501518738 461721
1501518738 548123
1501518738 635036
1501518738 721421
1501518738 807528
1501518738 893583
1501518738 979894
1501518739 66075
1501518739 152381
1501518739 248550
1501518739 334764
1501518739 420969
1501518739 507086
1501518739 593623
1501518739 679719
1501518739 766636
1501518739 852958
1501518739 958259
1501518740 54711
1501518740 150952
1501518740 236726
1501518740 323078
1501518740 409325
1501518740 496275
1501518740 582657
1501518740 668802
1501518740 764917
1501518740 851414
1501518740 937313
1501518741 23555
1501518741 109709
1501518741 195952
1501518741 282230
1501518741 368677
1501518741 455551
1501518741 599383
1501518741 685206
1501518741 771498
1501518741 858560
1501518741 944739
1501518742 31056
1501518742 117215
1501518742 299724
1501518742 386027
1501518742 482155
1501518742 578425
1501518742 664636
1501518742 750721
1501518742 885215
1501518743 10343
1501518743 96483
1501518743 182631
1501518743 268780
1501518743 354967
1501518743 441307
1501518743 528264
1501518743 617630
1501518743 748767
1501518743 834843
1501518743 921326
1501518744 7456
1501518744 93644
1501518744 179966
1501518744 266250
1501518744 353318
1501518744 439491
1501518744 525759
1501518744 612001
1501518744 698131
1501518744 784321
1501518744 870508
1501518744 956693
1501518745 42933
1501518745 129348
1501518745 216427
1501518745 302558
1501518745 388830
1501518745 474975
1501518745 571232
1501518745 657516
1501518745 753554
1501518745 839782
1501518745 925977
1501518746 12253
1501518746 99280
1501518746 185453
1501518746 425339
1501518746 511720
1501518746 655916
1501518746 848097
1501518746 991589
1501518747 78577
1501518747 164623
1501518747 250895
1501518747 336969
1501518747 423420
1501518747 510408
1501518747 596613
1501518747 683000
1501518747 769103
1501518747 855415
1501518747 942363
1501518748 28540
1501518748 114815
1501518748 201071
1501518748 287482
1501518748 374545
1501518748 460589
1501518748 546885
1501518748 633254
1501518748 719290
1501518748 806537
1501518748 892624
1501518748 978833
1501518749 75106
1501518749 161296
1501518749 247474
1501518749 333730
1501518749 420876
1501518749 507059
1501518749 593206
1501518749 679507
1501518749 765679
1501518749 852729
1501518749 938927
1501518750 25358
1501518750 111455
1501518750 197819
1501518750 284628
1501518750 371128
1501518750 457131
1501518750 543443
1501518750 629681
1501518750 716641
1501518750 802826
1501518750 889160
1501518750 975406
1501518751 90423
1501518751 176522
1501518751 262836
1501518751 349155
1501518751 435398
1501518751 521579
1501518751 607876
1501518751 694032
1501518751 780290
1501518751 876611
1501518751 962699
1501518752 48922
1501518752 135898
1501518752 222333
1501518752 308543
1501518752 404749
1501518752 491106
1501518752 577112
1501518752 663312
1501518752 749730
1501518752 836475
1501518752 922732
1501518753 9341
1501518753 95455
1501518753 182359
1501518753 268555
1501518753 354897
1501518753 441119
1501518753 527561
1501518753 614389
1501518753 700641
1501518753 797121
1501518753 883210
1501518753 969287
1501518754 65465
1501518754 152133
1501518754 237885
1501518754 324161
1501518754 411175
1501518754 497474
1501518754 583687
1501518754 670039
1501518754 755970
1501518754 843290
1501518754 929361
1501518755 15517
1501518755 101603
1501518755 188060
1501518755 274364
1501518755 361433
1501518755 447489
1501518755 533715
1501518755 619909
1501518755 707213
1501518755 793306
1501518755 879520
1501518755 965616
1501518756 52077
1501518756 139154
1501518756 225280
1501518756 311617
1501518756 397742
1501518756 494042
1501518756 590052
1501518756 676345
1501518756 772516
1501518756 858609
1501518756 944954
1501518757 70253
1501518757 194614
1501518757 280653
1501518757 367869
1501518757 454151
1501518757 540234
1501518757 626558
1501518757 712793
1501518757 808937
1501518757 895185
1501518757 982209
1501518758 68379
1501518758 154615
1501518758 240720
1501518758 337031
1501518758 423319
1501518758 519533
1501518758 605914
1501518758 691908
1501518758 779009
1501518758 865195
1501518758 951355
1501518759 37512
1501518759 142836
1501518759 220036
1501518759 296085
1501518759 382447
1501518759 468900
1501518759 554765
1501518759 641196
1501518759 728525
1501518759 814647
1501518759 900794
1501518759 986830
1501518760 72972
1501518760 159365
1501518760 246469
1501518760 332740
1501518760 418760
1501518760 505093
1501518760 591463
1501518760 726654
1501518760 812720
1501518760 898919
1501518761 43363
1501518761 129430
1501518761 215872
1501518761 302090
1501518761 484348
1501518761 570535
1501518761 657620
1501518761 743841
1501518761 830038
1501518761 974575
1501518762 60583
1501518762 146706
1501518762 232962
1501518762 320082
1501518762 406347
1501518762 521876
1501518762 607697
1501518762 693885
1501518762 779994
1501518763 40045
1501518763 126048
1501518763 212059
1501518763 356577
1501518763 528827
1501518763 625190
1501518763 711340
1501518763 797429
1501518763 979893
1501518764 66893
1501518764 153250
1501518764 239600
1501518764 325550
1501518764 411984
1501518764 499164
1501518764 585268
1501518764 671512
1501518764 757604
1501518764 843868
1501518764 931098
1501518765 17391
1501518765 103380
1501518765 189628
1501518765 275969
1501518765 362818
1501518765 449283
1501518765 535424
1501518765 621524
1501518765 707895
1501518765 795055
1501518765 881026
1501518765 967428
1501518766 53552
1501518766 139825
1501518766 226949
1501518766 332234
1501518766 457503
1501518766 543712
1501518766 629824
1501518766 745084
1501518766 831394
1501518766 918022
1501518767 4744
1501518767 90929
1501518767 177226
1501518767 263127
1501518767 349563
1501518767 436411
1501518767 925940
1501518768 50994
1501518768 309837
1501518768 521211
1501518768 607578
1501518768 693625
1501518768 780620
1501518768 866766
1501518768 952931
1501518769 39056
1501518769 125372
1501518769 220691
1501518769 346127
1501518769 864492
1501518769 950477
1501518770 152017
1501518770 238169
1501518770 324404
1501518770 410568
1501518770 535708
1501518770 680001
1501518770 766328
1501518770 852483
1501518770 938486
1501518771 24821
1501518771 112079
1501518771 198154
1501518771 284518
1501518771 370692
1501518771 486003
1501518771 601238
1501518771 687388
1501518771 821576
1501518772 90501
1501518772 177476
1501518772 263733
1501518772 349851
1501518772 436040
1501518772 570468
1501518772 820058
1501518772 906967
1501518772 993159
1501518773 79399
1501518773 185128
1501518773 271937
1501518773 358062
1501518773 444312
1501518773 530391
1501518773 684792
1501518773 771240
1501518773 857157
1501518773 943397
1501518774 222005
1501518774 356462
1501518774 471686
1501518774 567676
1501518774 653900
1501518774 836491
1501518774 922687
1501518774 999717
1501518775 268560
1501518775 364423
1501518775 575126
1501518775 757692
1501518776 27171
1501518776 113377
1501518776 209336
1501518776 304636
1501518776 381752
1501518776 468172
1501518776 545201
1501518776 631418
1501518776 708515
1501518776 794602
1501518776 880872
1501518776 958029
1501518777 34217
1501518777 120362
1501518777 197630
1501518777 273898
1501518777 399296
1501518777 476427
1501518777 552529
1501518777 840444
1501518777 994517
1501518778 80718
1501518778 157208
1501518778 244183
1501518778 589219
1501518778 685211
1501518778 762736
1501518778 848449
1501518779 2284
1501518779 117375
1501518779 250388
1501518779 375670
1501518779 529253
1501518779 625356
1501518779 711603
1501518779 807918
1501518779 894100
1501518779 980056
1501518780 76512
1501518780 162401
1501518780 316089
1501518780 412051
1501518780 508239
1501518780 594479
1501518780 873344
1501518781 94068
1501518781 286077
1501518781 381286
1501518781 468590
1501518781 553578
1501518781 650128
1501518781 937951
1501518782 33964
1501518782 129990
1501518782 341560
1501518782 427685
1501518782 513882
1501518782 610019
1501518782 706210
1501518782 801578
1501518782 887921
1501518782 984039
1501518783 70332
1501518783 156458
1501518783 252690
1501518783 338737
1501518783 425056
1501518783 511109
1501518783 607476
1501518783 703651
1501518783 798848
1501518783 895270
1501518783 981147
1501518784 77404
1501518784 163576
1501518784 259910
1501518784 355345
1501518784 441338
1501518784 527481
1501518784 613929
1501518784 709953
1501518784 940439
1501518785 35794
1501518785 189993
1501518785 285303
1501518785 372476
1501518785 467845
1501518785 554994
1501518785 641353
1501518785 727784
1501518785 823785
1501518785 909761
1501518785 995962
1501518786 92021
1501518786 178483
1501518786 264561
1501518786 351815
1501518786 447274
1501518786 534061
1501518786 629426
1501518786 725909
1501518786 821818
1501518786 917834
1501518787 14039
1501518787 109573
1501518787 196588
1501518787 282822
1501518787 369034
1501518787 465190
1501518787 561476
1501518787 647659
1501518787 734069
1501518787 830019
1501518787 916240
1501518788 2396
1501518788 98578
1501518788 194995
1501518788 281171
1501518788 377241
1501518788 472752
1501518788 568989
1501518788 655136
1501518788 742337
1501518788 837384
1501518788 924408
1501518789 10505
1501518789 107009
1501518789 193116
1501518789 346341
1501518789 558354
1501518789 644146
1501518789 730440
1501518789 826770
1501518789 922847
1501518790 9099
1501518790 105156
1501518790 248572
1501518790 354717
1501518790 450830
1501518790 537514
1501518790 642490
1501518790 738628
1501518790 882914
1501518790 998166
1501518791 84677
1501518791 170456
1501518791 266703
1501518791 353049
1501518791 478329
1501518791 564415
1501518791 650721
1501518791 774960
1501518791 861947
1501518791 948179
1501518792 34450
1501518792 120643
1501518792 207907
1501518792 370254
1501518792 639980
1501518792 793494
1501518792 879310
1501518792 965701
1501518793 51813
1501518793 138838
1501518793 225056
1501518793 311471
1501518793 397659
1501518793 483753
1501518793 570934
1501518793 657039
1501518793 743372
1501518793 829620
1501518793 916686
1501518794 3013
1501518794 88937
1501518794 175281
1501518794 261497
1501518794 348608
1501518794 434760
1501518794 521084
1501518794 607171
1501518794 693476
1501518794 780605
1501518794 866767
1501518794 953043
1501518795 39223
1501518795 125382
1501518795 212579
1501518795 298881
1501518795 384911
1501518795 471228
1501518795 557330
1501518795 644574
1501518795 730658
1501518795 846088
1501518795 922179
1501518796 8377
1501518796 123573
1501518796 209818
1501518796 296159
1501518796 382268
1501518796 469499
1501518796 545756
1501518796 622831
1501518796 699098
1501518796 776119
1501518796 901265
1501518796 996634
1501518797 92976
1501518797 179029
1501518797 265333
1501518797 352600
1501518797 448255
1501518797 543973
1501518797 640607
1501518797 726410
1501518797 822685
1501518797 918791
1501518798 4883
1501518798 101168
1501518798 225751
1501518798 513261
1501518798 609310
1501518799 252941
1501518799 349008
1501518799 445117
1501518799 540648
1501518799 636838
1501518799 732772
1501518799 819572
1501518799 915225
1501518800 11442
1501518800 97647
1501518800 183828
1501518800 270138
1501518800 356308
1501518800 452835
1501518800 548674
1501518800 827666
1501518800 951641
1501518801 95891
1501518801 182216
1501518801 326545
1501518801 421836
1501518801 528142
1501518801 624140
1501518801 709341
1501518801 805651
1501518801 901983
1501518801 998117
1501518802 83249
1501518802 169397
1501518802 255643
1501518802 352131
1501518802 448031
1501518802 534432
1501518802 620488
1501518802 716635
1501518802 812847
1501518802 908202
1501518802 994209
1501518803 80499
1501518803 176906
1501518803 263053
1501518803 359353
1501518803 455534
1501518803 550770
1501518803 636929
1501518803 723260
1501518803 819199
1501518803 924535
1501518804 10822
1501518804 97776
1501518804 184406
1501518804 270264
1501518804 356564
1501518804 442727
1501518804 529808
1501518804 616058
1501518804 702282
1501518804 788479
1501518804 874655
1501518804 962278
1501518805 47900
1501518805 134301
1501518805 220492
1501518805 306780
1501518805 394089
1501518805 480169
1501518805 566230
1501518805 652392
1501518805 738754
1501518805 825982
1501518805 912058
1501518805 998246
1501518806 84513
1501518806 171465
1501518806 257729
1501518806 343938
1501518806 430320
1501518806 516564
1501518806 603619
1501518806 689714
1501518806 776083
1501518806 862306
1501518806 948526
1501518807 35415
1501518807 121812
1501518807 208083
1501518807 294172
1501518807 380485
1501518807 467582
1501518807 553940
1501518807 640028
1501518807 726178
1501518807 812398
1501518807 899651
1501518807 985670
1501518808 72034
1501518808 157997
1501518808 244359
1501518808 331355
1501518808 417596
1501518808 503772
1501518808 589985
1501518808 677162
1501518808 763396
1501518808 849533
1501518808 935834
1501518809 22040
1501518809 109091
1501518809 195312
1501518809 281506
1501518809 512230
1501518809 598663
1501518809 828858
1501518809 925076
1501518810 11460
1501518810 97427
1501518810 183636
1501518810 357060
1501518810 443262
1501518810 529442
1501518810 615694
1501518810 702830
1501518810 789185
1501518810 875160
1501518810 961466
1501518811 47685
1501518811 162697
1501518811 250039
1501518811 336043
1501518811 422483
1501518811 508557
1501518811 594817
1501518811 681904
1501518811 768274
1501518811 854389
1501518811 940761
1501518812 26765
1501518812 113974
1501518812 200290
1501518812 286403
1501518812 372404
1501518812 458706
1501518812 535827
1501518812 622076
1501518812 699550
1501518812 785471
1501518812 871616
1501518812 957863
1501518813 45716
1501518813 140323
1501518813 236401
1501518813 322835
1501518813 409865
1501518813 495985
1501518813 582236
1501518813 668563
1501518813 764864
1501518813 869982
1501518813 955970
1501518814 43166
1501518814 129397
1501518814 215594
1501518814 301752
1501518814 388218
1501518814 475176
1501518814 561541
1501518814 647617
1501518814 733940
1501518814 820122
1501518814 907126
1501518814 993388
1501518815 79658
1501518815 156826
1501518815 242915
1501518815 329122
1501518815 406209
1501518815 492612
1501518815 578809
1501518815 656129
1501518815 742131
1501518815 828348
1501518815 914660
1501518816 1733
1501518816 88008
1501518816 174032
1501518816 260193
1501518816 346464
1501518816 433712
1501518816 509760
1501518816 596334
1501518816 683348
1501518816 769499
1501518816 855688
1501518816 941723
1501518817 28010
1501518817 115323
1501518817 201302
1501518817 287755
1501518817 633462
1501518817 719563
1501518817 796813
1501518817 912344
1501518817 998434
1501518818 84507
1501518818 170945
1501518818 256811
1501518818 353136
1501518818 439212
1501518818 526211
1501518818 612821
1501518818 736853
1501518818 824011
1501518818 938255
1501518819 178977
1501518819 265041
1501518819 351306
1501518819 438343
1501518819 572877
1501518819 658995
1501518819 745188
1501518819 831551
1501518819 975929
1501518820 62016
1501518820 147996
1501518820 235256
1501518820 321374
1501518820 407516
1501518820 493796
1501518820 580146
1501518820 667325
1501518820 753717
1501518820 839632
1501518820 925772
1501518821 12009
1501518821 98947
1501518821 185241
1501518821 271452
1501518821 357811
1501518821 444115
1501518821 636486
1501518821 722671
1501518821 808829
1501518821 895934
1501518821 982156
1501518822 68235
1501518822 154518
1501518822 318027
1501518822 404170
1501518822 491232
1501518822 577556
1501518822 663850
1501518822 749834
1501518822 836424
1501518822 923315
1501518823 9459
1501518823 95538
1501518823 181858
1501518823 268126
1501518823 594869
1501518823 739178
1501518823 825479
1501518823 911423
1501518824 132223
1501518824 219163
1501518824 305382
1501518824 391492
1501518824 477819
1501518824 564951
1501518824 651054
1501518824 737480
1501518824 823537
1501518824 909834
1501518824 996932
1501518825 83004
1501518825 169300
1501518825 255414
1501518825 341778
1501518825 428755
1501518825 514903
1501518825 601246
1501518825 687390
1501518825 773654
1501518825 860784
1501518825 946973
1501518826 33163
1501518826 119399
1501518826 205734
1501518826 292747
1501518826 378985
1501518826 465198
1501518826 551327
1501518826 637663
1501518826 724683
1501518826 811196
1501518826 897070
1501518826 983489
1501518827 69617
1501518827 156597
1501518827 242799
1501518827 329151
1501518827 415221
1501518827 502343
1501518827 588577
1501518827 674766
1501518827 761153
1501518827 847216
1501518827 934600
1501518828 20549
1501518828 106784
1501518828 193094
1501518828 279297
1501518828 366384
1501518828 452567
1501518828 538793
1501518828 625093
1501518828 711254
1501518828 798422
1501518828 884624
1501518828 970735
1501518829 57102
1501518829 143155
1501518829 230297
1501518829 316701
1501518829 402631
1501518829 488832
1501518829 575219
1501518829 662294
1501518829 748380
1501518829 834890
1501518829 921205
1501518830 7222
1501518830 94238
1501518830 180420
1501518830 266772
1501518830 352820
1501518830 439224
1501518830 526248
1501518830 612515
1501518830 698849
1501518830 785078
1501518830 871924
1501518830 958110
1501518831 44542
1501518831 130734
1501518831 216841
1501518831 304121
1501518831 390153
1501518831 476490
1501518831 562740
1501518831 648782
1501518831 735890
1501518831 822072
1501518831 908440
1501518831 994621
1501518832 80851
1501518832 168338
1501518832 254343
1501518832 340534
1501518832 426563
1501518832 513005
1501518832 599905
1501518832 753366
1501518832 877781
1501518833 127392
1501518833 214538
1501518833 415883
1501518833 502005
1501518833 684489
1501518833 799631
1501518834 106463
1501518834 336972
1501518834 423095
1501518834 509233
1501518834 595454
1501518834 681615
1501518835 56682
1501518835 142847
1501518835 229262
1501518835 316080
1501518835 402273
1501518835 700166
1501518835 805264
1501518835 891966
1501518835 978593
1501518836 103032
1501518836 189064
1501518836 276152
1501518836 362404
1501518836 448739
1501518836 534889
1501518836 641138
1501518836 727239
1501518836 813402
1501518837 302749
1501518837 389895
1501518837 475945
1501518837 705645
1501518837 830800
1501518837 917036
1501518838 13268
1501518838 176468
1501518838 262726
1501518838 348880
1501518838 435135
1501518838 521386
1501518838 608692
1501518838 694767
1501518838 781023
1501518838 867127
1501518838 953378
1501518839 40450
1501518839 126736
1501518839 222876
1501518839 318286
1501518839 405342
1501518839 491659
1501518839 577637
1501518839 664166
1501518839 779161
1501518839 865627
1501518839 952857
1501518840 48030
1501518840 134971
1501518840 221189
1501518840 307312
1501518840 393465
1501518840 479748
1501518840 566894
1501518840 662195
1501518840 749268
1501518840 835538
1501518840 930790
1501518841 27054
1501518841 113416
1501518841 200467
1501518841 286680
1501518841 372919
1501518841 458979
1501518841 545250
1501518841 632252
1501518841 804943
1501518841 890879
1501518841 977079
1501518842 64223
1501518842 150481
1501518842 236631
1501518842 332998
1501518842 419191
1501518842 505303
1501518842 591474
1501518842 678601
1501518842 764971
1501518842 850946
1501518842 937354
1501518843 24366
1501518843 110665
1501518843 205851
1501518843 321213
1501518843 408341
1501518843 503482
1501518843 599712
1501518843 685971
1501518843 782228
1501518843 887466
1501518843 974527
1501518844 59746
1501518844 146105
1501518844 232321
1501518844 328505
1501518844 414839
1501518844 501945
1501518844 587178
1501518844 673351
1501518844 759530
1501518844 845907
1501518844 942046
1501518845 38392
1501518845 134542
1501518845 220501
1501518845 316731
1501518845 402815
1501518845 499040
1501518845 585270
1501518845 671582
1501518845 767956
1501518845 863969
1501518845 959343
1501518846 55694
1501518846 141721
1501518846 227998
1501518846 314982
1501518846 410280
1501518846 496716
1501518846 592715
1501518846 678829
1501518846 765084
1501518846 861405
1501518846 947703
1501518847 43690
1501518847 129893
1501518847 216031
1501518847 312580
1501518847 398415
1501518847 484796
1501518847 581201
1501518847 667192
1501518847 753454
1501518847 839824
1501518847 925861
1501518848 12035
1501518848 98324
1501518848 184505
1501518848 309721
1501518848 395922
1501518848 481925
1501518848 569103
1501518848 655386
1501518848 741756
1501518848 827948
1501518848 914291
1501518849 1140
1501518849 87380
1501518849 173505
1501518849 269899
1501518849 355864
1501518849 442159
1501518849 528410
1501518849 769219
1501518849 980769
1501518850 75900
1501518850 162786
1501518850 364431
1501518850 738846
1501518850 834414
1501518850 920715
1501518851 7763
1501518851 94038
1501518851 180046
1501518851 266473
1501518851 352643
1501518851 439654
1501518851 525855
1501518851 612063
1501518851 698408
1501518851 784798
1501518851 871610
1501518851 957974
1501518852 44136
1501518852 140271
1501518852 226474
1501518852 331774
1501518852 437996
1501518852 581498
1501518852 667496
1501518852 754714
1501518852 840828
1501518852 937130
1501518853 32277
1501518853 119604
1501518853 215008
1501518853 311044
1501518853 397347
1501518853 484433
1501518853 570580
1501518853 656813
1501518853 743031
1501518853 829209
1501518853 916199
1501518854 2462
1501518854 98700
1501518854 184860
1501518854 271461
1501518854 367408
1501518854 463544
1501518854 558987
1501518854 645811
1501518854 732332
1501518854 828342
1501518854 914465
1501518855 10634
1501518855 96895
1501518855 193267
1501518855 279475
1501518855 365481
1501518855 451651
1501518855 547935
1501518855 634117
1501518855 730448
1501518855 816775
1501518855 902919
1501518855 989867
1501518856 85255
1501518856 172399
1501518856 258408
1501518856 354790
1501518856 440848
1501518856 652455
1501518856 747888
1501518856 921294
1501518857 7316
1501518857 103402
1501518857 267438
1501518857 353074
1501518857 449079
1501518857 631715
1501518857 766020
1501518857 881199
1501518858 73065
1501518858 168950
1501518858 313084
1501518858 658015
1501518858 898500
1501518859 138148
1501518859 503124
1501518859 599250
1501518859 685386
1501518859 781595
1501518859 867553
1501518859 964115
1501518860 108186
1501518860 232407
1501518860 395758
1501518860 482095
1501518860 568309
1501518860 655487
1501518860 741555
1501518860 827915
1501518860 914021
1501518861 180
1501518861 87405
1501518861 173536
1501518861 259824
1501518861 345991
1501518861 614799
1501518861 701853
1501518861 788048
1501518861 874312
1501518861 960412
1501518862 75581
1501518862 161815
1501518862 411691
1501518862 488529
1501518862 584763
1501518862 843490
1501518863 16963
1501518863 151313
1501518863 333615
1501518863 410594
1501518863 486944
1501518863 572955
1501518863 649309
1501518863 736370
1501518863 812792
1501518863 899643
1501518863 975787
1501518864 62184
1501518864 149321
1501518864 235760
1501518864 311692
1501518864 397995
1501518864 484925
1501518864 561162
1501518864 647589
1501518864 734628
1501518864 811050
1501518864 897052
1501518864 974263
1501518865 60388
1501518865 271956
1501518865 358036
1501518865 444297
1501518865 521352
1501518865 915442
1501518866 375570
1501518866 462711
1501518866 548880
1501518866 634838
1501518866 721330
1501518866 807422
1501518866 922647
1501518867 9908
1501518867 96180
1501518867 201124
1501518867 517919
1501518867 595191
1501518867 671246
1501518867 757645
1501518867 843793
1501518867 930019
1501518868 17065
1501518868 103346
1501518868 189380
1501518868 275711
1501518868 361905
1501518868 449106
1501518868 535356
1501518868 620580
1501518868 707658
1501518868 794067
1501518868 880319
1501518868 966218
1501518869 53486
1501518869 139738
1501518869 225914
1501518869 312150
1501518869 398247
1501518869 485449
1501518869 571894
1501518869 657945
1501518869 744096
1501518869 830176
1501518869 917325
1501518870 3529
1501518870 89717
1501518870 176111
1501518870 262286
1501518870 349281
1501518870 435483
1501518870 521714
1501518870 608136
1501518870 694307
1501518870 781435
1501518870 867703
1501518870 953883
1501518871 40007
1501518871 126087
1501518871 213157
1501518871 299437
1501518871 385601
1501518871 471962
1501518871 558111
1501518871 645591
1501518871 731417
1501518871 817866
1501518871 903889
1501518871 981089
1501518872 67373
1501518872 153485
1501518872 230951
1501518872 316964
1501518872 403139
1501518872 490265
1501518872 576413
1501518872 662681
1501518872 748975
1501518872 826013
1501518872 912341
1501518872 998337
1501518873 75594
1501518873 161730
1501518873 247918
1501518873 334101
1501518873 421283
1501518873 507338
1501518873 593801
1501518873 680019
1501518873 766206
1501518873 853117
1501518873 939431
1501518874 25584
1501518874 111902
1501518874 198064
1501518874 284334
1501518874 370489
1501518874 457714
1501518874 543871
1501518874 630009
1501518874 716513
1501518874 802588
1501518874 889517
1501518874 975844
1501518875 475138
1501518875 571282
1501518875 829935
1501518875 917093
1501518876 213682
1501518876 300718
1501518876 387077
1501518876 473181
1501518876 559468
1501518876 857203
1501518876 953298
1501518877 39718
1501518877 164788
1501518877 251035
1501518877 336987
1501518877 423305
1501518877 510343
1501518877 596579
1501518877 683102
1501518877 769124
1501518877 855253
1501518877 941585
1501518878 28759
1501518878 114820
1501518878 201017
1501518878 287346
