1501515685 448069
1501515688 74526
1501515691 88107
1501515691 204737
1501515692 651267
1501515695 114338
1501515696 731882
1501515697 820774
1501515699 480949
1501515701 339803
1501515703 232182
1501515705 483271
1501515706 619553
1501515707 581816
1501515709 399999
1501515710 914959
1501515711 128636
1501515713 115978
1501515715 727399
1501515715 846342
1501515717 509386
1501515717 747417
1501515718 629940
1501515721 745032
1501515723 96711
1501515725 128874
1501515727 560509
1501515729 658792
1501515730 566482
1501515732 967983
1501515735 545402
1501515736 456059
1501515739 359989
1501515741 767660
1501515742 664908
1501515745 811531
1501515746 46470
1501515746 874458
1501515747 627361
1501515749 345995
1501515750 860896
1501515751 75386
1501515753 559890
1501515756 400459
1501515758 671815
1501515759 839933
1501515759 960465
1501515762 347005
1501515763 880037
1501515765 44515
1501515766 884553
1501515767 677683
1501515768 318554
1501515771 207819
1501515772 9244
1501515775 90115
1501515776 431637
1501515778 960963
1501515780 984760
1501515783 358171
1501515785 63455
1501515787 54443
1501515787 918473
1501515788 489488
1501515789 629110
1501515791 115813
1501515793 911565
1501515795 293182
1501515796 504330
1501515799 600962
1501515801 733026
1501515804 265339
1501515806 841964
1501515809 700512
1501515809 982527
1501515810 561430
1501515810 693508
1501515811 794234
1501515812 957808
1501515815 733361
1501515816 845631
1501515817 246163
1501515818 782979
1501515820 366565
1501515820 565102
1501515821 135376
1501515824 285701
1501515826 749569
1501515829 391026
1501515832 450980
1501515833 952315
1501515836 851423
1501515839 344747
1501515841 313417
1501515842 854332
1501515843 175691
1501515846 270171
1501515847 756904
1501515850 399214
1501515853 217284
1501515856 89440
1501515856 631987
1501515858 733087
1501515859 316860
1501515861 990476
1501515862 721338
1501515864 614883
1501515865 46129
1501515865 712006
1501515867 879709
1501515868 255590
1501515869 403465
1501515872 90962
1501515874 364879
1501515875 256286
1501515875 638845
1501515877 217020
1501515877 306421
1501515878 70670
1501515878 214635
1501515878 964701
1501515881 135453
1501515882 164564
1501515884 625670
1501515887 251870
1501515889 467890
1501515890 854532
1501515893 430279
1501515894 771452
1501515896 925724
1501515899 57387
1501515899 352544
1501515900 562661
1501515903 200280
1501515904 718319
1501515907 158740
1501515909 812746
1501515910 12231
1501515910 360708
1501515911 627255
1501515912 757214
1501515913 615563
1501515914 221641
1501515915 528624
1501515915 700279
1501515917 481499
1501515919 476423
1501515920 731804
1501515922 547866
1501515925 586038
1501515926 966644
1501515929 831649
1501515930 616397
1501515933 736814
1501515936 94223
1501515936 569244
1501515939 39515
1501515941 170648
1501515943 224288
1501515944 996838
1501515947 168256
1501515948 762218
1501515948 933867
1501515951 740879
1501515952 465459
1501515953 624180
1501515954 587655
1501515955 192676
1501515955 744277
1501515957 248495
1501515958 451841
1501515960 615623
1501515963 423455
1501515964 531347
1501515966 333023
1501515968 466398
1501515969 608032
1501515971 12997
1501515973 56094
1501515974 128377
1501515974 555886
1501515976 705967
1501515977 446731
1501515979 805310
1501515981 524815
