1501513262 140754
1501513262 937723
1501513263 293055
1501513264 108279
1501513264 328845
1501513264 635663
1501513265 691863
1501513265 923045
1501513266 287160
1501513266 488768
1501513267 256430
1501513267 573816
1501513268 264703
1501513269 42503
1501513269 954338
1501513270 876499
1501513271 269389
1501513271 346650
1501513272 57275
1501513272 440961
1501513273 535368
1501513274 111046
1501513275 23001
1501513275 291487
1501513275 618066
1501513276 405919
1501513277 58459
1501513277 932458
1501513278 421412
1501513278 929587
1501513279 179850
1501513279 717409
1501513280 485028
1501513281 42349
1501513281 858114
1501513282 568801
1501513283 269378
1501513283 374629
1501513284 343976
1501513284 632171
1501513284 718578
1501513284 919245
1501513285 403145
1501513286 263339
1501513286 368268
1501513287 40012
1501513287 385920
1501513288 221790
1501513288 941428
1501513289 459472
1501513289 853419
1501513290 314458
1501513290 746480
1501513291 254786
1501513291 878982
1501513292 752848
1501513293 828296
1501513294 759314
1501513295 334677
1501513296 45416
1501513296 784070
1501513297 763153
1501513298 301434
1501513298 521603
1501513298 761258
1501513298 972638
1501513299 568036
1501513299 683472
1501513299 836661
1501513300 432147
1501513301 27719
1501513301 574557
1501513301 958739
1501513302 746330
1501513303 648074
1501513304 137775
1501513304 982426
1501513305 203698
1501513306 173563
1501513306 403678
1501513307 267790
1501513308 102333
1501513308 418896
1501513308 909112
1501513309 91474
1501513309 724978
1501513309 850155
1501513310 118756
1501513310 646898
1501513311 664531
1501513311 808792
1501513312 58751
1501513313 94557
1501513313 958371
1501513314 688148
1501513315 754451
1501513316 541498
1501513316 694630
1501513317 434600
1501513317 616530
1501513318 9600
1501513318 845235
1501513319 95000
1501513319 900778
1501513320 361743
1501513321 150133
1501513321 244783
1501513322 70760
1501513322 243147
1501513322 790175
1501513323 222205
1501513324 144363
1501513324 470904
1501513324 634407
1501513325 680654
1501513326 515655
1501513326 889645
1501513327 283316
1501513327 811485
1501513328 608264
1501513328 982335
1501513329 327926
1501513329 990675
1501513330 451485
1501513330 988710
1501513331 795546
1501513332 601399
1501513333 273952
1501513334 147627
1501513334 300852
1501513334 982807
1501513335 222215
1501513336 288874
1501513337 56503
1501513338 45366
1501513338 937546
1501513339 667559
1501513340 550934
1501513340 973128
1501513341 885046
1501513342 661832
1501513343 439702
1501513344 16051
1501513344 418969
1501513345 120059
1501513345 377940
1501513345 809936
1501513346 40630
1501513346 376180
1501513346 673924
1501513347 67754
1501513347 643309
1501513348 622759
1501513348 977239
1501513349 554259
1501513350 138799
1501513350 820888
1501513351 654595
1501513352 105014
1501513352 920253
1501513354 15669
1501513354 774177
1501513354 965489
1501513355 647266
1501513356 540337
1501513356 808489
1501513357 105765
1501513358 132913
1501513358 996326
1501513359 130378
1501513359 850475
1501513360 532238
1501513361 108591
1501513361 808811
1501513362 86932
1501513362 702334
1501513362 912855
1501513363 235579
1501513363 790350
1501513364 692388
1501513364 912245
1501513365 834901
1501513366 640008
1501513366 996279
1501513367 542997
1501513368 214397
1501513368 300616
1501513368 800743
1501513369 818702
1501513370 105616
1501513370 710029
1501513371 142032
1501513371 458714
1501513371 968686
1501513372 630435
1501513372 880020
1501513373 484337
1501513374 119867
1501513375 136710
1501513375 914394
1501513376 10143
1501513376 969316
1501513377 747612
1501513378 583579
1501513379 72357
1501513379 917322
1501513380 416609
1501513381 183680
1501513381 337650
1501513382 49201
1501513382 393135
1501513383 180583
1501513383 536651
1501513383 641188
1501513384 169879
1501513384 851388
1501513385 282914
1501513385 897572
1501513386 847836
1501513387 682758
1501513388 38687
1501513388 978783
1501513389 275856
1501513389 381873
1501513389 775785
1501513390 486098
1501513390 611240
1501513390 946572
1501513391 762553
1501513392 597222
1501513393 29323
1501513393 337667
1501513393 587165
1501513394 441133
1501513394 651834
1501513395 180804
1501513395 367217
1501513396 432931
1501513396 980245
1501513397 940220
1501513398 362212
1501513398 631881
1501513399 370454
1501513399 764378
1501513400 685454
1501513400 781477
1501513401 309828
1501513401 866490
1501513402 77537
1501513402 587203
1501513403 499703
1501513403 997811
1501513404 295776
1501513404 400737
1501513405 63189
1501513406 14361
1501513406 907695
1501513407 550266
1501513408 212996
1501513409 182710
1501513409 480332
1501513410 17749
1501513410 833719
1501513411 169478
1501513411 860693
1501513412 264828
1501513413 290983
1501513414 251320
1501513414 501398
1501513414 616759
1501513415 67945
1501513415 575422
1501513416 219488
1501513416 757349
1501513417 545138
1501513417 698528
1501513418 264965
1501513418 667679
1501513419 139131
1501513419 857937
1501513420 174649
1501513420 904432
1501513421 221359
1501513422 258399
1501513423 141384
1501513423 515979
1501513424 465997
1501513425 541924
1501513426 213639
1501513427 270047
1501513428 354469
1501513428 738504
1501513429 419281
1501513430 15195
1501513430 417746
1501513430 859515
1501513431 858465
1501513432 319579
1501513432 607095
1501513433 510261
1501513434 229652
1501513434 594016
1501513435 458787
1501513435 544598
1501513435 794331
1501513436 5039
1501513436 945699
1501513437 924440
1501513438 904540
1501513439 739557
1501513439 911948
1501513440 670572
1501513440 968217
1501513442 44134
1501513442 465798
1501513443 79975
1501513443 877687
1501513444 271426
1501513445 259372
1501513445 518392
1501513446 259011
1501513447 55714
1501513447 918563
1501513448 91681
1501513448 475618
1501513449 79454
1501513449 963270
1501513450 721219
1501513451 518532
1501513451 883112
1501513452 373541
1501513452 497599
1501513453 246612
1501513454 273120
1501513454 447200
1501513455 13492
1501513455 454570
1501513455 676809
1501513456 491833
1501513457 499781
1501513458 479199
1501513458 613388
1501513459 515467
1501513459 591841
1501513460 100171
1501513460 321119
1501513461 70768
1501513461 185327
1501513461 502934
1501513462 520349
1501513463 528544
1501513464 344495
1501513465 188565
1501513465 966432
1501513466 340585
1501513467 185898
1501513467 608751
1501513467 953465
1501513468 452895
1501513468 884496
1501513469 383637
1501513469 911773
1501513470 7972
1501513470 756626
1501513471 697862
1501513471 812928
1501513472 378838
1501513472 964971
1501513473 511808
1501513474 174551
1501513474 442417
1501513475 287828
1501513476 342644
1501513476 832768
1501513477 136595
1501513477 818288
1501513478 816612
1501513479 747797
1501513480 313871
1501513481 273348
1501513482 204477
1501513482 627390
1501513482 943968
1501513483 48963
1501513483 491369
1501513484 258957
1501513484 950376
1501513485 122958
1501513485 257250
1501513486 111988
1501513486 630219
1501513486 918539
1501513487 196589
1501513487 638452
1501513487 743432
1501513487 964302
1501513488 991662
1501513489 548624
1501513489 874737
1501513490 796415
1501513491 650538
1501513492 591578
1501513492 754887
1501513493 99888
1501513493 963865
1501513494 366668
1501513494 721416
1501513495 211588
1501513495 566268
1501513496 391497
1501513496 699008
1501513497 707199
1501513498 118911
1501513499 127430
1501513500 154831
1501513500 750148
1501513501 575989
1501513502 429337
1501513503 216562
1501513504 186002
1501513504 320176
1501513504 646764
1501513504 934104
1501513505 462439
1501513506 354746
1501513506 566123
1501513506 834847
1501513507 304957
1501513507 391195
1501513508 322297
1501513508 687134
1501513509 618128
1501513510 654541
1501513510 846839
1501513511 259844
1501513511 595754
1501513511 720702
1501513512 72454
1501513512 229073
1501513513 323555
1501513514 407915
1501513515 69478
1501513515 924558
1501513516 394644
1501513517 162237
1501513517 882891
1501513518 593493
1501513519 63572
1501513519 562617
1501513520 244610
1501513521 175595
1501513521 290355
1501513521 933980
1501513522 510167
1501513523 460296
1501513524 122091
1501513525 178291
1501513526 52204
1501513526 176378
1501513526 954166
1501513527 59335
1501513527 587728
1501513528 595962
1501513528 874749
1501513529 757491
1501513530 112364
1501513531 15443
1501513531 783203
1501513532 311079
1501513532 579913
1501513533 97959
1501513534 154370
1501513534 528346
1501513535 507573
1501513536 496557
1501513537 263538
1501513537 388802
1501513537 781625
1501513538 569289
1501513539 490649
1501513539 865367
1501513540 595029
1501513541 75258
1501513541 258049
1501513541 689372
1501513542 264723
1501513542 658756
1501513543 570802
1501513544 176064
1501513544 405550
1501513544 828347
1501513545 231363
1501513546 229802
1501513546 709686
1501513547 122500
1501513547 487435
1501513548 112127
1501513548 255231
1501513548 955761
1501513549 589171
1501513550 539558
1501513550 962291
1501513551 288228
1501513551 643965
1501513552 449698
1501513552 900355
1501513553 687911
1501513553 774197
1501513553 900455
1501513554 359966
1501513555 407880
1501513556 1930
1501513556 331468
1501513556 686480
1501513557 424534
1501513558 481523
