1502194298 969487
1502194299 177421
1502194299 358888
1502194299 442188
1502194299 642316
1502194299 873784
1502194300 140199
1502194300 348876
1502194300 592448
1502194300 697985
1502194300 816306
1502194301 80417
1502194301 277988
1502194301 439389
1502194301 608836
1502194301 805240
1502194301 931732
1502194302 116826
1502194302 338393
1502194302 444844
1502194302 526971
1502194302 765273
1502194302 939780
1502194303 118085
1502194303 282489
1502194303 403956
1502194303 619199
1502194303 751698
1502194303 850029
1502194304 102254
1502194304 297720
1502194304 391333
1502194304 686503
1502194304 812208
1502194305 62508
1502194305 173873
1502194305 415156
1502194305 559701
1502194305 673083
1502194305 842315
1502194305 931572
1502194306 185937
1502194306 373343
1502194306 512952
1502194306 765113
1502194306 846853
1502194307 104015
1502194307 278591
1502194307 519878
1502194308 54957
1502194308 282682
1502194308 411200
1502194308 572464
1502194308 680789
1502194308 900134
1502194309 36829
1502194309 270926
1502194309 495448
1502194309 676711
1502194309 874448
1502194310 51824
1502194310 243149
1502194310 482768
1502194310 591269
1502194310 838352
1502194310 976175
1502194311 174238
1502194311 331491
1502194311 511145
1502194311 599466
1502194311 734689
1502194311 860040
1502194312 93282
1502194312 209926
1502194312 348306
1502194312 468384
1502194312 619707
1502194312 827140
1502194312 996486
1502194313 501493
1502194313 692290
1502194313 817582
1502194314 2746
1502194314 233110
1502194314 361750
1502194314 548906
1502194314 696432
1502194314 809750
1502194314 973040
1502194315 58330
1502194315 174607
1502194315 301786
1502194315 427141
1502194315 597050
