1502290537 14670
1502290537 197249
1502290537 312171
1502290537 427697
1502290537 658419
1502290537 744483
1502290537 840758
1502290538 23477
1502290538 109275
1502290538 205489
1502290538 310442
1502290538 387867
1502290538 474158
1502290538 723404
1502290538 954021
1502290539 203757
1502290539 415198
1502290539 635406
1502290539 885024
1502290540 134550
1502290540 336004
1502290540 432510
1502290540 653826
1502290540 754229
1502290540 941628
1502290541 65681
1502290541 162180
1502290541 258378
1502290541 422130
1502290541 545722
1502290541 623167
1502290541 757517
1502290542 25778
1502290542 247482
1502290542 399706
1502290542 525034
1502290542 668351
1502290542 841733
1502290543 43504
1502290543 139298
1502290543 359852
1502290543 580413
1502290543 705637
1502290543 820853
1502290544 51360
1502290544 156668
1502290544 242836
1502290544 454313
1502290544 540515
1502290544 646680
1502290544 867474
1502290545 20591
1502290545 155219
1502290545 270451
1502290545 443718
1502290545 635284
1502290545 721641
1502290545 798622
1502290545 923821
1502290546 19159
1502290546 173465
1502290546 403869
1502290546 586390
1502290546 720885
1502290546 912158
1502290547 37305
1502290547 267983
1502290547 526872
1502290547 604014
1502290547 795071
1502290548 6617
1502290548 266324
1502290548 409424
1502290548 668904
1502290548 889574
1502290549 91536
1502290549 274534
