1501002270 963199
1501002271 97476
1501002271 231651
1501002271 365497
1501002271 538212
1501002271 672637
1501002271 806549
1501002271 941809
1501002272 191300
1501002272 325625
1501002272 450390
1501002272 575588
1501002272 699936
1501002272 824977
1501002272 949440
1501002273 74847
1501002273 199330
1501002273 333163
1501002273 468201
1501002273 602517
1501002273 736943
1501002273 861749
1501002273 986714
1501002274 120653
1501002274 245570
1501002274 380146
1501002274 514590
1501002274 648684
1501002274 783039
1501002274 907885
1501002275 41910
1501002275 177051
1501002275 311334
1501002275 445693
1501002275 579776
1501002275 704646
1501002275 838522
1501002275 973719
1501002276 108039
1501002276 242385
1501002276 367149
1501002276 492335
1501002276 617115
1501002276 742214
1501002276 875802
1501002277 800
1501002277 135394
1501002277 269948
1501002277 404012
1501002277 528750
1501002277 653985
1501002277 787927
1501002277 913064
1501002278 47727
1501002278 181890
1501002278 316049
1501002278 450311
1501002278 575100
1501002278 700516
1501002278 824643
1501002278 958508
1501002279 93899
1501002279 228025
1501002279 362460
1501002279 486950
1501002279 612319
1501002279 736803
1501002279 862036
1501002279 986357
1501002280 111366
1501002280 236332
1501002280 370543
1501002280 505066
1501002280 629847
1501002280 754969
1501002280 888931
1501002281 23167
1501002281 157464
1501002281 291986
1501002281 417410
1501002281 551242
1501002281 675987
1501002281 801183
1501002281 926249
1501002282 50927
1501002282 184668
1501002282 309457
1501002282 434592
1501002282 558913
1501002282 693744
1501002282 828190
1501002282 962493
1501002283 96875
1501002283 222076
1501002283 346907
1501002283 471580
1501002283 596354
1501002283 730266
1501002283 855858
1501002283 990003
1501002284 124199
1501002284 258417
1501002284 392856
1501002284 517571
1501002284 652559
1501002284 786511
1501002284 911257
1501002285 36719
1501002285 160716
1501002285 286004
1501002285 410252
1501002285 535907
1501002285 659978
1501002285 785247
1501002285 909645
1501002286 34844
1501002286 159201
1501002286 284345
1501002286 408743
1501002286 533993
1501002286 659080
1501002286 793109
1501002286 927337
1501002287 61674
1501002287 186436
1501002287 311746
1501002287 436098
1501002287 561271
1501002287 685555
1501002287 811046
1501002287 934985
1501002288 60570
1501002288 184682
1501002288 310000
1501002288 443782
1501002288 569443
1501002288 703330
1501002288 837742
1501002288 972036
1501002289 97044
1501002289 222020
1501002289 346322
1501002289 481066
1501002289 615313
1501002289 749653
1501002289 874529
1501002289 999810
1501002290 124053
1501002290 249155
1501002290 373390
1501002290 498606
1501002290 632920
1501002290 758848
1501002290 892243
1501002291 26538
1501002291 161228
1501002291 295137
1501002291 419937
1501002291 545281
1501002291 679048
1501002291 804741
1501002291 938576
1501002292 72916
1501002292 207203
1501002292 341530
1501002292 475780
1501002292 601428
1501002292 735263
1501002292 869613
1501002293 4115
1501002293 128739
1501002293 253848
1501002293 387878
1501002293 513468
1501002293 647375
1501002293 781766
1501002293 906539
1501002294 31782
1501002294 165604
1501002294 299982
1501002294 425611
1501002294 559484
1501002294 693845
1501002294 818635
1501002294 943995
1501002295 77758
1501002295 211999
1501002295 346243
1501002295 472028
1501002295 605833
1501002295 740057
1501002295 864784
1501002295 990044
1501002296 114476
1501002296 239843
1501002296 373782
1501002296 499264
1501002296 633253
1501002296 767507
1501002296 901811
1501002297 36089
1501002297 170322
1501002297 304728
1501002297 430368
1501002297 564317
1501002297 698476
1501002297 823294
1501002297 948521
1501002298 72816
1501002298 197765
1501002298 332037
1501002298 457738
1501002298 591711
1501002298 725777
1501002298 860058
1501002298 984813
1501002299 109954
1501002299 244044
1501002299 378366
1501002299 504012
1501002299 637910
1501002299 772153
1501002299 906659
1501002300 40991
1501002300 165570
1501002300 300311
1501002300 434674
1501002300 568995
1501002300 703330
1501002300 837547
1501002300 963160
1501002301 97080
1501002301 231482
1501002301 365841
1501002301 500043
1501002301 634460
1501002301 768739
1501002301 894436
1501002302 28231
1501002302 162727
1501002302 287911
1501002302 412625
1501002302 546465
1501002302 680832
1501002302 806404
1501002302 940345
1501002303 74596
1501002303 208810
1501002303 333573
1501002303 459070
1501002303 592768
1501002303 718454
1501002303 852231
1501002303 986522
1501002304 111187
1501002304 236437
1501002304 360737
1501002304 486058
1501002304 619925
1501002304 744676
1501002304 879451
1501002305 14064
1501002305 148148
1501002305 282468
1501002305 416732
1501002305 551259
1501002305 677200
1501002305 810654
1501002305 945031
1501002306 79492
1501002306 204066
1501002306 329244
1501002306 453628
1501002306 578897
1501002306 703299
1501002306 837880
1501002306 972267
1501002307 106617
1501002307 241108
1501002307 375362
1501002307 499913
1501002307 634690
1501002307 769267
1501002307 903342
1501002308 37777
1501002308 172003
1501002308 306300
1501002308 431983
1501002308 565929
1501002308 700172
1501002308 834535
1501002308 968902
1501002309 93958
1501002309 228389
1501002309 362693
1501002309 496990
1501002309 631391
1501002309 755990
1501002309 881370
1501002310 15160
1501002310 149631
1501002310 275084
1501002310 409018
1501002310 543448
1501002310 668224
1501002310 793498
1501002310 917606
1501002311 42873
1501002311 167143
1501002311 302283
1501002311 436309
1501002311 570610
1501002311 705040
1501002311 839315
1501002311 964033
1501002312 98827
1501002312 233286
1501002312 367343
1501002312 501870
1501002312 636139
1501002312 761694
1501002312 895464
1501002313 29928
1501002313 164182
1501002313 298533
1501002313 423300
1501002313 558010
1501002313 692382
1501002313 826655
1501002313 951363
1501002314 76647
1501002314 210504
1501002314 344918
1501002314 469575
1501002314 604259
1501002314 738653
1501002314 863433
1501002314 988959
1501002315 112934
1501002315 238307
1501002315 362526
1501002315 488311
1501002315 621784
1501002315 746810
1501002315 881273
1501002316 15563
1501002316 149856
1501002316 284224
1501002316 418503
1501002316 552836
1501002316 687171
1501002316 812719
1501002316 946741
1501002317 81127
1501002317 215433
1501002317 340047
1501002317 474875
1501002317 609205
1501002317 743387
1501002317 877686
1501002318 12081
1501002318 146407
1501002318 272232
1501002318 405940
1501002318 540127
1501002318 674488
1501002318 808840
1501002318 943202
1501002319 69199
1501002319 202895
1501002319 337082
1501002319 471375
1501002319 605976
1501002319 739703
1501002319 874366
1501002320 8955
1501002320 143149
1501002320 277348
1501002320 411809
1501002320 546236
1501002320 680692
1501002320 814937
1501002320 950053
1501002321 83669
1501002321 218244
1501002321 352058
1501002321 485677
1501002321 620556
1501002321 755069
1501002321 889347
1501002322 23640
1501002322 157125
1501002322 291554
1501002322 426537
1501002322 560929
1501002322 695264
1501002322 829658
1501002322 963759
1501002323 98334
1501002323 231680
1501002323 366799
1501002323 501137
1501002323 635674
1501002323 768896
1501002323 903171
1501002324 38570
1501002324 172780
1501002324 306928
1501002324 441365
1501002324 575554
1501002324 710156
1501002324 844343
1501002324 977729
1501002325 111982
1501002325 247299
1501002325 381365
1501002325 515741
1501002325 649287
1501002325 784396
1501002325 917713
1501002326 51960
1501002326 186410
1501002326 320809
1501002326 455016
1501002326 589364
1501002326 724488
1501002326 858843
1501002326 993136
1501002327 127529
1501002327 260846
1501002327 395107
1501002327 530439
1501002327 664913
1501002327 799023
1501002327 933396
1501002328 67615
1501002328 201956
1501002328 336249
1501002328 470611
1501002328 604982
1501002328 739351
1501002328 873566
1501002329 8505
1501002329 142496
1501002329 276600
1501002329 410842
1501002329 545288
1501002329 679457
1501002329 813721
1501002329 947999
1501002330 82530
1501002330 216631
1501002330 351011
1501002330 485436
1501002330 619629
1501002330 754122
1501002330 888305
1501002331 22663
1501002331 156947
1501002331 291194
1501002331 425494
1501002331 559867
1501002331 694150
1501002331 828509
1501002331 962623
1501002332 97031
1501002332 231408
1501002332 365801
1501002332 499912
1501002332 634396
1501002332 768502
1501002332 902569
1501002333 36952
1501002333 171525
1501002333 305925
1501002333 440132
1501002333 574425
1501002333 708792
1501002333 842934
1501002333 977345
1501002334 110704
1501002334 244982
1501002334 379285
1501002334 513630
1501002334 648869
1501002334 783380
1501002334 917560
1501002335 51920
1501002335 186105
1501002335 320808
1501002335 454813
1501002335 589230
1501002335 723334
1501002335 857678
1501002335 992035
1501002336 126381
1501002336 260552
1501002336 395070
1501002336 529443
1501002336 663592
1501002336 797899
1501002336 932241
1501002337 66493
1501002337 200923
1501002337 335174
1501002337 469491
1501002337 603741
1501002337 738134
1501002337 872388
1501002338 6628
1501002338 141167
1501002338 275484
1501002338 409681
1501002338 543915
1501002338 678393
1501002338 812669
1501002338 946801
1501002339 81134
1501002339 215320
1501002339 349674
1501002339 484105
1501002339 619296
1501002339 752861
1501002339 887030
1501002340 21505
1501002340 155618
1501002340 289945
1501002340 424139
1501002340 558505
1501002340 692804
1501002340 827304
1501002340 961442
1501002341 95818
1501002341 230249
1501002341 364564
1501002341 498776
1501002341 633087
1501002341 767207
1501002341 901657
1501002342 35908
1501002342 170269
1501002342 303701
1501002342 438909
1501002342 573316
1501002342 707677
1501002342 841966
1501002342 976188
1501002343 110524
1501002343 245011
1501002343 379106
1501002343 513315
1501002343 647703
1501002343 782825
1501002343 916502
1501002344 50667
1501002344 185046
1501002344 319172
1501002344 453695
1501002344 587846
1501002344 722196
1501002344 856539
1501002344 990245
1501002345 125033
1501002345 259370
1501002345 393783
1501002345 528046
1501002345 662397
1501002345 796999
1501002345 931083
1501002346 65343
1501002346 199452
1501002346 333519
1501002346 468258
1501002346 602571
1501002346 737056
1501002346 871258
1501002347 5683
1501002347 140035
1501002347 274190
1501002347 408315
1501002347 542661
1501002347 676953
1501002347 811062
1501002347 945640
1501002348 80024
1501002348 214354
1501002348 347688
1501002348 482149
1501002348 617154
1501002348 751448
1501002348 884747
1501002349 19222
1501002349 154372
1501002349 288853
1501002349 423067
1501002349 557468
1501002349 691764
1501002349 826077
1501002349 960504
1501002350 94915
1501002350 229026
1501002350 363367
1501002350 498408
1501002350 632733
1501002350 767226
1501002350 901419
1501002351 35733
1501002351 170077
1501002351 304306
1501002351 438583
1501002351 572966
1501002351 707558
1501002351 841781
1501002351 976129
1501002352 110150
1501002352 244625
1501002352 378993
1501002352 513211
1501002352 647476
1501002352 782602
1501002352 916984
1501002353 51169
1501002353 185620
1501002353 319817
1501002353 454236
1501002353 588696
1501002353 722789
1501002353 857342
1501002353 991361
1501002354 126066
1501002354 260090
1501002354 394435
1501002354 528682
1501002354 663196
1501002354 797371
1501002354 931620
1501002355 65837
1501002355 200374
1501002355 334665
1501002355 468938
1501002355 603274
1501002355 737716
1501002355 871972
1501002356 6115
1501002356 140432
1501002356 275761
1501002356 408852
1501002356 543709
1501002356 678057
1501002356 812444
1501002356 947070
1501002357 81547
1501002357 215775
1501002357 350242
1501002357 484446
1501002357 619008
1501002357 753113
1501002357 887483
1501002358 20740
1501002358 155943
1501002358 290329
1501002358 424500
1501002358 558888
1501002358 693149
1501002358 827602
1501002358 961838
1501002359 96233
1501002359 230612
1501002359 364731
1501002359 499173
1501002359 633316
1501002359 767747
1501002359 901918
1501002360 36159
1501002360 171573
1501002360 304980
1501002360 439172
1501002360 574447
1501002360 707747
1501002360 842154
1501002360 976551
1501002361 110774
1501002361 245361
1501002361 379537
1501002361 513901
1501002361 648107
1501002361 782341
1501002361 916604
1501002362 50901
1501002362 185497
1501002362 319760
1501002362 453978
1501002362 588350
1501002362 722727
1501002362 856810
1501002362 991101
1501002363 126635
1501002363 260796
1501002363 395009
1501002363 529502
1501002363 663756
1501002363 798108
1501002363 932117
1501002364 66535
1501002364 200811
1501002364 335206
1501002364 469518
1501002364 603741
1501002364 738260
1501002364 872512
1501002365 6656
1501002365 140947
1501002365 275335
1501002365 409896
1501002365 544059
1501002365 678148
1501002365 812804
1501002365 947912
1501002366 82194
1501002366 216415
1501002366 350650
1501002366 485069
1501002366 619571
1501002366 753864
1501002366 888004
1501002367 22416
1501002367 156697
1501002367 291064
1501002367 425346
1501002367 559799
1501002367 693950
1501002367 828339
1501002367 962529
1501002368 96932
1501002368 231883
1501002368 366320
1501002368 500738
1501002368 634968
1501002368 769564
1501002368 903680
1501002369 37957
1501002369 172374
1501002369 306643
1501002369 440879
1501002369 575313
1501002369 709359
1501002369 843685
1501002369 979288
1501002370 113322
1501002370 247724
1501002370 381862
1501002370 516203
1501002370 650607
1501002370 784715
1501002370 918206
1501002371 53585
1501002371 187788
1501002371 322123
1501002371 456356
1501002371 590497
1501002371 725130
1501002371 859273
1501002371 993541
1501002372 127962
1501002372 262303
1501002372 396457
1501002372 530781
1501002372 665620
1501002372 799519
1501002372 933935
1501002373 68075
1501002373 202571
1501002373 336686
1501002373 471234
1501002373 605435
1501002373 740448
1501002373 874770
1501002374 9204
1501002374 143359
1501002374 277906
1501002374 412287
1501002374 546498
1501002374 680789
1501002374 815137
1501002374 949364
1501002375 83701
1501002375 218242
1501002375 352527
1501002375 487651
1501002375 622219
1501002375 756104
1501002375 890587
1501002376 24787
1501002376 159306
1501002376 293484
1501002376 427732
1501002376 562042
1501002376 696439
1501002376 830687
1501002376 965836
1501002377 100198
1501002377 234791
1501002377 368743
1501002377 503083
1501002377 637403
1501002377 771734
1501002377 906009
1501002378 40290
1501002378 174623
1501002378 308912
1501002378 443359
1501002378 577657
1501002378 711930
1501002378 846440
1501002378 981825
1501002379 115727
1501002379 250014
1501002379 384430
1501002379 518687
1501002379 652933
1501002379 787207
1501002379 921528
1501002380 55780
1501002380 190253
1501002380 324609
1501002380 458903
1501002380 593184
1501002380 727377
1501002380 862671
1501002380 996920
1501002381 131475
1501002381 265836
1501002381 400271
1501002381 534071
1501002381 668535
1501002381 802604
1501002381 936970
1501002382 71472
1501002382 205800
1501002382 340059
1501002382 474466
1501002382 608743
1501002382 743886
1501002382 877456
1501002383 12637
1501002383 146931
1501002383 281233
1501002383 415591
1501002383 550034
1501002383 684430
1501002383 818566
1501002383 952867
1501002384 86922
1501002384 221448
1501002384 355672
1501002384 489968
1501002384 624198
1501002384 760334
1501002384 893821
1501002385 28103
1501002385 162508
1501002385 296826
1501002385 431164
1501002385 565394
1501002385 699653
1501002385 834172
1501002385 968321
1501002386 102647
1501002386 236951
1501002386 371328
1501002386 505728
1501002386 639776
1501002386 775401
1501002386 909370
1501002387 43713
1501002387 177962
1501002387 312317
1501002387 446515
1501002387 581214
1501002387 715353
1501002387 849840
1501002387 983880
1501002388 118310
1501002388 252347
1501002388 386864
1501002388 522014
1501002388 656291
1501002388 790570
1501002388 925035
1501002389 59238
1501002389 193575
1501002389 327958
1501002389 462295
1501002389 596793
1501002389 730736
1501002389 865337
1501002389 999649
1501002390 133714
1501002390 268083
1501002390 403315
1501002390 537425
1501002390 671977
1501002390 806348
1501002390 940328
1501002391 74739
1501002391 209162
1501002391 343492
1501002391 477766
1501002391 612046
1501002391 746628
1501002391 880763
1501002392 15032
1501002392 150379
1501002392 284466
1501002392 418888
1501002392 553318
1501002392 687521
1501002392 821944
1501002392 956267
1501002393 90422
1501002393 224657
1501002393 358877
1501002393 494174
1501002393 628436
1501002393 762912
1501002393 897067
1501002394 31584
1501002394 166249
1501002394 300041
1501002394 434515
1501002394 568818
1501002394 702963
1501002394 837325
1501002394 971561
1501002395 106106
1501002395 240476
1501002395 374653
1501002395 508787
1501002395 643203
1501002395 778428
1501002395 912742
1501002396 47082
1501002396 181456
1501002396 315817
1501002396 449916
1501002396 584254
1501002396 718533
1501002396 853071
1501002396 987288
1501002397 121437
1501002397 255682
1501002397 391005
1501002397 524371
1501002397 658654
1501002397 793032
1501002397 928247
1501002398 62694
1501002398 197041
1501002398 331429
1501002398 465551
1501002398 599753
1501002398 733935
1501002398 868657
1501002399 2871
1501002399 137216
1501002399 271564
1501002399 405872
1501002399 540913
1501002399 675231
1501002399 809893
1501002399 943982
1501002400 78143
1501002400 212565
1501002400 346884
1501002400 481122
1501002400 615481
1501002400 749706
1501002400 885063
1501002401 20073
1501002401 153451
1501002401 287877
1501002401 422158
1501002401 556309
1501002401 690701
1501002401 825463
1501002401 959525
1501002402 93967
1501002402 227950
1501002402 363247
1501002402 497603
1501002402 631849
1501002402 766324
1501002402 900585
1501002403 34918
1501002403 169034
1501002403 303563
1501002403 437767
1501002403 572059
1501002403 706302
1501002403 841663
1501002403 975908
1501002404 110191
1501002404 244474
1501002404 379245
1501002404 513094
1501002404 647425
1501002404 781746
1501002404 916215
1501002405 50453
1501002405 184866
1501002405 319039
1501002405 453376
1501002405 587630
1501002405 722964
1501002405 857254
1501002405 991475
1501002406 125948
1501002406 260049
1501002406 394411
1501002406 528634
1501002406 662934
1501002406 797342
1501002406 931524
1501002407 65926
1501002407 200269
1501002407 334719
1501002407 469024
1501002407 603209
1501002407 738286
1501002407 872634
1501002408 7004
1501002408 141575
1501002408 275675
1501002408 410333
1501002408 544538
1501002408 678798
1501002408 813087
1501002408 947211
1501002409 81529
1501002409 216933
1501002409 351183
1501002409 485290
1501002409 619691
1501002409 754053
1501002409 888527
1501002410 22709
1501002410 157155
1501002410 291528
1501002410 425618
1501002410 559937
1501002410 695151
1501002410 829587
1501002410 963718
1501002411 97935
1501002411 232306
1501002411 366708
1501002411 500941
1501002411 635319
1501002411 769591
1501002411 903971
1501002412 38141
1501002412 173471
1501002412 307616
1501002412 441981
1501002412 576409
1501002412 710549
1501002412 844947
1501002412 979295
1501002413 113728
1501002413 247955
1501002413 382212
1501002413 516297
1501002413 650818
1501002413 786031
1501002413 920351
1501002414 54793
1501002414 189027
1501002414 323247
1501002414 457615
1501002414 591990
1501002414 726565
1501002414 860483
1501002414 994675
1501002415 128949
1501002415 264124
1501002415 398698
1501002415 533025
1501002415 667226
1501002415 801693
1501002415 935874
1501002416 70364
1501002416 204615
1501002416 339075
1501002416 473089
1501002416 607341
1501002416 742685
1501002416 877073
1501002417 11348
1501002417 145602
1501002417 279941
1501002417 414333
1501002417 548443
1501002417 682662
1501002417 817098
1501002417 951376
1501002418 85556
1501002418 219986
1501002418 354296
1501002418 489613
1501002418 623843
1501002418 758333
1501002418 892744
1501002419 26873
1501002419 161250
1501002419 295489
1501002419 429958
1501002419 564133
1501002419 698590
1501002419 832851
1501002419 967209
1501002420 102332
1501002420 236532
1501002420 370789
1501002420 505099
1501002420 639486
1501002420 773942
1501002420 908167
1501002421 42762
1501002421 176701
1501002421 311228
1501002421 446444
1501002421 580708
1501002421 714922
1501002421 849375
1501002421 983488
1501002422 117916
1501002422 252027
1501002422 386884
1501002422 520765
1501002422 654999
1501002422 790151
1501002422 924511
1501002423 58901
1501002423 193096
1501002423 327305
1501002423 461868
1501002423 596117
1501002423 730324
1501002423 864763
1501002423 998982
1501002424 133515
1501002424 267735
1501002424 403052
1501002424 537296
1501002424 671675
1501002424 805892
1501002424 940188
1501002425 74611
1501002425 209011
1501002425 343129
1501002425 477798
1501002425 611903
1501002425 746978
1501002425 881201
1501002426 15728
1501002426 150153
1501002426 284236
1501002426 418529
1501002426 552924
1501002426 687088
1501002426 821384
1501002426 955797
1501002427 91166
1501002427 225502
1501002427 359633
1501002427 494061
1501002427 628245
1501002427 762603
1501002427 897007
1501002428 31238
1501002428 165566
1501002428 299723
1501002428 434985
1501002428 569603
1501002428 703587
1501002428 838139
1501002428 972153
1501002429 106520
1501002429 241139
1501002429 374965
1501002429 509650
1501002429 643817
1501002429 778205
1501002429 913275
1501002430 47562
1501002430 181940
1501002430 316140
1501002430 450470
1501002430 584736
1501002430 719192
1501002430 853642
1501002430 987897
1501002431 122024
1501002431 257431
1501002431 391600
1501002431 525849
1501002431 659985
1501002431 795398
1501002431 928894
1501002432 63249
1501002432 197763
1501002432 331846
1501002432 466260
1501002432 601327
1501002432 735834
1501002432 869848
1501002433 4143
1501002433 138560
1501002433 272794
1501002433 407126
1501002433 541499
1501002433 675747
1501002433 810052
1501002433 944387
1501002434 79664
1501002434 213913
1501002434 348132
1501002434 482694
1501002434 616805
1501002434 751358
1501002434 885626
1501002435 19675
1501002435 153986
1501002435 288461
1501002435 423606
1501002435 557969
1501002435 692168
1501002435 826527
1501002435 960773
1501002436 95141
1501002436 229390
1501002436 363862
1501002436 498225
1501002436 632565
1501002436 766985
1501002436 901284
1501002437 36485
1501002437 170693
1501002437 304928
1501002437 439115
1501002437 573575
1501002437 707764
1501002437 842256
1501002437 976297
1501002438 110727
1501002438 245010
1501002438 380284
1501002438 514552
1501002438 648921
1501002438 783458
1501002438 917463
1501002439 51844
1501002439 186229
1501002439 320447
1501002439 454733
1501002439 589133
1501002439 723212
1501002439 858619
1501002439 992863
1501002440 127275
1501002440 261493
1501002440 396125
1501002440 530103
1501002440 664580
1501002440 799069
1501002440 933196
1501002441 67472
1501002441 201811
1501002441 337034
1501002441 471418
1501002441 605441
1501002441 739906
1501002441 874288
1501002442 8611
1501002442 142814
1501002442 277317
1501002442 411542
1501002442 545758
1501002442 681160
1501002442 815392
1501002442 949531
1501002443 83835
1501002443 218157
1501002443 352863
1501002443 486659
1501002443 621136
1501002443 755370
1501002443 889972
1501002444 25100
1501002444 159441
1501002444 293796
1501002444 427880
1501002444 562175
1501002444 696463
1501002444 830852
1501002444 965311
1501002445 99537
1501002445 233978
1501002445 369173
1501002445 503323
1501002445 637746
1501002445 772095
1501002445 906363
1501002446 40604
1501002446 174798
1501002446 309194
1501002446 443369
1501002446 577615
1501002446 712869
1501002446 847334
1501002446 981766
1501002447 115868
1501002447 250168
1501002447 384520
1501002447 518914
1501002447 653107
1501002447 787420
1501002447 921793
1501002448 55930
1501002448 191410
1501002448 325551
1501002448 460062
1501002448 594323
1501002448 728615
1501002448 863169
1501002448 997336
1501002449 131601
1501002449 265725
1501002449 400231
1501002449 535327
1501002449 669584
1501002449 804122
1501002449 938357
1501002450 72683
1501002450 206967
1501002450 341203
1501002450 475546
1501002450 609799
1501002450 744032
1501002450 879313
1501002451 13659
1501002451 147955
1501002451 282623
1501002451 416586
1501002451 550896
1501002451 685222
1501002451 819422
1501002451 953926
1501002452 88164
1501002452 223273
1501002452 357705
1501002452 491978
1501002452 626238
1501002452 760493
1501002452 894866
1501002453 29495
1501002453 163638
1501002453 297956
1501002453 432239
1501002453 566878
1501002453 701856
1501002453 835998
1501002453 970362
1501002454 104608
1501002454 238820
1501002454 373201
1501002454 507606
1501002454 642111
1501002454 776023
1501002454 910591
1501002455 45841
1501002455 180088
1501002455 314255
1501002455 448603
1501002455 582992
1501002455 717364
1501002455 851908
1501002455 986046
1501002456 120190
1501002456 255435
1501002456 389733
1501002456 523991
1501002456 658445
1501002456 792790
1501002456 927054
1501002457 61538
1501002457 195506
1501002457 329824
1501002457 464277
1501002457 599461
1501002457 733824
1501002457 868133
1501002458 2579
1501002458 136758
1501002458 270860
1501002458 405203
1501002458 539545
1501002458 673829
1501002458 808188
1501002458 942715
1501002459 77917
1501002459 212008
1501002459 346380
1501002459 480646
1501002459 615005
1501002459 749429
1501002459 883620
1501002460 17913
1501002460 152210
1501002460 286517
1501002460 421663
1501002460 556256
1501002460 690735
1501002460 824706
1501002460 959054
1501002461 93306
1501002461 227474
1501002461 361904
1501002461 496177
1501002461 630709
1501002461 765820
1501002461 900155
1501002462 34486
1501002462 168854
1501002462 303102
1501002462 437306
1501002462 571549
1501002462 705994
1501002462 840406
1501002462 974697
1501002463 109796
1501002463 244132
1501002463 378505
1501002463 512662
1501002463 647109
1501002463 781370
1501002463 915686
1501002464 50057
1501002464 184421
1501002464 318756
1501002464 453922
1501002464 588110
1501002464 722369
1501002464 856572
1501002464 991141
1501002465 125360
1501002465 259789
1501002465 394119
1501002465 528420
1501002465 662641
1501002465 797855
1501002465 932131
1501002466 66383
1501002466 200684
1501002466 334998
1501002466 469477
1501002466 603678
1501002466 738173
1501002466 872450
1501002467 7099
1501002467 141870
1501002467 276241
1501002467 410587
1501002467 544799
1501002467 678980
1501002467 813626
1501002467 947687
1501002468 82111
1501002468 216337
1501002468 350579
1501002468 486157
1501002468 620137
1501002468 754495
1501002468 888924
1501002469 23004
1501002469 157534
1501002469 291929
1501002469 425966
1501002469 560306
1501002469 694733
1501002469 829909
1501002469 964257
1501002470 98505
1501002470 232792
1501002470 367236
1501002470 501483
1501002470 635677
1501002470 770045
1501002470 904579
1501002471 38784
1501002471 173837
1501002471 308079
1501002471 442537
1501002471 576783
1501002471 711197
1501002471 845481
1501002471 979559
1501002472 113909
1501002472 248434
1501002472 382846
1501002472 517877
1501002472 652151
1501002472 786481
1501002472 920785
1501002473 55112
1501002473 189503
1501002473 323786
1501002473 458097
1501002473 592496
1501002473 726616
1501002473 861948
1501002473 996146
1501002474 130668
1501002474 265069
1501002474 399140
1501002474 533374
1501002474 667839
1501002474 802155
1501002474 936333
1501002475 70786
1501002475 205896
1501002475 340323
1501002475 474585
1501002475 609013
1501002475 743404
1501002475 877677
1501002476 12115
1501002476 146206
1501002476 280335
1501002476 414620
1501002476 549865
1501002476 684189
1501002476 818855
1501002476 953005
1501002477 87173
1501002477 221472
1501002477 355814
1501002477 490158
1501002477 624358
1501002477 759085
1501002477 893124
1501002478 28240
1501002478 162474
1501002478 296789
1501002478 431195
1501002478 565531
1501002478 699770
1501002478 834126
1501002478 968528
1501002479 102847
1501002479 237094
1501002479 372362
1501002479 506520
1501002479 640876
1501002479 775197
1501002479 909317
1501002480 43912
1501002480 178144
1501002480 312467
1501002480 446789
1501002480 581099
1501002480 716306
1501002480 850689
1501002480 984803
1501002481 119442
1501002481 253591
1501002481 387912
1501002481 522270
1501002481 656575
1501002481 790948
1501002481 926111
1501002482 60339
1501002482 194752
1501002482 329074
1501002482 463423
1501002482 597566
1501002482 731974
1501002482 866109
1501002483 1136
1501002483 134821
1501002483 270155
1501002483 404390
1501002483 538613
1501002483 672789
1501002483 807447
1501002483 941717
1501002484 76107
1501002484 210315
1501002484 344480
1501002484 478766
1501002484 613140
1501002484 748353
1501002484 882641
1501002485 16879
1501002485 151354
1501002485 285648
1501002485 419945
1501002485 554235
1501002485 688442
1501002485 822772
1501002485 957241
1501002486 92683
1501002486 226725
1501002486 360961
1501002486 495225
1501002486 629461
1501002486 763777
1501002486 898296
1501002487 32510
1501002487 166824
1501002487 301198
1501002487 436428
1501002487 570796
1501002487 705154
1501002487 839285
1501002487 973646
1501002488 108087
1501002488 242187
1501002488 376537
1501002488 510911
1501002488 645235
1501002488 780493
1501002488 914817
1501002489 48920
1501002489 183422
1501002489 317600
1501002489 451980
1501002489 586189
1501002489 720493
1501002489 854903
1501002489 989117
1501002490 124353
1501002490 258579
1501002490 393100
1501002490 527178
1501002490 661759
1501002490 795879
1501002490 930360
1501002491 64565
1501002491 198834
1501002491 333164
1501002491 468669
1501002491 602701
1501002491 736760
1501002491 871362
1501002492 5852
1501002492 139886
1501002492 274215
1501002492 408684
1501002492 542942
1501002492 678203
1501002492 812655
1501002492 946781
1501002493 81098
1501002493 215261
1501002493 349650
1501002493 483855
1501002493 618144
1501002493 752654
1501002493 886912
1501002494 21264
1501002494 156563
1501002494 290805
1501002494 425181
1501002494 559463
1501002494 693693
1501002494 827891
1501002494 962187
1501002495 96567
1501002495 230948
1501002495 365663
1501002495 500570
1501002495 635082
1501002495 769009
1501002495 903467
1501002496 37911
1501002496 172029
1501002496 306399
1501002496 440593
1501002496 575068
1501002496 709438
1501002496 844379
1501002496 978758
1501002497 113238
1501002497 247527
1501002497 381737
1501002497 515957
1501002497 650389
1501002497 784962
1501002497 918916
1501002498 53290
1501002498 188539
1501002498 322767
1501002498 457142
1501002498 591550
1501002498 725735
1501002498 859995
1501002498 994379
1501002499 128674
1501002499 263060
1501002499 397425
1501002499 532945
1501002499 666745
1501002499 801171
1501002499 935612
1501002500 69782
1501002500 204027
1501002500 338473
1501002500 472763
1501002500 607062
1501002500 741343
1501002500 876590
1501002501 10846
1501002501 145270
1501002501 279367
1501002501 413835
1501002501 547950
1501002501 682196
1501002501 816677
1501002501 951002
1501002502 86147
1501002502 220624
1501002502 354905
1501002502 489134
1501002502 623617
1501002502 757723
1501002502 892068
1501002503 26507
1501002503 160757
1501002503 295030
1501002503 430317
1501002503 564419
1501002503 698773
1501002503 833131
1501002503 967633
1501002504 101781
1501002504 235998
1501002504 370350
1501002504 504658
1501002504 639023
1501002504 773506
1501002504 908643
1501002505 42940
1501002505 177137
1501002505 311557
1501002505 445905
1501002505 580066
1501002505 714320
1501002505 848944
1501002505 983358
1501002506 118381
1501002506 252685
1501002506 386995
1501002506 521331
1501002506 655462
1501002506 789696
1501002506 924222
1501002507 58591
1501002507 192735
1501002507 327000
1501002507 461260
1501002507 596415
1501002507 730702
1501002507 865252
1501002507 999507
1501002508 133796
1501002508 268196
1501002508 402536
1501002508 536707
1501002508 671411
1501002508 806283
1501002508 940534
1501002509 75381
1501002509 209259
1501002509 343893
1501002509 477785
1501002509 612154
1501002509 746595
1501002509 880951
1501002510 15160
1501002510 150608
1501002510 284505
1501002510 418977
1501002510 553137
1501002510 687396
1501002510 821939
1501002510 956295
1501002511 90371
1501002511 224820
1501002511 359221
1501002511 494277
1501002511 628479
1501002511 763007
1501002511 897318
1501002512 31539
1501002512 165924
1501002512 300335
1501002512 434429
1501002512 568829
1501002512 703040
1501002512 838190
1501002512 972480
1501002513 106812
1501002513 241135
1501002513 375543
1501002513 509869
1501002513 644154
1501002513 778637
1501002513 912754
1501002514 47232
1501002514 182345
1501002514 316645
1501002514 450799
1501002514 585158
1501002514 719523
1501002514 853976
1501002514 988128
1501002515 122354
1501002515 256778
1501002515 391608
1501002515 526416
1501002515 660612
1501002515 794870
1501002515 929197
1501002516 63630
1501002516 197919
1501002516 332053
1501002516 466489
1501002516 600765
1501002516 735061
1501002516 870308
1501002517 4747
1501002517 138974
1501002517 273645
1501002517 407782
1501002517 541957
1501002517 676259
1501002517 810436
1501002517 944728
1501002518 79213
1501002518 213480
1501002518 348867
1501002518 483025
1501002518 617414
1501002518 751714
1501002518 886210
1501002519 20202
1501002519 154398
1501002519 288741
1501002519 423085
1501002519 557494
1501002519 692720
1501002519 826912
1501002519 961253
1501002520 95598
1501002520 229841
1501002520 364066
1501002520 498518
1501002520 632589
1501002520 767186
1501002520 901645
1501002521 36650
1501002521 170888
1501002521 305173
1501002521 439928
1501002521 573923
1501002521 708372
1501002521 842704
1501002521 976999
1501002522 111177
1501002522 245609
1501002522 380728
1501002522 515001
1501002522 649382
1501002522 783582
1501002522 918155
1501002523 52319
1501002523 186650
1501002523 320913
1501002523 455309
1501002523 589648
1501002523 724790
1501002523 859119
1501002523 993455
1501002524 127695
1501002524 261872
1501002524 396085
1501002524 530537
1501002524 664638
1501002524 799266
1501002524 933539
1501002525 68755
1501002525 203067
1501002525 337085
1501002525 472107
1501002525 605970
1501002525 740032
1501002525 874457
1501002526 8973
1501002526 143155
1501002526 277439
1501002526 411904
1501002526 546870
1501002526 681276
1501002526 815545
1501002526 949882
1501002527 84412
1501002527 218684
1501002527 353100
1501002527 487263
1501002527 621702
1501002527 756636
1501002527 891278
1501002528 25530
1501002528 159681
1501002528 294181
1501002528 428600
1501002528 562703
1501002528 696939
1501002528 831280
1501002528 965530
1501002529 99724
1501002529 235214
1501002529 369511
1501002529 503707
1501002529 638147
1501002529 772337
1501002529 906558
1501002530 41029
1501002530 175458
1501002530 309552
1501002530 443876
1501002530 579053
1501002530 713411
1501002530 847778
1501002530 982177
1501002531 116487
1501002531 250761
1501002531 384845
1501002531 519286
1501002531 653659
1501002531 787878
1501002531 922909
1501002532 57527
1501002532 191805
1501002532 325998
1501002532 460282
1501002532 594556
1501002532 728917
1501002532 863424
1501002532 997692
1501002533 131857
1501002533 267311
1501002533 401513
1501002533 535695
1501002533 670082
1501002533 804576
1501002533 938729
1501002534 73067
1501002534 207251
1501002534 341687
1501002534 476093
1501002534 611999
1501002534 745431
1501002534 879977
1501002535 14172
1501002535 148511
1501002535 282860
1501002535 417029
1501002535 551483
1501002535 685674
1501002535 820104
1501002535 955473
1501002536 89454
1501002536 223989
1501002536 358375
1501002536 492464
1501002536 626877
1501002536 761313
1501002536 895480
1501002537 29653
1501002537 163958
1501002537 299278
1501002537 433712
1501002537 567984
1501002537 702271
1501002537 836516
1501002537 970558
1501002538 105336
1501002538 239393
1501002538 373855
1501002538 507906
1501002538 643308
1501002538 777392
1501002538 911828
1501002539 46303
1501002539 180434
1501002539 314956
1501002539 449036
1501002539 583487
1501002539 717654
1501002539 851977
1501002539 987278
1501002540 121441
1501002540 255880
1501002540 390113
1501002540 524438
1501002540 658704
1501002540 793215
1501002540 927365
1501002541 61713
1501002541 196140
1501002541 330367
1501002541 465424
1501002541 599804
1501002541 734205
1501002541 868378
1501002542 2990
1501002542 137156
1501002542 271601
1501002542 405615
1501002542 539873
1501002542 674242
1501002542 809470
1501002542 943847
1501002543 78193
1501002543 212321
1501002543 347051
1501002543 481113
1501002543 615476
1501002543 749698
1501002543 884127
1501002544 18488
1501002544 153573
1501002544 287847
1501002544 422006
1501002544 556450
1501002544 690797
1501002544 825054
1501002544 959544
1501002545 93717
1501002545 228174
1501002545 362207
1501002545 497369
1501002545 631874
1501002545 766216
1501002545 900633
1501002546 34660
1501002546 169150
1501002546 303462
1501002546 437838
1501002546 572023
1501002546 706384
1501002546 841541
1501002546 976082
1501002547 110540
1501002547 244613
1501002547 378988
1501002547 512974
1501002547 647722
1501002547 781819
1501002547 916107
1501002548 50598
1501002548 185677
1501002548 319917
1501002548 454197
1501002548 588532
1501002548 722706
1501002548 857073
1501002548 991320
1501002549 125551
1501002549 259981
1501002549 394586
1501002549 529734
1501002549 663934
1501002549 798507
1501002549 932578
1501002550 66923
1501002550 201192
1501002550 335455
1501002550 469727
1501002550 604121
1501002550 738611
1501002550 873671
1501002551 8143
1501002551 142335
1501002551 276653
1501002551 410845
1501002551 545247
1501002551 679349
1501002551 813876
1501002551 947998
1501002552 82440
1501002552 217554
1501002552 352001
1501002552 486326
1501002552 620706
1501002552 754695
1501002552 889006
1501002553 23448
1501002553 157838
1501002553 291975
1501002553 426357
1501002553 561634
1501002553 695721
1501002553 830568
1501002553 964732
1501002554 98963
1501002554 233203
1501002554 367521
1501002554 501933
1501002554 636246
1501002554 770567
1501002554 905530
1501002555 39965
1501002555 174498
1501002555 308606
1501002555 442832
1501002555 577610
1501002555 711641
1501002555 845823
1501002555 980203
1501002556 114381
1501002556 249537
1501002556 384021
1501002556 518405
1501002556 652798
1501002556 786930
1501002556 921307
1501002557 55500
1501002557 189762
1501002557 324244
1501002557 458475
1501002557 593629
1501002557 727886
1501002557 862127
1501002557 996505
1501002558 130951
1501002558 265156
1501002558 399530
1501002558 534287
1501002558 668380
1501002558 802757
1501002558 938112
1501002559 72160
1501002559 206650
1501002559 340681
1501002559 474873
1501002559 609272
1501002559 743345
1501002559 877770
1501002560 12191
1501002560 146459
1501002560 281687
1501002560 416213
1501002560 550342
1501002560 684646
1501002560 818934
1501002560 953185
1501002561 87598
1501002561 221903
1501002561 356089
1501002561 490804
1501002561 625650
1501002561 759930
1501002561 894404
1501002562 28507
1501002562 162924
1501002562 297173
1501002562 431521
1501002562 565908
1501002562 700022
1501002562 834450
1501002562 969604
1501002563 103847
1501002563 238395
1501002563 372548
1501002563 507003
1501002563 641409
1501002563 775486
1501002563 910076
1501002564 44400
1501002564 178690
1501002564 313723
1501002564 448017
1501002564 582482
1501002564 716575
1501002564 850906
1501002564 985459
1501002565 119573
1501002565 253818
1501002565 388134
1501002565 522496
1501002565 657666
1501002565 791967
1501002565 926283
1501002566 60774
1501002566 194963
1501002566 329108
1501002566 463606
1501002566 598006
1501002566 732222
1501002566 866663
1501002567 1788
1501002567 136063
1501002567 270504
1501002567 404814
1501002567 539025
1501002567 673297
1501002567 807619
1501002567 942047
1501002568 76366
1501002568 210660
1501002568 345857
1501002568 479963
1501002568 614434
