1502362489 565751
1502362490 73647
1502362490 755555
1502362490 841500
1502362490 908602
1502362491 302509
1502362491 369412
1502362491 474753
1502362491 542339
1502362491 982939
1502362492 50220
1502362492 300053
1502362492 568542
1502362493 231207
1502362493 701149
1502362493 864206
1502362493 931514
1502362494 151991
1502362494 296146
1502362494 363712
1502362494 430565
1502362494 785367
1502362494 891691
1502362495 141056
1502362495 467833
1502362495 899326
1502362496 100456
1502362496 196451
1502362497 300354
1502362499 28292
1502362499 363953
1502362499 430859
1502362499 892164
1502362500 151386
1502362500 265882
1502362501 70082
1502362501 185904
1502362501 338567
1502362501 462741
1502362501 626111
1502362501 693381
1502362501 913903
1502362501 971093
1502362502 345722
1502362502 509320
1502362502 989397
1502362503 56497
1502362503 315898
1502362503 440440
1502362503 700057
1502362504 140867
1502362504 323463
1502362504 438663
1502362504 495613
1502362504 553611
1502362505 455913
1502362506 13487
1502362506 233885
1502362506 300696
1502362506 809864
1502362507 30463
